target_x,target_y,gaze_x,gaze_y,error_px_x,error_px_y,error_px_xy,error_deg_x,error_deg_y,error_deg_z,error_deg_xyz
-0.2,0.05,-0.197783060971737,0.0529984223386525,0.00221693902826253,0.00299842233865245,0.00372898849233457,-0.164539446980733,0.127104878150401,-0.250388294956914,0.325458849512426
-0.2,0.065,-0.200287404158948,0.0667059461363453,-0.000287404158948401,0.00170594613634525,0.00172998652326893,-0.0636414229584922,0.0645924391890162,-0.170316215704042,0.192950932712014
-0.2,0.08,-0.202105097954799,0.0804614730870272,-0.00210509795479913,0.000461473087027188,0.00215508580092531,0.0330994249913462,0.0111923226178011,-0.107014428495057,0.112574117819966
-0.2,0.095,-0.203279404560265,0.0942801629235303,-0.00327940456026521,-0.000719837076469665,0.00335747817365186,0.12400334221764,-0.0339012852048008,-0.059610935984339,0.141702505070774
-0.2,0.11,-0.203864244208602,0.10817828075058,-0.00386424420860224,-0.00182171924941989,0.00427212410018985,0.207401268785228,-0.0714782440223903,-0.0268846858767785,0.221014190869985
-0.2,0.125,-0.203924022037211,0.12217295434426,-0.00392402203721098,-0.00282704565573978,0.00483633498510541,0.281675527084778,-0.102276411008621,-0.00727642426679948,0.299757765722792
-0.2,0.14,-0.203533092713008,0.136281865439016,-0.00353309271300756,-0.00371813456098432,0.0051290611940484,0.345301645563645,-0.126946219359984,0.00108697040890671,0.367899735777998
-0.2,0.155,-0.202774848784212,0.15052288172529,-0.00277484878421201,-0.00447711827470966,0.00526729283607643,0.396889425431286,-0.14601803694294,0.000354779256200303,0.422898830608388
-0.2,0.17,-0.201740441600302,0.164913641437111,-0.00174044160030232,-0.00508635856288939,0.00537588880040697,0.435221246424705,-0.159874433880227,-0.00709763657043731,0.463712106932046
-0.2,0.185,-0.200527168549395,0.179471107342165,-0.00052716854939458,-0.00552889265783483,0.00555396801407162,0.459285654219848,-0.168729269713609,-0.0187293985836108,0.489658174956208
-0.2,0.2,-0.199236584724976,0.19421111086135,0.000763415275024322,-0.00578888913865028,0.00583901021935427,0.468304476710169,-0.172615104225077,-0.0319024782688076,0.50012439788377
-0.2,0.215,-0.197972418609126,0.209147909627326,0.00202758139087394,-0.00585209037267374,0.00619338744360136,0.461752071731731,-0.171379874153951,-0.0439545828121961,0.49448919109601
-0.2,0.23,-0.196838387178522,0.224293782356446,0.00316161282147773,-0.0057062176435539,0.00652355082976581,0.439365784928991,-0.164693115250405,-0.0522729252514858,0.472122690742159
-0.2,0.245,-0.19593601411922,0.239658683440041,0.00406398588077991,-0.00534131655995893,0.00671160516068026,0.401147245490929,-0.152061314416212,-0.0543651875330547,0.432432904834448
-0.2,0.26,-0.195362554709046,0.255249976145804,0.0046374452909537,-0.00475002385419619,0.00663842040262752,0.347354697686687,-0.132851325663431,-0.0479242382806722,0.374969325652652
-0.2,0.275,-0.195209122136835,0.271072258106199,0.00479087786316466,-0.00392774189380057,0.00619513253159909,0.278487099313843,-0.106320243137735,-0.0308836783001438,0.299688279607941
-0.2,0.29,-0.195559093951352,0.287127286448756,0.00444090604864807,-0.00287271355124363,0.00528905754179492,0.195261166765161,-0.0716497470502186,-0.001462013987488,0.207997102132827
-0.2,0.305,-0.19648685568003,0.303414003177038,0.00351314431996955,-0.00158599682296225,0.00385455171652692,0.0985828721425588,-0.0279827517883674,0.041805895071012,0.110676798600975
-0.2,0.32,-0.19805691419483,0.319928654964318,0.00194308580517008,-7.13450356820411e-05,0.0019443951656929,-0.0104849141123865,0.025539805942708,0.100050590746978,0.103789877954514
-0.2,0.335,-0.200323388527039,0.336664995958672,-0.000323388527039309,0.00166499595867228,0.00169611075163613,-0.130756899357564,0.0897440197509837,0.174062624280397,0.235476603999927
-0.2,0.35,-0.203329863056555,0.353614558095481,-0.0033298630565553,0.0036145580954814,0.00491457202623199,-0.260960308738938,0.165391567924478,0.264298963032393,0.406582450470169
-0.18,0.05,-0.17908778585494,0.0519491378494602,0.000912214145059875,0.0019491378494602,0.00215203926605572,0.0373508993721162,0.029915551337207,-0.155431336007426,0.162631324984426
-0.18,0.065,-0.181510672353961,0.0657817836637638,-0.00151067235396074,0.000781783663763816,0.00170097520791729,0.137344510218381,-0.0251851588006091,-0.081524078988007,0.161691061953143
-0.18,0.08,-0.183231595676175,0.0796495429208217,-0.00323159567617537,-0.000350457079178301,0.00325054315132433,0.23368367876026,-0.0713807162920971,-0.0259589050533604,0.245717776453113
-0.18,0.095,-0.184293899760422,0.0935665978272796,-0.00429389976042188,-0.00143340217272045,0.00452683299242537,0.324661794022204,-0.109671447386538,0.0121588180809673,0.342901289993452
-0.18,0.11,-0.184751926850989,0.107548352004082,-0.00475192685098884,-0.00245164799591768,0.00534709142366538,0.408572726982038,-0.141044143375058,0.034115573001911,0.433578012631447
-0.18,0.125,-0.184670864520609,0.121611211483247,-0.00467086452060876,-0.00338878851675264,0.00577068999177362,0.483753220526012,-0.166428494596774,0.0415803902504048,0.51327021425113
-0.18,0.14,-0.184126215158072,0.135772296078627,-0.00412621515807164,-0.00422770392137294,0.00590754872832144,0.548626958375783,-0.186653699322436,0.0365799478480705,0.580665240369074
-0.18,0.155,-0.183202871792302,0.150049086592225,-0.0032028717923024,-0.0049509134077753,0.00589660336882307,0.601748276700056,-0.202407897358372,0.0214579944092811,0.635243673399051
-0.18,0.17,-0.181993808055931,0.164459018755303,-0.00199380805593079,-0.0055409812446972,0.00588878117423127,0.641843329922686,-0.214203104426366,-0.00117991471929856,0.676648020517659
-0.18,0.185,-0.180598416592539,0.179019040093914,-0.000598416592538665,-0.00598095990608552,0.0060108222246568,0.667846532666773,-0.222348099203246,-0.0285342892770984,0.70447010306707
-0.18,0.2,-0.179120556095199,0.193745150319116,0.000879443904800599,-0.00625484968088366,0.00631637286044304,0.67893030171885,-0.226931245796835,-0.0576891211551918,0.718177507749264
-0.18,0.215,-0.177666390130255,0.208651948886747,0.00233360986974453,-0.00634805111325307,0.00676339322830209,0.674526493728147,-0.227814553283243,-0.0856950100428985,0.717102369856266
-0.18,0.23,-0.176342117900509,0.223752214350575,0.00365788209949098,-0.00624778564942481,0.007239815396468,0.654338456885726,-0.224639451212961,-0.109653695943435,0.700465376243697
-0.18,0.245,-0.175251706091017,0.2390565390806,0.00474829390898286,-0.00594346091940046,0.00760730062154272,0.618343222532234,-0.216843880431405,-0.126799597611114,0.667422493119681
-0.18,0.26,-0.174494730949665,0.254573039584293,0.00550526905033459,-0.00542696041570701,0.00773045190595108,0.566784006087043,-0.203689464405741,-0.134574228152703,0.617128359633658
-0.18,0.275,-0.174164430528485,0.270307157553922,0.0058355694715153,-0.00469284244607811,0.00748843383362594,0.500153790450954,-0.184296825441307,-0.130689975389941,0.548818099733276
-0.18,0.29,-0.174346049971664,0.286261560370482,0.0056539500283358,-0.00373843962951763,0.0067781326179462,0.41917127288901,-0.157686613495068,-0.113180606244191,0.461931412138107
-0.18,0.305,-0.175115539790441,0.302436142882743,0.0048844602095594,-0.00256385711725658,0.00551645854298538,0.324750830363001,-0.122823564931532,-0.0804368861571284,0.356397575935463
-0.18,0.32,-0.176538641075512,0.318828125528463,0.00346135892448762,-0.00117187447153677,0.00365435293604349,0.217968364125773,-0.0786609053795345,-0.0312267694468273,0.233822438616908
-0.18,0.335,-0.178670365303865,0.33543223809422,0.00132963469613462,0.000432238094220411,0.00139812667353866,0.100024933204631,-0.0241826359983911,0.0352993766922936,0.108792631637423
-0.18,0.35,-0.181554852314341,0.352240973907625,-0.0015548523143406,0.00224097390762526,0.00272755014143967,-0.0277900120726763,0.0415583590499113,0.11961721087387,0.129644383932957
-0.16,0.05,-0.160302620190584,0.0511410367222198,-0.000302620190583691,0.0011410367222198,0.00118048455356392,0.191636735346142,-0.0409257239328484,-0.0557814989149298,0.203742908041385
-0.16,0.065,-0.162655015179891,0.065107265992042,-0.00265501517989108,0.000107265992042027,0.002657181137691,0.288552360337635,-0.0878613303598099,0.012498564999372,0.301891541797227
-0.16,0.08,-0.164291150239955,0.0790954000073994,-0.00429115023995497,-0.000904599992600591,0.00438546138148297,0.382452909985386,-0.126075078974788,0.0608476585751091,0.407269308740909
-0.16,0.095,-0.165254389085766,0.0931185422205737,-0.005254389085766,-0.00188145777942628,0.0055810830526324,0.471635645582283,-0.156775088374592,0.09017093402347,0.505124796917485
-0.16,0.11,-0.165599411577282,0.107191131597835,-0.00559941157728211,-0.00280886840216507,0.00626443546638341,0.554386759529078,-0.181160692617118,0.101809334602173,0.592057543986462
-0.16,0.125,-0.165392081476698,0.121328750112814,-0.0053920814766983,-0.00367124988718621,0.00652323680280869,0.62902455006992,-0.200370761720226,0.0975325097728283,0.667336460598567
-0.16,0.14,-0.164708922425867,0.135547857323192,-0.00470892242586705,-0.00445214267680834,0.00648039542215533,0.693944859355643,-0.215431549639993,0.0795139080068108,0.730958226365201
-0.16,0.155,-0.163636183721808,0.149865456033264,-0.00363618372180817,-0.00513454396673607,0.00629169085422103,0.747666648891218,-0.227207269931307,0.0502877206896643,0.783049781416818
-0.16,0.17,-0.162268502717335,0.164298698774187,-0.00226850271733504,-0.00570130122581348,0.00613603619986216,0.788875377825927,-0.236356694550394,0.0126886049271918,0.823627058104766
-0.16,0.185,-0.1607071984661,0.178864450504783,-0.000707198466100317,-0.00613554949521694,0.00617617173325933,0.816461823063547,-0.243298858554088,-0.0302235694198771,0.852485257241336
-0.16,0.2,-0.159058258780426,0.193578827798776,0.000941741219573831,-0.0064211722012239,0.00648986355499212,0.829554161115276,-0.248190422943282,-0.0752505019296798,0.869158050564949
-0.16,0.215,-0.157430107101059,0.208456738294974,0.00256989289894118,-0.00654326170502612,0.00702983806730209,0.827541512772603,-0.250916441084863,-0.119149347100299,0.87292343416283
-0.16,0.23,-0.155931253875933,0.223511445756301,0.00406874612406678,-0.00648855424369857,0.00765872255637499,0.810087700427367,-0.251095267773012,-0.158728679698503,0.862844006649532
-0.16,0.245,-0.154667946784597,0.238754185302466,0.00533205321540266,-0.00624581469753414,0.00821224650919706,0.777134630257564,-0.248097258854784,-0.190941346792906,0.837831480416444
-0.16,0.26,-0.15374193430553,0.254193850439454,0.00625806569447035,-0.00580614956054633,0.00853667142132922,0.728895414173819,-0.241075857308577,-0.212969313115817,0.79672595695363
-0.16,0.275,-0.153248447523311,0.26983676849468,0.00675155247668878,-0.00516323150532019,0.00849955413083612,0.665838017071957,-0.229008769249681,-0.222296319241216,0.73838234036707
-0.16,0.29,-0.153274487099398,0.285686574659935,0.00672551290060247,-0.00431342534006454,0.0079898787187592,0.588660778768469,-0.210746292998344,-0.216765219033089,0.661760939419999
-0.16,0.305,-0.153897478135071,0.30174418779947,0.00610252186492882,-0.00325581220052994,0.00691672510636746,0.498261577597506,-0.185063532153307,-0.194618090239651,0.56603172831053
-0.16,0.32,-0.155184328258628,0.318007884202381,0.00481567174137179,-0.00199211579761895,0.00521145082215786,0.395702633146217,-0.150713208046308,-0.154518504669583,0.45074611601108
-0.16,0.335,-0.15719089651954,0.334473459358449,0.00280910348046004,-0.000526540641551249,0.00285802508931218,0.282172999190778,-0.106476057432099,-0.0955565389820167,0.316370129321122
-0.16,0.35,-0.159961855431157,0.351134463116581,3.8144568843157e-05,0.00113446311658107,0.00113510421152203,0.158950683969616,-0.0512062939879065,-0.0172381177741967,0.167882629680191
-0.14,0.05,-0.141415664038188,0.0505517948620801,-0.00141566403818846,0.000551794862080138,0.00151940193459075,0.296896383638758,-0.088997984876458,0.0458698963082518,0.313324745225425
-0.14,0.065,-0.143708761078573,0.0646595644047065,-0.00370876107857249,-0.000340435595293551,0.00372435298172408,0.388324185404748,-0.1273062764305,0.109201220718616,0.422999149286153
-0.14,0.08,-0.145272442962524,0.0787757702209785,-0.00527244296252433,-0.00122422977902152,0.00541270665609318,0.477508949641822,-0.157036208879806,0.151034103219732,0.524869883653534
-0.14,0.095,-0.146150034906077,0.0929123420602555,-0.0061500349060768,-0.00208765793974451,0.00649470900189849,0.562787827111237,-0.179610952819324,0.172271159098614,0.615362677559651
-0.14,0.11,-0.146396470093056,0.107082656320406,-0.00639647009305586,-0.00291734367959381,0.00703034307813096,0.64247446824999,-0.196452186992943,0.174294648144186,0.694083150554894
-0.14,0.125,-0.146078178451526,0.121301372695161,-0.00607817845152649,-0.00369862730483943,0.00711506129479604,0.714901833010471,-0.208919959485411,0.1589622724201,0.761583694707416
-0.14,0.14,-0.145272570425785,0.135584194867202,-0.00527257042578472,-0.0044158051327983,0.00687745111692605,0.778467851141111,-0.218251223596141,0.128582897403848,0.818651791060971
-0.14,0.155,-0.144067095259332,0.149947557782875,-0.00406709525933195,-0.00505244221712493,0.00648601851723126,0.831681787195207,-0.225500831621017,0.0858715493977808,0.865986962666185
-0.14,0.17,-0.142557879487476,0.164408249828483,-0.00255787948747569,-0.00559175017151683,0.00614901760065032,0.873208894956052,-0.231488960420989,0.0338845044564614,0.904016607591658
-0.14,0.185,-0.140847980467657,0.178982984374156,-0.000847980467656655,-0.00601701562584397,0.00607647495799808,0.901910874635732,-0.236758758268252,-0.0240631673170522,0.932789466733141
-0.14,0.2,-0.139045318823993,0.193687940376213,0.000954681176006654,-0.00631205962378724,0.00638384780849814,0.91687979514892,-0.241547422210958,-0.084493774693873,0.951931593360097
-0.14,0.215,-0.137260379257542,0.208538295843793,0.00273962074245769,-0.00646170415620664,0.0070184857636703,0.917463512866136,-0.245772976286828,-0.143871878973811,0.960658310925813
-0.14,0.23,-0.135603788538672,0.223547779981177,0.00439621146132841,-0.00645222001882319,0.00780754880766159,0.903281177860663,-0.249037818251386,-0.198712074154587,0.957833271453069
-0.14,0.245,-0.134183889952804,0.238728269602827,0.00581611004719572,-0.00627173039717256,0.0085534635239714,0.874228113957832,-0.25064877267631,-0.245683636237767,0.942061592996061
-0.14,0.26,-0.133104433666649,0.254089452705573,0.00689556633335148,-0.0059105472944271,0.00908203745738311,0.830470106435491,-0.249652088768615,-0.28170631086654,0.911801927194689
-0.14,0.275,-0.132462492623092,0.269638577353664,0.00753750737690828,-0.00536142264633574,0.00924980379519417,0.772427851050082,-0.244880705924054,-0.304032332670461,0.865483245147492
-0.14,0.29,-0.132346694721601,0.285380297635352,0.00765330527839919,-0.004619702364648,0.00893950399196215,0.700752935195673,-0.23501030095159,-0.310310985891759,0.801615810411525
-0.14,0.305,-0.13283583666369,0.301316621314331,0.0071641633363102,-0.0036833786856692,0.00805558904434515,0.616297173630269,-0.218620200902504,-0.298633481121321,0.718892018631676
-0.14,0.32,-0.133997916123402,0.317446956615653,0.00600208387659834,-0.0025530433843468,0.00652250269329793,0.520077378292354,-0.194255209143626,-0.267557440950091,0.616284197194002
-0.14,0.335,-0.135889589824752,0.333768249220391,0.00411041017524849,-0.0012317507796089,0.0042910000922691,0.413237704776703,-0.160484714324251,-0.216111709215297,0.493180004438917
-0.14,0.35,-0.138556038681886,0.35027519548402,0.00144396131811392,0.000275195484019553,0.00146995130621189,0.297011595859257,-0.115956048304891,-0.143783380332323,0.349765254968367
-0.12,0.05,-0.122415213288513,0.0501571717971209,-0.00241521328851316,0.000157171797120922,0.00242032192131972,0.353350746159659,-0.118517149417281,0.146447518465034,0.400438001296398
-0.12,0.065,-0.12466037062173,0.0644138262314227,-0.00466037062172972,-0.000586173768577336,0.0046970899521778,0.436722630229495,-0.148100991481897,0.205636117280095,0.504924174639192
-0.12,0.08,-0.126164217726103,0.0786652514196119,-0.00616421772610309,-0.00133474858038814,0.00630707015559933,0.518745795685518,-0.169195668999837,0.241824446351894,0.596830510859356
-0.12,0.095,-0.126969987467485,0.0929221165045449,-0.00696998746748523,-0.00207788349545508,0.00727312347740541,0.597837346568688,-0.183438902218795,0.255899356286052,0.675684168419811
-0.12,0.11,-0.127132783144348,0.107196644537036,-0.00713278314434795,-0.00280335546296398,0.00766390221988931,0.672378182450203,-0.19247675765705,0.249269631145614,0.742484199292679
-0.12,0.125,-0.126719488055762,0.121502480592933,-0.00671948805576235,-0.00349751940706673,0.0075752334442142,0.740754093717311,-0.19789504161115,0.223865279737898,0.798752196334095
-0.12,0.14,-0.125808258221368,0.135854481320951,-0.00580825822136817,-0.0041455186790493,0.0071359083993867,0.801400259240137,-0.201148319860284,0.182114547267094,0.846097949228595
-0.12,0.155,-0.124487575659283,0.150268426756677,-0.00448757565928312,-0.00473157324332271,0.00652120546024412,0.852847050003115,-0.203490934897672,0.126897625961167,0.885931880227689
-0.12,0.17,-0.122854866868476,0.16476066130189,-0.002854866868476,-0.00523933869811008,0.00596665189450799,0.893764738167506,-0.205914706444318,0.0614777039374683,0.919246380147402
-0.12,0.185,-0.121014721369539,0.179347677043281,-0.00101472136953859,-0.00565232295671902,0.00574268354211262,0.923004577350655,-0.209097864491134,-0.0105882120179783,0.946462807848261
-0.12,0.2,-0.119076775672386,0.194045658506069,0.000923224327613942,-0.00595434149393151,0.00602548967184018,0.939633830808804,-0.213369149435678,-0.085554536969708,0.967357192338052
-0.12,0.215,-0.117153354801039,0.208870012352028,0.00284664519896119,-0.0061299876479723,0.00675870826808361,0.942962656488481,-0.218689948205797,-0.159602805972664,0.981071066267843
-0.12,0.23,-0.115356983968474,0.223834908262632,0.00464301603152632,-0.00616509173736804,0.00771789828898866,0.932561306906495,-0.224655929124748,-0.228961265496951,0.986198839312952
-0.12,0.245,-0.11379789412289,0.238952857398893,0.00620210587710979,-0.00604714260110714,0.00866221974721287,0.908266799740543,-0.230518052981945,-0.290021440139652,0.980929707402707
-0.12,0.26,-0.112581645441081,0.254234352657572,0.00741835455891914,-0.00576564734242808,0.0093954602675486,0.87017898003937,-0.235221266622992,-0.339445068380989,0.963216126668616
-0.12,0.275,-0.11180698271691,0.269687590346246,0.00819301728308962,-0.00531240965375446,0.00976459054596293,0.818646648257711,-0.237457822344779,-0.374255721139734,0.93094305036092
-0.12,0.29,-0.111564016951706,0.285318286693107,0.00843598304829393,-0.00468171330689258,0.00964801790416237,0.754245075683433,-0.235731164683143,-0.39191082344568,0.88207951860982
-0.12,0.305,-0.111932801037869,0.301129595394388,0.00806719896213137,-0.00387040460561189,0.00894761034610667,0.677746712022897,-0.228425781683695,-0.390351493737923,0.81480330191408
-0.12,0.32,-0.112982337438126,0.317122125043854,0.00701766256187442,-0.00287787495614616,0.00758483698543002,0.590087171250509,-0.213878353659338,-0.36802939026153,0.727598492532835
-0.12,0.335,-0.114770025496749,0.333294048677241,0.00522997450325141,-0.00170595132275921,0.00550117289496374,0.492328656556458,-0.190445904122786,-0.3239114061525,0.619337938793825
-0.12,0.35,-0.117341528531625,0.34964129230402,0.0026584714683747,-0.000358707695980343,0.00268256253595659,0.38562287108182,-0.156567367307283,-0.257464426159281,0.489395265723867
-0.1,0.05,-0.103289932069375,0.0499311781035585,-0.00328993206937495,-6.88218964415011e-05,0.00329065183125342,0.36310870697465,-0.134098057191138,0.242593514900833,0.456818280023898
-0.1,0.065,-0.105498608528162,0.0643433473258681,-0.00549860852816159,-0.000656652674131938,0.0055376789795379,0.435804838590322,-0.155284577444492,0.298552133377049,0.55061317357126
-0.1,0.08,-0.106955450348964,0.0787364901627181,-0.00695545034896397,-0.00126350983728193,0.00706928190595136,0.508152113936205,-0.168005187768017,0.330122320905168,0.628831479832672
-0.1,0.095,-0.107703549215793,0.0931199380047804,-0.00770354921579294,-0.0018800619952196,0.00792964713124192,0.578689793933686,-0.174102481642242,0.338162653454685,0.692497920325661
-0.1,0.11,-0.107798097237751,0.107504678662677,-0.00779809723775085,-0.00249532133732336,0.0081876094866523,0.645908643880563,-0.175439523326884,0.324092731991063,0.743653726510786
-0.1,0.125,-0.107306316653654,0.121903257944848,-0.00730631665365435,-0.00309674205515205,0.00793549459073687,0.708288857835627,-0.173823176027612,0.289896441174029,0.784816653523277
-0.1,0.14,-0.106306962334717,0.13632960046825,-0.00630696233471725,-0.00367039953174957,0.00729723280526321,0.764341829983388,-0.170923844446002,0.23810088797395,0.818618852900769
-0.1,0.155,-0.104889372524034,0.150798748731408,-0.00488937252403362,-0.00420125126859192,0.00644643125307485,0.812653832005165,-0.168196567443569,0.171729575045006,0.847467094697858
-0.1,0.17,-0.103152071360391,0.16532652575368,-0.00315207136039114,-0.00467347424631978,0.00563710168366797,0.851929309311926,-0.166808852046969,0.0942302139463619,0.873214082154956
-0.1,0.185,-0.101200958030956,0.179929133112094,-0.00120095803095605,-0.00507086688790623,0.00521114106381526,0.881031323895614,-0.167580577023673,0.00937962418321965,0.896885637257254
-0.1,0.2,-0.0991471490327649,0.19462270250605,0.000852850967235107,-0.00537729749394991,0.00544450944629118,0.899016724875484,-0.170940663133512,-0.0788298377254308,0.918522723745859
-0.1,0.215,-0.0971045680685868,0.209422824075633,0.00289543193141317,-0.00557717592436703,0.00628398101212808,0.90516390833585,-0.176904030082957,-0.166316177643556,0.937175218179243
-0.1,0.23,-0.0951873994364626,0.224344077813633,0.00481260056353744,-0.00565592218636733,0.0074263436469371,0.898991531149615,-0.185070755545553,-0.249038676691064,0.951040475863094
-0.1,0.245,-0.0935075325746895,0.239399595254394,0.0064924674253105,-0.00560040474560615,0.00857418605952342,0.880267210316374,-0.194647506753736,-0.323126037300231,0.957700268273003
-0.1,0.26,-0.0921721259889262,0.254600676807162,0.00782787401107382,-0.00539932319283797,0.00950937971026307,0.849005990528797,-0.204489461613724,-0.384994266323504,0.954394445745448
-0.1,0.275,-0.0912814083753565,0.269956485908929,0.00871859162464353,-0.00504351409107119,0.0100722824773801,0.805459114223664,-0.213159308539188,-0.431447819422196,0.938279367054722
-0.1,0.29,-0.0909268145025386,0.285473835045512,0.00907318549746139,-0.00452616495448772,0.0101394706107655,0.750094287522311,-0.218998702654292,-0.459759105482296,0.906640755125821
-0.1,0.305,-0.0911895260191516,0.3011570715441,0.00881047398084842,-0.00384292845589962,0.00961210439416728,0.683569134137579,-0.22020688222484,-0.467723385914237,0.857051161813655
-0.1,0.32,-0.0921394562936027,0.317008063527883,0.00786054370639727,-0.00299193647211742,0.00841069742728676,0.606699834731234,-0.214921046838991,-0.453688131120445,0.787475985497752
-0.1,0.335,-0.0938346870205095,0.333026279571414,0.00616531297949055,-0.00197372042858615,0.00647353508257219,0.520427041883043,-0.201293515923028,-0.416557787877868,0.696340250530833
-0.1,0.35,-0.0963213358863729,0.349208949951058,0.00367866411362713,-0.000791050048942296,0.00376275561800387,0.425781068234407,-0.177561508870316,-0.355776475773007,0.582578262803209
-0.08,0.05,-0.0840290287100564,0.0498462791663288,-0.00402902871005636,-0.000153720833671184,0.00403196012395498,0.330312443120608,-0.140442016159994,0.33080764625922,0.488124379546283
-0.08,0.065,-0.0862127205536296,0.064419783692382,-0.00621272055362956,-0.000580216307618009,0.0062397554151679,0.389791745250161,-0.154017142734741,0.384528397961185,0.56879137714469
-0.08,0.08,-0.0876355241871464,0.0789604003440102,-0.00763552418714639,-0.00103959965598982,0.00770597151936287,0.450005260356881,-0.15907617183114,0.412635341053522,0.630937326656956
-0.08,0.095,-0.0883403467287385,0.093476056919997,-0.00834034672873854,-0.00152394308000303,0.00847843063701466,0.509656237349847,-0.157646900447569,0.415947898931428,0.676476160756156
-0.08,0.11,-0.0883823904533202,0.107976434631887,-0.00838239045332018,-0.00202356536811321,0.00862318308462371,0.56738825169031,-0.151791469108583,0.395880725401422,0.708306442393364
-0.08,0.125,-0.0878291015256344,0.122472904741112,-0.00782910152563442,-0.00252709525888836,0.00822684879806279,0.621818486110046,-0.14352247592067,0.354451207014706,0.729999861442016
-0.08,0.14,-0.0867596828396103,0.136978382652365,-0.00675968283961033,-0.00302161734763537,0.00740428818237468,0.671575149330337,-0.134714193211025,0.294260869658551,0.745492048884833
-0.08,0.155,-0.0852641445946022,0.151507096662659,-0.00526414459460217,-0.00349290333734123,0.00631756219097911,0.715337347245901,-0.127014325256878,0.218448801066766,0.758662274843117
-0.08,0.17,-0.0834418950348429,0.166074274869027,-0.00344189503484289,-0.00392572513097314,0.00522091555522882,0.751875341614055,-0.121762353390312,0.130617214357195,0.77279525779368
-0.08,0.185,-0.0813999061868533,0.180695760679086,-0.00139990618685334,-0.00430423932091395,0.00452616984476854,0.780088915047357,-0.119920547227512,0.0347315374548509,0.790022671312554
-0.08,0.2,-0.0792505217786111,0.195387573879496,0.000749478221388857,-0.00461242612050444,0.00467292117646423,0.799041534401567,-0.122023096050457,-0.0650003215688394,0.810921098817288
-0.08,0.215,-0.0771090039385066,0.21016543994027,0.00289099606149336,-0.00483456005973029,0.00563301244439505,0.807988221095404,-0.128147550453802,-0.16426293361936,0.834422780983778
-0.08,0.23,-0.0750909372161192,0.225044313976089,0.00490906278388081,-0.00495568602391103,0.00697550868278942,0.80639545897202,-0.137910980915884,-0.258774546694253,0.858062411361209
-0.08,0.245,-0.0733096209730011,0.240037927052331,0.00669037902699886,-0.00496207294766918,0.00832966622758058,0.793952067361291,-0.150491169322348,-0.344425930163668,0.878437142794941
-0.08,0.26,-0.0718735819412835,0.255158381357391,0.00812641805871651,-0.0048416186426094,0.00945938378254613,0.7705706619331,-0.164671018883086,-0.417408528793313,0.891707137354188
-0.08,0.275,-0.0708843281264891,0.270415816838784,0.00911567187351095,-0.00458418316121639,0.0102034410353125,0.736380039370875,-0.178902473277501,-0.474324672214468,0.894014411606763
-0.08,0.29,-0.0704344444899117,0.285818166077669,0.00956555551008828,-0.00418183392233062,0.0104397120252685,0.691709460820658,-0.191384806638477,-0.512274323268011,0.881776871449435
-0.08,0.305,-0.0706061026072953,0.301371007047389,0.00939389739270466,-0.00362899295261132,0.0100704964165013,0.637066311173079,-0.200151332528709,-0.52891500368687,0.851867647954946
-0.08,0.32,-0.0714700245328411,0.317077515793575,0.00852997546715889,-0.00292248420642457,0.00901672864220354,0.57310893115125,-0.203158426633263,-0.522493807615724,0.801709086233969
-0.08,0.335,-0.0730849087706037,0.332938514061304,0.00691509122939635,-0.00206148593869593,0.0072158305818745,0.500616538156624,-0.198371209844267,-0.49185253761076,0.729310740035173
-0.08,0.35,-0.0754972970072215,0.348952600903227,0.00450270299277855,-0.00104739909677284,0.00462291889492964,0.420458096638648,-0.18384116411155,-0.436408749517547,0.633276609379447
-0.06,0.05,-0.0646224305129141,0.0498736323247972,-0.00462243051291411,-0.000126367675202771,0.00462415750554148,0.261145847584168,-0.141972228346736,0.407618826824647,0.504487878540034
-0.06,0.065,-0.0667926103929316,0.0646133991826289,-0.00679261039293158,-0.000386600817371074,0.00680360317347757,0.305091331200748,-0.149181786072617,0.460141153952761,0.571899049421975
-0.06,0.08,-0.068194407125571,0.0793064205482324,-0.00819440712557104,-0.000693579451767651,0.00822370722943879,0.350910720397582,-0.147749066104313,0.486033998223417,0.617414655160628
-0.06,0.095,-0.0688705055394674,0.0939591674485048,-0.00887050553946736,-0.00104083255149517,0.00893136053051119,0.397509812569569,-0.139857416323341,0.486069187061256,0.643305331944172
-0.06,0.11,-0.0688760426937871,0.108579955117192,-0.00887604269378711,-0.00142004488280811,0.00898891880990818,0.443725273589781,-0.12773935869794,0.461641497910782,0.652937170454614
-0.06,0.125,-0.0682785741221583,0.123178915871203,-0.00827857412215834,-0.0018210841287965,0.00847650499322829,0.488351914225165,-0.113586785136347,0.414780420033464,0.650720291808748
-0.06,0.14,-0.0671575972492115,0.137767888074859,-0.00715759724921151,-0.00223211192514111,0.00749756774082618,0.530174201452466,-0.0994549329834817,0.348134420338779,0.64201079026897
-0.06,0.155,-0.0656036040231028,0.152360216559548,-0.00560360402310278,-0.00263978344045238,0.00619425820096485,0.568000664889354,-0.0871659797282801,0.26492537945284,0.632781312886554
-0.06,0.17,-0.063716664220796,0.166970466167061,-0.00371666422079596,-0.0030295338329388,0.00479496279183329,0.600699476202895,-0.0782188628245733,0.168873013324188,0.628872098379054
-0.06,0.185,-0.0616045739025929,0.181614057208848,-0.00160457390259289,-0.00338594279115237,0.00374690085188264,0.627233218274553,-0.0737120690277987,0.06409155068123,0.634796682504647
-0.06,0.2,-0.0593806369573997,0.19630683862924,0.000619363042600307,-0.0036931613707602,0.00374473650461744,0.646690786589546,-0.0742855472968337,-0.045036582118599,0.652503035434191
-0.06,0.215,-0.0571611776421392,0.211064620736993,0.00283882235786078,-0.00393537926300735,0.00485243467995176,0.658314476261672,-0.0800865795796408,-0.154003122465543,0.680818790423799
-0.06,0.23,-0.055062904945051,0.225902693813125,0.00493709505494895,-0.00409730618687532,0.0064158261798936,0.661520625520094,-0.0907625177217713,-0.258323839681567,0.715950590762247
-0.06,0.245,-0.0532002625007858,0.240835360701335,0.00679973749921421,-0.00416463929866537,0.00797374758480653,0.655912674814932,-0.105480991820688,-0.353686623578605,0.752628759333085
-0.06,0.26,-0.0516828987774762,0.255875510872168,0.00831710122252383,-0.00412448912783162,0.00928361908478092,0.64128609337766,-0.122975814015435,-0.436088704219988,0.785209470155157
-0.06,0.275,-0.0506133815419091,0.271034259969952,0.00938661845809087,-0.00396574003004796,0.0101899803760212,0.61762525741075,-0.141614656557907,-0.501955037538866,0.808384419434009
-0.06,0.29,-0.0500852594190849,0.286320673279188,0.0099147405809151,-0.00367932672081228,0.0105754208382139,0.585092952952693,-0.159482942302143,-0.548231756738026,0.817519400544016
-0.06,0.305,-0.0501815445391551,0.301741584576669,0.00981845546084492,-0.00325841542333125,0.0103450151622701,0.544013657114257,-0.174477427325289,-0.572450932200434,0.808767063136323
-0.06,0.32,-0.050973657511584,0.3173015141409,0.00902634248841597,-0.00269848585909963,0.0094210766184096,0.49485207742811,-0.184402737818373,-0.572765369822587,0.779071542668448
-0.06,0.335,-0.0525208428726391,0.333002682549623,0.00747915712736094,-0.00199731745037751,0.00774125754211397,0.438188585886314,-0.18706459329188,-0.547954515259622,0.726129194266091
-0.06,0.35,-0.0548700332483811,0.34884511060013,0.00512996675161895,-0.00115488939987007,0.00525835795649632,0.374693174274327,-0.180354456710339,-0.497404461151858,0.648335089250755
-0.04,0.05,-0.0450609522622783,0.0499833531473257,-0.00506095226227835,-1.66468526742736e-05,0.00506097964022424,0.163680425239041,-0.142452483635748,0.469774792059445,0.517469001116203
-0.04,0.065,-0.0472290114296575,0.0648933448176907,-0.00722901142965754,-0.00010665518230929,0.00722979816993758,0.190146007219567,-0.144964156538099,0.522151206301488,0.574295006312873
-0.04,0.08,-0.0486228247157243,0.079742805516915,-0.00862282471572434,-0.000257194483085033,0.00862665955513697,0.219652767974347,-0.138633982309288,0.54713333646152,0.605660815290024
-0.04,0.095,-0.0492848226110989,0.094536710057617,-0.00928482261109892,-0.000463289942382983,0.0092963739431182,0.251341369511353,-0.125762205465324,0.545439965240458,0.61359348946473
-0.04,0.11,-0.049270005307307,0.109281961533657,-0.00927000530730704,-0.000718038466343163,0.00929777272451038,0.284276025369191,-0.108713070673095,0.518432691111203,0.601171490651329
-0.04,0.125,-0.048645924547375,0.123987401084427,-0.00864592454737502,-0.00101259891557284,0.00870501969226499,0.317464649430028,-0.0898207878685027,0.468131686676425,0.57271422599306
-0.04,0.14,-0.0474922175728545,0.138663732881812,-0.00749221757285448,-0.00133626711818793,0.00761044899924701,0.349883130072308,-0.0712880427252366,0.39720300661561,0.534109056304095
-0.04,0.155,-0.0458996639050601,0.153323357773927,-0.00589966390506011,-0.00167664222607289,0.00613328324365668,0.38050280119413,-0.0550831643264431,0.308914720822634,0.493200104858396
-0.04,0.17,-0.0439687655110996,0.167980115420827,-0.00396876551109963,-0.00201988457917315,0.00445320484542036,0.408319823479787,-0.0428429708251332,0.207061366828864,0.459821859918721
-0.04,0.185,-0.0418078844405484,0.182648941962104,-0.00180788444054843,-0.0023510580378957,0.00296579163933192,0.432384923193201,-0.0357885677448337,0.0958588176799366,0.44432808345684
-0.04,0.2,-0.0395310062240263,0.19734545765639,0.00046899377597373,-0.0026545423436099,0.00269565394958627,0.451831778130191,-0.034660837026692,-0.0201856756473343,0.453609816462759
-0.04,0.215,-0.0372552278990657,0.212085505476848,0.00274477210093428,-0.00291449452315223,0.00400350499082386,0.465902369858034,-0.0396810204228271,-0.136421120934649,0.487084954318703
-0.04,0.23,-0.0350980930402597,0.226884666547916,0.00490190695974028,-0.00311533345208401,0.0058080973097585,0.473967787179062,-0.0505397806652036,-0.248209168578251,0.537410124060786
-0.04,0.245,-0.0331749095773843,0.24175778092313,0.00682509042261566,-0.00324221907687031,0.00755604683808284,0.475543325915873,-0.066415662770485,-0.351079428991287,0.594821349887801
-0.04,0.26,-0.0315961873039313,0.256718501921161,0.00840381269606874,-0.00328149807883868,0.00902176797928367,0.470297164190465,-0.0860212935794639,-0.440874029706796,0.65034878082578
-0.04,0.275,-0.0304653212907498,0.271778909390722,0.0095346787092502,-0.00322109060927786,0.0100640708861676,0.458052411520388,-0.107673299966524,-0.51387284763971,0.696761679213681
-0.04,0.29,-0.0298766259357754,0.286949201976247,0.0101233740642246,-0.00305079802375252,0.0105730823805524,0.438782830289897,-0.129380094954088,-0.566892801305407,0.72845327728827
-0.04,0.305,-0.0299137950916944,0.302237481619467,0.0100862049083056,-0.00276251838053312,0.0104576783874391,0.412602962763961,-0.148940581260774,-0.59735706741408,0.741125917800641
-0.04,0.32,-0.0306488304583272,0.317649635973143,0.00935116954167275,-0.00235036402685737,0.0096420217203579,0.379753722889131,-0.164046529436693,-0.603332747718524,0.731533887056724
-0.04,0.335,-0.0321414466904309,0.333189316955666,0.00785855330956914,-0.0018106830443336,0.00806445492307926,0.340584702109432,-0.17238185012115,-0.583538021799283,0.697306292836966
-0.04,0.35,-0.0344389312597663,0.348858007297415,0.00556106874023365,-0.00114199270258528,0.00567711483646068,0.295534493074202,-0.171713041794824,-0.537321907720259,0.636824161579877
-0.02,0.05,-0.0253364533547998,0.0501448054538757,-0.00533645335479979,0.000144805453875713,0.00533841765202256,0.0475516433796399,-0.144633725954262,0.514431629566413,0.536490519840534
-0.02,0.065,-0.0275136480088904,0.0652279639899175,-0.0075136480088904,0.000227963989917507,0.00751710542577406,0.055094478637966,-0.144459091543096,0.567693912301559,0.588373394151849
-0.02,0.08,-0.028912424033446,0.0802369456256256,-0.00891242403344603,0.000236945625625595,0.00891557319421749,0.0668437835421097,-0.135176946023587,0.593080018628359,0.611954546202524
-0.02,0.095,-0.0295749310023821,0.0951752040805121,-0.00957493100238213,0.000175204080512137,0.00957653382859407,0.0821984983008342,-0.119158728685086,0.591253448377865,0.608719575230915
-0.02,0.11,-0.0295559646274726,0.110048198251293,-0.0095559646274726,4.81982512931245e-05,0.00955608617755906,0.100476104434363,-0.098853690835745,0.563531533905956,0.580894293205428
-0.02,0.125,-0.0289229619586957,0.124863439078348,-0.00892296195869569,-0.000136560921652179,0.00892400689161841,0.120924880604906,-0.0766926043465013,0.511904649532033,0.531557126885318
-0.02,0.14,-0.027755545547312,0.139630451146515,-0.00775554554731196,-0.000369548853485419,0.00776434498792672,0.14273996750382,-0.0549829732993573,0.439026531473355,0.464912149698761
-0.02,0.155,-0.0261445863111753,0.154360640662146,-0.0061445863111753,-0.000639359337854084,0.00617776021697056,0.165082774299279,-0.0358019790028824,0.348172652933851,0.386986911465127
-0.02,0.17,-0.0241907848257647,0.169067067699646,-0.00419078482576473,-0.000932932300354017,0.0042933716509177,0.187102950074115,-0.020894419243629,0.243165864966523,0.307528788271138
-0.02,0.185,-0.0220028047083014,0.183764128008194,-0.00200280470830142,-0.00123587199180553,0.0023534243730623,0.207961873512623,-0.0115832598248609,0.128271176182588,0.244613773668621
-0.02,0.2,-0.0196950263882118,0.198467157325252,0.000304973611788207,-0.00153284267474807,0.0015628869343033,0.226856412836197,-0.00869995644164739,0.00806433431643008,0.227166508039856
-0.02,0.215,-0.0173850206107006,0.213191978129157,0.00261497938929938,-0.00180802187084267,0.00317916031239477,0.2430416197472,-0.0125403936347711,-0.112718596251155,0.268201610156847
-0.02,0.23,-0.0151908649756904,0.227954414243377,0.00480913502430964,-0.0020455857566227,0.00522610761176416,0.255851055873408,-0.0228502352761341,-0.229341540124469,0.344354170891123
-0.02,0.245,-0.0132284405479655,0.242769801813071,0.00677155945203448,-0.00223019818692879,0.00712936191853226,0.264713615368923,-0.0388409290089775,-0.337228464165344,0.430471630468891
-0.02,0.26,-0.011608846937883,0.257652525655259,0.00839115306211702,-0.00234747434474139,0.00871332803876308,0.26916598926923,-0.059234891144981,-0.432113076774458,0.512525672359299
-0.02,0.275,-0.0104360635590888,0.272615607442733,0.00956393644091116,-0.00238439255726738,0.00985668342359338,0.268860260249049,-0.0823358842660733,-0.510169169672677,0.582529434589107
-0.02,0.29,-0.00980496318537464,0.287670367408821,0.0101950368146254,-0.00232963259117927,0.0104578183031381,0.263566507509472,-0.106118616401655,-0.568114573666862,0.635206081604014
-0.02,0.305,-0.00979975441658191,0.302826174606733,0.0102002455834181,-0.00217382539326669,0.0104293109457169,0.253170665520244,-0.128330364234633,-0.603284255978177,0.666724064182018
-0.02,0.32,-0.0104928959769557,0.318090293206093,0.00950710402304428,-0.00190970679390706,0.00969701020643371,0.237668188664578,-0.146597046177037,-0.613670859079906,0.674221054670671
-0.02,0.335,-0.0119444917562589,0.333467824902541,0.0080555082437411,-0.00153217509745898,0.00819992521882086,0.217154298601378,-0.158526599376059,-0.597933615908685,0.655603516429382
-0.02,0.35,-0.0142021446539686,0.348961740766355,0.00579785534603142,-0.0010382592336447,0.00589008564027329,0.191811717119887,-0.161803589380014,-0.555378780256817,0.609443375412478
0,0.05,-0.00544197860317625,0.0503269087416939,-0.00544197860317625,0.000326908741693888,0.00545178873791198,-0.0765176957454071,-0.149975358144528,0.539322406735473,0.564994522927156
0,0.065,-0.00763938108164106,0.065585116749736,-0.00763938108164106,0.000585116749735992,0.00766175599463706,-0.0887354363670975,-0.149357119258497,0.594450722659747,0.619319725910999
0,0.08,-0.00905592292783938,0.0807557071900036,-0.00905592292783938,0.000755707190003563,0.00908739970684629,-0.0956116797690369,-0.139310580257672,0.621524034519813,0.644085029470253
0,0.095,-0.00973345130882655,0.0958406028256956,-0.00973345130882655,0.000840602825695619,0.00976968205684631,-0.0974766668885785,-0.122228388041918,0.621151364832245,0.640526947403369
0,0.11,-0.00972649402904974,0.110843801032464,-0.00972649402904974,0.000843801032463815,0.00976302649179685,-0.0947448989083806,-0.100592884522346,0.594597207227105,0.610446466245918
0,0.125,-0.00910226553841398,0.125771457422784,-0.00910226553841398,0.000771457422784283,0.00913489925981495,-0.0879111134912338,-0.0768796798673743,0.54380341454989,0.556204487746596
0,0.14,-0.0079402207801003,0.140631884185535,-0.0079402207801003,0.000631884185534837,0.00796532382647847,-0.0775429343069832,-0.0534519625701081,0.471382284019762,0.480700147759886
0,0.155,-0.00633112589127101,0.155435452954299,-0.00633112589127101,0.000435452954298865,0.00634608338477598,-0.0642701882392292,-0.032451737400377,0.380577566568788,0.387328836866257
0,0.17,-0.00437564481253071,0.170194398256969,-0.00437564481253071,0.000194398256968847,0.00437996098244488,-0.0487711236989344,-0.0156952921765851,0.275192360397436,0.279921338554514
0,0.185,-0.00218247501351417,0.184922525011393,-0.00218247501351417,-7.7474988606635e-05,0.0021838497105967,-0.0317560163316861,-0.00458064242412668,0.159485528626801,0.162680910001571
0,0.2,0.000133899753696138,0.199634831439097,0.000133899753696138,-0.000365168560902879,0.000388943725893304,-0.0139488888114778,-1.43265175291768e-05,0.0380411129436493,0.0405178731857982
0,0.215,0.00245574021316206,0.214347066183662,0.00245574021316206,-0.00065293381633777,0.00254105933875198,0.00393174183638249,-0.00236367597071507,-0.084382185679353,0.0845068051228277
0,0.23,0.00466474239921474,0.229075244371395,0.00466474239921474,-0.000924755628605417,0.00475552253949754,0.0211920591379298,-0.0114386645785784,-0.203012356911754,0.204435828116004
0,0.245,0.00664475098225768,0.243835151060333,0.00664475098225768,-0.00116484893966731,0.00674607950356787,0.0371810372993662,-0.0265048777648923,-0.313226043931451,0.316537118705255
0,0.26,0.0082843560080811,0.258641861541933,0.0082843560080811,-0.00135813845806715,0.00839494458230133,0.0513064561660908,-0.0463263771614192,-0.410700840545059,0.416478606685272
0,0.275,0.00947924452235709,0.273509306087787,0.00947924452235709,-0.00149069391221326,0.00959574098517392,0.0630480488943066,-0.0692346398996651,-0.491548678181012,0.500390034227643
0,0.29,0.0101342001326719,0.288449902201719,0.0101342001326719,-0.00155009779828083,0.0102520639635774,0.0719672233070764,-0.0932176678189722,-0.552422992332025,0.564838526609789
0,0.305,0.0101646731266039,0.303474271199136,0.0101646731266039,-0.00152572880086357,0.0102785421215505,0.0777130756452901,-0.116022033874893,-0.590594922515184,0.606882394200534
0,0.32,0.00949787753706244,0.318591048455547,0.00949787753706244,-0.00140895154445342,0.00960181348306938,0.0800246978568656,-0.135260169554672,-0.603996612463105,0.624111388307971
0,0.335,0.00807340580082958,0.333806789166277,0.00807340580082958,-0.00119321083372345,0.00816110490795111,0.0787300226168014,-0.148515562876072,-0.59123237137939,0.614666274782229
0,0.35,0.0058433826063882,0.349125964669045,0.0058433826063882,-0.000874035330955397,0.00590838878581957,0.0737416510560897,-0.153439580287801,-0.551560737692718,0.577237907269868
0.02,0.05,0.0146281218091908,0.0504984559222339,-0.00537187819080917,0.000498455922233881,0.00539495445794506,-0.197306419429635,-0.158481566670893,0.542885124222263,0.598977258088613
0.02,0.065,0.0123996665582761,0.065932515553828,-0.00760033344172392,0.000932515553827978,0.00765732679748737,-0.229459480760299,-0.159756816283652,0.600781896071359,0.662659546895144
0.02,0.08,0.0109527602915651,0.0812657854116237,-0.00904723970843485,0.00126578541162367,0.00913535763121289,-0.255191858886013,-0.151241164832233,0.630754473762441,0.697032261165061
0.02,0.095,0.0102458752201274,0.0964986626002367,-0.00975412477987256,0.00149866260023671,0.00986858347538653,-0.274562286822723,-0.135297450955952,0.633360726879249,0.703449981047834
0.02,0.11,0.0102248106981841,0.111633680609572,-0.00977518930181587,0.0016336806095722,0.00991076375565615,-0.28771468294238,-0.114387474843296,0.609806254090814,0.683910413891369
0.02,0.125,0.0108226791538116,0.126675628882869,-0.00917732084618841,0.00167562888286935,0.00932903800329865,-0.294882237942511,-0.0909775432051238,0.561968014749775,0.641127745590339
0.02,0.14,0.0119603432817322,0.141631587463241,-0.00803965671826784,0.00163158746324119,0.00820354544071007,-0.296388770921258,-0.0674343191963796,0.492389769870967,0.578657258276713
0.02,0.155,0.0135473359269884,0.156510864834214,-0.00645266407301158,0.00151086483421395,0.00662718538946955,-0.292646890408103,-0.045916972479688,0.404245945447046,0.501165598009538
0.02,0.17,0.0154832640770008,0.17132483315557,-0.00451673592299918,0.00132483315557033,0.00470702520581839,-0.284152658684511,-0.0282727730590155,0.301272702279738,0.415100081844787
0.02,0.185,0.0176596643165147,0.186086662603304,-0.00234033568348531,0.00108666260330426,0.00258031136198999,-0.271476678826373,-0.0159437840963698,0.187667614525688,0.330413721713432
0.02,0.2,0.0199622423958841,0.200810964528204,-3.77576041159259e-05,0.000810964528203562,0.000811843028345382,-0.255251785844237,-0.0098920184647978,0.0679621518724561,0.264329915479539
0.02,0.215,0.0222733980260499,0.215513360976588,0.00227339802604993,0.000513360976587995,0.00233063898472738,-0.236157799902433,-0.0105492730602766,-0.0531262252489692,0.24228965497245
0.02,0.23,0.0244749118004411,0.230210004484529,0.00447491180044105,0.00021000448452918,0.00447983677216581,-0.214904051753769,-0.0177959242183473,-0.170853500702193,0.275120901634235
0.02,0.245,0.0264506570383482,0.244917076341541,0.00645065703834824,-8.29236584587167e-05,0.00645119001111608,-0.192210593468267,-0.0309704774671375,-0.280610005758245,0.341535361923504
0.02,0.26,0.0280891975038409,0.259650293136405,0.00808919750384085,-0.000349706863595423,0.00809675312372748,-0.168789121791886,-0.0489089368421886,-0.378072590104675,0.416919059413822
0.02,0.275,0.0292861424406814,0.274424449991132,0.00928614244068139,-0.000575550008868025,0.00930396148107526,-0.145324664116745,-0.0700104629825027,-0.459338779549753,0.486841106864619
0.02,0.29,0.0299461516581792,0.289253024964771,0.00994615165817922,-0.000746975035229053,0.00997416184502521,-0.122458988331808,-0.0923236678495647,-0.521035496388929,0.543139080781648
0.02,0.305,0.0299845129197076,0.304147863024617,0.00998451291970762,-0.000852136975383111,0.0100208101303549,-0.100776533666745,-0.113646498697446,-0.560397402316582,0.58061998750173
0.02,0.32,0.0293282475053742,0.319118950789011,0.0093282475053742,-0.000881049210988694,0.00936976249612037,-0.0807934243358255,-0.131632117293801,-0.575312703210083,0.595686574015042
0.02,0.335,0.0279167340212128,0.334174285714952,0.00791673402121285,-0.000825714285048157,0.0079596784886804,-0.0629498681348444,-0.143893460633904,-0.564336941294358,0.585787663124517
0.02,0.35,0.0257018715468315,0.349319836444136,0.00570187154683152,-0.000680163555863506,0.00574229584741955,-0.0476059802104149,-0.148100138514845,-0.526677605376039,0.54917355117796
0.04,0.05,0.0348780970763078,0.0506284338611083,-0.00512190292369222,0.000628433861108252,0.00516031187793086,-0.30373659240848,-0.168677847995418,0.524334975598568,0.628998628046052
0.04,0.065,0.0326080095258919,0.0662380643523866,-0.00739199047410813,0.0012380643523866,0.00749495340278749,-0.355329827013644,-0.174132326167293,0.585804551058631,0.706933281832095
0.04,0.08,0.0311184010535292,0.0817340612980348,-0.00888159894647075,0.00173406129803483,0.00904929657107626,-0.399500976687097,-0.169405791539284,0.619782951303003,0.756596707299568
0.04,0.095,0.0303680763955324,0.0971153163686807,-0.0096319236044676,0.00211531636868068,0.00986146620244214,-0.436048280759019,-0.156782577630256,0.62678196812021,0.77947667463986
0.04,0.11,0.0303032172796614,0.112382911661926,-0.00969678272033861,0.00238291166192597,0.00998528232520244,-0.464854691403315,-0.138652252608862,0.607944501536908,0.777766119844504
0.04,0.125,0.030857363147756,0.127540273906703,-0.00914263685224401,0.00254027390670297,0.00948898309267575,-0.485899518939041,-0.117419077698416,0.565068946211252,0.754451271140178
0.04,0.14,0.0319518402803975,0.142593244496749,-0.0080481597196025,0.00259324449674925,0.0084556366934816,-0.499267984598716,-0.095401687788858,0.500606466351466,0.71343073446838
0.04,0.155,0.0334966708289767,0.157550051837242,-0.00650332917102335,0.00255005183724177,0.00698541728741407,-0.505157805456153,-0.0747286598437468,0.41762778753358,0.659686711606932
0.04,0.17,0.0353919635008797,0.172421178508082,-0.00460803649912027,0.00242117850808182,0.00520539198766259,-0.503882021700657,-0.0572367722501924,0.319758181430376,0.599517901132686
0.04,0.185,0.0375297538543062,0.187219123160069,-0.00247024614569382,0.0022191231600692,0.00332063602640679,-0.495867454509287,-0.0443793055684168,0.211081824397271,0.540751109389163
0.04,0.2,0.0397962276968244,0.201958065251947,-0.000203772303175611,0.001958065251947,0.00196863980515069,-0.481648455384716,-0.037151524930638,0.0960193952685932,0.49253090105623
0.04,0.215,0.0420742297115277,0.216653448805019,0.00207422971152767,0.00165344880501916,0.00265260661369218,-0.461855948752291,-0.0360394534300944,-0.0208146869281634,0.463728567896699
0.04,0.23,0.0442459353339188,0.231321508134942,0.00424593533391883,0.00132150813494217,0.00444683602244773,-0.43720214560559,-0.0409962590901199,-0.134766946614979,0.459336118028109
0.04,0.245,0.0461955496689141,0.245978763389763,0.00619554966891411,0.000978763389763132,0.00627238499082465,-0.408461663951883,-0.0514482318786926,-0.241301802063852,0.477195690961561
0.04,0.26,0.0478118953708581,0.260641515774415,0.00781189537085807,0.000641515774415319,0.00783819186892343,-0.376450096289682,-0.0663297230294111,-0.33615088601393,0.509031855237515
0.04,0.275,0.0489907615075511,0.275325371620888,0.00899076150755113,0.000325371620888221,0.00899664710752525,-0.342001261118727,-0.0841439041846331,-0.415445650769752,0.544648860947395
0.04,0.29,0.0496369064954732,0.290044820911898,0.00963690649547322,4.48209118983356e-05,0.00963701072514902,-0.305944450786651,-0.103044110952035,-0.475825876581384,0.575007074395638
0.04,0.305,0.0496656373098268,0.304812890226183,0.00966563730982684,-0.00018710977381714,0.00966744819859793,-0.269082934361275,-0.120929114528137,-0.514519053334305,0.593095669829552
0.04,0.32,0.0490039205066123,0.319640883042394,0.00900392050661233,-0.00035911695760632,0.00901107926269848,-0.232174797648515,-0.135545047429376,-0.529388273031986,0.593744637837938
0.04,0.335,0.0475910145053745,0.334538212901311,0.00759101450537447,-0.000461787098688798,0.00760504757022078,-0.195916949018393,-0.144586888158535,-0.518948876931968,0.573235987172063
0.04,0.35,0.0453786434461875,0.34951232786657,0.00537864344618746,-0.000487672133429679,0.00540070638258915,-0.16093281246728,-0.145793267173371,-0.482356378753961,0.528984603439437
0.06,0.05,0.0553107282204439,0.0506863390496995,-0.00468927177955611,0.00068633904969953,0.00473923317781303,-0.385498818711351,-0.177732120165004,0.483673593544418,0.643539077825715
0.06,0.065,0.0529887268336701,0.0664701927575063,-0.00701127316632991,0.00147019275750626,0.00716375726536862,-0.45541200276415,-0.189461895274135,0.54940791903644,0.738344436979068
0.06,0.08,0.0514443900560807,0.0821279536582345,-0.00855560994391927,0.00212795365823445,0.00881627179050667,-0.516997322951607,-0.190607197753751,0.58836578466784,0.806103188693419
0.06,0.095,0.050636865272311,0.0976570425999894,-0.00936313472768896,0.00265704259998939,0.00973283963224574,-0.569814008144348,-0.183330497534017,0.601018854877672,0.848254019445249
0.06,0.11,0.0505127679989786,0.113057117170326,-0.00948723200102136,0.00305711717032628,0.00996762441278299,-0.613504656151607,-0.169902738799212,0.588445354070113,0.866912438440541
0.06,0.125,0.0510061603033222,0.128330258821543,-0.00899383969667784,0.00333025882154336,0.00959060875586141,-0.647813522283253,-0.152618358590314,0.552354254947674,0.864907018822611
0.06,0.14,0.0520389728295506,0.143481076853341,-0.00796102717044944,0.00348107685334056,0.00868883477041068,-0.672603328969377,-0.133700773257775,0.49508383520154,0.845808565970158
0.06,0.155,0.0535219016930799,0.158516714350905,-0.00647809830692009,0.00351671435090536,0.00737109472873498,-0.687869383012429,-0.115203560578348,0.419571350083221,0.813933294138575
0.06,0.17,0.0553557821485274,0.173446746914963,-0.00464421785147255,0.00344674691496313,0.00578349580684072,-0.693749797751006,-0.0989136522201808,0.329292474071123,0.774283765594801
0.06,0.185,0.0574334076317748,0.188282972424617,-0.00256659236822516,0.00328297242461684,0.00416716982200464,-0.69053075056042,-0.0862634015506151,0.228171488010515,0.732354847132187
0.06,0.2,0.0596417287434141,0.203039098335313,-0.00035827125658595,0.00303909833531255,0.00306014329484669,-0.678645979172386,-0.0782582535385806,0.120465714114783,0.693687671463326
0.06,0.215,0.0618643358404755,0.21773034125613,0.00186433584047552,0.00273034125612953,0.00330613240826869,-0.658670103927593,-0.0754258448341594,0.0106300949310292,0.663063548632084
0.06,0.23,0.0639841049040562,0.232372960770172,0.00398410490405623,0.00237296077017213,0.00463724430058422,-0.631305827596833,-0.0777907567808533,-0.096830236624574,0.643411916979171
0.06,0.245,0.0658858723935582,0.246983754669638,0.00588587239355819,0.00198375466963763,0.00621118156412767,-0.597365558821416,-0.0848770022606474,-0.197510326810867,0.634873349249686
0.06,0.26,0.0674590025741551,0.2615795455275,0.00745900257415508,0.00157954552749973,0.00762441364792706,-0.557748453429095,-0.0957379163352661,-0.287249350805382,0.634638001830559
0.06,0.275,0.0685997207557029,0.276176688190283,0.00859972075570287,0.00117668819028338,0.00867984977826339,-0.513414232168519,-0.109010760763163,-0.362259439649539,0.637741029261592
0.06,0.29,0.0692131064035542,0.290790624804108,0.00921310640355424,0.000790624804108214,0.00924696799951657,-0.46535534992446,-0.12299135042216,-0.419232217491436,0.638312102546479
0.06,0.305,0.069214668666219,0.305435508767074,0.00921466866621901,0.000435508767074294,0.00922495455351391,-0.414569144761527,-0.1357226060337,-0.455418036031562,0.630632859952377
0.06,0.32,0.0685314596914693,0.320123912163754,0.00853145969146929,0.000123912163754403,0.00853235950317915,-0.362031498844032,-0.145090268673626,-0.468675380391619,0.609736101154552
0.06,0.335,0.0671027145216512,0.33486662393592,0.00710271452165123,-0.000133376064080454,0.00710396669126094,-0.30867329882252,-0.148919083712209,-0.457490394301828,0.571625987945663
0.06,0.35,0.0648800368973573,0.349672539011473,0.00488003689735728,-0.000327460988526762,0.00489101122658447,-0.255360661515412,-0.145063480508709,-0.420968656743052,0.513292171076779
0.08,0.05,0.0759272902207497,0.0506424809967449,-0.00407270977925034,0.00064248099674491,0.00412307491772581,-0.433595243087571,-0.181702925406793,0.421636971462457,0.631508163764496
0.08,0.065,0.0735434187910917,0.066598177217055,-0.00645658120890832,0.00159817721705496,0.00665143678646513,-0.520172700931923,-0.201498386302724,0.492206868188045,0.743946648118088
0.08,0.08,0.0719326845265485,0.0824157575212497,-0.00806731547345146,0.00241575752124967,0.00842125069984642,-0.597625750747032,-0.21030582999483,0.536965197165113,0.830499114486805
0.08,0.095,0.0710545854039768,0.0980912200418557,-0.00894541459602322,0.00309122004185575,0.00946446425540906,-0.66530445864985,-0.210130188637558,0.556349493980275,0.89237076126579
0.08,0.11,0.0708562186788119,0.113622838363733,-0.00914378132118812,0.00362283836373312,0.0098353289044874,-0.722640520038369,-0.203085333115348,0.551372670205087,0.93138815634456
0.08,0.125,0.0712722598356796,0.129011379402139,-0.00872774016432037,0.00401137940213875,0.00960544705278177,-0.76917101495023,-0.191315916254368,0.523646172502214,0.949974640553579
0.08,0.14,0.0722253785341528,0.14426023951607,-0.00777462146584716,0.00426023951606957,0.00886534712639568,-0.804561222360955,-0.176910204264519,0.475379297649479,0.951116307694127
0.08,0.155,0.0736271221983818,0.159375482632645,-0.0063728778016182,0.00437548263264503,0.00773035702558015,-0.828625024674105,-0.161808612643813,0.409351623723968,0.938290938733783
0.08,0.17,0.0753792691982439,0.17436576974886,-0.00462073080175606,0.00436576974886005,0.00635697244310204,-0.841341382154604,-0.147713664381099,0.32885724945295,0.915335762342923
0.08,0.185,0.0773756208501682,0.189242176464219,-0.00262437914983176,0.00424217646421904,0.00498832908654247,-0.84286545298313,-0.136007617872686,0.237621651172674,0.886227934346975
0.08,0.2,0.0795041681443254,0.204017903470374,-0.000495831855674556,0.00401790347037412,0.00404838208749447,-0.833533191318205,-0.127683929682561,0.139694275807211,0.854756578007782
0.08,0.215,0.0816495388375077,0.218707893309574,0.0016495388375077,0.00370789330957416,0.00405825715937656,-0.813858666822703,-0.123297956350257,0.0393221954987645,0.824091171146397
0.08,0.23,0.0836956068455359,0.233328374244019,0.00369560684553594,0.00332837424401894,0.00497348821904915,-0.784523868434573,-0.122940896906855,-0.0591880290604637,0.796307474509879
0.08,0.245,0.0855281322401232,0.247896357667387,0.00552813224012315,0.00289635766738688,0.00624092411440163,-0.746361341723802,-0.1262390793995,-0.151611955773285,0.772001787139267
0.08,0.26,0.0870372976993472,0.262429118748765,0.00703729769934724,0.00242911874876517,0.00744474155393191,-0.700330573332227,-0.132378529505333,-0.233943671965988,0.750149763011484
0.08,0.275,0.0881200169043027,0.276943690184434,0.00812001690430272,0.00194369018443391,0.0083494075274373,-0.647489522971796,-0.140152609757122,-0.302518867296684,0.728292690504423
0.08,0.29,0.0886819102749133,0.291456396471456,0.0086819102749133,0.00145639647145607,0.00880321854231251,-0.588963039321146,-0.148028659478565,-0.35411775906691,0.702990421468334
0.08,0.305,0.0886388713435703,0.305982451271819,0.0086388713435703,0.000982451271818507,0.00869455626195253,-0.525910056486125,-0.154228221542851,-0.38604298098371,0.670374553322341
0.08,0.32,0.0879181791085457,0.320535634014403,0.0079181791085457,0.000535634014402708,0.00793627520896262,-0.459491436315918,-0.15681474406636,-0.39616980390291,0.626639985748144
0.08,0.335,0.0864591445086684,0.335128054612068,0.00645914450866841,0.00012805461206844,0.00646041374584734,-0.390840120296096,-0.1537826171193,-0.382968342993901,0.568394664160326
0.08,0.35,0.0842133091349334,0.349770008241583,0.00421330913493342,-0.000229991758416592,0.00421958174176695,-0.321034926378614,-0.143141972360507,-0.345499459960176,0.492873638014423
0.1,0.05,0.0967275446858889,0.0504682663828044,-0.00327245531411111,0.000468266382804394,0.00330578843668477,-0.440748648851966,-0.175879251156996,0.339592058536048,0.583539709105127
0.1,0.065,0.0942721948430859,0.0665924417048762,-0.00572780515691407,0.00159244170487621,0.00594505025201642,-0.541921270099548,-0.205142185133741,0.415443359702703,0.712994897896541
0.1,0.08,0.0925837904146171,0.0825669608853376,-0.00741620958538289,0.00256696088533764,0.00784789480059324,-0.633291635557526,-0.223025445388251,0.466658533974279,0.817667523629015
0.1,0.095,0.0916221865972483,0.0983864598179902,-0.0083778134027517,0.00338645981799018,0.00903636362206547,-0.714036217529763,-0.231349895210398,0.493646377280505,0.898372848245313
0.1,0.11,0.091335007229478,0.114047881105071,-0.00866499277052202,0.00404788110507148,0.00956386120528699,-0.783411336896916,-0.232043498409182,0.497354744290431,0.956535676462366
0.1,0.125,0.0916576269921758,0.129550720237558,-0.0083423730078242,0.00455072023755804,0.00950285441760496,-0.840781066757637,-0.227070828485269,0.479292025642772,0.994092349425317
0.1,0.14,0.092513582253148,0.144897191597641,-0.00748641774685201,0.00489719159764146,0.00894588934787318,-0.885644621805149,-0.218354287902148,0.441526778858286,1.0134187990841
0.1,0.155,0.0938154403179966,0.160092296976313,-0.0061845596820034,0.00509229697631275,0.00801125876221871,-0.917661598625931,-0.207691202603564,0.386662752792053,1.01723827605338
0.1,0.17,0.0954661288858062,0.175143784640196,-0.00453387111419384,0.00514378464019571,0.00685671260188399,-0.936673333095968,-0.19667185007036,0.317788087267567,1.00849009691934
0.1,0.185,0.0973606956095252,0.190061994149616,-0.00263930439047478,0.00506199414961594,0.00570874000426762,-0.942718704961803,-0.18660396877696,0.238399361784799,0.990150621204624
0.1,0.2,0.0993884352337753,0.204859590330796,-0.000611564766224709,0.00485959033079592,0.00489792095142956,-0.936042960729949,-0.178449257697536,0.152303232615734,0.965007176240022
0.1,0.215,0.101435292272625,0.219551198310177,0.001435292272625,0.00455119831017686,0.00477215569385721,-0.917098533141087,-0.172776744241271,0.0635003760587599,0.935400050495321
0.1,0.23,0.103386424090341,0.234152959224518,0.00338642409034109,0.00415295922451808,0.00535863214264166,-0.886537392596927,-0.16973670940413,-0.0239418777821904,0.902966880912034
0.1,0.245,0.105128795810537,0.248682032220757,0.00512879581053746,0.0036820322207568,0.00631362873004724,-0.845195092215509,-0.169057219974376,-0.106020744760152,0.868441088771339
0.1,0.26,0.106553676096932,0.263156071962151,0.00655367609693161,0.00315607196215062,0.00727402643752179,-0.794067312222843,-0.170063429224967,-0.17892516466036,0.831559269530301
0.1,0.275,0.107558911850548,0.27759271165146,0.00755891185054848,0.00259271165146008,0.00799120154119386,-0.73428027487808,-0.171717904085668,-0.239151504266095,0.791111841500603
0.1,0.29,0.108050879309656,0.292009079538592,0.00805087930965639,0.00200907953859225,0.00829777429501692,-0.667056832548795,-0.172678560503903,-0.283601444029907,0.745131067314224
0.1,0.305,0.107946035876163,0.306421372508786,0.00794603587616333,0.00142137250878577,0.00807216116997218,-0.593680272013944,-0.171369538831981,-0.309657388281577,0.691170945182712
0.1,0.32,0.107172028207954,0.320844504260695,0.00717202820795371,0.000844504260695378,0.00722157711736268,-0.515457917526405,-0.166059650297773,-0.315232723876515,0.626616514325379
0.1,0.335,0.105668344049013,0.335291838542634,0.00566834404901345,0.000291838542633538,0.00567585182972148,-0.433686460395978,-0.154942911184824,-0.298796319065209,0.548974314083104
0.1,0.35,0.103386524542913,0.349775011023838,0.00338652454291327,-0.000224988976162133,0.00339399005878751,-0.349620635577746,-0.13621609935134,-0.259372537209929,0.456141016057987
0.12,0.05,0.117709762790777,0.0501364578526645,-0.00229023720922333,0.000136457852664473,0.0022942988515154,-0.401648111776125,-0.155166156617342,0.239397907058279,0.492656670644069
0.12,0.065,0.115173692201956,0.066424831280378,-0.00482630779804433,0.00142483128037801,0.00503223520306902,-0.515072377849632,-0.194865109401591,0.320851645344916,0.637355420854591
0.12,0.08,0.113396775531892,0.0825525326986181,-0.00660322446810785,0.00255253269861805,0.00707940651140564,-0.618140712257091,-0.222815183330744,0.37901080407346,0.758552661465751
0.12,0.095,0.112339231341857,0.0985129072006886,-0.00766076865814311,0.00351290720068864,0.00842780478145038,-0.709894472662383,-0.240636299313814,0.414259800348647,0.856434953637593
0.12,0.11,0.111949252177267,0.114301630642009,-0.00805074782273268,0.00430163064200856,0.00912790045330809,-0.789453248353235,-0.250051919848698,0.427482239198033,0.931945603112075
0.12,0.125,0.112162992547781,0.129916981351229,-0.00783700745221944,0.00491698135122903,0.00925177774346515,-0.856045564933489,-0.252826646145486,0.420080261033521,0.986522575227554
0.12,0.14,0.112904975579036,0.145360033485541,-0.00709502442096351,0.00536003348554054,0.00889209370734387,-0.909039379820708,-0.250696370124012,0.393974155730013,1.0219807192456
0.12,0.155,0.114088946979222,0.160634753792634,-0.00591105302077803,0.00563475379263362,0.00816645566436554,-0.947970648199023,-0.245294585735113,0.35157979942818,1.04041140050549
0.12,0.17,0.115619177793542,0.175747988686739,-0.0043808222064583,0.00574798868673937,0.00722710018939007,-0.972568115838222,-0.238079239736132,0.295762823305487,1.04406717960922
0.12,0.185,0.117392186578932,0.190709335497268,-0.00260781342106823,0.00570933549726849,0.00627671909993378,-0.982772532344866,-0.230264937983016,0.229770080857771,1.03522327857608
0.12,0.2,0.119298820184164,0.205530899908913,-0.000701179815835759,0.00553089990891281,0.00557516878099195,-0.978748697430356,-0.222765313996435,0.157140781941074,1.01601854003774
0.12,0.215,0.121226603826479,0.220226950077569,0.0012266038264795,0.00522695007756946,0.00536894440840446,-0.960889151892452,-0.216149859848411,0.081601415482769,0.988287271556778
0.12,0.23,0.123062248721174,0.234813485800418,0.00306224872117369,0.00481348580041768,0.00570499892911055,-0.929808873904921,-0.210618531395671,0.00695004887870305,0.953401271505931
0.12,0.245,0.124694192464716,0.249307747384105,0.00469419246471599,0.00430774738410489,0.0063711953683009,-0.886330988517089,-0.205996065253425,-0.0630634008257348,0.912146679501622
0.12,0.26,0.126015044949763,0.263727692831686,0.00601504494976303,0.00372769283168595,0.00707647225636281,-0.831464168300691,-0.201746338666164,-0.124853946078307,0.864660017106352
0.12,0.275,0.126923821098776,0.278091473238682,0.00692382109877634,0.00309147323868231,0.00758264501301158,-0.766373013483438,-0.197005462728325,-0.175108665857544,0.810439846008402
0.12,0.29,0.127327860389484,0.292416934732771,0.00732786038948427,0.00241693473277144,0.00771615910866601,-0.692343191168437,-0.190630828590197,-0.210878420083101,0.748436290078511
0.12,0.305,0.127144358923811,0.306721171368867,0.00714435892381055,0.00172117136886735,0.00734876148158586,-0.610743412666077,-0.181262193797448,-0.229649779470234,0.677205920792326
0.12,0.32,0.126301469963101,0.321020147655812,0.00630146996310113,0.00102014765581232,0.00638351195937825,-0.522986431417294,-0.167390219045119,-0.229394527050486,0.595112868195147
0.12,0.335,0.124738959711144,0.335328402671178,0.00473895971114355,0.000328402671177508,0.00475032498449088,-0.430491139493117,-0.147427683712308,-0.208595905902825,0.500571062757686
0.12,0.35,0.122408433621101,0.349658840856542,0.00240843362110083,-0.000341159143457836,0.00243247652987932,-0.334647568961183,-0.119778888202717,-0.166252473394323,0.392398348901231
0.14,0.05,0.138870777107569,0.0496214023417785,-0.001129222892431,-0.000378597658221458,0.00119099980167967,-0.31302609919356,-0.114469121435797,0.12324976193601,0.355358167424708
0.14,0.065,0.136245123938441,0.0660688530184253,-0.0037548760615593,0.0010688530184253,0.00390404162537594,-0.43622467228999,-0.165132533063187,0.210505694585788,0.511737341309089
0.14,0.08,0.134369312421463,0.0823451761071983,-0.00563068757853663,0.00234517610719825,0.00609954863746985,-0.548639505131484,-0.203709483349789,0.275928710160007,0.647027018196854
0.14,0.095,0.133203930886383,0.09844250676478,-0.00679606911361713,0.00344250676478003,0.00761822868012092,-0.649215588620457,-0.231611390129287,0.319882008336045,0.759906362978934
0.14,0.11,0.132697780365891,0.114355328012708,-0.00730221963410874,0.00435532801270783,0.00850242869320529,-0.736974754811031,-0.250348525662084,0.343186089563417,0.850644553710693
0.14,0.125,0.132787870605026,0.130080765025443,-0.0072121293949738,0.00508076502544275,0.00882207365949794,-0.811047905514872,-0.261475744684617,0.347135726862892,0.920157421715286
0.14,0.14,0.133399823332584,0.145618803040752,-0.00660017666741634,0.00561880304075157,0.00866794552658623,-0.870707219287779,-0.266531661400004,0.333499345482145,0.969749684841345
0.14,0.155,0.134448710056286,0.160972409942927,-0.00555128994371387,0.00597240994292664,0.00815392546970769,-0.915396604309098,-0.266974336104463,0.304498695834557,1.00098510467604
0.14,0.17,0.13584032544019,0.176147549478671,-0.00415967455980988,0.00614754947867119,0.00742261793683603,-0.944758532466132,-0.264117189626894,0.262767874855072,1.0155789158425
0.14,0.185,0.137472867606615,0.191153077786545,-0.00252713239338542,0.00615307778654506,0.00665182413935998,-0.958655409562347,-0.259069240713028,0.211292175322532,1.01528735924678
0.14,0.2,0.139238966469766,0.206000523974397,-0.000761033530233801,0.0060005239743971,0.00604859157171771,-0.957183833762807,-0.252683772727282,0.153328793352681,1.00179102928769
0.14,0.215,0.141027973808438,0.220703763866331,0.00102797380843781,0.00570376386633137,0.00579565806390452,-0.940680468664769,-0.245519136471534,0.0923129295597069,0.97657777775879
0.14,0.23,0.142728407184283,0.235278604031791,0.00272840718428319,0.00527860403179103,0.00594204226572722,-0.909718785531713,-0.237814597223457,0.0317541084001122,0.940835939131856
0.14,0.245,0.14423042720555,0.249742299667697,0.00423042720554986,0.00474229966769663,0.00635499177652434,-0.86509655573747,-0.229483005359918,-0.0248715776059692,0.895371102218422
0.14,0.26,0.145428225187444,0.264113034215507,0.00542822518744368,0.00411303421550652,0.00681048303305465,-0.807814643150711,-0.220120739072695,-0.0742272067819698,0.840559330236398
0.14,0.275,0.146222206282642,0.278409390280364,0.00622220628264206,0.00340939028036402,0.00709505412999724,-0.739048264172529,-0.209033986677264,-0.113212847841888,0.776346517094064
0.14,0.29,0.146520870968866,0.29264984032896,0.00652087096886583,0.00264984032895954,0.00703870811737336,-0.660112399669732,-0.195279177206573,-0.139050290609632,0.702298722678391
0.14,0.305,0.146242322401953,0.306852282177992,0.00624232240195288,0.00185228217799227,0.00651133920455927,-0.572423382494852,-0.177714368530059,-0.149350681615181,0.617705631687694
0.14,0.32,0.145315356120158,0.321033638942535,0.00531535612015827,0.00103363894253461,0.00541492568255816,-0.4774588353526,-0.155057769253865,-0.142162516395553,0.521748898857562
0.14,0.335,0.143680118236629,0.335209536694355,0.0036801182366285,0.00020953669435525,0.00368607865649216,-0.376718082542504,-0.125949343328872,-0.115998999337741,0.413807035916304
0.14,0.35,0.141288345807918,0.349394066376601,0.00128834580791767,-0.000605933623398669,0.00142372415753336,-0.271684933719866,-0.0890116091540775,-0.0698452659211069,0.294303111407868
0.16,0.05,0.160206059941468,0.048899225011,0.000206059941467551,-0.00110077498900002,0.00111989565401675,-0.173583501546031,-0.04903680312189,-0.0064763579913646,0.180493241491148
0.16,0.065,0.157482354192655,0.0654998800675211,-0.00251764580734465,0.000499880067521052,0.00256679186790533,-0.304074300149629,-0.11077874871961,0.0866665552641703,0.335029137240578
0.16,0.08,0.15549774868507,0.081919542495518,-0.00450225131493046,0.00191954249551801,0.00489437537331298,-0.423477584242165,-0.160136087799956,0.15951367105626,0.480023739016122
0.16,0.095,0.154213208825816,0.0981492261012662,-0.00578679117418412,0.00314922610126622,0.00658821501853968,-0.530678778408608,-0.19831247237196,0.212408977643034,0.605036179123224
0.16,0.11,0.153578181895371,0.114182303018811,-0.0064218181046295,0.00418230301881112,0.00766364184380401,-0.624638936189727,-0.226605119194496,0.246111256044349,0.708590735619315
0.16,0.125,0.153530603025246,0.130014817462608,-0.00646939697475366,0.00501481746260823,0.00818544387313432,-0.704427361138657,-0.246358399437897,0.261808611638717,0.790862850196848
0.16,0.14,0.153997295747091,0.145645725226134,-0.00600270425290918,0.00564572522613388,0.00824055044744575,-0.769254290179785,-0.258911758409431,0.261117506762649,0.85263311560002
0.16,0.155,0.154894792797997,0.16107703945538,-0.00510520720200257,0.0060770394553803,0.00793684755539803,-0.818501960113913,-0.265544521259017,0.246064504733793,0.894999094799618
0.16,0.17,0.156130577718741,0.17631386788044,-0.00386942228125919,0.00631386788044025,0.00740522493934925,-0.851752240741506,-0.26742068328391,0.219049930835328,0.919237019885793
0.16,0.185,0.15760471932321,0.191364333226238,-0.00239528067679046,0.00636433322623786,0.00680015491994124,-0.86880903083067,-0.265537102446972,0.182793859119033,0.9266991963843
0.16,0.2,0.159211842208054,0.206239376323821,-0.00078815779194622,0.00623937632382127,0.0062889593427901,-0.869713790506384,-0.260678536552959,0.140266145876263,0.918720878665465
0.16,0.215,0.160843350288556,0.220952449781735,0.000843350288555839,0.00595244978173537,0.00601189638244778,-0.85475292159304,-0.253382658420751,0.094603508816113,0.896533073630247
0.16,0.23,0.162389799704878,0.235519118044122,0.00238979970487823,0.0055191180441222,0.00601430017661168,-0.82445619973167,-0.243917550802178,0.0490177436332218,0.861185519130782
0.16,0.245,0.163743305333225,0.249956586256225,0.00374330533322524,0.00495658625622536,0.00621128667291687,-0.779586051911318,-0.232273278139664,0.00669995342911629,0.813487119801135
0.16,0.26,0.164799862688653,0.264283184969016,0.00479986268865265,0.00428318496901614,0.00643306733283009,-0.721118101539831,-0.218168050265417,-0.0292739837671895,0.753972004795414
0.16,0.275,0.165461474568089,0.278517839673269,0.00546147456808906,0.0035178396732693,0.0064963759454569,-0.650214011655971,-0.201068360401735,-0.0560315887434432,0.682899557918675
0.16,0.29,0.165637988561867,0.292679553660739,0.00563798856186717,0.00267955366073952,0.00624234914471529,-0.568188162452209,-0.180221422983148,-0.0709810446696412,0.600299220705321
0.16,0.305,0.165248575069028,0.306786929526384,0.00524857506902834,0.00178692952638421,0.00554442579420895,-0.476470063196557,-0.154697378500295,-0.0718739425610108,0.506085495604547
0.16,0.32,0.164222802963416,0.32085774980439,0.00422280296341576,0.000857749804389518,0.00430903696836813,-0.376564580555307,-0.123438156335158,-0.0568511035282334,0.400338059383185
0.16,0.335,0.162501298523409,0.334908631105539,0.00250129852340916,-9.13688944605973e-05,0.00250296675528937,-0.27001206158291,-0.0853096359098632,-0.024470387346225,0.284223878125863
0.16,0.35,0.160035999621314,0.348954759645619,3.59996213141478e-05,-0.00104524035438092,0.00104586011070368,-0.158350256841875,-0.0391538171755895,0.0262833236056745,0.165223053046515
0.18,0.05,0.181709824963009,0.0479479861452895,0.00170982496300881,-0.00205201385471054,0.00267100398053842,0.0162057188344115,0.0452660690040288,-0.147364421967087,0.155009450819349
0.18,0.065,0.178879997248544,0.0646953160590256,-0.00112000275145613,-0.000304683940974437,0.00116070602098766,-0.119198824240379,-0.0273043471208838,-0.0483560775173668,0.131499828505191
0.18,0.08,0.176777201544318,0.0812524033139491,-0.00322279845568244,0.0012524033139491,0.00345759221811072,-0.243331085743178,-0.0872379004982506,0.0319279979074503,0.260461095846255
0.18,0.095,0.17536278907416,0.0976092349397245,-0.00463721092584007,0.00260923493972448,0.0053208864056104,-0.355050124878151,-0.135538060928538,0.0938136191326646,0.391449547593237
0.18,0.11,0.174586889377656,0.113758160423946,-0.00541311062234423,0.00375816042394583,0.00658980548892368,-0.453289486514915,-0.173296388517744,0.13799946076023,0.504527990135867
0.18,0.125,0.174388427852843,0.129694221763703,-0.00561157214715739,0.0046942217637026,0.00731610961711016,-0.537089268108907,-0.201653477423111,0.165569221576154,0.597114227789056
0.18,0.14,0.174695524066987,0.145415411475757,-0.00530447593301261,0.00541541147575719,0.00758051095742713,-0.605628260240999,-0.221755057724375,0.177990284166178,0.669063915672356
0.18,0.155,0.175426294810042,0.160922838773995,-0.00457370518995827,0.00592283877399524,0.00748323448165248,-0.658254571918245,-0.234705352519484,0.177097378579327,0.720941067649593
0.18,0.17,0.176490061797865,0.176220788544478,-0.00350993820213483,0.00622078854447805,0.00714267991008381,-0.69451303267103,-0.241520232440772,0.165060598576845,0.75361367039617
0.18,0.185,0.177788936883945,0.191316664003763,-0.00221106311605516,0.00631666400376257,0.00669246174734002,-0.714167665775831,-0.243082972287662,0.14433812385048,0.768093168605645
0.18,0.2,0.179219730116986,0.206220811512833,-0.000780269883013617,0.00622081151283321,0.00626955476637188,-0.717217684491464,-0.240105446566944,0.117615093239714,0.765437036209359
0.18,0.215,0.18067610113657,0.220946234233816,0.000676101136570455,0.00594623423381563,0.00598454796206637,-0.703905768980688,-0.233097369057678,0.0877311396386293,0.746674198206028
0.18,0.23,0.182050854770938,0.23550820914871,0.00205085477093838,0.00550820914871014,0.00587761629552447,-0.674717822112344,-0.222345690807301,0.057600019229862,0.712745437679595
0.18,0.245,0.183238270216886,0.249923828682734,0.00323827021688584,0.00492382868273444,0.00589325740948826,-0.630373938416382,-0.207905559734805,0.0301254329152037,0.664461070298173
0.18,0.26,0.184136350638015,0.264211492972949,0.00413635063801505,0.00421149297294943,0.00590305595956958,-0.571810902663657,-0.189603385712166,0.00811746997679553,0.6024835186645
0.18,0.275,0.184648887231241,0.278390381069315,0.00464888723124079,0.00339038106931544,0.00575385403742276,-0.500157095051549,-0.167051640093419,-0.00578595509864664,0.527350747315185
0.18,0.29,0.184687247471278,0.292479929301664,0.00468724747127786,0.00247992930166419,0.00530286132180102,-0.416701170661864,-0.139674153778731,-0.00918872417169591,0.439584025378665
0.18,0.305,0.184171819504415,0.306499342289317,0.00417181950441528,0.00149934228931692,0.00443306950971377,-0.322856238665039,-0.106739953337564,6.00204167743376e-06,0.340043979391405
0.18,0.32,0.18303307072668,0.320467157663101,0.0030330707266801,0.00046715766310107,0.00306883598702144,-0.220121471467049,-0.0674031659032857,0.0235526630638596,0.231411861643847
0.18,0.335,0.181212205656563,0.334400879816044,0.00121220565656288,-0.00059912018395647,0.00135217881532994,-0.110043108059807,-0.0207462677119726,0.0628356739007913,0.128406472075021
0.18,0.35,0.178661433405209,0.348316691759887,-0.00133856659479134,-0.00168330824011259,0.00215064807905018,0.00582330720957325,0.0341760467458174,0.11885734944078,0.123810292622927
0.2,0.05,0.203375148246508,0.0467477996960308,0.00337514824650842,-0.00325220030396922,0.00468704944533833,0.254371176649861,0.171770015936987,-0.297075068989584,0.427158138909715
0.2,0.065,0.20043153652099,0.0636347184566602,0.000431536520989845,-0.00136528154333976,0.00143185804517494,0.116245069656169,0.0889198280422221,-0.192318614119409,0.241673722136733
0.2,0.08,0.19820167271449,0.0803227782661182,-0.00179832728551049,0.000322778266118207,0.00182706508775408,-0.0105352126032328,0.0189078397590499,-0.104716370236495,0.106929970642032
0.2,0.095,0.196647304399579,0.0968010381663911,-0.00335269560042115,0.0018010381663911,0.00380582530680019,-0.124830918880129,-0.0390820175197864,-0.0339603576458659,0.135142431386057
0.2,0.11,0.195719277833882,0.113060917800891,-0.00428072216611823,0.00306091780089085,0.00526248990947312,-0.225576576888279,-0.0859485358700842,0.020589859227742,0.242272517255738
0.2,0.125,0.195357568291842,0.129096540566289,-0.00464243170815765,0.00409654056628939,0.00619143091507626,-0.311810769250768,-0.122640864701535,0.0599171457722656,0.340377940839397
0.2,0.14,0.195491676443988,0.144905007032181,-0.00450832355601209,0.00490500703218077,0.0066621374401491,-0.382706939599431,-0.150122047362183,0.0853451145238298,0.419864035336888
0.2,0.155,0.196041412918222,0.160486578677235,-0.00395858708177822,0.00548657867723451,0.0067655714662921,-0.43760276846764,-0.169330158672147,0.098523568388313,0.47945502453407
0.2,0.17,0.196918070302952,0.175844756198632,-0.00308192969704816,0.00584475619863195,0.00660753098206841,-0.476026547797592,-0.181139095721943,0.101400541644406,0.519323177261016
0.2,0.185,0.19802595620735,0.190986242634382,-0.00197404379265045,0.00598624263438235,0.00630332846780166,-0.497718987745503,-0.186321291190686,0.0961812499827975,0.540085925580763
0.2,0.2,0.199264235022337,0.205920788876544,-0.000735764977662953,0.00592078887654418,0.00596632977826106,-0.502649028950813,-0.185514653316329,0.0852751492034942,0.542536434988364
0.2,0.215,0.200529002495134,0.220660927127516,0.00052900249513415,0.00566092712751604,0.00568559052191636,-0.491022499278725,-0.179195866201103,0.0712331858863117,0.527532355374294
0.2,0.23,0.201715498825986,0.235221605587804,0.00171549882598621,0.00522160558780393,0.00549618969255477,-0.46328284432488,-0.16766181132477,0.0566780847226371,0.495938925407577
0.2,0.245,0.202720354941744,0.249619744400855,0.00272035494174404,0.0046197444008555,0.00536119103728891,-0.420103635614124,-0.151020322029142,0.0442310812750654,0.448610765598498
0.2,0.26,0.203443764305862,0.26387373776221,0.00344376430586218,0.00387373776221034,0.00518318018640147,-0.362373080483418,-0.129190811669624,0.0364388022436789,0.386436110730937
0.2,0.275,0.203791479166579,0.278002929689744,0.0037914791665785,0.00300292968974358,0.00483662082368902,-0.291171265775263,-0.101914591762107,0.0357039843682592,0.310551607037331
0.2,0.29,0.203676544908059,0.292027091149114,0.00367654490805863,0.00202709114911398,0.00419834264773471,-0.20774132106028,-0.0687740000459606,0.0442234085393853,0.223253426586558
0.2,0.305,0.203020706961078,0.305965924066997,0.00302070696107781,0.000965924066997248,0.00317138453170038,-0.113456028264792,-0.0292188593656697,0.0639358404412134,0.133468392664743
0.2,0.32,0.201755449406558,0.319838613577832,0.00175544940655842,-0.000161386422167564,0.00176285228996826,-0.00978161991791675,0.0174016501099142,0.0964819949464868,0.0985255056098097
0.2,0.335,0.199822649920389,0.333663444647956,-0.000177350079611421,-0.00133655535204436,0.00134827046983036,0.101759431756462,0.0718038703310417,0.143177653719783,0.189764725881876
0.2,0.35,0.19717485972788,0.347457493136937,-0.00282514027212039,-0.0025425068630629,0.00380075764892717,0.219624909182424,0.134733505270421,0.20500016753251,0.329262183105534
