target_x,target_y,gaze_x,gaze_y,error_px_x,error_px_y,error_px_xy,error_deg_x,error_deg_y,error_deg_z,error_deg_xyz
-0.2,0.05,-0.198057900021296,0.0529979849095008,0.00194209997870445,0.00299798490950075,0.00357206744685456,-0.141233598947074,0.119266943226668,-0.252441604512082,0.312887424162253
-0.2,0.065,-0.200126689252758,0.0665477054728968,-0.000126689252757634,0.00154770547289677,0.00155288196512127,-0.0577990475763927,0.0619489955216638,-0.168132778367017,0.188273925451994
-0.2,0.08,-0.201645937984008,0.080196795852522,-0.00164593798400761,0.000196795852522011,0.00165766113991036,0.0212555578490653,0.014042782587218,-0.100253534334777,0.1034397048223
-0.2,0.095,-0.20265137574192,0.0939574233210643,-0.00265137574191976,-0.00104257667893566,0.00284899270906422,0.0946987375224188,-0.0253609746517498,-0.0481247334664677,0.109210912941487
-0.2,0.11,-0.203186325548517,0.107841750461416,-0.00318632554851718,-0.00215824953858393,0.00384846873079814,0.161323379393036,-0.0571840534758746,-0.0107268306577051,0.171494418459186
-0.2,0.125,-0.203301577096194,0.121861720161153,-0.00330157709619404,-0.00313827983884742,0.00455513025818464,0.219978595312833,-0.0823234314861035,0.0132960605293105,0.235254315045846
-0.2,0.14,-0.203055022832582,0.136028820030682,-0.00305502283258165,-0.00397117996931817,0.00501033280893685,0.269602220327671,-0.101612971516508,0.0256192004979244,0.289252613330946
-0.2,0.155,-0.202511046308459,0.15035383342442,-0.0025110463084588,-0.00464616657557967,0.00528130830488604,0.309252429769535,-0.115786220134086,0.0282070102133889,0.331420361135894
-0.2,0.17,-0.201739666007402,0.16484658615351,-0.00173966600740216,-0.00515341384649019,0.00543912787958762,0.338136857914255,-0.125442570650328,0.0232701083083416,0.361406010212667
-0.2,0.185,-0.200815453175212,0.179515699475604,-0.00081545317521186,-0.0054843005243958,0.00554459341366444,0.355637627710229,-0.131018969197957,0.0132109754846911,0.379234950212129
-0.2,0.2,-0.199816257604696,0.194368360816222,0.000183742395304003,-0.00563163918377776,0.0056346358501764,0.361330871274087,-0.132769073870519,0.000560466693731149,0.38495259068966
-0.2,0.215,-0.198821789262654,0.209410123678315,0.00117821073734627,-0.00558987632168548,0.00571269619648534,0.354999607514403,-0.130751316234859,-0.0120918990696864,0.378506754350117
-0.2,0.23,-0.19791211464531,0.224644747343036,0.00208788535468972,-0.00535525265696427,0.00574786884629866,0.336639242392432,-0.12482670786363,-0.0221704460873389,0.359721614921455
-0.2,0.245,-0.197166133378384,0.240074085145883,0.0028338666216161,-0.00492591485411654,0.00568290745825725,0.30645542167939,-0.114666538267534,-0.0271849977759458,0.328333153345369
-0.2,0.26,-0.196660102243085,0.255698027518359,0.00333989775691451,-0.00430197248164109,0.00544627251057453,0.264854453743943,-0.0997693996432632,-0.0247981090732994,0.284107244495403
-0.2,0.275,-0.196466270114015,0.271514502833348,0.00353372988598466,-0.00348549716665241,0.00496346022506911,0.212426979460032,-0.079486322825446,-0.0128846687686607,0.227176978195029
-0.2,0.29,-0.196651678836338,0.287519535675437,0.00334832116366163,-0.00248046432456298,0.00416700826498508,0.149925960276084,-0.0530522871622164,0.0104187222187021,0.15937661336744
-0.2,0.305,-0.197277172786944,0.303707358813124,0.00272282721305633,-0.00129264118687618,0.00301408514646962,0.0782403326869752,-0.0196220153781399,0.0466764111807613,0.0931947553257865
-0.2,0.32,-0.198396645135875,0.320070572209284,0.00160335486412477,7.05722092841504e-05,0.00160490724250214,-0.0016341555101944,0.0216921822078299,0.097129332758132,0.0995355765827135
-0.2,0.335,-0.200056533316342,0.336600340125443,-5.65333163416726e-05,0.00160034012544327,0.00160133835680045,-0.0886253839959455,0.0717827067315335,0.162683712130315,0.198678749291172
-0.2,0.35,-0.202295561321596,0.353286615924874,-0.00229556132159561,0.00328661592487392,0.00400892080476039,-0.181615115430005,0.131511087429968,0.243912128765132,0.331319556796697
-0.18,0.05,-0.17915897497152,0.0519195815027451,0.000841025028479742,0.0019195815027451,0.00209573763725579,0.0222046059164472,0.0307256610971662,-0.14003833496199,0.145078796793201
-0.18,0.065,-0.181153705384942,0.0655969525677962,-0.00115370538494169,0.000596952567796211,0.0012989951822243,0.104914112786445,-0.0192000420953316,-0.0622489084324565,0.123493097715317
-0.18,0.08,-0.182588698104762,0.0793625188046462,-0.0025886981047622,-0.000637481195353756,0.00266603453691603,0.183478390034685,-0.0598815084791791,-0.00236191722885342,0.193017430696925
-0.18,0.095,-0.183499837808906,0.0932274626113258,-0.00349983780890623,-0.00177253738867421,0.00392310508180669,0.256650310080091,-0.0924029357338063,0.0403267263031435,0.275742771081344
-0.18,0.11,-0.183930817935461,0.107203032072717,-0.00393081793546093,-0.00279696792728257,0.00482435065350652,0.32320228314518,-0.117864013464847,0.0669004731423591,0.350467827022085
-0.18,0.125,-0.183933025299555,0.121300347860508,-0.00393302529955517,-0.0036996521394918,0.00539964016951012,0.381959338798915,-0.137335954540235,0.0788195316900477,0.41348199655383
-0.18,0.14,-0.183565178609658,0.135530188349615,-0.0035651786096578,-0.00446981165038521,0.00571749199463199,0.431833136095681,-0.151816014818003,0.077903481128494,0.464325416174186
-0.18,0.155,-0.182892708931358,0.149902759100483,-0.00289270893135825,-0.0050972408995173,0.0058608557181756,0.471855272871233,-0.162183064951185,0.0662985735527601,0.503336741427384
-0.18,0.17,-0.181986884670058,0.164427454824778,-0.00198688467005785,-0.00557254517522186,0.00591616179815929,0.501208143024929,-0.169156952996906,0.0464301856461452,0.53101926325492
-0.18,0.185,-0.18092369979372,0.179112623613919,-0.000923699793720038,-0.00588737638608056,0.00595939779007052,0.519251604830056,-0.173264336342158,0.0209419399725999,0.547798877429673
-0.18,0.2,-0.17978256033251,0.193965344242383,0.000217439667490018,-0.00603465575761726,0.00603857186112257,0.525543892855109,-0.174813349308305,-0.00737596432584946,0.553906927948663
-0.18,0.215,-0.178644819035476,0.208991227696851,0.00135518096452375,-0.00600877230314866,0.00615969642415063,0.519855514628094,-0.173878918760469,-0.0356658030027903,0.549325036257476
-0.18,0.23,-0.177592219745225,0.224194253504886,0.002407780254775,-0.00580574649511365,0.00628522856551842,0.502175308111013,-0.170299795306045,-0.0610847411500891,0.533774733955626
-0.18,0.245,-0.176705320201582,0.239576649921038,0.00329467979841774,-0.00542335007896155,0.00634567892766993,0.472708348198677,-0.16368750605835,-0.0808863113708579,0.506745548942789
-0.18,0.26,-0.176061963771618,0.255138824717242,0.00393803622838204,-0.00486117528275759,0.0062561293517432,0.431865931156351,-0.15344655172536,-0.0924967429110641,0.46755843199986
-0.18,0.275,-0.175735866777746,0.270879350377848,0.00426413322225376,-0.0041206496221524,0.00592980484043724,0.380248373829557,-0.138804361951628,-0.0935823724442996,0.415468282162267
-0.18,0.29,-0.175795379106588,0.286795004213358,0.00420462089341156,-0.00320499578664189,0.00528685491097546,0.318621801488964,-0.11884887791345,-0.0821051047652745,0.349837871905221
-0.18,0.305,-0.17630246280881,0.302880860619699,0.00369753719119034,-0.00211913938030106,0.00426175233834376,0.247890396438209,-0.0925712027070754,-0.0563638452141673,0.27054776891917
-0.18,0.32,-0.177311917818501,0.319130429753999,0.00268808218149863,-0.000869570246001414,0.00282523242003581,0.169065761847055,-0.0589105894370207,-0.015020863663093,0.179664526743707
-0.18,0.335,-0.178870867491129,0.335535834495758,0.00112913250887064,0.000535834495758405,0.0012498235193151,0.0832350714005142,-0.0167991079813651,0.0428869058736145,0.09512925898268
-0.18,0.35,-0.181018501032444,0.352088016044342,-0.00101850103244419,0.00208801604434213,0.00232317785684179,-0.00847043200300212,0.0347963876821602,0.117950720007112,0.123267656034062
-0.16,0.05,-0.160168338375935,0.0510769823031426,-0.000168338375934662,0.00107698230314257,0.00109005903055504,0.148785760751743,-0.0356678180276292,-0.0287577038518407,0.155680494237586
-0.16,0.065,-0.162097119718057,0.0648894710995108,-0.00209711971805668,-0.000110528900489196,0.00210003041637627,0.229058180616965,-0.0777277476223815,0.0428964701775357,0.245661255521598
-0.16,0.08,-0.163456738346451,0.078778597483653,-0.00345673834645135,-0.00122140251634698,0.00366617840574705,0.305520082336519,-0.110709219565392,0.0951773697739039,0.338612045627837
-0.16,0.095,-0.164283198629644,0.0927544681485075,-0.00428319862964383,-0.00224553185149252,0.00483613521285853,0.376932847011057,-0.135880305748475,0.128807025177557,0.420872753768883
-0.16,0.11,-0.164620513581552,0.106827325961543,-0.00462051358155199,-0.00317267403845747,0.00560490912607943,0.442071868101438,-0.154528815110799,0.144926564459325,0.490216142447061
-0.16,0.125,-0.164520600987482,0.121007381340621,-0.00452060098748214,-0.00399261865937904,0.00603132133510114,0.499760148893494,-0.167911209135375,0.14509546156021,0.54681746780859
-0.16,0.14,-0.164042925004784,0.135304620808714,-0.00404292500478368,-0.00469537919128596,0.00619611397121343,0.548903119351773,-0.177199392189714,0.131274041040522,0.591549018479101
-0.16,0.155,-0.163253870013943,0.149728597724528,-0.00325387001394278,-0.00527140227547226,0.00619478425915626,0.58852297397502,-0.183428412152815,0.105788479112931,0.625460118958941
-0.16,0.17,-0.162225848628826,0.164288212183686,-0.00222584862882641,-0.00571178781631419,0.0061301649388123,0.617790680860849,-0.187448353081103,0.0712787004099586,0.649528584248254
-0.16,0.185,-0.161036162704515,0.178991488848675,-0.0010361627045146,-0.00600851115132542,0.00609719930835699,0.636053811229223,-0.189883661444356,0.030630820284641,0.664502409531351
-0.16,0.2,-0.159765653401928,0.193845362784449,0.000234346598072006,-0.0061546372155511,0.00615909714025314,0.642858498839753,-0.191102792428762,-0.0131029967502872,0.670793675361651
-0.16,0.215,-0.158497192018805,0.208855483979242,0.00150280798119521,-0.00614451602075772,0.0063256232070597,0.637964166590611,-0.191200408267608,-0.0567933439543834,0.668420844327463
-0.16,0.23,-0.15731407567788,0.224026050982068,0.00268592432212023,-0.0059739490179324,0.00654998139944019,0.621350112909997,-0.189993459048673,-0.0973263839180046,0.657001242032785
-0.16,0.245,-0.15629839962393,0.239359682981991,0.00370160037606986,-0.00564031701800935,0.00674648215055568,0.593213606589838,-0.187031428504801,-0.131695656186658,0.635791657759705
-0.16,0.26,-0.155529479776969,0.254857337610507,0.0044705202230314,-0.00514266238949314,0.00681414173002294,0.553959718667386,-0.181619945421639,-0.157087968670694,0.60376914270907
-0.16,0.275,-0.15508239523667,0.270518279105806,0.00491760476332956,-0.00448172089419406,0.00665346967993221,0.504183672893582,-0.172855972854472,-0.170958987051987,0.559740860094579
-0.16,0.29,-0.155026710978667,0.286340098338803,0.00497328902133264,-0.0036599016611972,0.00617482662585289,0.444646961678223,-0.159671999650212,-0.171095021264944,0.502475066543444
-0.16,0.305,-0.155425427304128,0.302318783025625,0.00457457269587222,-0.00268121697437498,0.00530241829861585,0.376248801536808,-0.140886146452198,-0.155658641246839,0.430862570144666
-0.16,0.32,-0.156334186238246,0.318448833469317,0.00366581376175371,-0.0015511665306835,0.00398049094230543,0.299994682650856,-0.115254901292366,-0.123216998823015,0.344184960346007
-0.16,0.335,-0.157800747776645,0.334723416715,0.00219925222335457,-0.00027658328500002,0.00221657588534014,0.216963778067212,-0.0815253029950974,-0.0727529490894802,0.242925371309149
-0.16,0.35,-0.159864732474915,0.351134550275636,0.000135267525084914,0.00113455027563622,0.00114258550283505,0.128276858250942,-0.038483756667124,-0.00366014258752021,0.133975209313383
-0.14,0.05,-0.141078942345916,0.0504493798378403,-0.00107894234591627,0.000449379837840297,0.00116878519175624,0.237352551288852,-0.0826274601174438,0.079067650220696,0.26346792290201
-0.14,0.065,-0.14295009032196,0.0644039249394061,-0.00295009032195989,-0.000596075060593865,0.00300970735879477,0.313313974769243,-0.116595998227737,0.145094128975696,0.364435217317766
-0.14,0.08,-0.144243499898546,0.0784232106397846,-0.00424349989854589,-0.00157678936021538,0.00452698090071599,0.385899512830266,-0.141640270562968,0.190312138549468,0.452990263918168
-0.14,0.095,-0.144995261607903,0.092516183236894,-0.00499526160790287,-0.00248381676310597,0.00557870811604932,0.453906960913074,-0.159216159663648,0.215454218982254,0.527070957467118
-0.14,0.11,-0.145249657050931,0.106691995350055,-0.00524965705093114,-0.00330800464994545,0.00620498137921877,0.516142158778586,-0.170804788331654,0.221711498251932,0.587142239184248
-0.14,0.125,-0.14505906634218,0.120959864156001,-0.00505906634217999,-0.00404013584399948,0.00647432235006474,0.571452228211387,-0.177854072251893,0.210735159091097,0.634510159105251
-0.14,0.14,-0.144483613321936,0.135328905969811,-0.00448361332193628,-0.00467109403018892,0.00647471295576191,0.618760301780927,-0.181717419322749,0.184619168077354,0.670801690955756
-0.14,0.155,-0.143590534053962,0.149807950877641,-0.00359053405396154,-0.00519204912235875,0.00631263090015912,0.657100022667099,-0.183593109532913,0.145863242843775,0.697688304339984
-0.14,0.17,-0.142453269874508,0.16440534312724,-0.0024532698745083,-0.00559465687275955,0.00610890486102752,0.685647920663403,-0.184468221378651,0.0973163606615687,0.716672007574136
-0.14,0.185,-0.141150303886629,0.179128734891294,-0.00115030388662861,-0.00587126510870559,0.0059828883499775,0.703751744676953,-0.185070960100134,0.0421025741513429,0.728901619331756
-0.14,0.2,-0.139763777858598,0.193984882555367,0.000236222141402119,-0.00601511744463336,0.00601975404587439,0.710952985028462,-0.185834850199139,-0.0164676669362563,0.735028796725808
-0.14,0.215,-0.138377942910921,0.20897945560215,0.00162205708907857,-0.00602054439785049,0.00623522445840717,0.707002145439757,-0.186877491739389,-0.0749962424922806,0.735123853707838
-0.14,0.23,-0.137077510451759,0.224116868331131,0.00292248954824137,-0.00588313166886865,0.00656903215038755,0.691865794934436,-0.187995511239203,-0.130100802640025,0.728665880589438
-0.14,0.245,-0.135945977890483,0.239400143891255,0.00405402210951723,-0.00559985610874451,0.0069132831348859,0.665725009198691,-0.188676082788752,-0.178517162460725,0.714607199179915
-0.14,0.26,-0.13506400575771,0.254830818491021,0.00493599424228972,-0.00516918150897858,0.00714734052866402,0.628965417714189,-0.188124094154368,-0.217194996782614,0.691496668225049
-0.14,0.275,-0.134507918733761,0.270408891277883,0.00549208126623922,-0.00459110872211688,0.00715829839649574,0.582159656028152,-0.185302843727972,-0.243381792739207,0.657637023062752
-0.14,0.29,-0.134348393228731,0.286132822503492,0.00565160677126905,-0.00386717749650799,0.00684804504121811,0.526043507882138,-0.178985209327509,-0.254691063422386,0.611251632953697
-0.14,0.305,-0.134649379818646,0.301999579498276,0.00535062018135385,-0.00300042050172375,0.00613446489208923,0.461487364911675,-0.167811623848624,-0.249152156429585,0.550645493859975
-0.14,0.32,-0.13546729171442,0.318004727033812,0.00453270828558008,-0.00199527296618783,0.00495242956656289,0.389464812371,-0.150350969527931,-0.225240450055054,0.474365681533118
-0.14,0.335,-0.136850472377504,0.334142556115016,0.00314952762249632,-0.000857443884983863,0.00326415904342352,0.311020156178202,-0.125160646566935,-0.181888146470843,0.381421761436823
-0.14,0.35,-0.138838938215292,0.35040624333557,0.0011610617847084,0.000406243335570308,0.00123008053216265,0.227236569784393,-0.0908425276132056,-0.118477107940428,0.271892970315031
-0.12,0.05,-0.121884091908321,0.0500141675009143,-0.00188409190832137,1.41675009143472e-05,0.00188414517409997,0.287980595469038,-0.11335633918547,0.180899917046157,0.358479681704958
-0.12,0.065,-0.123706094572144,0.0641170824952902,-0.00370609457214377,-0.000882917504709757,0.0038098136828192,0.357657314044551,-0.13930647410527,0.241924054370686,0.453710669692415
-0.12,0.08,-0.124942705050565,0.0782725488011284,-0.0049427050505651,-0.00172745119887162,0.00523587823209867,0.424488658360865,-0.15646550418602,0.280777857429935,0.532456872126491
-0.12,0.095,-0.12563006872108,0.0924882753739837,-0.00563006872108027,-0.00251172462601629,0.00616493587971708,0.487339541340924,-0.166474805102093,0.298196967719218,0.595095206198169
-0.12,0.11,-0.125812685017744,0.106772246874787,-0.00581268501774415,-0.00322775312521344,0.00664873652304199,0.545076820749765,-0.171007629692445,0.295413661996776,0.643137562733473
-0.12,0.125,-0.125543325762042,0.121132610925409,-0.00554332576204181,-0.00386738907459144,0.00675907972718074,0.596601165584676,-0.171703310117363,0.274160829695994,0.678663777637143
-0.12,0.14,-0.124882684347512,0.135577541077026,-0.00488268434751174,-0.00442245892297402,0.00658777271639123,0.640880635523583,-0.170097783030182,0.236655257649286,0.704040618542947
-0.12,0.155,-0.123898740141937,0.150115077785081,-0.003898740141937,-0.00488492221491871,0.00625001117920258,0.6769842939217,-0.167554477773128,0.185558901775654,0.721679450292079
-0.12,0.17,-0.122665838685478,0.164752951692556,-0.00266583868547815,-0.00524704830744387,0.00588542367528808,0.704113979721536,-0.165200038610138,0.123918326263456,0.733778345266113
-0.12,0.185,-0.121263506649141,0.179498395524711,-0.00126350664914054,-0.00550160447528897,0.00564482956828122,0.721632314527703,-0.163869380762033,0.0550841662843943,0.74205682644132
-0.12,0.2,-0.11977503924559,0.19435795268082,0.000224960754409545,-0.00564204731917962,0.00564653037651322,0.729085161639422,-0.164064155758573,-0.0173858712056573,0.747524190225335
-0.12,0.215,-0.118285914986114,0.209337291868957,0.00171408501388585,-0.0056627081310428,0.00591644748241767,0.726217062899183,-0.165927828962588,-0.0898354992187545,0.750334412101134
-0.12,0.23,-0.116882106379524,0.224441037705766,0.00311789362047568,-0.00555896229423421,0.00637364279021978,0.712978650506419,-0.169239330239514,-0.158623817899083,0.74976666000149
-0.12,0.245,-0.115648363619778,0.239672626878085,0.00435163638022176,-0.00532737312191538,0.00687878212809331,0.689525607527912,-0.1734257631066,-0.220238229421827,0.74433509145635
-0.12,0.26,-0.114666550625644,0.255034198298101,0.00533344937435627,-0.00496580170189918,0.00728730874681498,0.656209370207635,-0.177593124596341,-0.271399881904961,0.731994015843673
-0.12,0.275,-0.114014108485461,0.270526523636137,0.00598589151453918,-0.00447347636386308,0.00747280991340432,0.613560349500115,-0.180572582594661,-0.3091559302825,0.710384835111174
-0.12,0.29,-0.113762711156834,0.286148982039753,0.0062372888431661,-0.00385101796024707,0.00733035547864016,0.562264947277619,-0.180978746128868,-0.330954105901985,0.677075426018903
-0.12,0.305,-0.113977163325686,0.301899579894184,0.00602283667431422,-0.003100420105816,0.00677400667537407,0.503137988756422,-0.177275657491105,-0.334696626080418,0.629762112848301
-0.12,0.32,-0.114714572517557,0.317775013570996,0.00528542748244301,-0.00222498642900378,0.00573465851480407,0.437092367758126,-0.167845985703359,-0.31877215923532,0.566427678909507
-0.12,0.335,-0.11602380875045,0.333770770491632,0.00397619124954968,-0.00122922950836821,0.00416186280855563,0.365107710079442,-0.1510590902944,-0.282066179458723,0.485474230390035
-0.12,0.35,-0.117945247219717,0.34988126178405,0.00205475278028269,-0.000118738215949502,0.00205818068983419,0.288199709958257,-0.125334179176423,-0.223951452781444,0.385904839918916
-0.1,0.05,-0.102577544417078,0.049747087389612,-0.00257754441707767,-0.000252912610387956,0.00258992278079897,0.302154885411069,-0.131374691949752,0.274085610336631,0.4285798206886
-0.1,0.065,-0.10435902800069,0.0640039700605438,-0.00435902800069032,-0.000996029939456231,0.00447137571124318,0.363554640604636,-0.149716290941468,0.330839853276337,0.513851849071152
-0.1,0.08,-0.105548454151952,0.0783009726479025,-0.00554845415195246,-0.00169902735209748,0.00580276118925239,0.422727324117238,-0.159370623771891,0.364175409573435,0.580279237445049
-0.1,0.095,-0.106181994165873,0.0926444990694446,-0.00618199416587309,-0.00235550093055542,0.00661554506452313,0.478637061203376,-0.162155007715873,0.37482413029281,0.629193761843782
-0.1,0.11,-0.106304315136389,0.107041297209497,-0.00630431513638868,-0.00295870279050348,0.00696407291327658,0.530244028429162,-0.159926135692052,0.36404978325445,0.662776162425518
-0.1,0.125,-0.105968508483856,0.121498377052316,-0.00596850848385561,-0.00350162294768404,0.00691985959320012,0.576533849631949,-0.154507250670984,0.333654719318832,0.683809031991492
-0.1,0.14,-0.105235743330991,0.136022904114896,-0.00523574333099121,-0.00397709588510392,0.00657497527807743,0.616548850375247,-0.147610759051492,0.285964008263558,0.69548743649084
-0.1,0.155,-0.104174627995736,0.150622068940641,-0.00417462799573583,-0.00437793105935912,0.00604928088811245,0.649419598978224,-0.14076081299017,0.223785410129751,0.701174348972202
-0.1,0.17,-0.102860279588607,0.16530293544311,-0.0028602795886075,-0.00469706455688992,0.00549941949450996,0.67439495662174,-0.135220930619578,0.150345217232154,0.704061914534755
-0.1,0.185,-0.101373120629224,0.180072272950939,-0.0013731206292235,-0.00492772704906135,0.0051154622598989,0.690868793159093,-0.131931801494417,0.0692018820797713,0.706753792768122
-0.1,0.2,-0.0997974410226838,0.194936378849869,0.000202558977316176,-0.00506362115013149,0.00506767099280827,0.698401634208545,-0.131463974780267,-0.015858764501382,0.710848507981678
-0.1,0.215,-0.0982197816008246,0.209900900307032,0.00178021839917545,-0.00509909969296786,0.00540092540474202,0.696735796668168,-0.13398915336958,-0.100941238892681,0.716651723720474
-0.1,0.23,-0.0967272096393249,0.224970664591621,0.00327279036067515,-0.00502933540837869,0.00600044759954621,0.685803009063699,-0.139272401132855,-0.182164393168133,0.723127496527788
-0.1,0.245,-0.0954055657015793,0.24014952765764,0.00459443429842066,-0.00485047234236007,0.00668101103625073,0.665724067019422,-0.146685873997909,-0.255784389801748,0.728105807811944
-0.1,0.26,-0.0943377635056962,0.255440249934959,0.00566223649430377,-0.00455975006504081,0.00726995479855721,0.636800674711238,-0.155242914774528,-0.31830948872621,0.728658732516755
-0.1,0.275,-0.0936022201946016,0.270844406681677,0.00639777980539843,-0.00415559331832288,0.00762892798928223,0.599500189377901,-0.163649725903985,-0.366600273245016,0.72151531490395
-0.1,0.29,-0.0932714838120031,0.286362337925998,0.00672851618799691,-0.00363766207400243,0.0076488898185797,0.554434474207031,-0.170370550621916,-0.3979502977874,0.703416210309735
-0.1,0.305,-0.093411109320722,0.301993140310033,0.00658889067927798,-0.00300685968996728,0.0072425607058986,0.502334395569494,-0.173701483802969,-0.410143899853754,0.671368174879691
-0.1,0.32,-0.094078816079034,0.317734700250742,0.00592118392096597,-0.00226529974925772,0.00633971623812084,0.444021681199527,-0.171847759456259,-0.401489810361747,0.622803976281837
-0.1,0.335,-0.0953239402442297,0.333583765175022,0.00467605975577035,-0.00141623482497817,0.00488582192870514,0.380379853015501,-0.16299959688584,-0.370831030282919,0.555675961714124
-0.1,0.35,-0.0971871772089003,0.349536047384553,0.00281282279109968,-0.000463952615447322,0.00285082866610924,0.312325809479099,-0.145402345660421,-0.317533005964713,0.468527145966484
-0.08,0.05,-0.0831536065582015,0.0496224111351919,-0.00315360655820154,-0.000377588864808126,0.00317613092846609,0.282875104634649,-0.140296020178054,0.355969069943116,0.475832510648748
-0.08,0.065,-0.0849033012379495,0.064038060659361,-0.00490330123794949,-0.000961939340638984,0.00499676798792439,0.334083791914804,-0.151795130679535,0.409277561263713,0.549694625747849
-0.08,0.08,-0.0860553212281349,0.0784812093234896,-0.00605532122813487,-0.0015187906765104,0.00624288717621548,0.38375962567925,-0.154674979214302,0.438073119068986,0.602583773460416
-0.08,0.095,-0.0866458372840756,0.0929568989566652,-0.00664583728407561,-0.00204310104333483,0.00695279908236139,0.430997631932751,-0.150911488124337,0.443077896024948,0.636282499109862
-0.08,0.11,-0.0867196348435734,0.107470582168922,-0.00671963484357335,-0.00252941783107802,0.00717993363445238,0.474883515873256,-0.142527900219244,0.425577108929084,0.653413390506312
-0.08,0.125,-0.0863300518257974,0.122028072901619,-0.00633005182579742,-0.00297192709838123,0.00699298983235168,0.514519474443119,-0.131515590323629,0.387428421224289,0.657367600312104
-0.08,0.14,-0.0855386362499361,0.136635472045802,-0.00553863624993611,-0.00336452795419764,0.00648047373759695,0.549051906856763,-0.119749420422892,0.331047157180154,0.652222917428597
-0.08,0.155,-0.0844145059738225,0.151299067305283,-0.00441450597382251,-0.00370093269471744,0.00576062199799146,0.577699637887141,-0.108902617387771,0.259365402480673,0.642550691257169
-0.08,0.17,-0.0830334099900002,0.16602520847538,-0.00303340999000019,-0.00397479152461974,0.00500005438286644,0.599781053386809,-0.100366799044478,0.175764863450437,0.633015141619323
-0.08,0.185,-0.0814765101158068,0.18082016142796,-0.00147651011580681,-0.00417983857204041,0.00443295980247922,0.614738472655338,-0.0951829100012934,0.0839854330606519,0.627710657958827
-0.08,0.2,-0.0798289219254646,0.195689946389983,0.000171078074535372,-0.00431005361001749,0.00431344755721123,0.622158159768708,-0.0939883634258582,-0.011986490740308,0.629334764781552
-0.08,0.215,-0.0781780722012319,0.210640168025859,0.00182192779876812,-0.00435983197414133,0.00472520430739975,0.621784626470504,-0.0969846195087418,-0.108044018415949,0.638513795835845
-0.08,0.23,-0.0766119448804823,0.225675846349024,0.0033880551195177,-0.00432415365097558,0.00549337986035332,0.613528266219882,-0.103927853692822,-0.200092829864195,0.653651058885841
-0.08,0.245,-0.0752172967206444,0.240801258106054,0.00478270327935561,-0.00419874189394639,0.0063642504782841,0.597465865146721,-0.114143462157884,-0.284183305580887,0.671386251647533
-0.08,0.26,-0.0740779264712421,0.25601979811976,0.00592207352875788,-0.00398020188023976,0.00713533193954416,0.573834076993609,-0.126563151430695,-0.356633855460006,0.687384283567458
-0.08,0.275,-0.0732730768428065,0.271333868853537,0.00672692315719348,-0.00366613114646305,0.00766107125315072,0.543016478858031,-0.139781520836213,-0.414138440158134,0.697081352021257
-0.08,0.29,-0.0728760377984332,0.28674480456272,0.0071239622015668,-0.00325519543728001,0.00783244117655799,0.505525267425178,-0.152127594457417,-0.453852801804502,0.696194606492742
-0.08,0.305,-0.0729530037383993,0.302252833830709,0.00704699626160066,-0.00274716616929069,0.00756353609581583,0.461978975941671,-0.16174585037983,-0.47345585858352,0.680993541624241
-0.08,0.32,-0.0735622182192612,0.317857081506111,0.00643778178073878,-0.00214291849388926,0.00678506698035213,0.413077751182623,-0.166680993506505,-0.471184828982534,0.648409910724729
-0.08,0.335,-0.07475341985212,0.33355560833474,0.00524658014788001,-0.00144439166526003,0.00544177090024941,0.359577739298335,-0.164960999416783,-0.445844675980198,0.596061206038756
-0.08,0.35,-0.0765675841635867,0.349345484194533,0.00343241583641332,-0.000654515805466466,0.0034942623561585,0.302266001947432,-0.154673711828393,-0.396794174833995,0.5222415135627
-0.06,0.05,-0.0636072262293094,0.0496131512431837,-0.0036072262293094,-0.000386848756816299,0.00362791028418124,0.234665343454122,-0.143566284683754,0.424023594836452,0.505447096454899
-0.06,0.065,-0.0653339322938855,0.0641914957798283,-0.00533393229388548,-0.00080850422017173,0.00539485984894788,0.273952520824033,-0.149339902396196,0.474782901406798,0.568131884545106
-0.06,0.08,-0.066458445494757,0.078784583989126,-0.00645844549475705,-0.00121541601087405,0.0065718151441011,0.312461879713819,-0.146522119105435,0.500127647479303,0.60764486519065
-0.06,0.095,-0.0670169120325033,0.0933960503944739,-0.00701691203250335,-0.00160394960552612,0.00719789613768896,0.349448571950486,-0.137222371074913,0.500765734781077,0.625870992877021
-0.06,0.11,-0.0670541874444728,0.108030005423635,-0.00705418744447275,-0.00196999457636493,0.00732409988549202,0.384153825129606,-0.123605280528725,0.47799382746992,0.625567273211812
-0.06,0.125,-0.06662378252654,0.122691019519403,-0.00662378252653997,-0.00230898048059655,0.00701469071439876,0.415826124671382,-0.107806112884617,0.433709299526423,0.610443122149585
-0.06,0.14,-0.0657875250819301,0.137384082266623,-0.00578752508193014,-0.00261591773337719,0.00635125752601544,0.443744219078506,-0.0918399342768199,0.370396659893242,0.585269313765681
-0.06,0.155,-0.0646149190185295,0.152114534110507,-0.00461491901852949,-0.00288546588949271,0.00544273744975919,0.467240812397177,-0.0775098257411395,0.291086219368479,0.555927478712404
-0.06,0.17,-0.0631821996862603,0.166887970080553,-0.00318219968626027,-0.00311202991944692,0.00445096900267434,0.485725608779008,-0.0663202619695342,0.19928470691743,0.529191958905631
-0.06,0.185,-0.061571104223671,0.181710117242676,-0.00157110422367096,-0.00328988275732447,0.00364577797439416,0.498706289057354,-0.0594019557963629,0.0988797820920188,0.511874505245133
-0.06,0.2,-0.0598673961211976,0.196586689976526,0.000132603878802415,-0.00341331002347434,0.00341588482022211,0.505806046369707,-0.057454001084918,-0.00597731806821309,0.509095425524741
-0.06,0.215,-0.058159202083497,0.21152322960653,0.00184079791650303,-0.00347677039346991,0.0039340144049445,0.506776495745802,-0.0607080057694021,-0.111004719325258,0.52233305072955
-0.06,0.23,-0.0565352344344597,0.22652493675795,0.0034647655655403,-0.00347506324204988,0.00490720541249294,0.501505097553373,-0.0689171937846838,-0.21193063395339,0.548793074497432
-0.06,0.245,-0.0550829817938224,0.241596506062673,0.0049170182061776,-0.00340349393732697,0.00598003670735418,0.490016645099184,-0.0813713626550533,-0.304633292881927,0.582702308933093
-0.06,0.26,-0.053886953441822,0.256741973136141,0.00611304655817804,-0.00325802686385929,0.00692705401076686,0.472468833391374,-0.096936380546965,-0.385271597341236,0.61730166869241
-0.06,0.275,-0.0530270583113445,0.271964583068609,0.00697294168865552,-0.00303541693139081,0.00760497677450524,0.449142374839451,-0.114114875571909,-0.450398938647675,0.646231157388649
-0.06,0.29,-0.0525771884668104,0.287266688090775,0.0074228115331896,-0.00273331190922471,0.00791006479432136,0.420426516233169,-0.131123165579478,-0.497054277425709,0.664093089927129
-0.06,0.305,-0.0526040607108022,0.302649679794171,0.00739593928919782,-0.00235032020582898,0.00776040740163994,0.386801089126817,-0.145978474199536,-0.522826687114601,0.666541486125985
-0.06,0.32,-0.0531663505600743,0.318113958591785,0.00683364943992573,-0.00188604140821513,0.00708914077031197,0.348816376216388,-0.156590152082038,-0.525891857169609,0.650200063355797
-0.06,0.335,-0.0543141324120333,0.333658940324888,0.00568586758796671,-0.00134105967511208,0.00584187737633221,0.307072093129747,-0.160848939494636,-0.505021242230358,0.612548512896331
-0.06,0.35,-0.0560886204495531,0.349283097395272,0.0039113795504469,-0.000716902604728037,0.00397653609719817,0.262196684274041,-0.156709149098862,-0.459566399121524,0.551822877076676
-0.04,0.05,-0.0439340766005824,0.0496912993203556,-0.00393407660058243,-0.000308700679644419,0.00394616963761862,0.163471040879693,-0.144189552141102,0.475990161469848,0.523528364936554
-0.04,0.065,-0.0456466314006877,0.0644353361649694,-0.00564663140068769,-0.000564663835030649,0.00567479439467403,0.189395052439558,-0.145672490487092,0.525147266497765,0.57695183909039
-0.04,0.08,-0.0467536159551392,0.0791812825655863,-0.00675361595513918,-0.000818717434413724,0.00680306009872936,0.215339577012044,-0.138549797680848,0.548214573648509,0.605070079493574
-0.04,0.095,-0.0472911302145739,0.0939313333382437,-0.00729113021457389,-0.00106866666175628,0.00736903170300018,0.240744542778226,-0.125032286676406,0.545882748983068,0.609575662393281
-0.04,0.11,-0.0473040527766317,0.108688222435577,-0.00730405277663174,-0.00131177756442324,0.00742091283753865,0.265032255236946,-0.107393163357897,0.519450310862447,0.592964713584443
-0.04,0.125,-0.0468459935931258,0.12345524134568,-0.00684599359312582,-0.00154475865431961,0.00701811282163625,0.287623059373934,-0.0878794524167203,0.470837808977626,0.558695389348901
-0.04,0.14,-0.0459789596216359,0.13823623262985,-0.00597895962163586,-0.00176376737015049,0.00623368538612269,0.307952632842676,-0.068616397460166,0.402575481682133,0.511479999488363
-0.04,0.155,-0.0447727142953434,0.153035554525113,-0.00477271429534337,-0.00196444547488714,0.00516118666284989,0.325490081232489,-0.0515104740057109,0.317761909625824,0.457789108670651
-0.04,0.17,-0.0433038292923616,0.167858014278683,-0.00330382929236157,-0.00214198572131666,0.00393743454845802,0.339755839252352,-0.0381574953322646,0.219993219181673,0.40655594295876
-0.04,0.185,-0.0416544472539694,0.182708770212628,-0.00165444725396936,-0.00229122978737187,0.00282611564779414,0.350338296168132,-0.0297625394247378,0.113264758804042,0.369394245683614
-0.04,0.2,-0.0399107948481836,0.197593205180945,8.92051518164499e-05,-0.00240679481905529,0.00240844739617496,0.356908072444028,-0.0270779616704894,0.00184960385519573,0.35793913715176
-0.04,0.215,-0.0381615048745173,0.21251677676592,0.00183849512548269,-0.00248322323408023,0.00308973493308075,0.359229002304707,-0.0303645682074104,-0.10983956309095,0.37687229244539
-0.04,0.23,-0.0364958215094657,0.227484851946346,0.0035041784905343,-0.00251514805365385,0.00431337879455561,0.357165100219535,-0.0393792071937654,-0.217397003947755,0.419976044334495
-0.04,0.245,-0.03500177254871,0.242502535732312,0.00499822745128997,-0.00249746426768824,0.0055874507087945,0.350683093688026,-0.0533898003152335,-0.316569870644625,0.475443880035964
-0.04,0.26,-0.0337643952812139,0.257574504100248,0.00623560471878612,-0.00242549589975208,0.00669072466692972,0.339850458003806,-0.0712164712255821,-0.403394571556361,0.532258712733223
-0.04,0.275,-0.0328640981428287,0.272704851401321,0.00713590185717133,-0.00229514859867891,0.00749591905006978,0.324829229553246,-0.0912952400479378,-0.474315569058733,0.582088500606315
-0.04,0.29,-0.0323752290665366,0.28789696123876,0.00762477093346342,-0.00210303876124002,0.00790948189321315,0.30586618572687,-0.111759022049146,-0.52628035528027,0.618885238923544
-0.04,0.305,-0.0323649049682702,0.303153407774811,0.00763509503172982,-0.00184659222518896,0.00785522622141932,0.283280203383831,-0.130529585420964,-0.556806595869117,0.638218961747667
-0.04,0.32,-0.0328921371192774,0.318475891881646,0.00710786288072257,-0.00152410811835352,0.00726943053392663,0.25744774051565,-0.145413770292332,-0.564019868664675,0.636825793224484
-0.04,0.335,-0.0340072663882121,0.333865213720919,0.00599273361178787,-0.00113478627908054,0.00609922913498432,0.22878741709497,-0.154197613138848,-0.546662747453991,0.612343298007086
-0.04,0.35,-0.0357517027672642,0.34932128066625,0.00424829723273579,-0.000678719333750022,0.00430217262690337,0.197744609622556,-0.154732928951526,-0.504077945466244,0.563153920538142
-0.02,0.05,-0.0241306297285941,0.049828086575974,-0.00413062972859413,-0.000171913424026005,0.00413420562866749,0.07643783426343,-0.144469471685066,0.510010882788684,0.53556265713502
-0.02,0.065,-0.0258378757280104,0.0647398367041242,-0.00583787572801037,-0.000260163295875776,0.00584366990479557,0.0879398510468642,-0.143353214293509,0.558539728829023,0.583312205405184
-0.02,0.08,-0.0269373463709375,0.079640640399995,-0.00693734637093754,-0.000359359600004966,0.00694664768017466,0.100284988135617,-0.133575304072242,0.580556405736557,0.6041097266784
-0.02,0.095,-0.0274650757419754,0.0945312338964801,-0.00746507574197541,-0.000468766103519896,0.00747977924094281,0.11311611125969,-0.117410141722539,0.576732931443381,0.599336754712231
-0.02,0.11,-0.0274659197392344,0.109412953756832,-0.00746591973923436,-0.000587046243168271,0.00748896393664085,0.126055671511581,-0.0972005143931224,0.548360760162977,0.570999294269345
-0.02,0.125,-0.026993514063482,0.12428778985094,-0.00699351406348198,-0.000712210149059811,0.00702968578618874,0.13871519848989,-0.0752665622784471,0.497366692195075,0.521806928051417
-0.02,0.14,-0.0261099434074593,0.139158413746951,-0.00610994340745934,-0.000841586253048587,0.0061676313008866,0.150706127413849,-0.0538071720269022,0.426301672192599,0.455347950058453
-0.02,0.155,-0.0248851022741879,0.154028176777734,-0.00488510227418791,-0.000971823222265689,0.00498082971046098,0.161651483231071,-0.0347996033519655,0.338299813460301,0.376549450341548
-0.02,0.17,-0.0233957455745499,0.168901073692636,-0.00339574557454987,-0.00109892630736372,0.00356913533451606,0.171197819400028,-0.0199040626191812,0.237007075424781,0.2930484705444
-0.02,0.185,-0.0217242474807158,0.183781670167895,-0.00172424748071579,-0.00121832983210507,0.00211124535631269,0.179026728545422,-0.0103802306163656,0.126481465850229,0.219444614408683
-0.02,0.2,-0.0199571080574671,0.198674995315845,4.2891942532855e-05,-0.00132500468415489,0.00132569873341067,0.184865222443722,-0.00702230386142107,0.0110691741322742,0.185329489783651
-0.02,0.215,-0.0181832666278551,0.213586403332935,0.00181673337214492,-0.00141359666706492,0.00230190696653928,0.18849432486563,-0.0101178950910211,-0.104736673053314,0.215875677460252
-0.02,0.23,-0.0164922965198936,0.228521411309016,0.00350770348010635,-0.0014785886909843,0.0038066006122861,0.18975534010296,-0.0194342614123718,-0.216446206870353,0.288502887241513
-0.02,0.245,-0.0149725657244578,0.243485522499335,0.0050274342755422,-0.00151447750066469,0.0052505940135299,0.188553432079719,-0.0342330031946948,-0.319722629395521,0.37275641522609
-0.02,0.26,-0.0137094508837864,0.258484045749934,0.00629054911621357,-0.00151595425006643,0.00647063563120269,0.184858361056906,-0.053311903828011,-0.410522355892631,0.453370102563061
-0.02,0.275,-0.0127836875267498,0.273521922153594,0.00721631247325019,-0.00147807784640627,0.00736613058746743,0.178702445936117,-0.0750702864065877,-0.485217197073794,0.52250141858921
-0.02,0.29,-0.0122699281924945,0.288603569212094,0.00773007180750554,-0.00139643078790605,0.00785519121948052,0.170176023925504,-0.0975924408305735,-0.540692082476319,0.575182466768873
-0.02,0.305,-0.0122355634297659,0.303732751083073,0.00776443657023407,-0.00126724891692687,0.00786717198684766,0.159420845345433,-0.118742530902118,-0.574414154458156,0.60784034139853
-0.02,0.32,-0.0127398408072394,0.318912481037321,0.00726015919276057,-0.0010875189626787,0.00734115855968332,0.146621947514523,-0.136264011004677,-0.584471586411838,0.617799813431682
-0.02,0.335,-0.013833296076908,0.334144959459979,0.00616670392309196,-0.000855040540021057,0.00622569928603665,0.131998602672908,-0.147876933358715,-0.56958289695614,0.603091413650317
-0.02,0.35,-0.0155574908799896,0.349431547866939,0.0044425091200104,-0.00056845213306142,0.00447873030098461,0.115794918859819,-0.151367471690701,-0.529079567317716,0.562359584317787
0,0.05,-0.00419421741630877,0.0499942610871301,-0.00419421741630877,-5.73891286995143e-06,0.00419422134256035,-0.0184180361529388,-0.145797826819851,0.524743225631743,0.544934786624887
0,0.065,-0.00590497156085459,0.065074739503966,-0.00590497156085459,7.47395039660259e-05,0.00590544453262874,-0.0219416899185791,-0.143945067683322,0.573621063618628,0.591815730520263
0,0.08,-0.00700693810059988,0.0801314505250277,-0.00700693810059988,0.000131450525027693,0.00700817100149306,-0.0237949334370635,-0.133335064063723,0.5958342896772,0.611037214587073
0,0.095,-0.00753606741655183,0.0951636668651775,-0.00753606741655183,0.000163666865177547,0.00753784444981264,-0.0241217623286302,-0.116264350066094,0.592036226876303,0.603829054527474
0,0.11,-0.00753714822656884,0.110171320626594,-0.00753714822656884,0.000171320626594001,0.00753909504823798,-0.0230886001169873,-0.095102176335864,0.563503159710958,0.571940586680144
0,0.125,-0.00706376923523992,0.125155090689849,-0.00706376923523992,0.00015509068984923,0.00706547160002784,-0.0208813218127143,-0.0721987442788821,0.512151342928718,0.517638395875932
0,0.14,-0.00617799141322639,0.140116465927508,-0.00617799141322639,0.000116465927508302,0.00617908910877399,-0.0177013157330868,-0.0497855466627077,0.440526754842063,0.443685409597832
0,0.155,-0.0049497110777687,0.155057776828309,-0.0049497110777687,5.77768283089031e-05,0.00495004827403488,-0.0137606874200019,-0.0298736610276673,0.351764829030485,0.353299706459545
0,0.17,-0.0034557116735288,0.169982189744987,-0.0034557116735288,-1.78102550127679e-05,0.00345575756900666,-0.00927678094180472,-0.0141567868515585,0.249519502785411,0.250093092378688
0,0.185,-0.00177842260810192,0.184893660285411,-0.00177842260810192,-0.000106339714588982,0.00178159903118151,-0.00446626442815614,-0.0039261423722211,0.137863389135209,0.137991613445871
0,0.2,-4.42455762283355e-06,0.199796845457992,-4.42455762283355e-06,-0.000203154542007533,0.000203202718112845,0.000460924473997832,-3.91044551931661e-06,0.0211634491845819,0.0211684683820669
0,0.215,0.00177723973443328,0.21469697748319,0.00177723973443328,-0.000303022516809665,0.00180288760585405,0.0053074465724523,-0.00270071563636333,-0.0960611257888338,0.0962455449365615
0,0.23,0.00347687439259797,0.229599705533181,0.00347687439259797,-0.000400294466819162,0.00349984159671114,0.0098939172094231,-0.01180072579009,-0.209290336975405,0.209856239154477
0,0.245,0.00500597429098415,0.244510914425464,0.00500597429098415,-0.000489085574535503,0.00502980946967308,0.0140634576146481,-0.0265756176419881,-0.314154668934485,0.315590640094827
0,0.26,0.00627901615897494,0.259436531307389,0.00627901615897494,-0.000563468692611341,0.00630424784508204,0.0176852042753199,-0.0458261314460529,-0.406576835569788,0.409534172020741
0,0.275,0.00721511365574504,0.274382332180342,0.00721511365574504,-0.000617667819657636,0.00724150389081986,0.0206566243501943,-0.0679475976939272,-0.482895554820183,0.488091312910174
0,0.29,0.00773946441337872,0.289353759844728,0.00773946441337872,-0.000646240155271899,0.00776639786157273,0.0229045729200362,-0.0910139498480686,-0.5399647263975,0.548062363768167
0,0.305,0.00778453375943169,0.304355763383525,0.00778453375943169,-0.000644236616474697,0.00781114630958469,0.0243851205444262,-0.112873554310987,-0.575223736953034,0.586703015753756
0,0.32,0.0072909397503636,0.319392667036765,0.0072909397503636,-0.000607332963235091,0.00731619134329222,0.0250822628173959,-0.13124978403344,-0.586737178236993,0.601763633622517
0,0.335,0.00620802519681316,0.334468073518131,0.00620802519681316,-0.000531926481869449,0.00623077223355027,0.0250056862080731,-0.143839603091568,-0.573204717785908,0.59150813331722
0,0.35,0.00449412221996523,0.349584803869684,0.00449412221996523,-0.00041519613031557,0.00451326072309303,0.0241878053512479,-0.14840437933193,-0.533943935294432,0.554713835498276
0.02,0.05,0.0158769226761844,0.0501603756475956,-0.00412307732381556,0.000160375647595634,0.00412619521672252,-0.112622627528708,-0.148517956652241,0.51944208008493,0.551873055065327
0.02,0.065,0.0141538981374102,0.0654095784607794,-0.00584610186258977,0.000409578460779436,0.0058604318529704,-0.131278597042334,-0.147860199891948,0.569626688736481,0.602971499152599
0.02,0.08,0.0130394712965553,0.0806222843412948,-0.00696052870344466,0.000622284341294826,0.00698829003640359,-0.147451510089838,-0.138313749289861,0.593270413132761,0.626774554159672
0.02,0.095,0.0124977919198948,0.095796311602711,-0.00750220808010518,0.000796311602711042,0.00754435141319701,-0.161070803884808,-0.122154538796444,0.591008818467634,0.624628547950249
0.02,0.11,0.0124841817230208,0.110930194799895,-0.0075158182769792,0.000930194799894757,0.00757316226805723,-0.172089802240019,-0.101733606395022,0.564095737174995,0.598474630986569
0.02,0.125,0.012945170755591,0.126023305934785,-0.00705482924440901,0.00102330593478497,0.00712865840841983,-0.180489271694579,-0.0793863668072683,0.514420676319058,0.550917001959072
0.02,0.14,0.0138188225416352,0.141075951956626,-0.00618117745836477,0.00107595195662596,0.00627412363480064,-0.18628042395201,-0.0573339217709387,0.444499273922098,0.485354085297967
0.02,0.155,0.0150353678952307,0.156089439589999,-0.00496463210476926,0.00108943958999949,0.0050827601316572,-0.18950709182187,-0.0375821653689815,0.357434024210827,0.40630669509825
0.02,0.17,0.0165181495968824,0.171066099974005,-0.00348185040311764,0.00106609997400459,0.00364140788490702,-0.190246833586423,-0.0218253901049563,0.256844567228568,0.320374163259582
0.02,0.185,0.0181848597829046,0.186009267991114,-0.00181514021709541,0.001009267991114,0.00207686202854318,-0.188610762572126,-0.0113614382600089,0.14676927225791,0.23925802912574
0.02,0.2,0.0199490308229266,0.200923214325939,-5.09691770734282e-05,0.00092321432593917,0.000924620218592941,-0.184741985619096,-0.00702504322512275,0.0315423908841318,0.187547077586096
0.02,0.215,0.0217217208923628,0.215813031969808,0.00172172089236284,0.00081303196980767,0.00190403356460122,-0.178812633387108,-0.00914483271105149,-0.0843466257197329,0.19791911995846
0.02,0.23,0.023413319699675,0.230684482599887,0.00341331969967505,0.000684482599887071,0.00348127387628981,-0.171019580549391,-0.0175276150309171,-0.196403275798116,0.261015859273407
0.02,0.245,0.0249353898018134,0.245543811581711,0.00493538980181339,0.000543811581711351,0.00496525966413107,-0.161579067419596,-0.0314712522651098,-0.300278287873184,0.342440701418466
0.02,0.26,0.0262024559219603,0.260397542844133,0.00620245592196031,0.000397542844132681,0.00621518300428729,-0.150720526772932,-0.0498049376832477,-0.391908693496879,0.422836191092428
0.02,0.275,0.0271336591308248,0.275252266245033,0.00713365913082478,0.0002522662450333,0.00713811815909368,-0.138679985414056,-0.0709533687046736,-0.467641302429512,0.49290608134669
0.02,0.29,0.0276542039135129,0.290114430180798,0.00765420391351293,0.000114430180797875,0.00765505923007223,-0.12569343531025,-0.093019439370034,-0.524331954850162,0.547154210268465
0.02,0.305,0.0276965427822565,0.30499015105652,0.00769654278225648,-9.84894347993981e-06,0.00769654908389416,-0.111990554004986,-0.113878881364179,-0.559416236445767,0.581772908744212
0.02,0.32,0.0272012629612159,0.3198850491619,0.00720126296121587,-0.000114950838100425,0.00720218035956887,-0.0977891043899787,-0.131279855475839,-0.570949877665802,0.59395625385189
0.02,0.335,0.026117660673613,0.334804117692961,0.00611766067361297,-0.00019588230703857,0.00612079586293167,-0.0832902648424804,-0.142940807631266,-0.557619494891209,0.581645724810407
0.02,0.35,0.0244040083763148,0.349751628613495,0.00440400837631483,-0.000248371386504714,0.0044110064752033,-0.0686750490417695,-0.146640823830785,-0.518726400352931,0.543414285406303
0.04,0.05,0.0360836171637524,0.0502970795917997,-0.00391638283624759,0.00029707959179967,0.00392763425027314,-0.197702505516638,-0.151882087933695,0.494000127705966,0.553347047898054
0.04,0.065,0.0343396423529467,0.0657139881838165,-0.00566035764705333,0.000713988183816544,0.00570521058499901,-0.231094174281598,-0.154310388011231,0.54640869921786,0.613010819193742
0.04,0.08,0.0332028753686502,0.0810818170469124,-0.00679712463134979,0.0010818170469124,0.00688267617842742,-0.261223136113715,-0.147687469757429,0.572671212577321,0.64653373362696
0.04,0.095,0.0326375815905186,0.0963969530588565,-0.0073624184094814,0.00139695305885654,0.00749377626333475,-0.287811684119004,-0.134227176936179,0.573406903232312,0.655478957149309
0.04,0.11,0.0325992352856691,0.111656553948094,-0.00740076471433088,0.00165655394809386,0.00758389671210192,-0.31060717488454,-0.116218832734601,0.549840611186594,0.642115758505477
0.04,0.125,0.0330345557486762,0.126858702282963,-0.00696544425132382,0.00185870228296256,0.00720917386355679,-0.329391802051455,-0.0959392484312671,0.503819880769663,0.609541856712883
0.04,0.14,0.0338818304017577,0.142002536263715,-0.00611816959824232,0.0020025362637146,0.00643755782268002,-0.343992212860619,-0.0755569518633449,0.437805842031539,0.561886092603543
0.04,0.155,0.035071544694036,0.157088346905995,-0.00492845530596404,0.00208834690599494,0.00535265023167625,-0.354288351262533,-0.0570341833728305,0.35483517202816,0.504661054330865
0.04,0.17,0.0365273209553676,0.172117632452559,-0.00347267904463245,0.00211763245255889,0.00406741526662325,-0.360220875794523,-0.04203312323371,0.258452428893845,0.445336411329258
0.04,0.185,0.0381671482622105,0.187093103281587,-0.00183285173778953,0.00209310328158685,0.00278216225984534,-0.361796537346778,-0.0318331523821246,0.152614410513823,0.393956664852595
0.04,0.2,0.0399048644095536,0.202018633858754,-9.51355904464084e-05,0.002018633858754,0.00202087442367844,-0.359091000707734,-0.0272655754234572,0.0415706432377251,0.362516641254522
0.04,0.215,0.0416518317236694,0.216899162260948,0.00165183172366944,0.00189916226094777,0.00251701516418337,-0.35224876601652,-0.028671123074926,-0.0702736416092457,0.360333233423535
0.04,0.23,0.0433187327563086,0.23174054184252,0.00331873275630861,0.00174054184251959,0.00374746220973037,-0.341480065339995,-0.0358837848510932,-0.178503960002281,0.386989036166608
0.04,0.245,0.0448174019432309,0.246549353474253,0.00481740194323091,0.00154935347425261,0.00506042070097177,-0.327054854631622,-0.0482423029294864,-0.278843415721063,0.43248900141367
0.04,0.26,0.0460626062917374,0.261332689744325,0.00606260629173742,0.00133268974432549,0.00620735507307618,-0.30929425828822,-0.0646282668345824,-0.367290858777988,0.484503585995973
0.04,0.275,0.046973692469742,0.27609792441609,0.00697369246974201,0.00109792441609,0.00705959097157782,-0.288560025472094,-0.0835275008490547,-0.440242181315119,0.532971817442078
0.04,0.29,0.0474760287481063,0.29085248096558,0.00747602874810627,0.000852480965580105,0.00752447537302022,-0.265242695702766,-0.103109618534056,-0.494588250738542,0.570618532896667
0.04,0.305,0.047502186638336,0.305603613248374,0.00750218663833596,0.000603613248373852,0.00752643031656037,-0.239749233598607,-0.121319439552464,-0.527785198606181,0.592248630566632
0.04,0.32,0.0469928268127899,0.320358209417351,0.00699282681278993,0.000358209417351041,0.00700199548845561,-0.212490875483016,-0.135973519689744,-0.537895233911308,0.594117509932788
0.04,0.335,0.0458972746719695,0.335122627506301,0.00589727467196952,0.00012262750630096,0.00589854948796352,-0.18387184548621,-0.144855311904622,-0.523598509334742,0.573541683541404
0.04,0.35,0.0441737906283499,0.349902567915697,0.00417379062834991,-9.74320843025178e-05,0.00417492769043406,-0.15427946221652,-0.145803336551212,-0.48417859946674,0.52866971214125
0.06,0.05,0.0564257442603999,0.0503754078243677,-0.00357425573960007,0.000375407824367735,0.00359391640507408,-0.265642984942059,-0.154108977144481,0.448942100174057,0.543936580589533
0.06,0.065,0.0546522478586433,0.0659580099392462,-0.00534775214135672,0.000958009939246246,0.00543288468578893,-0.312900526278005,-0.161369009873627,0.504432325187533,0.615144131223273
0.06,0.08,0.0534833830462159,0.0814791499265039,-0.00651661695378408,0.00147914992650391,0.00668237839600712,-0.3561655039402,-0.159389753223722,0.534426512105498,0.661721636038116
0.06,0.095,0.0528835457483579,0.0969338195309135,-0.00711645425164209,0.00193381953091346,0.00737452229597668,-0.394968600535427,-0.150285088977618,0.539528977289316,0.685334167120488
0.06,0.11,0.0528084038942864,0.112317833697823,-0.0071915961057136,0.00231783369782329,0.00755588562634985,-0.428866718025892,-0.136242881322159,0.520929642583452,0.688376479169239
0.06,0.125,0.053204934980577,0.127628015876296,-0.00679506501942297,0.0026280158762958,0.00728555942013023,-0.457458356749306,-0.11944123869995,0.480420180480075,0.674049810900066
0.06,0.14,0.0540117477028986,0.142862360696023,-0.00598825229710136,0.00286236069602319,0.00663718873679799,-0.480399187151427,-0.101957403690869,0.420385060805285,0.646457054926218
0.06,0.155,0.0551597071454145,0.158020162212261,-0.0048402928545855,0.00302016221226079,0.00570524449138855,-0.497416895394923,-0.0856745020970061,0.343764949450222,0.610689413074943
0.06,0.17,0.0565728655989268,0.173102097020595,-0.00342713440107322,0.00310209702059469,0.00462258111104629,-0.508324300975257,-0.0721922396987559,0.253991800117337,0.572817494448088
0.06,0.185,0.058169681253313,0.188110254028029,-0.00183031874668695,0.00311025402802878,0.00360884286625823,-0.513029765059066,-0.0627479529435888,0.154897201003502,0.539566622271691
0.06,0.2,0.059864486328462,0.203048105983658,-0.000135513671538019,0.00304810598365785,0.0030511168517093,-0.511544028990501,-0.0581540780325934,0.0505978635154666,0.517321130691093
0.06,0.215,0.0615691471288713,0.217920422133044,0.00156914712887127,0.00292042213304414,0.00331528100576995,-0.503982846314178,-0.0587570706101445,-0.0546357399866061,0.510331155822056
0.06,0.23,0.0631948430319666,0.232733125747276,0.00319484303196656,0.00273312574727561,0.00420440225826765,-0.490565081237012,-0.0644211662852794,-0.156519931446423,0.51894558053621
0.06,0.245,0.0646538815734318,0.24749310455685,0.00465388157343184,0.00249310455685026,0.00527960074540831,-0.471606303128356,-0.0745383016174652,-0.250899008692121,0.539370859942432
0.06,0.26,0.0658614637777747,0.262207985578683,0.00586146377777472,0.0022079855786831,0.00626354196392405,-0.447508266704709,-0.088063277391282,-0.333878421690297,0.565239932487821
0.06,0.275,0.0667373180780543,0.276885888177727,0.00673731807805435,0.00188588817772725,0.00699628680828404,-0.418744989590097,-0.10357113161249,-0.401942129795151,0.589605706432606
0.06,0.29,0.0672071320366387,0.29153517016139,0.00720713203663867,0.00153517016138954,0.00736881941819477,-0.385846376906549,-0.119331965766536,-0.452047883756075,0.606191604695478
0.06,0.305,0.0672037271874361,0.306164181249105,0.00720372718743609,0.0011641812491047,0.00729719147150277,-0.34938047625253,-0.13339733128722,-0.481696253663617,0.609833056541952
0.06,0.32,0.0666679417546902,0.320781036536458,0.00666794175469015,0.000781036536458168,0.00671352852941156,-0.309935465819746,-0.143691828596159,-0.488971532888013,0.596492839991549
0.06,0.335,0.0655492064817107,0.335393419931181,0.00554920648171067,0.0003934199311805,0.00556313507106468,-0.268102391698424,-0.148103782965011,-0.472554890959518,0.563137905685258
0.06,0.35,0.0638058182559368,0.350008424323091,0.00380581825593684,8.42432309139385e-06,0.0038058275797048,-0.224459501331553,-0.144569634002697,-0.431712088355421,0.507601673851708
0.08,0.05,0.0769022386397748,0.0503670604097763,-0.00309776136022522,0.000367060409776299,0.00311943244666871,-0.309301118603851,-0.152534245206489,0.385374468685547,0.517154884719477
0.08,0.065,0.0750907826508418,0.0661123874136085,-0.00490921734915822,0.00111238741360847,0.0050336687156815,-0.369143802299738,-0.166136141270402,0.444728159938763,0.601377436078543
0.08,0.08,0.0738802203466078,0.0817841217562675,-0.00611977965339222,0.00178412175626752,0.00637454260690605,-0.424328622065151,-0.170291207535285,0.479465674039356,0.662530073587286
0.08,0.095,0.0732350930308697,0.0973759088943646,-0.00676490696913029,0.00237590889436462,0.00717000065378717,-0.474216930317007,-0.166981079026961,0.490177362292812,0.702171200692375
0.08,0.11,0.0731113025181422,0.112882267551862,-0.00688869748185783,0.00288226755186216,0.00746737030266157,-0.518197631390473,-0.158258317027231,0.478012798145508,0.722549399174917
0.08,0.125,0.0734561517165788,0.128298804502264,-0.00654384828342117,0.00329880450226366,0.00732830549994944,-0.555707320928075,-0.146168176263571,0.444695433061497,0.726592640764025
0.08,0.14,0.0742086653203383,0.143622407322895,-0.00579133467966171,0.00362240732289509,0.00683091444718907,-0.58625089200908,-0.132663589270405,0.392513598132564,0.71788815505414
0.08,0.155,0.0753002095148611,0.158851401963028,-0.00469979048513892,0.00385140196302763,0.00607629226461462,-0.609421441763676,-0.119518198023352,0.324285516076541,0.70060424292472
0.08,0.17,0.0766554126518075,0.173985663156727,-0.00334458734819253,0.00398566315672655,0.00520305442298819,-0.624918198036349,-0.108243039701043,0.243297744349116,0.679292652195714
0.08,0.185,0.0781933692476939,0.189026667950042,-0.00180663075230613,0.00402666795004192,0.00441338526021386,-0.63256119243858,-0.100012779183434,0.153218524540587,0.658495943313345
0.08,0.2,0.0798290895292279,0.203977486228231,-0.000170910470772131,0.0039774862282313,0.00398115650091643,-0.63230154044919,-0.0956070688032816,0.057989656462042,0.642116084026102
0.08,0.215,0.0814751379832646,0.218842706412671,0.00147513798326461,0.00384270641267132,0.00411611766640061,-0.624226457060103,-0.0953716798313605,-0.0382975233634214,0.63263353801961
0.08,0.23,0.0830433892238106,0.233628299333932,0.00304338922381058,0.00362829933393211,0.00473569150433372,-0.6085585101615,-0.0992025598393012,-0.131534951574187,0.630468129559432
0.08,0.245,0.0844468198452318,0.248341427849249,0.00444681984523176,0.00334142784924918,0.00556231487850922,-0.585649058625008,-0.106554088999884,-0.217731473837548,0.633837270605141
0.08,0.26,0.0856012519139884,0.262990213714732,0.00560125191398836,0.0029902137147324,0.00634944100403587,-0.555966276521976,-0.116470768040755,-0.29313926045661,0.639217337458552
0.08,0.275,0.0864269678318386,0.277583476001026,0.00642696783183865,0.00258347600102549,0.00692677874335274,-0.520078579649691,-0.127639632695887,-0.354365683663613,0.64214714737803
0.08,0.29,0.0868501268998663,0.292130456674975,0.00685012689986633,0.00213045667497502,0.00717377753963823,-0.478634594261085,-0.138459095442414,-0.398464745624734,0.637997143584235
0.08,0.305,0.0868039296098321,0.30664054886734,0.00680392960983212,0.00164054886734022,0.00699891839655825,-0.432340998252849,-0.147118844771621,-0.423004048663259,0.622494120527164
0.08,0.32,0.0862294947493538,0.321123041780014,0.0062294947493538,0.0011230417800141,0.0063299152973704,-0.381939624371796,-0.151684976502011,-0.426105419069364,0.591992529210301
0.08,0.335,0.0850764344271379,0.335586893699925,0.00507643442713787,0.00058689369992454,0.00511024761709662,-0.328185131085422,-0.150184683265095,-0.406459386473442,0.543573700973256
0.08,0.35,0.0833031312460427,0.350040541292731,0.00330313124604267,4.05412927311222e-05,0.0033033800303628,-0.271824363233957,-0.140685496601582,-0.363315535399127,0.475058274898856
0.1,0.05,0.0975111135746351,0.0502446664664997,-0.00248888642536493,0.000244666466499732,0.0025008833075926,-0.322735456718573,-0.143833322607053,0.304897658920166,0.466701174642426
0.1,0.065,0.0956534167688952,0.0661488455474777,-0.00434658323110482,0.00114884554747774,0.00449584606908211,-0.393558347754418,-0.164984263157259,0.368807152347135,0.564029489379385
0.1,0.08,0.0943917493137096,0.0819676020661901,-0.00560825068629039,0.00196760206619012,0.00594339411878031,-0.459134948739799,-0.176467891713511,0.409177452248335,0.639825178920526
0.1,0.095,0.0936908130526088,0.0976932955391981,-0.00630918694739124,0.00269329553919812,0.006860005889108,-0.518684476744207,-0.180108276999573,0.426585141794883,0.695308128922113
0.1,0.11,0.0935067831372656,0.113319206492541,-0.00649321686273441,0.00331920649254114,0.00729239308914609,-0.571455313029959,-0.177796223551032,0.422134439767504,0.732377949095178
0.1,0.125,0.0937873531400538,0.128839778589452,-0.0062126468599462,0.00383977858945206,0.00730348414268244,-0.61674890528677,-0.171417477774261,0.397469981971309,0.75349434836655
0.1,0.14,0.0944720552362755,0.144250839251448,-0.00552794476372448,0.00425083925144831,0.00697336415601842,-0.653944317971557,-0.162774863577405,0.354767639552901,0.761582198391153
0.1,0.155,0.0954928737238299,0.159549784530443,-0.00450712627617006,0.00454978453044325,0.00640427408398511,-0.682522082459266,-0.153508718417032,0.296701296770137,0.759895679285327
0.1,0.17,0.0967751534809246,0.174735714984178,-0.00322484651907546,0.00473571498417807,0.00572945298287383,-0.702085867856223,-0.145020683199347,0.22638511223912,0.751807084956868
0.1,0.185,0.0982387859739566,0.189809511604041,-0.00176121402604336,0.00480951160404108,0.00512184309745405,-0.712380489553697,-0.138406144485912,0.147292648392343,0.740503193585951
0.1,0.2,0.0997996357203714,0.204773844451493,-0.000200364279628623,0.00477384445149265,0.00477804737226393,-0.713304918683882,-0.134400345695434,0.0631561898934269,0.728603608319955
0.1,0.215,0.101371151895736,0.21963311116265,0.00137115189573554,0.00463311116265008,0.00483174674074004,-0.704919249839647,-0.133342352174767,-0.0221486554090264,0.717766418964398
0.1,0.23,0.102866095034106,0.2343933075301,0.00286609503410595,0.00439330753009964,0.00524553636900527,-0.687445000961396,-0.135159734040225,-0.104726599174274,0.708394548359815
0.1,0.245,0.104198299338245,0.249061837294325,0.00419829933824538,0.00406183729432513,0.00584159563296554,-0.661258622197392,-0.139375163403593,-0.180787294961329,0.699555949891687
0.1,0.26,0.105284388194873,0.263647272582869,0.00528438819487291,0.00364727258286945,0.00642085320559997,-0.626878606160874,-0.145134307818458,-0.246763586385788,0.689157999062186
0.1,0.275,0.106045364385942,0.27815907960556,0.00604536438594223,0.00315907960555983,0.00682101271902368,-0.584947075620027,-0.15125266988978,-0.299416650943315,0.674311523353529
0.1,0.29,0.106408006757688,0.292607325939696,0.00640800675768818,0.00260732593969626,0.00691814275383144,-0.536207103047416,-0.156277583439706,-0.335922559481833,0.651758610971313
0.1,0.305,0.106306020362436,0.307002385883109,0.00630602036243608,0.00200238588310908,0.00661630123530761,-0.481477262143024,-0.158560591755362,-0.35393646294865,0.618252815477813
0.1,0.32,0.105680905562306,0.321354659090558,0.00568090556230566,0.00135465909055843,0.00584018743359047,-0.421624994624209,-0.156334986201375,-0.351632534272937,0.570838329625981
0.1,0.335,0.104482531160534,0.335674315242047,0.0044825311605339,0.000674315242046974,0.00453296665008847,-0.357540314859172,-0.147793376127929,-0.327719688947552,0.50703040439355
0.1,0.35,0.102669415213465,0.349971074284612,0.00266941521346534,-2.89257153882061e-05,0.00266957192802346,-0.290111179303816,-0.131160716425716,-0.281434779949004,0.424939987497927
0.12,0.05,0.118249499450782,0.0499820267757562,-0.00175050054921821,-1.79732242437947e-05,0.00175059281662041,-0.301427446821095,-0.12428848610554,0.209491975841875,0.387548182874978
0.12,0.065,0.11633745958365,0.0660403463721768,-0.00366254041635003,0.00104034637217681,0.00380742995674233,-0.381402329963328,-0.153852543778683,0.278549516859313,0.496718955930952
0.12,0.08,0.115015503346861,0.0820017597710285,-0.00498449665313852,0.00200175977102851,0.00537142895941641,-0.455628896332086,-0.173522780292646,0.325304388756443,0.586117554407649
0.12,0.095,0.114248508956204,0.0978574111179814,-0.00575149104379599,0.00285741111798138,0.00642218401511737,-0.523214291131172,-0.184948043950615,0.350318715220467,0.656267387787086
0.12,0.11,0.113992963690651,0.113599410958558,-0.00600703630934882,0.0035994109585582,0.00700287401503297,-0.583296715350336,-0.189839059377216,0.354646776669962,0.708558156564624
0.12,0.125,0.114197014862408,0.129221103273308,-0.00580298513759162,0.00422110327330782,0.00717581698143418,-0.635072027640903,-0.189903666513788,0.339845693571591,0.744904553678037
0.12,0.14,0.114800789874126,0.144717311494733,-0.0051992101258736,0.0047173114947327,0.00702031435701592,-0.677821078585769,-0.186776764420817,0.307966003670916,0.76757986264006
0.12,0.155,0.115737002796445,0.160084548317898,-0.00426299720355536,0.0050845483178984,0.00663519229220708,-0.710936318153171,-0.181948840812721,0.261520338564622,0.779062300241912
0.12,0.17,0.116931848700893,0.175321174945672,-0.00306815129910726,0.00532117494567169,0.00614234932225917,-0.73394607692098,-0.17669754925156,0.203429835195372,0.781851681114652
0.12,0.185,0.118306168560176,0.190427497769173,-0.00169383143982366,0.00542749776917339,0.00568566592238036,-0.746534915896835,-0.172026998167767,0.136949575114643,0.778249424633828
0.12,0.2,0.119776848451994,0.205405794022013,-0.000223151548006419,0.00540579402201335,0.00541039791714186,-0.748558591438173,-0.1686191634921,0.0655760570915245,0.770117871050432
0.12,0.215,0.121258399186188,0.220260262669004,0.00125839918618804,0.0052602626690042,0.0054086904014482,-0.740052488364266,-0.166801111920366,-0.00705872135398198,0.758655739532622
0.12,0.23,0.122664648204839,0.234996901978888,0.00266464820483896,0.00499690197888758,0.00566298326345417,-0.721232813600806,-0.166530577044101,-0.0773007779838433,0.744239479407635
0.12,0.245,0.123910466510628,0.249623320450477,0.00391046651062762,0.00462332045047731,0.00605531504700968,-0.692490369224013,-0.167400985640679,-0.141588747258412,0.726374862915071
0.12,0.26,0.124913450478838,0.26414849240571,0.0049134504788385,0.00414849240570964,0.00643055089772476,-0.654377276181808,-0.168665455682735,-0.196562964221207,0.703776158923181
0.12,0.275,0.125595482185597,0.278582473039576,0.00559548218559695,0.00358247303957626,0.00664406005155158,-0.607587536442212,-0.169277774748821,-0.239162954304996,0.674553003061756
0.12,0.29,0.125884101744381,0.292936089802446,0.00588410174438131,0.00293608980244625,0.00657596203351723,-0.552932737950929,-0.167947097442941,-0.266708330418425,0.636457649090292
0.12,0.305,0.125713639842817,0.307220627426527,0.00571363984281678,0.00222062742652734,0.00612999726108167,-0.491314483833397,-0.163202213663517,-0.27695957983219,0.58714096279708
0.12,0.32,0.125026076563696,0.321447522848744,0.00502607656369639,0.00144752284874428,0.00523036977868437,-0.423695241990707,-0.153460811862951,-0.268156909867614,0.524383377485892
0.12,0.335,0.123771611474422,0.335628083951993,0.00377161147442154,0.000628083951992875,0.00382355104121015,-0.351069265012243,-0.137099199223377,-0.239037012643065,0.446302049976995
0.12,0.35,0.121908948068108,0.349773242887291,0.00190894806810776,-0.000226757112709419,0.00192236872501003,-0.274435048491593,-0.11251838621202,-0.188829118143305,0.351613149550043
0.14,0.05,0.13911369729396,0.049554330324131,-0.000886302706039954,-0.000445669675868954,0.000992045335013922,-0.242384829721021,-0.0900684003656241,0.101390396100174,0.277746081718421
0.14,0.065,0.137139412211406,0.0657613167707258,-0.00286058778859394,0.000761316770725828,0.00296016312416075,-0.329564690743959,-0.128554295743018,0.176080707118697,0.395150764472774
0.14,0.08,0.135748237540749,0.0818603017094034,-0.0042517624592506,0.00186030170940343,0.0046409273275825,-0.41058708014569,-0.156921039305515,0.229824578213018,0.496010923495188
0.14,0.095,0.134905244678826,0.097841293301657,-0.00509475532117418,0.002841293301657,0.00583347918558672,-0.484477984783777,-0.176632306009764,0.263168130263201,0.578945771107035
0.14,0.11,0.134567271223878,0.11369530906382,-0.00543272877612214,0.00369530906381954,0.00657037678006767,-0.550296530612557,-0.189208558542003,0.277111608076204,0.64453190325897
0.14,0.125,0.13468297894462,0.129414665180723,-0.00531702105537986,0.00441466518072331,0.00691085968322636,-0.607163233231397,-0.196169583815396,0.273117896784674,0.694066980761582
0.14,0.14,0.135193173976988,0.144993245209434,-0.00480682602301181,0.00499324520943356,0.00693095044976046,-0.654288979369975,-0.198972518018831,0.253102877245997,0.729213532307784
0.14,0.155,0.136031405728581,0.160426732216609,-0.00396859427141875,0.0054267322166095,0.00672303228029772,-0.691003233437755,-0.198948744075114,0.219406110956559,0.751806638998554
0.14,0.17,0.137124845280946,0.175712789092993,-0.00287515471905413,0.00571278909299333,0.00639550419275313,-0.716779824390404,-0.19724352662514,0.174741602278924,0.76368945752434
0.14,0.185,0.138395426313944,0.190851174089407,-0.00160457368605618,0.00585117408940694,0.00606719827750264,-0.731258664888354,-0.19476240983199,0.122129836026299,0.766548167199896
0.14,0.2,0.139761213232982,0.205843782226784,-0.000238786767017698,0.0058437822267835,0.00584865880644216,-0.734261907670812,-0.192128179641722,0.0648137759963043,0.761750063452499
0.14,0.215,0.141137944215296,0.220694607995594,0.00113794421529631,0.00569460799559401,0.00580719185670748,-0.72580335127096,-0.189651572394917,0.00616287119028291,0.750202802686002
0.14,0.23,0.142440683199179,0.235409630098283,0.00244068319917946,0.00540963009828249,0.00593473101993685,-0.706090347062164,-0.187317939692555,-0.0504298199324581,0.732258187998272
0.14,0.245,0.143585506094483,0.249996624449457,0.0035855060944827,0.00499662444945703,0.00614996827979498,-0.675517987425856,-0.184790853790883,-0.101651654289786,0.707680462202496
0.14,0.26,0.144491143675532,0.264464916513249,0.00449114367553193,0.00446491651324943,0.00633291804656888,-0.634655912163082,-0.181432298776964,-0.144369742921152,0.675687590360898
0.14,0.275,0.145080507227357,0.278825087878532,0.00508050722735699,0.00382508787853225,0.00635946939341019,-0.584228595904127,-0.1763377997654,-0.175720204826208,0.635058887914924
0.14,0.29,0.145282032430105,0.29308865429419,0.00528203243010517,0.0030886542941902,0.00611879497464184,-0.52509040964676,-0.168383745521122,-0.193182852205005,0.584290678563466
0.14,0.305,0.145030791084457,0.307267733137922,0.00503079108445662,0.00226773313792206,0.00551828528804718,-0.4581970469551,-0.156283378243242,-0.194638087921702,0.521780504627134
0.14,0.32,0.144269337439769,0.321374717428816,0.00426933743976915,0.00137471742881556,0.00448520793093295,-0.384575039059869,-0.138647524275965,-0.178404257983986,0.446038317502876
0.14,0.335,0.142948274089834,0.335421971316001,0.002948274089834,0.00042197131600058,0.00297831830070491,-0.305291061145972,-0.114046132510997,-0.143255176758725,0.355993828212018
0.14,0.35,0.141026539901409,0.349421558886755,0.0010265399014093,-0.000578441113244843,0.00117829465358939,-0.221422567383766,-0.0810670303369858,-0.0884188851048405,0.251828946095022
0.16,0.05,0.160099245396805,0.0489383410744744,9.92453968046425e-05,-0.00106165892552562,0.0010662876361166,-0.144132338131152,-0.0374908258966914,-0.0170488544234995,0.149901198044418
0.16,0.065,0.158055033081687,0.0652878441132347,-0.00194496691831289,0.000287844113234681,0.00196615120142257,-0.236549866125531,-0.0850649070555129,0.0636473287166006,0.259312504154406
0.16,0.08,0.156585992107142,0.0815186768490284,-0.00341400789285828,0.0015186768490284,0.00373655312611416,-0.322496923725757,-0.122303006749693,0.124833354743925,0.366805285214467
0.16,0.095,0.155657405067273,0.0976197980620807,-0.00434259493272718,0.00261979806208068,0.00507163411888412,-0.400948314365916,-0.15048084253104,0.167037115671165,0.459680939582681
0.16,0.11,0.155226497490651,0.113581216372869,-0.00477350250934858,0.0035812163728689,0.00596753189485079,-0.470914108548238,-0.170925967817481,0.191201318224544,0.53622367247493
0.16,0.125,0.155242503756709,0.129394298976335,-0.00475749624329119,0.00439429897633453,0.00647639050693706,-0.531468571858317,-0.184967576560989,0.19868989770872,0.59678534048693
0.16,0.14,0.155646987586653,0.145052060190823,-0.00435301241334722,0.00505206019082322,0.00666873520560351,-0.581779752948095,-0.193882544046474,0.191278231695681,0.642378242351812
0.16,0.155,0.156374432528465,0.160549413133336,-0.00362556747153488,0.00554941313333585,0.00662878010007061,-0.621138237407204,-0.198840604981747,0.171125915364594,0.674269695305131
0.16,0.17,0.157353102753656,0.175883368607346,-0.00264689724634409,0.00588336860734601,0.00645136351499498,-0.648983440570638,-0.200851958104497,0.140731952677251,0.693781218291734
0.16,0.185,0.15850615741161,0.191053167467541,-0.00149384258838971,0.00605316746754142,0.00623477361810264,-0.664925815901,-0.200720708138099,0.102873460822464,0.702142622328719
0.16,0.2,0.159752984243315,0.206060336364274,-0.000247015756685244,0.00606033636427428,0.00606536838388205,-0.668763505721194,-0.199007360744802,0.0605302601026657,0.700370313739496
0.16,0.215,0.161010701947933,0.220908661546767,0.00101070194793285,0.00590866154676695,0.00599448076999148,-0.66049225896871,-0.196003065146612,0.0167988803468216,0.689169902431851
0.16,0.23,0.16219576770406,0.235604080873284,0.0021957677040598,0.00560408087328412,0.00601889676307054,-0.640307864371252,-0.191717489195915,-0.025199577459191,0.668872077814856
0.16,0.245,0.16322561790638,0.250154499753765,0.00322561790638011,0.0051544997537647,0.00608058209298422,-0.608600855897813,-0.185881192298714,-0.0624127458049018,0.639410989485502
0.16,0.26,0.16402026748066,0.264569541839116,0.00402026748066005,0.00456954183911562,0.00608631770740576,-0.565943787707076,-0.17796224624387,-0.0919463853558318,0.600350203844789
0.16,0.275,0.164503796526951,0.278860249308023,0.00450379652695058,0.00386024930802253,0.00593175419890782,-0.513071886377318,-0.167195770375398,-0.111145145636972,0.550956231182066
0.16,0.29,0.164605662033465,0.293038750204165,0.00460566203346494,0.00303875020416539,0.00551780079105938,-0.450858316177627,-0.152624119252363,-0.117660726515821,0.490319137709157
0.16,0.305,0.164261785817451,0.307117911246633,0.00426178581745121,0.00211791124663313,0.00475902998545327,-0.380285593360003,-0.133144784998668,-0.109504540758467,0.417536444229861
0.16,0.32,0.163415386285823,0.321110993900833,0.00341538628582316,0.00111099390083325,0.00359154158114278,-0.302414836250616,-0.107562711736928,-0.085083216873748,0.332060133960463
0.16,0.335,0.162017538976086,0.33503132949196,0.00201753897608628,3.13294919604412e-05,0.00201778221250307,-0.218354535664275,-0.0746436781542647,-0.0432165499731086,0.234772505301184
0.16,0.35,0.160027467697977,0.348892026118937,2.74676979773736e-05,-0.00110797388106326,0.00110831430359378,-0.129230390558376,-0.0331656571186465,0.0168613214774405,0.134479615999822
0.18,0.05,0.181200996822662,0.0481125522727136,0.00120099682266198,-0.00188744772728638,0.00223715271970483,-0.00660683852340324,0.0367545182598967,-0.143459072134404,0.148239881822139
0.18,0.065,0.179079414403602,0.0645978370537225,-0.000920585596398293,-0.000402162946277485,0.00100459587678558,-0.10235969736783,-0.0197648450880101,-0.0564962391342584,0.118574815212683
0.18,0.08,0.177524166635702,0.0809542432158702,-0.00247583336429841,0.000954243215870176,0.002653362199702,-0.191425363132499,-0.0657470790592748,0.0124353583751148,0.202783207186911
0.18,0.095,0.176500766623627,0.097169772415871,-0.0034992333763729,0.00216977241587102,0.00411734702921636,-0.27275506963471,-0.102283378720148,0.0638427304546838,0.298216888484441
0.18,0.11,0.175966864844125,0.113233514019076,-0.00403313515587535,0.00323351401907562,0.00516931253621952,-0.345337319921122,-0.130512224656241,0.0986082613631402,0.382119661545633
0.18,0.125,0.175872323694427,0.129135970382324,-0.00412767630557312,0.00413597038232444,0.0058432835535386,-0.4082266443062,-0.151576183902217,0.117994188608633,0.451162956070313
0.18,0.14,0.176159538295296,0.144869362245942,-0.00384046170470358,0.00486936224594237,0.00620159937334746,-0.460572904423382,-0.166575628491602,0.123632795294283,0.505135190916768
0.18,0.155,0.176764017830796,0.160427897083819,-0.00323598216920432,0.00542789708381869,0.00631930750572685,-0.501649700443765,-0.176521818691872,0.11750132873734,0.544629387874596
0.18,0.17,0.177615227193033,0.175807983958637,-0.0023847728069672,0.0058079839586368,0.00627852044709839,-0.530880324981443,-0.182292104549666,0.101881586194204,0.57047951503731
0.18,0.185,0.178637672452193,0.191008380573718,-0.00136232754780696,0.00600838057371766,0.00616089063903439,-0.547859717962751,-0.184590089308985,0.0793051690257846,0.583537509382928
0.18,0.2,0.179752196946429,0.206030261823509,-0.000247803053570629,0.00603026182350913,0.00603535119221994,-0.552371019452135,-0.183913428465736,0.052486473157684,0.584547419786536
0.18,0.215,0.180877439383319,0.220877203905336,0.000877439383319165,0.00587720390533597,0.00594234176199046,-0.544395599011573,-0.180531508353483,0.0242464608383374,0.574063447219918
0.18,0.23,0.181931392934684,0.235555083598146,0.00193139293468415,0.00555508359814572,0.0058812611275589,-0.524115835758191,-0.17447458453841,-0.00256898093276983,0.552401804220652
0.18,0.245,0.182832996378062,0.250071897959771,0.00283299637806241,0.00507189795977109,0.00580947651621425,-0.491910397682846,-0.165535127528074,-0.0251718300471937,0.519627933765657
0.18,0.26,0.18350368574881,0.264437514912777,0.00350368574880992,0.00443751491277677,0.00565396784811605,-0.448342274281017,-0.153281210706379,-0.0409115103689132,0.475584876517341
0.18,0.275,0.183868838205035,0.278663369439591,0.00386883820503464,0.00366336943959067,0.00532805637241786,-0.394140297560114,-0.137080883735747,-0.0473471846843968,0.419976533229944
0.18,0.29,0.183859048250498,0.292762122884826,0.00385904825049813,0.00276212288482564,0.00474569027966956,-0.330175294242659,-0.116135702870813,-0.0423093031958267,0.352553110486318
0.18,0.305,0.18341118922885,0.306747304069853,0.00341118922885017,0.00174730406985324,0.00383266010331586,-0.257432306808138,-0.0895210161231819,-0.0239478287084214,0.273603811502793
0.18,0.32,0.182469228562241,0.320632950500777,0.00246922856224116,0.000632950500776663,0.00254906179388044,-0.176980478898221,-0.0562302754541138,0.00923440368054845,0.18592804612181
0.18,0.335,0.180984781788,0.334433266100132,0.000984781787999905,-0.000566733899868443,0.00113621410096706,-0.089942217324204,-0.0152205837044763,0.0583636623144584,0.108293994277476
0.18,0.35,0.178917406524705,0.348162309008652,-0.00108259347529518,-0.00183769099134795,0.00213286586836423,0.00253686774928566,0.0345431382058041,0.124192096995066,0.128931563497383
0.2,0.05,0.202413205309052,0.0470573068395934,0.0024132053090524,-0.00294269316040663,0.00380565406992578,0.169018652579037,0.135437424300907,-0.275563490341772,0.350494252614238
0.2,0.065,0.200207067054155,0.0636711498651231,0.000207067054155408,-0.00132885013487694,0.0013448864063106,0.0717002364776248,0.0703779662929285,-0.182182962749117,0.208049661204644
0.2,0.08,0.198557602643632,0.0801463960003104,-0.00144239735636756,0.000146396000310411,0.00144980754673267,-0.0188077004580945,0.0160343775220037,-0.105345742161866,0.108206098395552
0.2,0.095,0.197430576384298,0.0964701860229061,-0.0025694236157017,0.00147018602290605,0.00296030144729788,-0.101457080150857,-0.0285084676644939,-0.044568498392976,0.114423018844219
0.2,0.11,0.196784100038533,0.112630783564068,-0.0032158999614668,0.00263078356406804,0.00415488083139971,-0.175238805996001,-0.0642089905154885,0.00096887284098696,0.186634410287061
0.2,0.125,0.196568716472236,0.128617914014231,-0.00343128352776423,0.00361791401423089,0.00498628202795173,-0.239210659489951,-0.0920322507775206,0.0324260260895982,0.258347121223951
0.2,0.14,0.196727720686206,0.144423083730108,-0.00327227931379385,0.00442308373010836,0.0055019525253343,-0.292525602534051,-0.11291080471287,0.051292480822775,0.317728272662308
0.2,0.155,0.197197731249494,0.160039862149553,-0.00280226875050554,0.00503986214955332,0.00576653454308219,-0.334459127916416,-0.127705109811228,0.059364697074256,0.362899587830622
0.2,0.17,0.197909511408566,0.175464109965598,-0.00209048859143388,0.00546410996559832,0.00585035385827781,-0.364434209997052,-0.137165749432258,0.0587099317461167,0.3937946200392
0.2,0.185,0.198789023655099,0.190694138671345,-0.0012109763449011,0.00569413867134511,0.00582148425372927,-0.382042422058325,-0.141899811350053,0.0516177743650633,0.410800543178128
0.2,0.2,0.199758685704088,0.205730790317335,-0.000241314295912114,0.0057307903173347,0.0057358687441981,-0.38705992304539,-0.142343610754333,0.0405411491253132,0.414392834005489
0.2,0.215,0.200738781301488,0.220577431074006,0.000738781301487738,0.00557743107400588,0.00562614745600524,-0.379457273018043,-0.138743597389956,0.0280293779358446,0.404998687451704
0.2,0.23,0.201648967548706,0.23523985769757,0.00164896754870595,0.00523985769757029,0.00549319603395619,-0.359402400145698,-0.131146752749981,0.0166565316531999,0.382945873388468
0.2,0.245,0.202409812956536,0.249726121705333,0.00240981295653551,0.00472612170533304,0.00530503768686958,-0.327256470702912,-0.119401112764279,0.00894867865205813,0.348473638206415
0.2,0.26,0.202944297997218,0.264046281345556,0.00294429799721792,0.00404628134555624,0.00500412663946645,-0.283562873509229,-0.103166316749093,0.00731372743560987,0.301835871709205
0.2,0.275,0.203179212942974,0.278212095831261,0.00317921294297406,0.00321209583126125,0.00451939758883634,-0.229029970561243,-0.0819333617426369,0.0139773405668249,0.243645764762629
0.2,0.29,0.203046395739319,0.292236679240794,0.0030463957393192,0.0022366792407939,0.00377932018050079,-0.164508644095977,-0.055052110098741,0.0309278998513942,0.176211203590628
0.2,0.305,0.2024837646786,0.306134132906105,0.0024837646786002,0.00113413290610487,0.00273044766061755,-0.0909659486962031,-0.021764619630646,0.0598727840510856,0.111055196278448
0.2,0.32,0.201436115341005,0.319919174852791,0.00143611534100524,-8.08251472093069e-05,0.00143838797863859,-0.00945633703061448,0.0187579190596592,0.102207369982488,0.104343813058503
0.2,0.335,0.199855666987253,0.333606783225095,-0.000144333012747161,-0.00139321677490506,0.00140067305265916,0.0789080399667035,0.0673769313138027,0.158997273870383,0.189858620368208
0.2,0.35,0.197702358851172,0.347211867843266,-0.00229764114882808,-0.00278813215673401,0.00361287084908972,0.172986540863631,0.12494906813147,0.230973500436532,0.314460838694709
