target_x,target_y,gaze_x,gaze_y,error_px_x,error_px_y,error_px_xy,error_deg_x,error_deg_y,error_deg_z,error_deg_xyz
-0.2,0.05,-0.198247762271215,0.0532824704960385,0.00175223772878516,0.0032824704960385,0.00372088022053135,-0.122970886242873,0.119865199355926,-0.279323364356035,0.327889219356621
-0.2,0.065,-0.200249801678524,0.0667576396329323,-0.00024980167852412,0.00175763963293229,0.00177530221591926,-0.0451245066003567,0.061402305108269,-0.184858574388597,0.199947986409749
-0.2,0.08,-0.201718173540505,0.0803344579468607,-0.0017181735405051,0.000334457946860704,0.00175042350118767,0.0286428101836678,0.0130673763987383,-0.108181668246682,0.112669624720895
-0.2,0.095,-0.20268823145054,0.0940254128732209,-0.00268823145053976,-0.000974587126779128,0.00285944197341976,0.0971597858351223,-0.0261639304042811,-0.0486342996875401,0.111758106210604
-0.2,0.11,-0.203202493554378,0.107843155746366,-0.00320249355437774,-0.002156844253634,0.00386108043172698,0.159273938631838,-0.0573379381790608,-0.00519034060747134,0.169359933868876
-0.2,0.125,-0.203310495240697,0.121800307921624,-0.00331049524069678,-0.00319969207837604,0.00460406430614282,0.21388278150229,-0.0814814368271175,0.0235420597249073,0.230085567754913
-0.2,0.14,-0.20306842177768,0.135909239496596,-0.00306842177767969,-0.00409076050340397,0.00511366147705818,0.259965890142148,-0.0995585705441405,0.0393042789320064,0.281139036655599
-0.2,0.155,-0.202538512516648,0.150181825646452,-0.00253851251664823,-0.00481817435354776,0.00544599393117226,0.296616301546603,-0.112428523675925,0.0441563580529474,0.320267785308837
-0.2,0.17,-0.201788240947253,0.164629187917427,-0.00178824094725338,-0.00537081208257333,0.00566069148706669,0.323069587265473,-0.120806578706904,0.0404318745431499,0.347279848793598
-0.2,0.185,-0.20088928877729,0.179261429980873,-0.000889288777289821,-0.00573857001912666,0.00580706641892728,0.33872896281321,-0.125231078490316,0.030679960963011,0.362438727662405
-0.2,0.2,-0.199916346090507,0.194087379068066,8.36539094933623e-05,-0.00591262093193421,0.00591321268527694,0.343184950436102,-0.126038545414309,0.0175968487461451,0.366021488219648
-0.2,0.215,-0.198945782096652,0.209114345326687,0.00105421790334818,-0.00588565467331312,0.00597932323271057,0.336228407439179,-0.123348706239431,0.00395014850358874,0.358162626050932
-0.2,0.23,-0.198054240680291,0.224347911448661,0.00194575931970898,-0.0056520885513386,0.00597763199958037,0.317856141301683,-0.117060484109851,-0.00750032926478123,0.338810083887103
-0.2,0.245,-0.197317220779403,0.239791764000088,0.00268277922059702,-0.00520823599991163,0.0058585857147645,0.288268817275653,-0.106859218260867,-0.01408112272829,0.307760148961894
-0.2,0.26,-0.196807702857094,0.255447575943928,0.00319229714290602,-0.00455242405607183,0.00556015519881481,0.247861377162492,-0.09223454475328,-0.0132790101692127,0.264799793154709
-0.2,0.275,-0.196594879240704,0.271314947001846,0.00340512075929623,-0.00368505299815386,0.00501741596686909,0.197206667909475,-0.0725076059065357,-0.00280661481216696,0.210132694654497
-0.2,0.29,-0.196743038369507,0.287391405170492,0.00325696163049294,-0.00260859482950822,0.00417283669067461,0.137033391472507,-0.0468656379143097,0.0193432215934727,0.146111978245127
-0.2,0.305,-0.197310641700487,0.30367246883775,0.00268935829951331,-0.00132753116224989,0.00299916439194414,0.0681997769621651,-0.0144015673939171,0.05485635286946,0.0887008215399461
-0.2,0.32,-0.198349618841164,0.320151765560886,0.00165038115883623,0.000151765560886065,0.00165734448890768,-0.0083354595603462,0.0258439355905196,0.10507059969758,0.108522916174486
-0.2,0.335,-0.199904892244288,0.336821200282017,9.51077557120317e-05,0.00182120028201656,0.00182368197677494,-0.0915432806149532,0.0748404547270885,0.170963463068964,0.207869716384869
-0.2,0.35,-0.202014129484141,0.353671163453859,-0.00201412948414115,0.00367116345385887,0.00418738088592806,-0.180354130806232,0.133528134553955,0.25315348334253,0.338296310682726
-0.18,0.05,-0.179293753432941,0.0520933199642382,0.000706246567058866,0.00209331996423824,0.00220924708581019,0.0344443870938511,0.0320494704187656,-0.159813277376528,0.166594980521279
-0.18,0.065,-0.181223145211051,0.0657041317704614,-0.00122314521105121,0.000704131770461386,0.00141134182871854,0.111696791607247,-0.0189273551801418,-0.0725125948103333,0.134508374253983
-0.18,0.08,-0.182609467053513,0.0794047540683105,-0.00260946705351273,-0.000595245931689484,0.00267649696853205,0.18506042470876,-0.0599263116111518,-0.00455556350944408,0.194574698148397
-0.18,0.095,-0.183488272641653,0.0932065491795743,-0.00348827264165288,-0.0017934508204257,0.00392230950688362,0.253352454935341,-0.0921538826658075,0.0447417318134438,0.273279652841711
-0.18,0.11,-0.183902478897231,0.107121120249862,-0.00390247889723071,-0.00287887975013824,0.00484946287325586,0.315404481977701,-0.116842568743537,0.076472381010857,0.344935584617367
-0.18,0.125,-0.183902227289155,0.121160144317259,-0.00390222728915519,-0.0038398556827411,0.00547465701944027,0.370094820635032,-0.135202301305556,0.0921383090884688,0.404647979268971
-0.18,0.14,-0.183544516788177,0.135335176740828,-0.0035445167881773,-0.00466482325917229,0.00585868375157641,0.416381933119948,-0.14836966384151,0.0936337801121261,0.451836047898547
-0.18,0.155,-0.182892599005994,0.149657430647206,-0.00289259900599434,-0.00534256935279414,0.00607537458095339,0.453337368652787,-0.15735778537114,0.0832119915401986,0.487033783465195
-0.18,0.17,-0.182015139351078,0.164137537429392,-0.00201513935107811,-0.00586246257060812,0.00619913332620332,0.480176427943596,-0.163010016759338,0.0634351087856906,0.511045410892462
-0.18,0.185,-0.180985162659975,0.178785296656957,-0.000985162659975052,-0.00621470334304303,0.00629230348192451,0.496284769577178,-0.165960476045089,0.0371092918088463,0.524614596118609
-0.18,0.2,-0.179878816447142,0.193609425762488,0.000121183552858252,-0.00639057423751225,0.00639172312750158,0.501239332400789,-0.166604227758258,0.00720743477926249,0.528253500577847
-0.18,0.215,-0.178773998134284,0.208617321260041,0.00122600186571551,-0.00638267873995933,0.0064993590816531,0.494822264155155,-0.165079256223077,-0.0232166481974718,0.52215048943554
-0.18,0.23,-0.177748902950491,0.223814843788712,0.00225109704950902,-0.00618515621128767,0.00658206618656623,0.47702699172723,-0.161261553097379,-0.0511181310135441,0.506137104495039
-0.18,0.245,-0.176880555394569,0.239206138774054,0.00311944460543094,-0.00579386122594582,0.00658025550809926,0.448056101239751,-0.15477365323806,-0.0735503684468484,0.47970840575179
-0.18,0.26,-0.176243388513451,0.254793502951083,0.00375661148654899,-0.00520649704891687,0.00642026022691073,0.408311261079362,-0.14500593115362,-0.0877486350288706,0.442092296488711
-0.18,0.275,-0.175907931587345,0.270577304476839,0.00409206841265501,-0.00442269552316057,0.00602538460054074,0.358375952808794,-0.131149027395052,-0.0912041552000082,0.392367417755785
-0.18,0.29,-0.175939658568245,0.286555961107368,0.00406034143175465,-0.0034440388926315,0.00532426299466713,0.298992224860312,-0.112235015730554,-0.0817250010973118,0.329654857195712
-0.18,0.305,-0.176398037787438,0.302725977311874,0.00360196221256209,-0.00227402268812602,0.00425973132566328,0.231032998637993,-0.0871844181613449,-0.057481507987158,0.253538158630834
-0.18,0.32,-0.177335809361025,0.319082037569347,0.00266419063897519,-0.000917962430652869,0.00281790113114232,0.155471628049501,-0.0548559668109243,-0.0170350469833751,0.165743223710898
-0.18,0.335,-0.178798501818003,0.335617149769307,0.00120149818199652,0.000617149769307018,0.00135073006892445,0.0733504243383919,-0.0140960885793571,0.0406498360315693,0.0850376091009168
-0.18,0.35,-0.180824185343593,0.352322830125621,-0.000824185343592992,0.00232283012562136,0.00246471525192823,-0.0142502650842247,0.036214585442889,0.116208862889111,0.12255232267721
-0.16,0.05,-0.160249045138002,0.0511574282929223,-0.000249045138002335,0.00115742829292233,0.00118391880381202,0.156168875970896,-0.0343143910348235,-0.0417013056929061,0.165242891149701
-0.16,0.065,-0.162113610230661,0.06491202336855,-0.00211361023066098,-8.79766314500069e-05,0.00211544040209977,0.231184306797718,-0.0773658518288409,0.038879632983704,0.246867127988602
-0.16,0.08,-0.163426424432488,0.078744195442827,-0.0034264244324877,-0.00125580455717304,0.0036493053417555,0.302594771130902,-0.110586768231802,0.0985654759045159,0.336910238677275
-0.16,0.095,-0.164223206876182,0.0926640825903847,-0.0042232068761823,-0.00233591740961533,0.00482617721012993,0.369229834536418,-0.135374025570649,0.138058345179161,0.41679451801067
-0.16,0.11,-0.164547224521727,0.106682140171687,-0.00454722452172723,-0.00331785982831272,0.00562898256271315,0.429928576832722,-0.153155854947262,0.15851164585227,0.483138305320594
-0.16,0.125,-0.164449162182402,0.120809003654539,-0.00444916218240167,-0.0041909963454609,0.00611224136409712,0.483572237649507,-0.165335748844346,0.161531859078723,0.535978222744286
-0.16,0.14,-0.163986756432623,0.135055321782518,-0.0039867564326227,-0.00494467821748194,0.00635169816092506,0.529118282201664,-0.173233463639156,0.149162075942111,0.576392328396994
-0.16,0.155,-0.163224182875983,0.149431562240994,-0.00322418287598321,-0.00556843775900596,0.00643450497658575,0.565634187478378,-0.178026482257152,0.123846251239253,0.605786080213549
-0.16,0.17,-0.162231200127755,0.163947794364899,-0.00223120012775495,-0.00605220563510053,0.00645038348159521,0.592329075796669,-0.180695638991515,0.0883744436351123,0.625554615869463
-0.16,0.185,-0.161082069198824,0.17861345591946,-0.00108206919882377,-0.00638654408054012,0.00647756273946654,0.608581303554222,-0.181978612025052,0.0458107211150091,0.63685965196903
-0.16,0.2,-0.159854282434164,0.193437113283048,0.000145717565835653,-0.0065628867169522,0.00656450422107722,0.613960268506587,-0.182334629120434,-0.000593193387218082,0.640466823061561
-0.16,0.215,-0.158627150090934,0.208426226141482,0.00137284990906622,-0.00657377385851818,0.00671559525401584,0.608241023405092,-0.181923015574226,-0.0474942492775658,0.636641971616366
-0.16,0.23,-0.157480303589643,0.223586928819874,0.00251969641035743,-0.00641307118012568,0.00689030855344859,0.591410758663088,-0.180597204799582,-0.0915592029278545,0.625115189174834
-0.16,0.245,-0.156492181057159,0.238923840350805,0.00350781894284115,-0.00607615964919536,0.00701601808850755,0.563666784201934,-0.177914635491705,-0.129564968333472,0.605115150726586
-0.16,0.26,-0.155738562251064,0.254439914280531,0.00426143774893639,-0.0055600857194688,0.00700531261942684,0.525406250169186,-0.173161717166941,-0.158492671265611,0.575464524281335
-0.16,0.275,-0.15529121612872,0.270136337053445,0.00470878387128043,-0.00486366294655478,0.00676962796644843,0.477208418018427,-0.16539190033779,-0.175610472510722,0.534718120355275
-0.16,0.29,-0.155216715652271,0.286012480817614,0.00478328434772911,-0.00398751918238628,0.00622736849569133,0.419810772735071,-0.153473970449536,-0.17854121992162,0.481324915403771
-0.16,0.305,-0.155575461946668,0.302065912971208,0.00442453805333204,-0.00293408702879197,0.00530899271782403,0.354080603703674,-0.136147087000852,-0.165312270026089,0.413809127716785
-0.16,0.32,-0.156420945109531,0.31829246112229,0.00357905489046884,-0.00170753887771041,0.00396551672898771,0.280983852967117,-0.112078854682913,-0.134386231524324,0.331018971204728
-0.16,0.335,-0.157799253370689,0.334686328755316,0.00220074662931097,-0.000313671244683844,0.00222298793882583,0.201553032585962,-0.0799228313344687,-0.0846727594362764,0.232767769724111
-0.16,0.35,-0.159748827379078,0.351240254002367,0.000251172620922391,0.00124025400236738,0.00126543181400237,0.116855867422837,-0.0383722958750919,-0.0155227416241733,0.123970514014645
-0.14,0.05,-0.141107542053205,0.0504530856705979,-0.00110754205320499,0.00045308567059793,0.00119663529302737,0.241145757178039,-0.0818507671284359,0.0726550538433853,0.264820138927351
-0.14,0.065,-0.142915326901676,0.0643590175350629,-0.00291532690167581,-0.000640982464937073,0.00298496054647151,0.312131145282012,-0.116785404765037,0.147096589859974,0.364283593364497
-0.14,0.08,-0.144163470959683,0.0783299456257067,-0.00416347095968306,-0.00167005437429327,0.00448593045479087,0.379888731165874,-0.142024586598852,0.199130864018502,0.451819200718118
-0.14,0.095,-0.144887825254045,0.0923746920024594,-0.00488782525404474,-0.0026253079975406,0.00554824997598596,0.443287980143225,-0.159158651658264,0.229470379945583,0.523922014877352
-0.14,0.11,-0.145131957218335,0.106502471523385,-0.00513195721833476,-0.00349752847661501,0.00621045009122134,0.501202660076343,-0.169815881846229,0.239320663448238,0.580791536197077
-0.14,0.125,-0.144947029344676,0.120722786987373,-0.00494702934467631,-0.00427721301262698,0.00653969804291254,0.552542961454003,-0.17559870499525,0.230384565107433,0.623874605077622
-0.14,0.14,-0.144391434588579,0.135045293858598,-0.00439143458857907,-0.0049547061414018,0.00662071073929479,0.596289281340404,-0.17801614745811,0.204846174521912,0.655146767959555
-0.14,0.155,-0.143530176979548,0.149479635071937,-0.00353017697954834,-0.00552036492806335,0.00655260089170132,0.63152596045729,-0.178416441082425,0.165333022231205,0.676755345865548
-0.14,0.17,-0.142434000307121,0.164035248808652,-0.00243400030712079,-0.00596475119134805,0.00644225226685141,0.657473065423752,-0.177924118603952,0.11485671579561,0.690742837598885
-0.14,0.185,-0.141178283753377,0.178721154768597,-0.00117828375337691,-0.00627884523140321,0.00638844660644407,0.673514269136804,-0.177385974916641,0.0567337998054284,0.69879326828886
-0.14,0.2,-0.139841739507447,0.193545727051859,0.000158260492553478,-0.00645427294814134,0.00645621295130608,0.679219025027382,-0.177329874540105,-0.00550973590097806,0.702012030371593
-0.14,0.215,-0.138504962065945,0.208516463970197,0.00149503793405492,-0.00648353602980335,0.00665367401320665,0.674357559485938,-0.177939555459882,-0.0682454416275597,0.700773976110454
-0.14,0.23,-0.137248890395399,0.22363976661931,0.00275110960460096,-0.00636023338068989,0.00692973107078259,0.658907688235113,-0.179047385872425,-0.127854984157456,0.694672668530853
-0.14,0.245,-0.136153251123427,0.238920738557126,0.00384674887657269,-0.00607926144287446,0.00719408761485661,0.633053057434726,-0.18014560676807,-0.180841896326637,0.682581801048809
-0.14,0.26,-0.135295052497874,0.254363018338723,0.00470494750212637,-0.00563698166127745,0.00734248549520824,0.597173040278636,-0.180415106233797,-0.223936169870603,0.662810348447551
-0.14,0.275,-0.134747194873474,0.269968654912479,0.00525280512652553,-0.00503134508752123,0.00727367823642048,0.551825119074234,-0.178769403119741,-0.254186038359804,0.633311998327152
-0.14,0.29,-0.134577254412914,0.285738033176927,0.00542274558708641,-0.00426196682307284,0.00689713932752114,0.497721080776094,-0.173910426778059,-0.269032466648608,0.591905984762698
-0.14,0.305,-0.134846483632272,0.30166985363119,0.0051535163677284,-0.00333014636881014,0.0061358459718399,0.43569870092284,-0.164391978830784,-0.266363368643926,0.536478916240971
-0.14,0.32,-0.135609056898217,0.317761166372838,0.00439094310178345,-0.00223883362716167,0.00492876833835894,0.366690761682313,-0.148686502906022,-0.244546223521372,0.465160009826694
-0.14,0.335,-0.136911572686178,0.33400745621596,0.0030884273138222,-0.000992543784039693,0.00324399852589344,0.291693243556686,-0.125250954458889,-0.202439359988473,0.376503591609354
-0.14,0.35,-0.138792808908907,0.350402772590364,0.00120719109109291,0.000402772590363601,0.00127260995201291,0.211734369391747,-0.0925880857371871,-0.139383565851533,0.26987387774012
-0.12,0.05,-0.12186347378757,0.0499566292747933,-0.00186347378757018,-4.33707252066734e-05,0.00186397842711929,0.289504282385777,-0.113637923583499,0.180684099350773,0.359685245502341
-0.12,0.065,-0.123622719111621,0.0640207571375955,-0.00362271911162051,-0.0009792428624045,0.00375273371627547,0.354577216993205,-0.140560303482744,0.249696091523836,0.455885332418156
-0.12,0.08,-0.12481529027855,0.0781370044048914,-0.00481529027855032,-0.00186299559510855,0.00516311660279865,0.416888970599941,-0.157901163683664,0.294866927857216,0.53448832366681
-0.12,0.095,-0.125477137984513,0.0923127945307484,-0.0054771379845128,-0.00268720546925162,0.0061008289383795,0.475378994792334,-0.167440941697244,0.316911671131813,0.595363631982542
-0.12,0.11,-0.125652080091962,0.106556017882,-0.00565208009196247,-0.00344398211800037,0.00661868734682828,0.528985843820897,-0.1710057222836,0.317078514357395,0.640009393193274
-0.12,0.125,-0.125391688625728,0.120874961487578,-0.00539168862572839,-0.00412503851242241,0.00678868536358675,0.576677753195732,-0.170395787374223,0.297155887645798,0.670744895642918
-0.12,0.14,-0.124754927105977,0.135278207842082,-0.0047549271059774,-0.00472179215791835,0.00670109341568507,0.617485065999127,-0.167309483464945,0.259457098155111,0.690365136673148
-0.12,0.155,-0.123807525727321,0.149774501501494,-0.00380752572732107,-0.00522549849850568,0.00646553066051789,0.650532848440955,-0.163266847274472,0.206780843272094,0.701864322721803
-0.12,0.17,-0.122621096762933,0.164372584564403,-0.0026210967629326,-0.00562741543559694,0.00620789438742723,0.675071820644906,-0.159537973634234,0.142347594556073,0.708126788503453
-0.12,0.185,-0.1212720091916,0.179081004894856,-0.00127200919159973,-0.00591899510514371,0.00605413168325809,0.690505669473879,-0.157081203431146,0.0697137259378104,0.711575080881828
-0.12,0.2,-0.119840058382335,0.193907903819861,0.000159941617665295,-0.00609209618013896,0.00609419536847361,0.696412936703535,-0.156495782902388,-0.0073328558578896,0.713822295779193
-0.12,0.215,-0.118406981953157,0.208860792681434,0.00159301804684285,-0.00613920731856593,0.00634252102857377,0.69256198783049,-0.15799269982879,-0.0848901545276806,0.715413718204806
-0.12,0.23,-0.11705488494935,0.223946329668937,0.00294511505064977,-0.00605367033106305,0.00673205965056437,0.678918047272438,-0.161386020253886,-0.159065953879334,0.715740037962966
-0.12,0.245,-0.115864644809843,0.239170109449085,0.00413535519015665,-0.00582989055091525,0.00714764201568646,0.655641872934553,-0.166105383349592,-0.226100856241072,0.713151756002695
-0.12,0.26,-0.114914368284586,0.254536478070727,0.00508563171541411,-0.00546352192927295,0.00746416249933456,0.62308027957366,-0.171228568140967,-0.282483322799475,0.705231425922469
-0.12,0.275,-0.114277968341176,0.270048384352634,0.00572203165882396,-0.00495161564736647,0.00756704326826721,0.581749321851711,-0.175531439586589,-0.325050327169296,0.689134965100562
-0.12,0.29,-0.114023919673198,0.285707276591634,0.00597608032680189,-0.00429272340836571,0.00735805751085974,0.532311448388474,-0.177551306260508,-0.351068584727809,0.661916889418603
-0.12,0.305,-0.114214237815117,0.301513050249502,0.00578576218488283,-0.00348694975049764,0.00675528405194894,0.4755482850655,-0.175658912668507,-0.358293057729013,0.620789747273476
-0.12,0.32,-0.114903710738581,0.317464048632839,0.00509628926141856,-0.00253595136716117,0.00569238206488784,0.412330872429378,-0.16813400450281,-0.345001331149492,0.563306547331431
-0.12,0.335,-0.116139394811178,0.3335571149163,0.00386060518882228,-0.00144288508369994,0.00412143055124374,0.343589169264846,-0.15323962448111,-0.310004280661772,0.487483320043028
-0.12,0.35,-0.117960371018619,0.349787690663984,0.00203962898138074,-0.000212309336015529,0.00205064907671878,0.270282467237157,-0.129290933205025,-0.252635022344338,0.391910462825191
-0.1,0.05,-0.102511476459297,0.0496426029667213,-0.00251147645929733,-0.00035739703327875,0.0025367787930762,0.302722585029891,-0.133041003438065,0.279686120900333,0.433089010906867
-0.1,0.065,-0.104230584730907,0.0638709908868812,-0.00423058473090701,-0.00112900911311878,0.00437864234014252,0.359990019709056,-0.152387390622388,0.344095852792244,0.520786476694354
-0.1,0.08,-0.105376902175891,0.0781383797342063,-0.00537690217589051,-0.00186162026579366,0.00569005334097228,0.415044655878669,-0.162237377783766,0.383350224513681,0.587829446946858
-0.1,0.095,-0.105986448437754,0.0924507226282758,-0.00598644843775448,-0.00254927737172417,0.00650664122384798,0.466927199444111,-0.164550811273088,0.398159547460269,0.6353212887741
-0.1,0.11,-0.106103241615091,0.106814511953895,-0.00610324161509099,-0.00318548804610534,0.00688454009386673,0.51467259379717,-0.161341684667313,0.38980435665848,0.665485862592553
-0.1,0.125,-0.105779193101848,0.121236745629214,-0.00577919310184768,-0.0037632543707862,0.00689645969811216,0.557337962606218,-0.154599417226958,0.360145492395209,0.681349272295282
-0.1,0.14,-0.105073747177275,0.135724862153314,-0.0050737471772746,-0.0042751378466863,0.00663473541500123,0.594032496563413,-0.146204463080537,0.311609770474506,0.686554179176218
-0.1,0.155,-0.1040532519653,0.150286641306019,-0.00405325196530025,-0.00471335869398126,0.00621647823710009,0.623947747403082,-0.137843206799575,0.247149227526798,0.685127634078285
-0.1,0.17,-0.102790063690066,0.164930069679714,-0.00279006369006605,-0.00506993032028584,0.00578693777806351,0.646386569554278,-0.130927767330921,0.170173767029545,0.681118383196665
-0.1,0.185,-0.101361403292366,0.179663173077883,-0.00136140329236648,-0.00533682692211658,0.00550773460881102,0.660788874512363,-0.126526485825735,0.0844591312792268,0.678077871364635
-0.1,0.2,-0.0998480019180521,0.194493821001348,0.000151998081947931,-0.00550617899865212,0.00550827655279884,0.666752463627751,-0.125310425373436,-0.00596574012421185,0.678455981607582
-0.1,0.215,-0.0983325876287483,0.209429511517891,0.00166741237125173,-0.00557048848210866,0.00581468880896549,0.664047492618543,-0.127520157157124,-0.0969460061717214,0.683099200896547
-0.1,0.23,-0.0968982782030128,0.224477147422173,0.00310172179698719,-0.00552285257782706,0.00633423860478246,0.652623566018564,-0.132955537629084,-0.184335508398882,0.691071677446796
-0.1,0.245,-0.0956269525370387,0.239642816300096,0.00437304746296133,-0.00535718369990415,0.0069154147603619,0.632609024801463,-0.140989275459956,-0.264130567237072,0.69988799215183
-0.1,0.26,-0.0945976749425359,0.25493158767014,0.00540232505746407,-0.00506841232985969,0.00740769326929632,0.604302594562778,-0.150603081150462,-0.332595002342739,0.7060372917126
-0.1,0.275,-0.0938852424333576,0.270347339626444,0.00611475756664245,-0.00465266037355611,0.00768358696511404,0.568158142961601,-0.160443344940613,-0.386369264827188,0.705572988735479
-0.1,0.29,-0.093558915295921,0.285892625424745,0.00644108470407898,-0.00410737457525538,0.00763924721857949,0.5247637772414,-0.168891825703858,-0.422558098993366,0.694595368910995
-0.1,0.305,-0.0936813772134543,0.30156858749219,0.00631862278654574,-0.00343141250781027,0.0071902423962904,0.474816843851548,-0.174145913717496,-0.438793119716404,0.669568770566099
-0.1,0.32,-0.0943079544723544,0.317374922745912,0.00569204552764557,-0.00262507725408849,0.0062682065121311,0.41909655612376,-0.174302721759231,-0.433268828410323,0.627494362874887
-0.1,0.335,-0.0954861062719734,0.333309899356705,0.0045138937280266,-0.00169010064329454,0.00481992497580435,0.358435954234333,-0.167441532370063,-0.40475264349073,0.5659861370999
-0.1,0.35,-0.0972551815444855,0.349370421564115,0.00274481845551455,-0.000629578435884973,0.00281609612063663,0.293694745347941,-0.151699883172287,-0.352571264600672,0.483298395995084
-0.08,0.05,-0.0830466721459636,0.049483953565608,-0.00304667214596357,-0.000516046434391959,0.00309006716552229,0.28372176104755,-0.143497292407585,0.366943324037596,0.485528911980755
-0.08,0.065,-0.0847341742034597,0.0638817788458429,-0.0047341742034597,-0.00111822115415711,0.00486444487462935,0.331372956145373,-0.156052625457537,0.427678184813583,0.563091146954029
-0.08,0.08,-0.0858437391709629,0.0783053018738743,-0.00584373917096287,-0.00169469812612574,0.00608451224314159,0.377430275530016,-0.159162042283576,0.462104872568023,0.617519856448423
-0.08,0.095,-0.0864114265427447,0.0927589461075776,-0.00641142654274465,-0.00224105389242241,0.00679181219276213,0.421066357718478,-0.154946286716502,0.470922635465064,0.650444387852696
-0.08,0.11,-0.086481404594703,0.107247744552157,-0.00648140459470303,-0.00275225544784341,0.00704155633155209,0.461443841101605,-0.145589090586858,0.455433602008712,0.664493278232689
-0.08,0.125,-0.086105852384955,0.121777344052153,-0.00610585238495501,-0.00322265594784718,0.00690412519476983,0.497739570457842,-0.133251913177709,0.417555845695598,0.663218326007162
-0.08,0.14,-0.0853446018118214,0.136353978321485,-0.00534460181182138,-0.00364602167851547,0.00646979463407681,0.52917073144814,-0.119982024797733,0.359810314869881,0.651064799440618
-0.08,0.155,-0.0842645055507643,0.150984404651014,-0.00426450555076427,-0.00401559534898641,0.00585756037948398,0.555021572329431,-0.107619356764485,0.285279265091319,0.633260778088707
-0.08,0.17,-0.0829385323860071,0.165675801469421,-0.00293853238600712,-0.00432419853057936,0.00522816081576278,0.574669153943033,-0.0977083301536197,0.197535831888201,0.615479976837955
-0.08,0.185,-0.0814446090208384,0.180435626855202,-0.00144460902083836,-0.00456437314479799,0.00478752518824086,0.587606480715506,-0.0914210951085999,0.100546690554415,0.603118718481623
-0.08,0.2,-0.0798642454200746,0.195271441584688,0.000135754579925447,-0.00472855841531208,0.00473050673744256,0.593461441134643,-0.0894981548877401,-0.00144788349809156,0.60017646733014
-0.08,0.215,-0.0782809970691617,0.210190703809485,0.00171900293083835,-0.00480929619051459,0.00510727920955268,0.592010226325335,-0.0922111996442726,-0.104070117593724,0.608122581757967
-0.08,0.23,-0.0767788304688658,0.225200545641059,0.00322116953113416,-0.00479945435894108,0.00578019855124939,0.583184289134937,-0.0993512330567321,-0.202948986241514,0.625433256044587
-0.08,0.245,-0.075440466103582,0.240307544276858,0.00455953389641803,-0.00469245572314247,0.00654281973358869,0.567070407934875,-0.110242940982759,-0.2938637670935,0.648137907256269
-0.08,0.26,-0.0743457750208165,0.255517501487987,0.0056542249791835,-0.0044824985120126,0.00721547316711924,0.543903966925723,-0.12378399714626,-0.372878154017257,0.6709674104095
-0.08,0.275,-0.0735703008477064,0.270835245107357,0.00642969915229363,-0.0041647548926429,0.00766069282146193,0.514056090080601,-0.138505920997203,-0.436457140287266,0.68843161682322
-0.08,0.29,-0.0731839690277298,0.286264464598674,0.00681603097227015,-0.0037355354013256,0.00777254803455745,0.478015709076322,-0.152651458839797,-0.481560576354207,0.69549120342887
-0.08,0.305,-0.0732500306031576,0.301807590082284,0.00674996939684239,-0.00319240991771624,0.00746683118471563,0.436367946149301,-0.164262431843346,-0.505709491414971,0.687856746322855
-0.08,0.32,-0.0738242706789708,0.317465720672909,0.00617572932102922,-0.00253427932709072,0.00667549281733861,0.389770346985777,-0.171271661613822,-0.507023633075851,0.662067026256558
-0.08,0.335,-0.0749544936818303,0.333238604140142,0.00504550631816975,-0.00176139585985774,0.00534412288236478,0.338928480787588,-0.171592909584461,-0.48423094200992,0.615467212238136
-0.08,0.35,-0.0766802805105365,0.349124666168635,0.0033197194894635,-0.000875333831365427,0.00343318318839188,0.284572284602836,-0.163203631125992,-0.436651588221503,0.546153530090184
-0.06,0.05,-0.0634647440935356,0.0494522609147495,-0.00346474409353559,-0.000547739085250465,0.00350777276048503,0.23686878438325,-0.148268530300383,0.43984748901056,0.521112333040667
-0.06,0.065,-0.0651292653124047,0.0640237344337589,-0.00512926531240468,-0.000976265566241086,0.00522134629198887,0.27327601579978,-0.155159530343908,0.497913303002354,0.588791107947407
-0.06,0.08,-0.0662117198059176,0.0786074767037215,-0.00621171980591756,-0.00139252329627854,0.00636589224523216,0.308764645395695,-0.152616870392665,0.528718982431569,0.631011332971355
-0.06,0.095,-0.0667481794797797,0.0932063359004888,-0.00674817947977965,-0.00179366409951121,0.00698248932639317,0.342667328239015,-0.142895955000067,0.532947791364854,0.649521376178656
-0.06,0.11,-0.0667829131058926,0.10782383773584,-0.00678291310589263,-0.00217616226416029,0.0071234536849793,0.374303325268863,-0.128323795698482,0.511912734915254,0.647015511939868
-0.06,0.125,-0.0663682946341239,0.122464228806241,-0.00636829463412392,-0.00253577119375886,0.00685458329106217,0.40299795015298,-0.111208293467508,0.467572427179914,0.627218092610129
-0.06,0.14,-0.0655644478079784,0.137132488864116,-0.00556444780797839,-0.00286751113588402,0.00625984820280287,0.428103803781569,-0.0937399454536454,0.402519406626728,0.595050501668001
-0.06,0.155,-0.0644386122623405,0.151834304978378,-0.0044386122623405,-0.00316569502162237,0.00545187158554969,0.449022720804072,-0.0778917881915774,0.319938216164173,0.556822626072485
-0.06,0.17,-0.0630642322127023,0.166576002666579,-0.0030642322127023,-0.00342399733342064,0.00459491858389614,0.465227153163509,-0.0653242948118076,0.223532696496584,0.520261754992685
-0.06,0.185,-0.0615197868456035,0.181364432115311,-0.00151978684560346,-0.00363556788468891,0.00394044488608212,0.476279625442502,-0.0573022308563592,0.117424428101099,0.493878359364806
-0.06,0.2,-0.0598873998334363,0.196206811317243,0.00011260016656366,-0.0037931886827571,0.00379485957322623,0.481848938561187,-0.0546300157298497,0.006026828055258,0.48497480876204
-0.06,0.215,-0.05825128218527,0.211110531919015,0.00174871781472995,-0.00388946808098495,0.00426450184060866,0.481721982709012,-0.0576109124191359,-0.10609827125727,0.496622062661098
-0.06,0.23,-0.0566960759050853,0.226082937341305,0.00330392409491468,-0.00391706265869479,0.00512438233322797,0.475810335858778,-0.0660334803126323,-0.214392991356697,0.52604390958599
-0.06,0.245,-0.0553051740852823,0.241131085731076,0.00469482591471768,-0.00386891426892372,0.00608357526375619,0.464151231382501,-0.0791863938600403,-0.314455241977142,0.566208052560441
-0.06,0.26,-0.0541590950745634,0.256261512167632,0.00584090492543661,-0.00373848783236788,0.00693487286262354,0.446902937608699,-0.095900256637173,-0.402180609533529,0.608828239609095
-0.06,0.275,-0.0533339839462088,0.271480004939507,0.00666601605379119,-0.00351999506049278,0.00753831116731695,0.424335029675117,-0.114612752456483,-0.473885915321621,0.646350208153424
-0.06,0.29,-0.0529003042819712,0.286791409627807,0.00709969571802876,-0.00320859037219268,0.00779106741500313,0.396814408293711,-0.133451666745866,-0.52640789708857,0.672593109579411
-0.06,0.305,-0.0529217684752906,0.302199472299325,0.00707823152470943,-0.00280052770067485,0.00761211645468181,0.364788186787543,-0.1503291857816,-0.557172832610882,0.682727153336888
-0.06,0.32,-0.0534545371957941,0.31770672970929,0.00654546280420587,-0.00229327029070958,0.00693557293577782,0.328764694741984,-0.163040522146351,-0.56423549319178,0.673078998426956
-0.06,0.335,-0.0545467002351348,0.333314450480893,0.00545329976486519,-0.00168554951910699,0.00570785034026301,0.289293850208602,-0.169360284224325,-0.546288254624429,0.640943818758183
-0.06,0.35,-0.0562380335738786,0.349022627282129,0.00376196642612139,-0.000977372717870711,0.00388685590431425,0.246948035590458,-0.167130967508974,-0.502643252096448,0.58443929803042
-0.04,0.05,-0.0437620055350912,0.0495179977039057,-0.00376200553509121,-0.000482002296094325,0.0037927578171427,0.167872938449256,-0.150182603956226,0.496035863013765,0.544784316389785
-0.04,0.065,-0.0454122319647926,0.064266298627046,-0.00541223196479262,-0.000733701372954032,0.00546173713624133,0.191691179831415,-0.152844013367231,0.552492110336485,0.604448278466312
-0.04,0.08,-0.0464773164792979,0.0790133736389094,-0.00647731647929792,-0.000986626361090592,0.00655202719388307,0.215306057007061,-0.146044542451161,0.580971644607081,0.636567299353613
-0.04,0.095,-0.0469933175590156,0.0937604647725562,-0.00699331755901561,-0.00123953522744383,0.00710231920300054,0.238233693924381,-0.132141060313225,0.582138446858156,0.642733269807272
-0.04,0.11,-0.0470045553734559,0.108509557121114,-0.00700455537345593,-0.00149044287888625,0.00716136969825138,0.259974370959243,-0.113569830931032,0.557306116406628,0.625362910506352
-0.04,0.125,-0.0465635253831666,0.123263461791907,-0.00656352538316662,-0.00173653820809347,0.00678936156082743,0.280026351951904,-0.0927517350669496,0.508456167799367,0.587833605491137
-0.04,0.14,-0.0457305455111208,0.138025868156351,-0.00573054551112082,-0.00197413184364906,0.00606105175618359,0.297901238339851,-0.0719891340722411,0.438227738795837,0.534764630709404
-0.04,0.155,-0.0445731215351816,0.152801356382515,-0.00457312153518157,-0.00219864361748534,0.00507419691500541,0.31314009455528,-0.0533604747671926,0.349875757660563,0.47256573177555
-0.04,0.17,-0.0431650314861609,0.167595363221284,-0.00316503148616094,-0.00240463677871633,0.00397488394119192,0.325329428985318,-0.0386197379037759,0.247196844385361,0.410411648946317
-0.04,0.185,-0.0415851481199829,0.182414097123614,-0.0015851481199829,-0.0025859028763856,0.00303308230161739,0.334116028128326,-0.029108182073755,0.134424842080742,0.361318802904398
-0.04,0.2,-0.0399160371441536,0.197264402703228,8.39628558464175e-05,-0.00273559729677184,0.00273688551665342,0.339219651173791,-0.0256853878856183,0.0161006049735846,0.340571992224228
-0.04,0.215,-0.0382423859852872,0.212153578968604,0.00175761401471276,-0.00284642103139582,0.00334534298879609,0.340442706547959,-0.0286853327800007,-0.103076853021452,0.356860384565906
-0.04,0.23,-0.0366493314077214,0.227089160071133,0.00335066859227855,-0.00291083992886695,0.00443846472406486,0.337676250194522,-0.0379012313895634,-0.218408865358104,0.403936704901832
-0.04,0.245,-0.0352207626469723,0.242078670983851,0.00477923735302771,-0.0029213290161488,0.00560136348554245,0.330901930300665,-0.0526003919107508,-0.325355298815315,0.467033368066826
-0.04,0.26,-0.0340376788004171,0.257129373062675,0.00596232119958287,-0.00287062693732484,0.00661738415843378,0.320189840848208,-0.071567692613925,-0.419682488675155,0.532709024094157
-0.04,0.275,-0.0331766747832802,0.272248015434614,0.00682332521671984,-0.00275198456538633,0.00735738989460593,0.305692568633635,-0.0931738274319134,-0.497592066227247,0.59137997754664
-0.04,0.29,-0.0327086197844942,0.287440607582583,0.00729138021550582,-0.00255939241741684,0.00772752968246648,0.287636005123828,-0.115462526344066,-0.555823765077716,0.636404186183518
-0.04,0.305,-0.0326975771243075,0.302712226360745,0.00730242287569249,-0.00228777363925517,0.00765240407191805,0.266307700399388,-0.136249745091332,-0.591727795725654,0.663046359452221
-0.04,0.32,-0.0331999965584003,0.318066867416791,0.0068000034415997,-0.00193313258320885,0.00706944470167435,0.24204365173374,-0.153227433451484,-0.603305102044221,0.667866657587617
-0.04,0.335,-0.0342641913580698,0.33350734700316,0.00573580864193021,-0.00149265299683995,0.00592684686370557,0.215214427867942,-0.164064889458965,-0.589216403246501,0.648394165982724
-0.04,0.35,-0.0359300948429757,0.349035256006909,0.00406990515702427,-0.000964743993090766,0.00418268561565144,0.186211468598466,-0.166501737782967,-0.548763090051609,0.602944295630928
-0.02,0.05,-0.0239354600859817,0.0496508138419691,-0.00393546008598172,-0.000349186158030923,0.00395092103962047,0.0835716792589417,-0.151392243638916,0.533523082841603,0.56085045118114
-0.02,0.065,-0.0255801049169172,0.0645780407550313,-0.00558010491691718,-0.000421959244968656,0.00559603614071763,0.0938271395634885,-0.151506306023994,0.589456452724411,0.615808617237415
-0.02,0.08,-0.0266376157240027,0.0794905421927426,-0.00663761572400268,-0.000509457807257419,0.00665713825580505,0.104616725921871,-0.142093730928574,0.616958963078157,0.641699270755259
-0.02,0.095,-0.0271440132204178,0.094387938670181,-0.00714401322041777,-0.00061206132981903,0.00717018437454461,0.11565702276376,-0.125574132014256,0.616673660265132,0.63987191549902
-0.02,0.11,-0.0271436206005747,0.109270656720499,-0.00714362060057472,-0.000729343279501304,0.00718075601203029,0.12664722996144,-0.104452897027704,0.58990519052587,0.612324775732888
-0.02,0.125,-0.0266889812984695,0.124140051487293,-0.00668898129846952,-0.000859948512707459,0.00674403308531199,0.137276755727802,-0.0812239914955787,0.538639974590904,0.561763112649618
-0.02,0.14,-0.025840508604938,0.138998499141387,-0.00584050860493796,-0.00100150085861289,0.00592575267237476,0.147233969816093,-0.0582638238831287,0.465537195560684,0.491730494940621
-0.02,0.155,-0.024665851467071,0.15384944815384,-0.00466585146707098,-0.00115055184615956,0.00480561540944233,0.15621572486667,-0.0377224359292395,0.373887451238635,0.406962968037697
-0.02,0.17,-0.0232389769592625,0.168697420312464,-0.0032389769592625,-0.00130257968753628,0.00349108659087904,0.163937142941247,-0.0214193563758014,0.267538202327365,0.314501373158178
-0.02,0.185,-0.0216389884378137,0.183547955485833,-0.00163898843781368,-0.00145204451416661,0.00218968408004631,0.170141089884182,-0.0107518566971403,0.150787852636703,0.227597534053988
-0.02,0.2,-0.0199487171624074,0.198407498334309,5.12828375926198e-05,-0.00159250166569119,0.0015933271743935,0.174606738442639,-0.00662291911612043,0.0282531267015462,0.177001808613103
-0.02,0.215,-0.0182531425209812,0.213283229943288,0.00174685747901879,-0.00171677005671195,0.00244924692091807,0.177156661953097,-0.00939493261795067,-0.0952830025109868,0.20137437757807
-0.02,0.23,-0.0166377096511649,0.228182852262257,0.00336229034883506,-0.00181714773774347,0.00382191343317134,0.177661997513212,-0.0188730760412565,-0.215033610374626,0.279570361493612
-0.02,0.245,-0.0151866217869204,0.243114337537149,0.00481337821307963,-0.00188566246285121,0.00516955827377502,0.176045371662307,-0.0343197704739545,-0.32637005798776,0.372408005469766
-0.02,0.26,-0.0139811867758173,0.258085658121977,0.00601881322418266,-0.00191434187802306,0.0063159177839447,0.172281462560826,-0.0544988242686101,-0.42497390200036,0.4617954049244
-0.02,0.275,-0.0130982927887691,0.273104513692463,0.00690170721123086,-0.00189548630753747,0.00715726419601918,0.166395264900732,-0.0777453268980242,-0.506969304297575,0.53921400340986
-0.02,0.29,-0.0126090777707417,0.288178072791585,0.00739092222925827,-0.00182192720841456,0.00761217118512881,0.158458296827587,-0.102055308548373,-0.569028764664472,0.599434175132377
-0.02,0.305,-0.0125778420283189,0.303312743852824,0.00742215797168111,-0.00168725614717635,0.00761152167853274,0.148583132127949,-0.125187906314597,-0.608447589889792,0.638718759332833
-0.02,0.32,-0.0130612352857935,0.31851398774307,0.00693876471420649,-0.00148601225693029,0.00709610373281451,0.136916722092349,-0.144772364863958,-0.623185337709117,0.654270466348963
-0.02,0.335,-0.0141077306726568,0.333786179841618,0.00589226932734321,-0.00121382015838192,0.0060159951132663,0.123633013561988,-0.15841260657667,-0.611875153347174,0.644030470079995
-0.02,0.35,-0.0157573802401483,0.349132525341047,0.00424261975985168,-0.000867474658953205,0.00433039659969037,0.108925345866805,-0.163783177528715,-0.573804171321952,0.606584144120186
0,0.05,-0.00398285185401437,0.0498198391976414,-0.00398285185401437,-0.000180160802358581,0.00398692447956218,-0.0083842078277748,-0.153179708923868,0.550815777498854,0.571782346869576
0,0.065,-0.00563062252122751,0.0649269792234541,-0.00563062252122751,-7.30207765459456e-05,0.00563109598660525,-0.0122266450864657,-0.152592615944551,0.607313499080038,0.626312693066253
0,0.08,-0.00669036900834405,0.0800059500215727,-0.00669036900834405,5.95002157269264e-06,0.00669037165414353,-0.0147933803602254,-0.142377358966499,0.63520610201508,0.651138627055777
0,0.095,-0.00719805122811581,0.0950547510851453,-0.00719805122811581,5.4751085145327e-05,0.00719825945377799,-0.0161582227136015,-0.124974057206777,0.635115505473209,0.647499629676244
0,0.11,-0.00719794787189068,0.110072248271082,-0.00719794787189068,7.22482710822647e-05,0.00719831045309453,-0.0164131609382478,-0.102913110152225,0.608328759676545,0.617193700080259
0,0.125,-0.00674257705959259,0.125058335536013,-0.00674257705959259,5.83355360129767e-05,0.00674282940903196,-0.0156673182212315,-0.0787173744180313,0.556819412265549,0.562576475237568
0,0.14,-0.00589234826570841,0.140014067146317,-0.00589234826570841,1.4067146316854e-05,0.00589236505734347,-0.0140451846487807,-0.0547950725594827,0.483239560046976,0.48654050403913
0,0.155,-0.00471492956296099,0.154941747498651,-0.00471492956296099,-5.82525013485824e-05,0.00471528940125597,-0.0116841368845195,-0.033329728339414,0.390879329843446,0.392472473734112
0,0.17,-0.00328433054922309,0.169844967402894,-0.00328433054922309,-0.000155032597106031,0.00328798757034231,-0.00873130673860107,-0.0161745348195544,0.283592820467782,0.284188150156361
0,0.185,-0.0016797198201245,0.184728578804985,-0.0016797198201245,-0.00027142119501497,0.00170150760774745,-0.0053399162860925,-0.0047589964035124,0.165692265445056,0.165846642371948
0,0.2,1.59852223986529e-05,0.199598604303551,1.59852223986529e-05,-0.000401395696449508,0.000401713868895909,-0.00166524642495105,-1.52827227773056e-05,0.0418150421579127,0.0418481912042803
0,0.215,0.00171770104855884,0.214462083003382,0.00171770104855884,-0.000537916996617815,0.00179995877382524,0.00213955559518641,-0.00233044788481527,-0.0832292143079924,0.0832893271821085
0,0.23,0.00333986415843143,0.22932685965358,0.00333986415843143,-0.000673140346420326,0.00340702370446021,0.00592760237945728,-0.0115286044746503,-0.204622113168333,0.205032434625805
0,0.245,0.00479814318496811,0.244201328957987,0.00479814318496811,-0.000798671042013116,0.00486416009777703,0.00956209864625426,-0.0268845391323371,-0.317700244003518,0.318979497797023
0,0.26,0.00601109716772935,0.25909415079998,0.00601109716772935,-0.000905849200019682,0.00607896799901596,0.0129196754270684,-0.0471674578256087,-0.418108751165275,0.4209601074133
0,0.275,0.00690170466563686,0.274013954369395,0.00690170466563686,-0.00098604563060492,0.00697178695008021,0.0158930598480281,-0.0707109340699275,-0.501935432074536,0.507142467834224
0,0.29,0.00739869884926805,0.288969049613571,0.00739869884926805,-0.00103095038642889,0.00747018094569591,0.0183929731768854,-0.0955030460963243,-0.565818045288582,0.574118412478559
0,0.305,0.00743765891354836,0.303967162993462,0.00743765891354836,-0.00103283700653775,0.00750902939109704,0.020349206695497,-0.119289372471628,-0.607020128984211,0.618967856677543
0,0.32,0.00696182627706518,0.319015211606143,0.00696182627706518,-0.000984788393857239,0.00703113314428842,0.0217108899159245,-0.13968107500502,-0.623473487024112,0.639300864022728
0,0.335,0.00592263300195509,0.334119125719417,0.00592263300195509,-0.000880874280583255,0.0059877809891512,0.0224460174234928,-0.154260692137752,-0.6137882191643,0.633277384345118
0,0.35,0.00427994778258084,0.349283725256408,0.00427994778258084,-0.000716274743592399,0.00433947030522471,0.0225403405736164,-0.160679340299616,-0.577233466159526,0.599606265006911
0.02,0.05,0.0160972963116659,0.0499939977644066,-0.00390270368833409,-6.00223559341084e-06,0.00390270830395619,-0.0999220453928615,-0.155832897937751,0.546997414724054,0.577474936173368
0.02,0.065,0.0144377301306883,0.065280914649007,-0.00556226986931174,0.00028091464900698,0.00556935895225653,-0.117920572723092,-0.156455353778733,0.605121640430103,0.636050228827872
0.02,0.08,0.0133659676169093,0.0805263343739667,-0.00663403238309068,0.00052633437396668,0.00665487892700647,-0.133915583889182,-0.147316482847717,0.634752848923244,0.665245579151202
0.02,0.095,0.0128461316035261,0.0957266518105287,-0.00715386839647389,0.000726651810528722,0.00719067840247445,-0.147770728066424,-0.130833532524815,0.636492728127726,0.666394478022197
0.02,0.11,0.012834034540172,0.110879185920821,-0.00716596545982801,0.000879185920820952,0.0072196972827687,-0.159368141519302,-0.109516379362848,0.611603032309548,0.641447276484295
0.02,0.125,0.0132772562368343,0.12598237961724,-0.00672274376316573,0.000982379617240237,0.00679414110962915,-0.168613931663652,-0.0858709054668704,0.562027378759923,0.593028148087939
0.02,0.14,0.0141154898597916,0.141035970836768,-0.00588451014020835,0.0010359708367684,0.00597500587153264,-0.175443406089006,-0.0622930537656212,0.490384076819335,0.524537203398642
0.02,0.155,0.0152811722082407,0.156041120154494,-0.00471882779175935,0.00104112015449428,0.00483231485981352,-0.179825676702915,-0.0409597522177765,0.399926723331697,0.440405851797362
0.02,0.17,0.0167003979902033,0.171000481849591,-0.00329960200979668,0.0010004818495909,0.00344794683172683,-0.181767261306635,-0.0237240089267395,0.294471548495323,0.346866006151865
0.02,0.185,0.0182940993875606,0.185918208406844,-0.00170590061243938,0.000918208406844118,0.0019373186567832,-0.181314337232603,-0.0120219294388649,0.178293186608498,0.254574120214441
0.02,0.2,0.0199794532678799,0.200799883058527,-2.05467321201192e-05,0.000799883058526629,0.000800146908710351,-0.178553375528379,-0.00679903284889083,0.0559933807257209,0.187250700006077
0.02,0.215,0.0216714610497912,0.215652380448103,0.00167146104979124,0.000652380448103396,0.00179426371808517,-0.173609998900736,-0.00846199909558317,-0.0676502569333036,0.186517090724867
0.02,0.23,0.0232846323928062,0.230483661399923,0.00328463239280624,0.000483661399923119,0.00332005094925479,-0.166646046175965,-0.0168599617229659,-0.187846287162457,0.251677357871036
0.02,0.245,0.0247346953206533,0.245302513320434,0.00473469532065333,0.000302513320433573,0.00474434970132434,-0.157854976258569,-0.03129690233582,-0.299952027817184,0.34039572474569
0.02,0.26,0.0259402531355616,0.260118252225997,0.0059402531355616,0.000118252225997373,0.00594143003859363,-0.147455885732805,-0.0505739403632467,-0.399626375071977,0.428955779525103
0.02,0.275,0.0268243128419485,0.274940405256183,0.00682431284194852,-5.95947438166988e-05,0.00682457304879024,-0.135686523876116,-0.0730577183527938,-0.482963592490445,0.506955393826156
0.02,0.29,0.0273156202470428,0.289778393430673,0.00731562024704277,-0.000221606569326488,0.00731897595777652,-0.122795761947101,-0.0967690001844191,-0.5466007528578,0.568522711519282
0.02,0.305,0.0273497520372399,0.304641233398969,0.00734975203723992,-0.000358766601030985,0.00735850314146346,-0.109035988668945,-0.119484270642056,-0.587794089801253,0.609648043037829
0.02,0.32,0.0268699332059724,0.319537274167364,0.00686993320597243,-0.000462725832635569,0.00688549907056205,-0.0946558772781417,-0.138842657573942,-0.604462334383063,0.627387970306357
0.02,0.335,0.0258275671477955,0.33447398082009,0.00582756714779553,-0.000526019179910076,0.00585125926956745,-0.0798939000480525,-0.152450859582646,-0.595197818140635,0.619587349390106
0.02,0.35,0.0241824836349404,0.349457772619573,0.00418248363494039,-0.000542227380427224,0.00421748501937223,-0.0649728691225091,-0.157979799374388,-0.559248404329668,0.584757074814434
0.04,0.05,0.0363056576514219,0.0501423258486469,-0.0036943423485781,0.000142325848646874,0.00369708290895547,-0.182979527983563,-0.158609956161495,0.521774009544149,0.575229973321077
0.04,0.065,0.0346256949422693,0.0656077673564036,-0.00537430505773073,0.00060776735640361,0.00540856136260466,-0.214711076172455,-0.162311504690035,0.582538248497459,0.641717216914933
0.04,0.08,0.0335322063241213,0.0810185582770266,-0.00646779367587874,0.00101855827702663,0.00654750456261288,-0.243741940610895,-0.156091978432565,0.615202945298253,0.679893320627489
0.04,0.095,0.0329894185105821,0.0963695208322993,-0.00701058148941788,0.00136952083229927,0.00714309737647964,-0.269733654423363,-0.142303735810137,0.620351055950719,0.691265380641297
0.04,0.11,0.0329532807935282,0.111656456457597,-0.00704671920647179,0.00165645645759713,0.00723879130592764,-0.292366357839365,-0.123391889104384,0.599212216962475,0.678059210056044
0.04,0.125,0.033371542497985,0.126876382269932,-0.00662845750201499,0.0018763822699315,0.00688892294041181,-0.311350466174517,-0.101800624110436,0.553684204442188,0.643329640440303
0.04,0.14,0.0341840971477844,0.142027739539588,-0.00581590285221564,0.00202773953958821,0.00615925755483723,-0.326438533102167,-0.079870420342421,0.486326224983,0.591149470982781
0.04,0.155,0.0353236092714283,0.157110557806769,-0.00467639072857168,0.00211055780676922,0.00513060274256209,-0.337436587678176,-0.0597321304246549,0.400320858901023,0.526963116016543
0.04,0.17,0.0367164235840579,0.172126559700759,-0.00328357641594208,0.00212655970075895,0.0039120493657702,-0.344214157244222,-0.0432049528182512,0.299403645823858,0.458250713614253
0.04,0.185,0.0382837379830719,0.187079194619855,-0.00171626201692811,0.00207919461985462,0.00269603515889213,-0.346712197093891,-0.0317057750589096,0.187761897818688,0.395562581075807
0.04,0.2,0.0399430030333259,0.201973594142802,-5.69969666741273e-05,0.00197359414280204,0.00197441700122152,-0.344948244246914,-0.0261770203339054,0.0699070629528729,0.352933306611864
0.04,0.215,0.0416094933628237,0.216816447851551,0.00160949336282375,0.00181644785155133,0.00242692226541748,-0.339018292217511,-0.0270389524315299,-0.0494725054171028,0.343674832259716
0.04,0.23,0.0431979826553625,0.2316158045824,0.0031979826553625,0.00161580458239977,0.00358300397885678,-0.329095131216871,-0.0341704713010857,-0.16566955308844,0.370024462971739
0.04,0.245,0.044624445413706,0.24638081019483,0.00462444541370603,0.0013808101948303,0.00482619230641445,-0.315423188731632,-0.0469199844527173,-0.274116773730894,0.420516435300845
0.04,0.26,0.0458077063552773,0.261121398009532,0.00580770635527728,0.00112139800953173,0.00591497984822516,-0.298310191573223,-0.0641452848518125,-0.370536497756023,0.480002324668878
0.04,0.275,0.0466709626587815,0.275847951498183,0.00667096265878148,0.000847951498182842,0.00672463861766023,-0.278116232704409,-0.084278862513304,-0.45107218486069,0.536581574274985
0.04,0.29,0.0471431145237039,0.290570960209554,0.00714311452370395,0.000570960209554466,0.00716589705896231,-0.255241005708754,-0.105413049366462,-0.512394538052739,0.582074701890848
0.04,0.305,0.0471598545494276,0.305300689276996,0.00715985454942758,0.000300689276996474,0.00716616572584387,-0.230110076190268,-0.125398085906599,-0.551777526930882,0.610849654731183
0.04,0.32,0.0466644843316087,0.320046880314424,0.00666448433160868,4.68803144242913e-05,0.00666464921583561,-0.20316106179706,-0.141945709007492,-0.56714232422287,0.618932259958618
0.04,0.335,0.0456084454719623,0.334818497597122,0.00560844547196226,-0.000181502402878397,0.00561138162436175,-0.174830511822618,-0.152731169786063,-0.557069787146496,0.603508602530021
0.04,0.35,0.0439515699788036,0.349623528717843,0.00395156997880364,-0.000376471282156537,0.00396946292635046,-0.145542139972565,-0.155487557064097,-0.520784344121327,0.56265244341745
0.06,0.05,0.0566420902068747,0.0502342866915068,-0.00335790979312528,0.000234286691506769,0.00336607314724203,-0.24993559178999,-0.159797656272506,0.475476059215244,0.560431153699309
0.06,0.065,0.0549332282741395,0.0658759110264555,-0.00506677172586054,0.000875911026455456,0.00514192530558798,-0.294525843367444,-0.168305398943855,0.539824356881336,0.637563103038762
0.06,0.08,0.0538084136796441,0.081449962607452,-0.00619158632035588,0.00144996260745195,0.00635909842080046,-0.335764295253291,-0.166711355756122,0.576732007216742,0.687863234431384
0.06,0.095,0.0532319976226536,0.0969497378729344,-0.00676800237734637,0.00194973787293437,0.00704324740108714,-0.373126272285088,-0.157264678773795,0.586764825275453,0.712919989819013
0.06,0.11,0.053160110993231,0.112369565017178,-0.00683988900676896,0.00236956501717817,0.00723870982948988,-0.406105922366092,-0.142305324266108,0.571114264623543,0.715088082915367
0.06,0.125,0.0535407428366461,0.127705075092261,-0.00645925716335387,0.00270507509226148,0.00700281617330569,-0.434233432751801,-0.124174870125332,0.531617832570572,0.697568350060494
0.06,0.14,0.0543140829405709,0.142953445913124,-0.00568591705942913,0.00295344591312374,0.0064072221413382,-0.457092834874906,-0.10511870215543,0.470752541407046,0.664527431099733
0.06,0.155,0.0554131442123111,0.158113600865957,-0.00458685578768889,0.00311360086595694,0.00554380342089642,-0.474339368873289,-0.0871851864478134,0.391598389650629,0.621250491874515
0.06,0.17,0.0567646645282067,0.173186345987173,-0.00323533547179335,0.00318634598717299,0.00454094663754351,-0.485715266318238,-0.0721284523264583,0.297770918211163,0.574275294797201
0.06,0.185,0.0582902696495311,0.188174431765613,-0.00170973035046893,0.00317443176561302,0.00360557830394066,-0.491062795918137,-0.0613218282509515,0.193324337024661,0.531299687686995
0.06,0.2,0.0599078603467333,0.203082530923529,-9.21396532667109e-05,0.0030825309235292,0.00308390768509984,-0.490333530713596,-0.0556886589383886,0.0826293014153885,0.500357262976467
0.06,0.215,0.0615331697880918,0.217917129523072,0.00153316978809183,0.00291712952307169,0.00329548998685992,-0.483593029666436,-0.0556561418891385,-0.0297681873594097,0.487696017512936
0.06,0.23,0.063081423758397,0.232686335440277,0.00308142375839696,0.00268633544027655,0.00408797877642473,-0.471020464763198,-0.061136035377434,-0.139298413717229,0.494978246866956
0.06,0.245,0.0644690277767976,0.247399614811053,0.00446902777679756,0.00239961481105308,0.00507251027709293,-0.452903128266121,-0.0715338095573283,-0.241520701962026,0.518239722528388
0.06,0.26,0.0656152029726284,0.262067472670321,0.00561520297262835,0.00206747267032065,0.0059837235619919,-0.429626174658547,-0.0857853295351403,-0.332267776396886,0.549856316123443
0.06,0.275,0.0664434967149054,0.276701097905086,0.00644349671490539,0.00170109790508577,0.00666426169936954,-0.401658328979501,-0.102417803388192,-0.407773090591204,0.581464199136763
0.06,0.29,0.0668831041506648,0.291311994613723,0.00688310415066484,0.00131199461372258,0.00700702880080685,-0.369534587506008,-0.119629805445017,-0.464774209897891,0.60571080955316
0.06,0.305,0.0668699515517604,0.305911621604044,0.00686995155176043,0.000911621604044399,0.00693017231189066,-0.333837109439941,-0.135383918152511,-0.500587633682718,0.616739550031776
0.06,0.32,0.0663475100069177,0.320511059532903,0.00634751000691766,0.000511059532903396,0.00636805034010342,-0.295175539639319,-0.147505033728883,-0.513153011322838,0.610094963198219
0.06,0.335,0.0652673265457815,0.335120721336743,0.00526732654578155,0.000120721336743068,0.00526870976435787,-0.254167924171826,-0.153777600990445,-0.501047193678347,0.582494718381319
0.06,0.35,0.0635892773420358,0.349750116853661,0.00358927734203585,-0.000249883146338642,0.00359796517838569,-0.211423198503683,-0.152035970526188,-0.463470704597126,0.531621883320784
0.08,0.05,0.0771056397275024,0.0502400741220047,-0.00289436027249762,0.000240074122004719,0.00290429973850304,-0.293997934746632,-0.156855896429843,0.409017614284453,0.527575523741358
0.08,0.065,0.0753595025025674,0.0660544944425089,-0.00464049749743264,0.00105449444250888,0.0047587998017316,-0.35018177585325,-0.171667468247644,0.477806917980006,0.616765855033183
0.08,0.08,0.0741939105867172,0.0817887053687833,-0.00580608941328284,0.00178870536878328,0.00607537168997496,-0.402422256706285,-0.176181560644054,0.520054353512468,0.680768387761555
0.08,0.095,0.0735733600249101,0.0974345383129111,-0.00642663997508991,0.00243453831291113,0.00687231243224985,-0.450030904826635,-0.172511434517573,0.536309827017629,0.721056934556742
0.08,0.11,0.0734542071193144,0.112984906426604,-0.00654579288068557,0.00298490642660382,0.00719423872361869,-0.492338597753997,-0.162857461046326,0.527721174325103,0.739876403319627
0.08,0.125,0.0737847491374226,0.128434107947201,-0.0062152508625774,0.00343410794720111,0.00710087605002362,-0.528717466091826,-0.149423718500654,0.496052944068552,0.740233579028217
0.08,0.14,0.0745055655562497,0.143778103123452,-0.00549443444375029,0.00377810312345245,0.00666804867019661,-0.558603688885002,-0.134326623738437,0.443679758896632,0.725906674439443
0.08,0.155,0.0755501350893913,0.159014745449127,-0.0044498649106087,0.00401474544912656,0.00599328613900162,-0.581519908438344,-0.119500788068921,0.373551491952179,0.701421915773415
0.08,0.17,0.0768457280253599,0.174143949062088,-0.00315427197464013,0.00414394906208798,0.00520785421447068,-0.597095838623875,-0.106608200751214,0.289129398742167,0.67192985695851
0.08,0.185,0.0783145557112616,0.189167777212231,-0.00168544428873842,0.00416777721223088,0.00449567451460089,-0.605085615921274,-0.0969572221782549,0.194294610591673,0.642871711174781
0.08,0.2,0.0798751408342299,0.204090441598817,-0.00012485916577008,0.00409044159881711,0.00409234679427468,-0.605380566232186,-0.0914375836806332,0.0932327812006737,0.61930811990679
0.08,0.215,0.0814438555003334,0.218918208646602,0.00144385550033339,0.0039182086466017,0.00417577270743359,-0.598016335796311,-0.0904766034443561,-0.00969910777684261,0.604902492180952
0.08,0.23,0.0829365607895746,0.233659215832213,0.00293656078957463,0.00365921583221318,0.00469182797826037,-0.583173741164164,-0.0940202088519305,-0.110116042831803,0.600882903905614
0.08,0.245,0.0842702732225319,0.248323208142167,0.00427027322253186,0.00332320814216736,0.00541100228712205,-0.561173182899686,-0.101540283640952,-0.203749630743907,0.605593177544083
0.08,0.26,0.0853647812591698,0.262921210811856,0.00536478125916975,0.00292121081185637,0.00610854733680976,-0.532462986046792,-0.112067594648607,-0.286585235429937,0.614988378391353
0.08,0.275,0.0861441390817021,0.277465158914144,0.00614413908170207,0.00246515891414412,0.00662023062493165,-0.497602503992818,-0.124247392306209,-0.354983503122351,0.623748985121257
0.08,0.29,0.0865379747376307,0.291967506734447,0.00653797473763071,0.00196750673444657,0.00682760546751128,-0.457241201800607,-0.136412998623799,-0.405779733054394,0.626369796558418
0.08,0.305,0.0864825641802498,0.306440839924653,0.00648256418024976,0.00144083992465255,0.00664075733930475,-0.412095170001109,-0.146671500659778,-0.436356655432527,0.617855798944477
0.08,0.32,0.0859216399978067,0.320897511409889,0.00592163999780668,0.00089751140988914,0.00598926932058536,-0.362922599094036,-0.15299516087074,-0.444688539556047,0.594029789026055
0.08,0.335,0.0848069218097447,0.335349318329387,0.00480692180974468,0.000349318329386672,0.00481959755376365,-0.310499671221004,-0.1533123293997,-0.429356869287978,0.551601656463666
0.08,0.35,0.0830983725659852,0.349807232503761,0.00309837256598516,-0.000192767496238699,0.00310436335908921,-0.255598127146593,-0.145592393085011,-0.389539834035144,0.488129358864314
0.1,0.05,0.0976945566505047,0.0501308982959195,-0.00230544334949526,0.000130898295919502,0.00230915642640479,-0.309512145655398,-0.146629278872371,0.323818642142226,0.471336057997597
0.1,0.065,0.0959029215713876,0.0661137438166449,-0.00409707842861237,0.00111374381664492,0.00424575987772691,-0.375717083812376,-0.168947636721016,0.397804611727618,0.572676060629785
0.1,0.08,0.0946872859359192,0.0820040800833565,-0.00531271406408076,0.00200408008335645,0.00567813945823696,-0.437457903352638,-0.180764077129438,0.446354340337143,0.650601117454492
0.1,0.095,0.0940123110239748,0.0977923468420257,-0.00598768897602522,0.00279234684202573,0.00660678591750823,-0.49390945259451,-0.184030266540102,0.470002373814036,0.706202684451458
0.1,0.11,0.0938346214191929,0.113470113011332,-0.0061653785808071,0.0034701130113321,0.00707485528870317,-0.544266883941875,-0.180779992551968,0.469848037095691,0.741399146440358
0.1,0.125,0.0941028891121925,0.129030409525404,-0.00589711088780751,0.00403040952540357,0.00714283681498896,-0.587771234055883,-0.173052494977553,0.44757215024629,0.758782863553726
0.1,0.14,0.0947581735902777,0.144468036479183,-0.0052418264097223,0.00446803647918276,0.00688767697333216,-0.62373609694839,-0.16280863452097,0.405430125030536,0.761534959069802
0.1,0.155,0.0957345326155623,0.15977982412899,-0.0042654673844377,0.00477982412898992,0.00640631959176062,-0.651573938101602,-0.151844600652215,0.346218969238075,0.753313433409979
0.1,0.17,0.0969599029947201,0.174964828284382,-0.00304009700527993,0.00496482828438205,0.00582165867214078,-0.670820424679982,-0.141708665852719,0.273217461451196,0.73806280354546
0.1,0.185,0.0983572334069515,0.190024443641704,-0.00164276659304849,0.00502444364170351,0.0052861816075397,-0.681155111569248,-0.133626822786129,0.190100813694078,0.719703788907456
0.1,0.2,0.0998458336352675,0.204962423562126,-0.000154166364732458,0.00496242356212567,0.00496481770843149,-0.682416956671523,-0.128442884222078,0.100833296101162,0.701686528778129
0.1,0.215,0.101342888272633,0.219784801193823,0.00134288827263284,0.00478480119382302,0.004969675178237,-0.674613439371003,-0.126577748931089,0.00954429960982808,0.686456079751135
0.1,0.23,0.102765070088325,0.234499714166901,0.00276507008832549,0.00449971416690087,0.00528138619844835,-0.65792250575622,-0.128011102447927,-0.0796051138382331,0.674974895092307
0.1,0.245,0.104030180090533,0.249117142371769,0.00403018009053319,0.00411714237176852,0.00576135512458153,-0.632687111005204,-0.132286984172417,-0.162557197661947,0.666500321362725
0.1,0.26,0.105058739131103,0.263648574812174,0.00505873913110272,0.00364857481217384,0.00623722211858607,-0.59940270921629,-0.138542637710274,-0.235485927659049,0.658738242667497
0.1,0.275,0.105775459827169,0.278106626365408,0.00577545982716937,0.00310662636540815,0.00655797709583499,-0.55869858428402,-0.145558127867455,-0.294911378816413,0.648312025541158
0.1,0.29,0.106110537120334,0.292504628061352,0.00611053712033358,0.00250462806135204,0.00660392501658572,-0.511314351716697,-0.151822596776305,-0.337793992282322,0.631348779660829
0.1,0.305,0.106000709850176,0.306856214891785,0.00600070985017592,0.00185621489178528,0.00628124608899252,-0.458073249425127,-0.155611928337656,-0.361604529693657,0.603992871051981
0.1,0.32,0.105390062484877,0.321174933422512,0.00539006248487706,0.00117493342251196,0.00551663322491306,-0.399853943722821,-0.155072089613332,-0.364367638858115,0.562758253197771
0.1,0.335,0.104230553910863,0.335473887901355,0.00423055391086341,0.000473887901354608,0.00425701258346413,-0.337562522383738,-0.148302522577233,-0.344679060436411,0.504725070507172
0.1,0.35,0.102482277023847,0.349765438860566,0.00248227702384679,-0.000234561139434097,0.00249333474512555,-0.272106140787903,-0.133434582453855,-0.301698359536018,0.427632188559718
0.12,0.05,0.11840632650495,0.0498792473301747,-0.0015936734950503,-0.000120752669825308,0.00159824166385931,-0.292169327947223,-0.125599096291332,0.221700778959917,0.38767235900821
0.12,0.065,0.116561149922981,0.0660252390094951,-0.00343885007701938,0.00102523900949514,0.0035884265185185,-0.366612274919445,-0.156293363840158,0.301527203026697,0.499752351940376
0.12,0.08,0.115286423408014,0.082066806120076,-0.00471357659198623,0.00206680612007604,0.00514679432525765,-0.436149833205261,-0.176278974781842,0.357191812931854,0.590669141832636
0.12,0.095,0.114546994122879,0.0979930811823113,-0.00545300587712122,0.00299308118231129,0.00622043471630597,-0.499850004574567,-0.187327965131282,0.389213503397055,0.660631349506521
0.12,0.11,0.114299796853067,0.11379437075745,-0.00570020314693342,0.00379437075744976,0.00684759558978913,-0.556802481848554,-0.19128870143914,0.398638707784516,0.711013134899621
0.12,0.125,0.114493942528361,0.129462514742258,-0.00550605747163868,0.00446251474225789,0.00708736246468721,-0.606146836429451,-0.190016556029188,0.387055785064779,0.743868423874811
0.12,0.14,0.115071057296055,0.144991220626508,-0.00492894270394489,0.0049912206265077,0.00701475299075081,-0.647101890905809,-0.185298294232149,0.356587762315782,0.761734660983933
0.12,0.155,0.11596588616298,0.160376351272535,-0.00403411383702049,0.00537635127253483,0.00672154948324618,-0.678994718372545,-0.17877435593973,0.309861278665229,0.76747437540504
0.12,0.17,0.117107160245191,0.175616145650626,-0.00289283975480906,0.00561614565062635,0.00631740562383428,-0.701287525954247,-0.1718639031229,0.24995112932548,0.764084821677971
0.12,0.185,0.118418709953803,0.190711354962032,-0.00158129004619733,0.00571135496203218,0.0059262174877853,-0.713600643874308,-0.165697781622227,0.180301637743026,0.754452476063045
0.12,0.2,0.119820789199658,0.205665281470419,-0.000179210800342332,0.00566528147041928,0.00566811526435687,-0.715729978520247,-0.16106431559721,0.104627996881937,0.741057210491939
0.12,0.215,0.121231560071771,0.22048371396849,0.00123156007177102,0.00548371396848962,0.00562030774055913,-0.70765760272796,-0.158372090188537,0.0268024926864186,0.725662741399527
0.12,0.23,0.122568674821909,0.235174761231074,0.00256867482190886,0.0051747612310743,0.00577721768149151,-0.689554621866062,-0.157632633850653,-0.0492680772481978,0.709060916872522
0.12,0.245,0.123750884195475,0.249748592379203,0.00375088419547495,0.004748592379203,0.00605130249051298,-0.661776030493339,-0.158464319407291,-0.119766643485762,0.690947385545035
0.12,0.26,0.124699598977344,0.264217099904654,0.00469959897734355,0.00421709990465385,0.0063142823941981,-0.624847882592834,-0.160117050225406,-0.181084467472329,0.669976898933947
0.12,0.275,0.125340335349531,0.278593506286359,0.00534033534953063,0.00359350628635879,0.00643680581309912,-0.579447677724922,-0.161515606573946,-0.229927370193262,0.643985919012349
0.12,0.29,0.125603983924149,0.292891938257219,0.00560398392414854,0.00289193825721951,0.00630618289503921,-0.526379337614572,-0.161318102069767,-0.26340403044584,0.610314625713568
0.12,0.305,0.125427855818289,0.307126993560713,0.00542785581828911,0.00212699356071255,0.0058297272999213,-0.466544468580003,-0.157985003472707,-0.279092438238915,0.56614326754338
0.12,0.32,0.124756475413128,0.32131332349817,0.0047564754131279,0.00131332349816998,0.00493445812288803,-0.400911743263198,-0.149853684152853,-0.275082458861106,0.508781301429571
0.12,0.335,0.123542106618396,0.335465251244067,0.00354210661839574,0.000465251244066878,0.0035725310378202,-0.330486200228084,-0.135213524355749,-0.249994348652204,0.435892092696505
0.12,0.35,0.121745015840131,0.349596441213657,0.00174501584013087,-0.000403558786343017,0.00179107229791047,-0.2562800634153,-0.112377067807953,-0.202974734435562,0.345698107654878
0.14,0.05,0.13923771271734,0.0494591196320649,-0.000762287282660368,-0.000540880367935093,0.000934683622261206,-0.239103404508875,-0.0901463619483624,0.104768612676509,0.276176419164842
0.14,0.065,0.137331153795347,0.0657621580419477,-0.00266884620465294,0.000762158041947736,0.00277554047799631,-0.31989075844317,-0.129739386755427,0.190960509609594,0.3944983357025
0.14,0.08,0.135988540429711,0.0819492849686886,-0.00401145957028881,0.00194928496868862,0.00445999100595697,-0.39541684003407,-0.158421297393427,0.254393364514259,0.49615451933399
0.14,0.095,0.135174926767333,0.0980084195236582,-0.00482507323266657,0.00300841952365816,0.00568611640145741,-0.464673389665019,-0.17777416559884,0.29556929579008,0.578696007021533
0.14,0.11,0.134847598744094,0.113928697116414,-0.00515240125590608,0.00392869711641397,0.00647934408211062,-0.526675571596443,-0.189450274184699,0.315478010967523,0.642502346571675
0.14,0.125,0.134956167901361,0.129700851940849,-0.00504383209863933,0.00470085194084902,0.00689479885196431,-0.580491715260415,-0.195110411719492,0.315608767890582,0.688950881902188
0.14,0.14,0.135442909497906,0.145317574991923,-0.00455709050209442,0.0053175749919232,0.00700311913642815,-0.62527423753156,-0.196356766292941,0.297942757679339,0.719930939647641
0.14,0.155,0.136243358163085,0.160773825391976,-0.00375664183691501,0.00577382539197557,0.00688835376181291,-0.660290145363623,-0.194664074275113,0.264924078310941,0.737610642070599
0.14,0.17,0.13728715980747,0.176067073592942,-0.00271284019253016,0.00606707359294156,0.00664596749107125,-0.684949338097685,-0.191313255538112,0.219408837400486,0.74424752851372
0.14,0.185,0.13849916236798,0.191197457945296,-0.00150083763202049,0.00619745794529647,0.00637659772773908,-0.698828893768752,-0.187331989808305,0.164593521230506,0.741993139273546
0.14,0.2,0.139800711405827,0.206167841036804,-0.000199288594172836,0.00616784103680423,0.00617105979545278,-0.70169166323187,-0.183446485303672,0.103925433305856,0.732687937980103
0.14,0.215,0.141111101438649,0.220983758804146,0.00111110143864904,0.00598375880414587,0.00608604270714239,-0.69349780911568,-0.180048038382044,0.0409995467474735,0.717665802450171
0.14,0.23,0.14234912183198,0.235653263008003,0.00234912183197965,0.0056532630080034,0.00612190787411433,-0.674408392709452,-0.177176926264752,-0.0205526654097924,0.697600721858814
0.14,0.245,0.143434628535009,0.250186665407992,0.00343462853500882,0.00518666540799195,0.00622078541889665,-0.644780682971646,-0.174524821912341,-0.0771761207533126,0.672430209112523
0.14,0.26,0.14429007080399,0.264596199009021,0.00429007080399042,0.00459619900902086,0.00628726910779039,-0.605155475985583,-0.171455428796687,-0.1255002882451,0.641377215176512
0.14,0.275,0.144841905696782,0.278895617277863,0.00484190569678199,0.00389561727786253,0.00621448990280867,-0.556237295687405,-0.167041583700084,-0.162436624258339,0.60306868131071
0.14,0.29,0.145021841893262,0.293099755635029,0.0050218418932616,0.00309975563502951,0.00590147278209554,-0.498868832865397,-0.160115841724916,-0.1852602888003,0.55572564354048
0.14,0.305,0.144767867439091,0.307224080621813,0.00476786743909116,0.00222408062181295,0.00526109252238255,-0.43400131792599,-0.149330674758868,-0.191672546153567,0.497389900390822
0.14,0.32,0.144025031625543,0.321284250887909,0.00402503162554324,0.00128425088790912,0.00422494732863247,-0.36266268325118,-0.13322396121856,-0.179841879026359,0.426165207899096
0.14,0.335,0.142745967777449,0.335295710998693,0.00274596777744943,0.000295710998692689,0.00276184431667289,-0.285925358080598,-0.110285434126657,-0.148423488444379,0.340508532280507
0.14,0.35,0.14089115956643,0.34927333450796,0.000891159566429822,-0.000726665492040091,0.00114987308437116,-0.204875364251646,-0.0790201359315514,-0.0965583415386802,0.239878498685236
0.16,0.05,0.160184810378356,0.0488462228693314,0.000184810378355604,-0.00115377713066855,0.00116848472099626,-0.148883046408429,-0.0367986698167963,-0.0247113863002395,0.155341465815803
0.16,0.065,0.158209253440385,0.065299485589094,-0.00179074655961484,0.000299485589093984,0.00181561693615348,-0.23410507408173,-0.0854787855330154,0.0682490297661666,0.258398629489819
0.16,0.08,0.156790237887207,0.0816258178839315,-0.00320976211279342,0.00162581788393151,0.00359803510439179,-0.313798320414188,-0.123056204869377,0.139941102873595,0.36496051578523
0.16,0.095,0.155893046536108,0.0978120268282111,-0.00410695346389225,0.00281202682821108,0.00497740511081381,-0.38690786397242,-0.150919881475366,0.190848352649733,0.457054381115291
0.16,0.11,0.155475356405973,0.113846175365668,-0.0045246435940266,0.00384617536566834,0.00593847325467076,-0.452404136405167,-0.170522934053479,0.221900551797538,0.531967537964548
0.16,0.125,0.15548733852642,0.129717984576397,-0.0045126614735803,0.00471798457639705,0.00652866694189988,-0.509313243448946,-0.183328535432067,0.234483305912111,0.589910863355946
0.16,0.14,0.155871995076779,0.14541921194526,-0.00412800492322082,0.00541921194525985,0.00681236249430272,-0.556748384961305,-0.19075125246799,0.230430136890899,0.632026030311376
0.16,0.155,0.156565746203529,0.160943982836154,-0.00343425379647147,0.00594398283615388,0.00686476737370398,-0.593940793115792,-0.194096983049315,0.211995556218534,0.659838034945632
0.16,0.17,0.157499264906898,0.176289053114612,-0.00250073509310188,0.00628905311461181,0.00676800303518547,-0.620268427117706,-0.194505099236381,0.181808788090669,0.674999896623504
0.16,0.185,0.158598542833665,0.191453983676873,-0.00140145716633501,0.00645398367687328,0.00660439153067249,-0.635280648067499,-0.192896586744983,0.142809193658529,0.679110050000928
0.16,0.2,0.159786153996489,0.206441212554349,-0.000213846003510566,0.00644121255434937,0.00644476138297807,-0.638717227403466,-0.189931788754974,0.0981658668569178,0.673554409894441
0.16,0.215,0.160982668933301,0.22125601686131,0.000982668933301425,0.00625601686130961,0.0063327233637248,-0.630520347371255,-0.185980814669905,0.0511851915747171,0.659370528637654
0.16,0.23,0.16210816027769,0.235906364439298,0.00210816027769042,0.00590636443929798,0.00627132208120708,-0.610838699351104,-0.181108792870279,0.00521119518667334,0.637146491342125
0.16,0.245,0.16308373352328,0.250402662966072,0.00308373352327984,0.00540266296607206,0.00622078608919857,-0.580023334293969,-0.175077019283081,-0.0364758273979265,0.606970314271403
0.16,0.26,0.163833014692117,0.264757421442826,0.00383301469211719,0.0047574214428257,0.00610942390202579,-0.538615511132232,-0.167359808326546,-0.0707568000882081,0.568440981499365
0.16,0.275,0.164283530036048,0.278984844768935,0.00428353003604841,0.00398484476893501,0.00585043736845696,-0.487327354861634,-0.157175634817128,-0.0947622060180179,0.520743577337131
0.16,0.29,0.164367921312586,0.293100385742822,0.00436792131258648,0.00310038574282251,0.00535641002419011,-0.42701661408834,-0.143530107002274,-0.105946856556678,0.46278502687948
0.16,0.305,0.164024952568218,0.30712028023044,0.00402495256821817,0.00212028023044047,0.00454926713130837,-0.358657150233896,-0.125267544372059,-0.102147836991049,0.393397633041951
0.16,0.32,0.163200279318035,0.321061090240477,0.0032002793180346,0.00106109024047679,0.00337160202453894,-0.283306965278602,-0.101127516911816,-0.0816237571626093,0.311692618748028
0.16,0.335,0.161846966891921,0.334939276721542,0.00184696689192063,-6.07232784576861e-05,0.00184796483094175,-0.202075585057464,-0.069802652211898,-0.0430748499131757,0.218088175868606
0.16,0.35,0.159925759934716,0.348770819499476,-7.42400652836983e-05,-0.00122918050052351,0.00123142043598462,-0.116092467290053,-0.0299942959630744,0.0143552394491051,0.120760908614433
0.18,0.05,0.181243109252897,0.0480181368030076,0.00124310925289664,-0.00198186319699239,0.00233946625242386,-0.0214141017534073,0.0375604464214015,-0.164423868375568,0.170013471786646
0.18,0.065,0.179191184545009,0.0646141825058896,-0.000808815454991174,-0.00038581749411043,0.000896123640461645,-0.109226745804799,-0.0200917737154296,-0.0644134573768813,0.128387155735675
0.18,0.08,0.177687558896275,0.0810727818107545,-0.0023124411037253,0.00107278181075454,0.00254916548534694,-0.191331570853934,-0.0664669908819555,0.0158689177003965,0.203168640991013
0.18,0.095,0.176697766138308,0.0973797367969048,-0.0033022338616924,0.00237973679690484,0.00407036800545735,-0.266654227609224,-0.10276413633463,0.0768858904885396,0.295933404107605
0.18,0.11,0.176179913215725,0.113522142193305,-0.00382008678427524,0.00352214219330471,0.0051960127664635,-0.334147662846294,-0.130240633125247,0.119504811017243,0.378020107029375
0.18,0.125,0.17608478649944,0.129488803943682,-0.00391521350055964,0.00448880394368156,0.00595636278275388,-0.392822174964662,-0.150165607863979,0.145005099263306,0.444844291615536
0.18,0.14,0.176356187857438,0.145270634134322,-0.00364381214256164,0.00527063413432233,0.0064075698285827,-0.441776434597382,-0.163769337477597,0.155070146049342,0.49601925454637
0.18,0.155,0.176931511817448,0.160860999144751,-0.00306848818255208,0.00586099914475097,0.00661565799457872,-0.480227944407527,-0.172191591569585,0.151762517230481,0.532261892137119
0.18,0.17,0.177742561879065,0.176255998539795,-0.00225743812093496,0.00625599853979492,0.00665083036919199,-0.50754126655844,-0.176431909589574,0.137482254558637,0.554644145928631
0.18,0.185,0.178716589116599,0.191454654974069,-0.00128341088340124,0.00645465497406877,0.00658101164942773,-0.523252317574895,-0.177304978802265,0.114909216983788,0.564301998544507
0.18,0.2,0.179777521152526,0.206459000244203,-0.000222478847474468,0.00645900024420276,0.00646283072594238,-0.527087174044361,-0.175404129930884,0.086931625268271,0.56226963503741
0.18,0.215,0.180847335763818,0.221274049114315,0.00084733576381785,0.00627404911431512,0.00633100862307761,-0.518974110360309,-0.171075510114888,0.0565640734852666,0.549365783388676
0.18,0.23,0.181847522458251,0.235907660192097,0.00184752245825056,0.00590766019209743,0.00618981325881749,-0.499048008787188,-0.164404770745965,0.0268591547758015,0.526119000666287
0.18,0.245,0.182700568444752,0.250370290980977,0.00270056844475185,0.00537029098097747,0.00601108102966158,-0.46764679239099,-0.155217184767991,0.000817394811844935,0.492735285264121
0.18,0.26,0.183331403501623,0.26467466156623,0.00333140350162262,0.00467466156622964,0.00574027090383442,-0.425300083061787,-0.143091086116953,-0.0186996760175093,0.449116833626393
0.18,0.275,0.183668741451118,0.278835347229183,0.00366874145111808,0.00383534722918255,0.00530749961879888,-0.372710817844462,-0.12738351872359,-0.0290487683317911,0.394948557615393
0.18,0.29,0.183646263889886,0.292868324245917,0.00364626388988641,0.00286832424591676,0.00463923747337896,-0.310731012249975,-0.107266107121161,-0.027872524668678,0.329904468047051
0.18,0.305,0.183203603622218,0.306790494671526,0.00320360362221767,0.00179049467152559,0.00367000644918339,-0.240333192041711,-0.0817685073439421,-0.0131527584016029,0.254203133419613
0.18,0.32,0.182287099436835,0.320619215231927,0.00228709943683497,0.00061921523192715,0.00236944114453629,-0.162579197553221,-0.0498264217768254,0.016752508261263,0.17086642722781
0.18,0.335,0.180850309024937,0.334371852725768,0.000850309024937435,-0.000628147274232216,0.00105716339135226,-0.0785880944662146,-0.0103310843525444,0.0630887557242357,0.101306533193712
0.18,0.35,0.17885428139644,0.348065384140129,-0.00114571860355955,-0.00193461585987142,0.00224842381320971,0.0104951919588639,0.0378226833533103,0.126700860106686,0.132641698720614
0.2,0.05,0.202407564098904,0.046954438462183,0.00240756409890391,-0.00304556153781699,0.00388224290468296,0.142224852282113,0.135533112657028,-0.312101926041484,0.368788848832244
0.2,0.065,0.200272166917491,0.0636853148717728,0.000272166917490935,-0.00131468512822719,0.00134256166240447,0.0535349894722262,0.0692824094552017,-0.204877840338079,0.222802691577775
0.2,0.08,0.198676054719386,0.0802687620672978,-0.00132394528061425,0.000268762067297812,0.00135094935318795,-0.0293538693018746,0.0144597911259908,-0.11582652439792,0.12035997791415
0.2,0.095,0.197585035368682,0.0966896879476569,-0.00241496463131777,0.00168968794765689,0.00294738859517586,-0.105371848255365,-0.0299518169387662,-0.0445087166505353,0.118242837258276
0.2,0.11,0.196957683375433,0.112934326946015,-0.00304231662456728,0.0029343269460152,0.00422681500307611,-0.173478147546779,-0.0650228720394384,0.00987882979115755,0.185526987027691
0.2,0.125,0.196745453084976,0.128990671371819,-0.00325454691502428,0.00399067137181919,0.00514951780460572,-0.232690141023564,-0.0918372906757775,0.0485087131141059,0.254817566039243
0.2,0.14,0.196893013451888,0.14484887941289,-0.00310698654811176,0.00484887941289003,0.00575890588314275,-0.282113273784101,-0.111449452033838,0.0729147319190275,0.311970636736817
0.2,0.155,0.197338814777447,0.160501636479056,-0.00266118522255346,0.00550163647905622,0.00611145733327322,-0.32097032763657,-0.124840351277146,0.0849692368920599,0.354721352123057
0.2,0.17,0.198015885050939,0.175944447204851,-0.00198411494906132,0.00594444720485132,0.00626683051488975,-0.348628496772459,-0.132875418622093,0.0868458603908825,0.383067168662246
0.2,0.185,0.198852839407201,0.191175838116472,-0.00114716059279943,0.00617583811647182,0.00628147704497423,-0.364622702542352,-0.136266617931335,0.0809684888472074,0.39758626342374
0.2,0.2,0.19977507187085,0.206197455725233,-0.000224928129149543,0.00619745572523261,0.00620153611047305,-0.36867370788119,-0.135541307284615,0.069948338139866,0.398980152539659
0.2,0.215,0.200706085563923,0.221014051231014,0.000706085563923407,0.00601405123101428,0.0060553587038957,-0.360699846603365,-0.131019971904569,0.0565119158075636,0.387897903716528
0.2,0.23,0.201568907131212,0.235633350565519,0.00156890713121205,0.005633350565519,0.00584774385386375,-0.34082156704175,-0.122804357491463,0.0434233879615188,0.364864757525332
0.2,0.245,0.20228752467805,0.250065816310736,0.00228752467804966,0.00506581631073566,0.00555835083876519,-0.309358448617603,-0.110776786637049,0.0334053277148364,0.330288304675735
0.2,0.26,0.202788286657648,0.264324315382251,0.00278828665764776,0.00432431538225075,0.00514531301383958,-0.266818851995859,-0.0946106161871126,0.0290619476402134,0.284584314003438
0.2,0.275,0.203001202132756,0.278423712308155,0.00300120213275554,0.00342371230815519,0.00455291337614387,-0.213882848313279,-0.0737909764866539,0.0328086998863621,0.228620780223055
0.2,0.29,0.202861090361142,0.292380412001318,0.00286109036114177,0.00238041200131778,0.00372185428928055,-0.151379493821308,-0.0476442144605596,0.0468115872801475,0.165460164542882
0.2,0.305,0.202308538736348,0.306211877745492,0.00230853873634843,0.0012118777454917,0.00260729721497938,-0.0802598307123934,-0.0153739141676006,0.0729387381763978,0.109535660140012
0.2,0.32,0.201290641585667,0.319936149619084,0.00129064158566689,-6.38503809157198e-05,0.00129222001756505,-0.00156717887223271,0.0238989608019433,0.112725849395816,0.115242084216143
0.2,0.335,0.199761506677768,0.333571386166172,-0.000238493322232386,-0.0014286138338282,0.00144838411719914,0.0835936722636563,0.0710943527390756,0.167356102784353,0.200125997542656
0.2,0.35,0.197682530169229,0.347135448084443,-0.00231746983077125,-0.00286455191555723,0.00368460636886188,0.174086847714363,0.127132245216962,0.237654213990473,0.320856093579521
