target_x,target_y,gaze_x,gaze_y,error_px_x,error_px_y,error_px_xy,error_deg_x,error_deg_y,error_deg_z,error_deg_xyz
-0.2,0.05,-0.197826122906319,0.0531162088986889,0.00217387709368111,0.00311620889868888,0.00379953938243825,-0.15999050698384,0.128370263861447,-0.261248062331885,0.332154701943658
-0.2,0.065,-0.200021527423172,0.0665201221240763,-2.15274231719076e-05,0.00152012212407625,0.00152027454824926,-0.0691405366930006,0.0670391575567834,-0.172203441423391,0.197303639519637
-0.2,0.08,-0.201661096651667,0.0800639454051969,-0.00166109665166664,6.39454051968927e-05,0.00166232701386457,0.0147712116671545,0.0161739319698348,-0.0991975570228351,0.101587119220135
-0.2,0.095,-0.202781067511311,0.0937576410815292,-0.00278106751131055,-0.00124235891847078,0.00304594684536204,0.0908621002308866,-0.0251719546279478,-0.0417429641806268,0.103111718474333
-0.2,0.11,-0.203424902228692,0.107610362654671,-0.00342490222869155,-0.00238963734532875,0.00417616114611088,0.158294343266443,-0.0579883933236049,0.000976587298344482,0.168584480591604
-0.2,0.125,-0.203643078348257,0.121630262249917,-0.00364307834825695,-0.00336973775008258,0.0049625751738256,0.216299564630173,-0.0832714979949131,0.0301086124500479,0.233722588406355
-0.2,0.14,-0.203492654474544,0.13582431044141,-0.00349265447454426,-0.00417568955859001,0.00544380552263503,0.264203420076152,-0.10198395141187,0.047122141705734,0.287097269621829
-0.2,0.155,-0.20303660768889,0.150198135961566,-0.00303660768889034,-0.00480186403843363,0.00568145091502427,0.301449057045737,-0.115014866854839,0.0537850091392347,0.327097953818108
-0.2,0.17,-0.202342951858333,0.164755892405681,-0.00234295185833309,-0.00524410759431951,0.00574369984167575,0.327618120781994,-0.123141453452579,0.0521282074651404,0.353857596556055
-0.2,0.185,-0.201483659941755,0.179500158016268,-0.00148365994175541,-0.00549984198373189,0.00569644702150293,0.34244803776193,-0.12699483391408,0.0443981993481626,0.367926639003493
-0.2,0.2,-0.200533426788444,0.194431873290786,-0.000533426788443714,-0.00556812670921358,0.00559361950694602,0.3458444603085,-0.127032227063843,0.0329989493060943,0.36991212928905
-0.2,0.215,-0.199568320420984,0.209550319318823,0.000431679579015663,-0.00544968068117743,0.00546675102649989,0.337887994116962,-0.12351735400994,0.020426222407014,0.360336636820935
-0.2,0.23,-0.198664378073542,0.224853137787732,0.00133562192645847,-0.00514686221226778,0.00531733735646956,0.318834683231188,-0.116510398034202,0.00919732596146963,0.339580854056778
-0.2,0.245,-0.197896207336246,0.240336391561277,0.00210379266375362,-0.00466360843872279,0.00511616919596977,0.289110108335964,-0.105868171346019,0.00177982888568459,0.307889786046729
-0.2,0.26,-0.197335652330075,0.255994662729854,0.00266434766992536,-0.00400533727014589,0.00481055871535276,0.249297385901837,-0.0912544098109886,0.000522890113367776,0.265474958193796
-0.2,0.275,-0.197050579669492,0.271821183413867,0.00294942033050836,-0.00317881658613275,0.00433635275021403,0.20011974190497,-0.0721593882446761,0.00759459998979728,0.21286760787269
-0.2,0.29,-0.197103829976184,0.287807993244821,0.00289617002381577,-0.0021920067551791,0.00363217488863076,0.142418666734634,-0.047927412504978,0.0249282542833224,0.152320533843431
-0.2,0.305,-0.19755236874078,0.303946116590253,0.0024476312592199,-0.00105388340974717,0.00266487692444711,0.0771288919063946,-0.0177902597924841,0.054179767587428,0.0959208458733044
-0.2,0.32,-0.198446656749449,0.320225752216689,0.0015533432505509,0.00022575221668928,0.00156966216663719,0.00525155820136947,0.0190956524802288,0.0966976065711604,0.0987048749223465
-0.2,0.335,-0.199830246536318,0.336636468173711,0.000169753463682421,0.00163646817371144,0.00164524901519577,-0.0721730542972402,0.0636106736834035,0.153505732962024,0.181160991849013
-0.2,0.35,-0.201739598546979,0.353167395101872,-0.00173959854697892,0.00316739510187229,0.00361366778163347,-0.154091955809536,0.116634094197124,0.22529922337473,0.296829546859898
-0.18,0.05,-0.17902094279892,0.0519750920262905,0.000979057201079936,0.00197509202629052,0.00220443677961126,0.0128378262403118,0.0329185890534498,-0.136801204359573,0.141290562025276
-0.18,0.065,-0.18112519531773,0.0655082807094153,-0.00112519531772987,0.00050828070941529,0.00123467152822316,0.1018324088324,-0.0202136922220034,-0.0539503033864417,0.117000311258061
-0.18,0.08,-0.182665205787757,0.0791715788718539,-0.00266520578775722,-0.000828421128146059,0.00279098610828743,0.183953897190987,-0.0630445943926026,0.0113927393529397,0.194790883333868
-0.18,0.095,-0.183677697438273,0.0929739397259,-0.0036776974382729,-0.00202606027410002,0.00419885444874733,0.25832581814642,-0.0966912437021667,0.059740215935747,0.282224165114544
-0.18,0.11,-0.184206814136223,0.106923539266463,-0.00420681413622319,-0.00307646073353688,0.00521170757254487,0.324116164145538,-0.122317984863287,0.0919708996644538,0.358429968953338
-0.18,0.125,-0.184303909061849,0.121027604516622,-0.00430390906184866,-0.00397239548337841,0.00585692402964459,0.38056258360537,-0.141092893155703,0.109334084098633,0.420344880996103
-0.18,0.14,-0.184027100291725,0.135292254900591,-0.00402710029172498,-0.00470774509940896,0.00619519173881007,0.426997708541022,-0.154141184085114,0.113439643912038,0.467927684084709
-0.18,0.155,-0.183440588792474,0.149722363472682,-0.00344058879247371,-0.00527763652731784,0.00630008718617252,0.462873316405564,-0.162497964579372,0.10623315328391,0.501940623688413
-0.18,0.17,-0.182613748263619,0.164321444068962,-0.00261374826361912,-0.00567855593103809,0.00625121407788118,0.487781944548114,-0.167063082751148,0.0899560351841639,0.523388280527489
-0.18,0.185,-0.181620010955618,0.179091569507785,-0.00162001095561818,-0.00590843049221478,0.00612649870461557,0.501474604668605,-0.168560919597313,0.0670917228163252,0.533285022394895
-0.18,0.2,-0.180535587673218,0.194033324541147,-0.00053558767321825,-0.00596667545885304,0.00599066525412516,0.503873397303625,-0.167507802807342,0.0402998793694176,0.532516089965349
-0.18,0.215,-0.179438072338965,0.209145795574165,0.000561927661035078,-0.00585420442583463,0.00588111147281687,0.495078097549827,-0.164189294124557,0.0123416607885314,0.521741932949779
-0.18,0.23,-0.178404990121721,0.224426597453774,0.00159500987827944,-0.00557340254622597,0.00579714347365038,0.475366158196034,-0.158648944074098,-0.0140002467242182,0.501338291298507
-0.18,0.245,-0.177512352434602,0.239871935705329,0.00248764756539808,-0.00512806429467146,0.00569959944381316,0.445186007260069,-0.150689276806828,-0.0360026370802763,0.471375945869393
-0.18,0.26,-0.176833281460756,0.255476701097055,0.00316671853924419,-0.00452329890294483,0.00552162469497653,0.405143979094688,-0.139884859922501,-0.051079581882404,0.431647336083889
-0.18,0.275,-0.176436761375309,0.27123459195036,0.00356323862469078,-0.00376540804963997,0.00518410718222354,0.355985638529343,-0.125606421537489,-0.0568530267991551,0.381753262949097
-0.18,0.29,-0.176386563740491,0.287138258614614,0.00361343625950947,-0.00286174138538643,0.00460939099647353,0.29857261290544,-0.107054204939599,-0.0512128120824051,0.321293060305569
-0.18,0.305,-0.176740381835838,0.303179463967477,0.00325961816416218,-0.00182053603252341,0.00373355889492212,0.23385629165718,-0.083298174086008,-0.0323636011598863,0.25034946244827
-0.18,0.32,-0.177549194342886,0.319349253519726,0.00245080565711406,-0.000650746480273814,0.00253572856404841,0.162849867255336,-0.0533223514527772,0.00114278019066357,0.171361256602958
-0.18,0.335,-0.178856864280116,0.335638128928595,0.00114313571988436,0.000638128928594786,0.00130918593163274,0.086600185947276,-0.0160705003019317,0.050390044640317,0.101474196111692
-0.18,0.35,-0.18069996573743,0.352036219179507,-0.00069996573743028,0.00203621917950708,0.00215316989124612,0.00616074201585652,0.0295094686127395,0.116094650235677,0.119944722885597
-0.16,0.05,-0.160092663479084,0.0510707784678045,-9.26634790837932e-05,0.00107077846780451,0.00107478046477859,0.149256010281477,-0.0390549948911336,-0.0168344755282981,0.155196854105029
-0.16,0.065,-0.162112845846267,0.0647402876493956,-0.00211284584626692,-0.000259712350604416,0.00212874800649204,0.234749955203645,-0.083631972724707,0.0600012920825372,0.256324234050224
-0.16,0.08,-0.163561141765549,0.0785296876784549,-0.00356114176554917,-0.00147031232154506,0.00385273266620277,0.313524183361572,-0.118094305358892,0.117865044433982,0.355156657111306
-0.16,0.095,-0.164474735101282,0.0924468370059482,-0.00447473510128207,-0.00255316299405177,0.00515188271419695,0.384731062001113,-0.143737212865107,0.157291040817666,0.43979517690467
-0.16,0.11,-0.16489841156702,0.106498849581199,-0.00489841156702019,-0.00350115041880064,0.00602100408029965,0.44756680048644,-0.161907470653703,0.179218533185925,0.508577477712486
-0.16,0.125,-0.164884345930389,0.120691946265613,-0.00488434593038878,-0.00430805373438738,0.00651276916112297,0.501296626208917,-0.173953145879273,0.184997607646373,0.561947195568953
-0.16,0.14,-0.164491647707165,0.135031320360943,-0.00449164770716473,-0.00496867963905709,0.00669796062102926,0.545280134983041,-0.181169577559602,0.176379181452287,0.601053882876731
-0.16,0.155,-0.163785660588581,0.149521022861607,-0.0037856605885809,-0.00547897713839315,0.00665961084260706,0.578995479325739,-0.184744489445287,0.155487970686165,0.627333031205488
-0.16,0.17,-0.162837025230293,0.164163872504953,-0.00283702523029308,-0.00583612749504707,0.00648915220161801,0.602060954021633,-0.185705506067994,0.124778306394383,0.642291112537277
-0.16,0.185,-0.161720530500315,0.17896139451292,-0.00172053050031533,-0.00603860548708028,0.00627893155171414,0.614252575273862,-0.184873466263078,0.0869738940834419,0.647343294322983
-0.16,0.2,-0.160513793087695,0.193913790565355,-0.000513793087695389,-0.00608620943464472,0.00610785794033571,0.615516409681134,-0.182824735356676,0.0449938524696575,0.643672384558945
-0.16,0.215,-0.159295818086531,0.209019941076067,0.000704181913469392,-0.0059800589239334,0.00602137666160928,0.605974697917857,-0.17986520158581,0.00186849117730355,0.632111041846899
-0.16,0.23,-0.158145502202051,0.224277439211594,0.00185449779794872,-0.00572256078840647,0.00601555184996388,0.585925216565229,-0.176017841638713,-0.0393508262962794,0.613060122088496
-0.16,0.245,-0.157140145668889,0.239682654665028,0.00285985433111095,-0.00531734533497163,0.00603762604063209,0.555833786296333,-0.171024730496701,-0.0756828725792535,0.586456781323141
-0.16,0.26,-0.156354038167513,0.255230823850445,0.00364596183248707,-0.00476917614955531,0.00600317239711136,0.516320316865676,-0.164363264975117,-0.104303844622041,0.551800324309595
-0.16,0.275,-0.15585717809917,0.270916162259185,0.00414282190082969,-0.00408383774081476,0.00581727633822712,0.468139228362876,-0.155275295035481,-0.122626141790984,0.508235790475672
-0.16,0.29,-0.155714174314913,0.286731993995903,0.00428582568508674,-0.00326800600409669,0.00538963496405473,0.412155451595325,-0.142806933137644,-0.12836477158683,0.454691693396942
-0.16,0.305,-0.155983365921366,0.30267089320621,0.00401663407863359,-0.00232910679379013,0.00464306878890676,0.349317450066251,-0.125856135978381,-0.119588563129475,0.390082632366278
-0.16,0.32,-0.15671618068299,0.318724832081947,0.00328381931700999,-0.00127516791805346,0.00352271522067862,0.280628819275952,-0.103224786149532,-0.0947545725733415,0.313666328175676
-0.16,0.335,-0.157956737339391,0.334885330402509,0.00204326266060947,-0.000114669597491221,0.00204647780755856,0.207119973178247,-0.0736719505674998,-0.0527253130246598,0.226066946998365
-0.16,0.35,-0.15974168323026,0.35114360204305,0.000258316769739891,0.00114360204304979,0.00117241340251488,0.129821284147275,-0.0359652376869765,0.00723042640704661,0.134904972529817
-0.14,0.05,-0.141038391737817,0.0503834954167792,-0.00103839173781728,0.00038349541677922,0.00110694450441648,0.248031262176733,-0.0901781138869087,0.0964607397533028,0.280991871425977
-0.14,0.065,-0.142981990156055,0.06419581398395,-0.00298199015605466,-0.000804186016050007,0.00308852399039044,0.328263435207613,-0.126094188925513,0.1675736498885,0.389535800641959
-0.14,0.08,-0.144346881246418,0.078117417552442,-0.00434688124641844,-0.00188258244755803,0.00473703422431355,0.402021366660126,-0.152098178560491,0.218287723674341,0.48208498895298
-0.14,0.095,-0.145170681541514,0.0921549902881199,-0.00517068154151412,-0.00284500971188009,0.00590169703258706,0.468511937275705,-0.169666069634503,0.249156328263989,0.557109802271295
-0.14,0.11,-0.145498774648422,0.106314505603048,-0.00549877464842155,-0.00368549439695169,0.006619621710044,0.526985129710815,-0.180330054028352,0.261176239358418,0.615182021042632
-0.14,0.125,-0.145384096627568,0.120601103070618,-0.00538409662756821,-0.00439889692938242,0.00695261035081943,0.576758391957917,-0.185621246933757,0.25579543956413,0.657678908118193
-0.14,0.14,-0.144886672232324,0.135018980409213,-0.00488667223232381,-0.0049810195907873,0.00697783072809676,0.617241180398161,-0.18700794366021,0.234903173498979,0.686399141527065
-0.14,0.155,-0.144072896751023,0.149571305229817,-0.00407289675102256,-0.00542869477018278,0.00678669395599212,0.647958328422903,-0.18583276453923,0.200800808974844,0.703356942987208
-0.14,0.17,-0.143014573447808,0.164260150213091,-0.00301457344780812,-0.00573984978690949,0.00648332697374694,0.668570808226731,-0.183252517537903,0.156153294237839,0.710604485464714
-0.14,0.185,-0.141787732565717,0.179086454358665,-0.00178773256571713,-0.00591354564133471,0.00617786449986355,0.67889247349289,-0.180184761161731,0.10392240667752,0.710047785528986
-0.14,0.2,-0.140471273431343,0.1940500115653,-0.000471273431342822,-0.00594998843470014,0.00596862304222298,0.678901541822139,-0.17726483019768,0.0472844348141526,0.703258238784318
-0.14,0.215,-0.139145484337244,0.209149486495974,0.000854515662755916,-0.00585051350402599,0.00591258871211973,0.668745877906837,-0.174816476174664,-0.0104637428487421,0.69130104655451
-0.14,0.23,-0.137890504392956,0.224382456281661,0.00210949560704411,-0.00561754371833936,0.0060005640687849,0.648741544741064,-0.172838314969048,-0.0660051907090802,0.674611456900844
-0.14,0.245,-0.136784795979336,0.239745475593355,0.00321520402066368,-0.00525452440664465,0.00616015938385657,0.619364577463603,-0.171007068409134,-0.116104472657368,0.652947746695499
-0.14,0.26,-0.135903695532493,0.255234161657273,0.0040963044675074,-0.0047658383427273,0.00628433969479139,0.581236421582085,-0.168697264580938,-0.157704545999153,0.625435170799975
-0.14,0.275,-0.135318104052271,0.270843295261047,0.00468189594772911,-0.00415670473895295,0.00626085808433606,0.535103933564165,-0.165015786115702,-0.188013742772997,0.590693395338087
-0.14,0.29,-0.13509336787127,0.286566933480181,0.0049066321287298,-0.00343306651981944,0.00598840417608804,0.481815201432999,-0.158848571027611,-0.204578476534516,0.547022287363106
-0.14,0.305,-0.135288386042661,0.302398529837725,0.00471161395733929,-0.0026014701622751,0.00538209560377759,0.422292674488039,-0.148915994470006,-0.205338549797313,0.492617997307794
-0.14,0.32,-0.135954964918628,0.318331057815102,0.00404503508137227,-0.00166894218489795,0.00437580584876253,0.357505174675525,-0.133833058235328,-0.188663358271789,0.425812088469316
-0.14,0.335,-0.137137424605863,0.334357133982329,0.00286257539413742,-0.000642866017670995,0.00293387365164166,0.28844030518202,-0.112170499822284,-0.15336872604238,0.345401734381039
-0.14,0.35,-0.138872447581227,0.350469137470533,0.00112755241877285,0.000469137470533079,0.00122125526542926,0.216078592768056,-0.0825132634497097,-0.098715411939665,0.251482068912946
-0.12,0.05,-0.121855809102189,0.0498917268442683,-0.00185580910218894,-0.000108273155731697,0.00185896490015799,0.309097905506509,-0.123592661066984,0.200772618478112,0.388750414994132
-0.12,0.065,-0.123730698570286,0.0638526953200508,-0.00373069857028641,-0.00114730467994918,0.00390312949451723,0.382254753763331,-0.15103643144215,0.266570879308836,0.489889983728331
-0.12,0.08,-0.125020939882059,0.0779119899146042,-0.00502093988205937,-0.00208801008539576,0.00543779582330642,0.449276103004924,-0.168779553513492,0.310616935873553,0.571682732518289
-0.12,0.095,-0.125764551975433,0.0920750485696948,-0.00576455197543302,-0.00292495143030516,0.00646416277232504,0.509451087442427,-0.178475506476517,0.333480688648556,0.634513515444153
-0.12,0.11,-0.126007468161928,0.106346633327052,-0.00600746816192754,-0.00365336667294848,0.00703112805768632,0.562111192558666,-0.181838682532593,0.33621265788753,0.679763687348394
-0.12,0.125,-0.125803319439366,0.120730734727727,-0.00580331943936575,-0.00426926527227267,0.00720452236309624,0.606652910212175,-0.180580084011214,0.320353812992827,0.709415192360677
-0.12,0.14,-0.125212961606534,0.135230492512789,-0.00521296160653442,-0.00476950748721085,0.00706563304890385,0.642560497853059,-0.1763378187226,0.2879257607056,0.725870036873029
-0.12,0.155,-0.124303740763612,0.149848135965566,-0.00430374076361187,-0.00515186403443413,0.00671296414333269,0.669427554523919,-0.170606228840083,0.241399588186939,0.731792851238159
-0.12,0.17,-0.123148507371689,0.164584946275279,-0.00314850737168856,-0.00541505372472074,0.00626385707940317,0.686976027543405,-0.164668051477093,0.183643042828821,0.729920271275784
-0.12,0.185,-0.121824405758111,0.179441242064244,-0.00182440575811083,-0.00555875793575604,0.00585049110404919,0.695071301771953,-0.159534205859575,0.117847343051298,0.722821003451163
-0.12,0.2,-0.120411482051774,0.194416387984615,-0.00041148205177356,-0.00558361201538461,0.0055987534878113,0.693732192410167,-0.155895551090128,0.0474365794773469,0.712618097616091
-0.12,0.215,-0.118991167224886,0.209508825049701,0.00100883277511377,-0.00549117495029942,0.00558307674163087,0.683134963733178,-0.154090244593362,-0.0240358243381461,0.700714651473125
-0.12,0.23,-0.117644701674503,0.224716120393903,0.00235529832549747,-0.00528387960609714,0.00578505089811839,0.6636109071797,-0.154089208003628,-0.0929979336981445,0.687587965106175
-0.12,0.245,-0.116451572341035,0.24003503341626,0.00354842765896464,-0.00496496658373993,0.00610264139767031,0.635637487434919,-0.155500789151755,-0.155971078925872,0.672716646950964
-0.12,0.26,-0.115488032302283,0.255461594820077,0.004511967697717,-0.00453840517992281,0.00639960733814129,0.599823547331637,-0.157594162629794,-0.20967616095941,0.654670118047312
-0.12,0.275,-0.114825766031375,0.270991194969429,0.00517423396862536,-0.00400880503057072,0.00654547285802986,0.556889499766298,-0.159339525727531,-0.25112858732832,0.631335568171905
-0.12,0.29,-0.11453075212012,0.286618678086003,0.0054692478798801,-0.00338132191399705,0.00643008633360779,0.507643774632018,-0.159461897748462,-0.277716986196884,0.600216892293251
-0.12,0.305,-0.114662360464056,0.302338439131949,0.0053376395359441,-0.00266156086805121,0.00596441967587921,0.45295699348757,-0.156504454942562,-0.287262287605921,0.558735875202927
-0.12,0.32,-0.115272704416211,0.318144520650597,0.00472729558378873,-0.00185547934940336,0.00507839808921778,0.393735403825375,-0.148896906294148,-0.278055399003603,0.504494109184989
-0.12,0.335,-0.1164062519968,0.334030707264493,0.00359374800320017,-0.000969292735506777,0.00372217048475905,0.33089502269003,-0.13502444386249,-0.248873343998757,0.435501975845751
-0.12,0.35,-0.118099685368745,0.34999061599634,0.00190031463125512,-9.38400365972647e-06,0.0019003378008362,0.265337740990146,-0.113293230717391,-0.198975202802538,0.350472519953203
-0.1,0.05,-0.10254320084345,0.0495723466343824,-0.00254320084345042,-0.000427653365617578,0.00257890634402472,0.3337269684091,-0.142795964766983,0.293757943612691,0.466968214627325
-0.1,0.065,-0.104357624577713,0.0636870708718986,-0.00435762457771285,-0.00131292912810138,0.00455111797866241,0.398022041434766,-0.162280412542583,0.354764299952776,0.557329916178992
-0.1,0.08,-0.105582390271486,0.0778888465514908,-0.00558239027148638,-0.00211115344850922,0.00596825351558881,0.456611857212883,-0.172277322618576,0.392776952677108,0.626459502516897
-0.1,0.095,-0.10625588659173,0.0921818025153815,-0.00625588659173007,-0.00281819748461853,0.00686136678154566,0.508896275398764,-0.174607567216254,0.408380281310458,0.675457592908717
-0.1,0.11,-0.106424544291507,0.106569427651972,-0.00642454429150657,-0.0034305723480277,0.00728310345859387,0.554316840101553,-0.17115736281057,0.402674069799532,0.706197367690263
-0.1,0.125,-0.106142617011419,0.12105450466148,-0.00614261701141919,-0.00394549533851962,0.00730059430562036,0.592376746513545,-0.163807216620905,0.377285303210572,0.721175485259543
-0.1,0.14,-0.105471699802515,0.135639061321503,-0.00547169980251498,-0.00436093867849716,0.00699694825523635,0.622660770509625,-0.154354950746175,0.334358524476447,0.723418593321759
-0.1,0.155,-0.104479979635549,0.15032434131404,-0.00447997963554948,-0.00467565868596005,0.00647549238919573,0.644853981796235,-0.144437107598245,0.276522774825516,0.716359034126954
-0.1,0.17,-0.10324122833319,0.165110795542676,-0.00324122833318963,-0.0048892044573237,0.00586599363564138,0.65875798280509,-0.135453701166239,0.206834699486993,0.703631011457252
-0.1,0.185,-0.101833565712304,0.179998093439269,-0.00183356571230392,-0.00500190656073142,0.00532738514316588,0.664303457859268,-0.128501513055161,0.128699212728391,0.68875316538871
-0.1,0.2,-0.100338037171564,0.194985152743063,-0.000338037171564046,-0.00501484725693681,0.00502622742618812,0.661557983632571,-0.124320849625275,0.0457709831215945,0.674696140851153
-0.1,0.215,-0.0988370642360078,0.210070185053358,0.00116293576399217,-0.00492981494664244,0.00506512536856801,0.650728347519911,-0.123259860621543,-0.0381582828791976,0.663401346694229
-0.1,0.23,-0.0974128364743458,0.225250753896819,0.0025871635256542,-0.00474924610318135,0.00540821168752285,0.63215700743466,-0.125259226026709,-0.119280457086883,0.655396724811136
-0.1,0.245,-0.0961457179158238,0.240523841697708,0.00385428208417619,-0.00447615830229171,0.00590690134770987,0.60631277295129,-0.129858387717494,-0.19389244594082,0.649674674243778
-0.1,0.26,-0.0951127397738833,0.255885922109488,0.00488726022611669,-0.00411407789051163,0.00638834480964974,0.573776234041993,-0.136222730020129,-0.258511350872358,0.643900831714289
-0.1,0.275,-0.0943862442904024,0.271333034548376,0.00561375570959756,-0.00366696545162369,0.00670528812135921,0.535220862091955,-0.143189420055029,-0.309976805767305,0.634865596138059
-0.1,0.29,-0.0940327325289725,0.2868608583418,0.00596726747102747,-0.00313914165820045,0.00674258788752746,0.491391002062337,-0.149328209713173,-0.345535181031557,0.619001065640561
-0.1,0.305,-0.0941119536095905,0.302464784567877,0.00588804639040952,-0.00253521543212254,0.0064106479846336,0.443078143791896,-0.153012533760488,-0.362901984887978,0.592817056734037
-0.1,0.32,-0.0946762557951445,0.318139984316967,0.00532374420485554,-0.001860015683033,0.00563931828325567,0.391096886231575,-0.152495794338191,-0.360300648187141,0.553200394246294
-0.1,0.335,-0.0957702029053995,0.333881472648055,0.0042297970946005,-0.00111852735194516,0.0043751899271392,0.336261906266442,-0.145987803262692,-0.336477717188263,0.497597546962152
-0.1,0.35,-0.0974304442666771,0.349684167902228,0.00256955573332293,-0.00031583209777182,0.00258889292567995,0.279367034673604,-0.131726888118036,-0.290696101290198,0.424149688200552
-0.08,0.05,-0.0830994765883227,0.0494007827251988,-0.00309947658832266,-0.000599217274801167,0.00315686814168416,0.324629849185141,-0.151430945973553,0.373150048881887,0.517260714332239
-0.08,0.065,-0.0848620202911977,0.0636735558735188,-0.00486202029119767,-0.00132644412648117,0.00503971183032267,0.37839521016572,-0.163804718206014,0.42999662463124,0.595747610616325
-0.08,0.08,-0.0860308712318511,0.0780218300682015,-0.00603087123185106,-0.0019781699317985,0.0063470122179054,0.426972228692502,-0.166898525430802,0.462758635170596,0.651391223867062
-0.08,0.095,-0.0866447527320729,0.0924483724709005,-0.00664475273207293,-0.00255162752909946,0.00711783266996696,0.469899037567479,-0.162683231810849,0.472033585917417,0.685632740849839
-0.08,0.11,-0.0867505366974598,0.10695534749335,-0.00675053669745976,-0.00304465250664954,0.00740538011110829,0.506754901408728,-0.153198797483085,0.45896544625432,0.700660973951268
-0.08,0.125,-0.0864030215584266,0.121544281410935,-0.00640302155842656,-0.00345571858906496,0.007276034362514,0.537176511459837,-0.140477062564597,0.425258221319799,0.699387616365072
-0.08,0.14,-0.0856644427121149,0.136216045757234,-0.00566444271211486,-0.0037839542427664,0.00681206436773618,0.560874021249569,-0.126457951439088,0.373166439955311,0.685441519403542
-0.08,0.155,-0.0846037095706565,0.150970860202923,-0.00460370957065653,-0.00402913979707722,0.00611785169118589,0.577645812175478,-0.112903839326049,0.305460335486379,0.66312358299193
-0.08,0.17,-0.0832953799471336,0.165808314181874,-0.00329537994713359,-0.00419168581812585,0.00533195639459359,0.58739093945158,-0.101317576030504,0.225365218205808,0.637249585831869
-0.08,0.185,-0.0818184002635189,0.18072740524544,-0.00181840026351893,-0.00427259475455993,0.00464345189003383,0.590118246021229,-0.0928699258610801,0.136476514774577,0.612775477341468
-0.08,0.2,-0.0802546570835531,0.195726590887082,-0.000254657083553128,-0.0042734091129179,0.00428099003462675,0.585951308445996,-0.0883418740626139,0.0426540349339459,0.594109208671085
-0.08,0.215,-0.0786873999565019,0.210803849887781,0.00131260004349809,-0.00419615011221872,0.00439665721184451,0.575128639109369,-0.0880863293259952,-0.0520990911246112,0.584165579534108
-0.08,0.23,-0.077199605766307,0.22595674883289,0.00280039423369304,-0.00404325116711007,0.00491834198327426,0.557998919728727,-0.0920122977797231,-0.143765895102444,0.583524320893606
-0.08,0.245,-0.0758723594766195,0.24118250965173,0.00412764052338048,-0.00381749034826989,0.00562233482188552,0.53501143096575,-0.0995927708016792,-0.228445741856141,0.590208851632354
-0.08,0.26,-0.0747833247045585,0.256478074579751,0.00521667529544149,-0.00352192542024934,0.00629425609614576,0.506702222485129,-0.109895582296566,-0.302477392427937,0.600266649013955
-0.08,0.275,-0.074005370237555,0.271840165867438,0.00599462976244497,-0.00315983413256191,0.0067764399011645,0.473676900188488,-0.12163460518287,-0.362547872302191,0.608776830438391
-0.08,0.29,-0.073605406154393,0.287265338605019,0.00639459384560698,-0.00273466139498144,0.00695479714984387,0.436591137493283,-0.133237101783238,-0.405781419936519,0.610758577209422
-0.08,0.305,-0.0736434674115626,0.302750026038491,0.00635653258843741,-0.00224997396150872,0.00674298816366557,0.396130134937507,-0.142921996991252,-0.42980463511398,0.601731778616015
-0.08,0.32,-0.0741720651344125,0.318290577695936,0.00582793486558747,-0.00170942230406382,0.00607346271999433,0.352988245458302,-0.148783391860615,-0.432785998236243,0.577965182300739
-0.08,0.335,-0.0752358085220375,0.333883291208071,0.0047641914779625,-0.00111670879192929,0.00489331778700942,0.307849858538926,-0.148873772937553,-0.413449949497496,0.536542542708195
-0.08,0.35,-0.0768712846486267,0.349524439128021,0.00312871535137327,-0.000475560871979336,0.0031646513066808,0.261372436346345,-0.14128201541231,-0.371067481109394,0.475361473077733
-0.06,0.05,-0.0635241819218151,0.0493512101970687,-0.00352418192181511,-0.000648789802931288,0.00358340430686185,0.285973095834992,-0.15303870198722,0.436879044538339,0.544120373187879
-0.06,0.065,-0.0652437428870327,0.0637854452346447,-0.00524374288703269,-0.00121455476535529,0.005382562841561,0.327755925928936,-0.159473848488123,0.490298492922073,0.610943535866338
-0.06,0.08,-0.066366588174138,0.07828339772776,-0.00636658817413802,-0.00171660227223996,0.00659394937348881,0.364946143276433,-0.156824039087664,0.518729967174569,0.653348965719845
-0.06,0.095,-0.0669317382537586,0.0928464320665345,-0.00693173825375856,-0.00215356793346547,0.00725857080027952,0.397244911143801,-0.147185478610955,0.522783501946782,0.672885486869612
-0.06,0.11,-0.0669864461099023,0.107475348458143,-0.00698644610990229,-0.00252465154185672,0.0074286132389813,0.424394041631154,-0.132726122760856,0.503641665688836,0.671853128129513
-0.06,0.125,-0.0665859719445326,0.122170379559573,-0.00658597194453259,-0.00282962044042723,0.00716810841791989,0.446187701393441,-0.115603209393387,0.463074563608896,0.653368383335875
-0.06,0.14,-0.0657930861393523,0.136931207214342,-0.00579308613935225,-0.00306879278565778,0.00655571019640591,0.462483557079468,-0.0978736710536798,0.403430347189193,0.621474156997215
-0.06,0.155,-0.0646772945490418,0.151756998486698,-0.00467729454904181,-0.0032430015133017,0.00569158529003769,0.473212588789433,-0.0814025560454446,0.327598812379376,0.581274814686148
-0.06,0.17,-0.0633137971121045,0.166646458682673,-0.00331379711210451,-0.00335354131732662,0.00471460397777046,0.478386787179992,-0.0677754077647068,0.238947502285551,0.53902270433273
-0.06,0.185,-0.0617822089590819,0.181597897538088,-0.00178220895908187,-0.00340210246191203,0.00384064707245791,0.478104017515047,-0.0582208490886318,0.141231890987896,0.501917500081249
-0.06,0.2,-0.0601650905216643,0.196609303745674,-0.000165090521664256,-0.00339069625432614,0.0033947129435999,0.47254948761757,-0.0535492738085235,0.0384834590536145,0.477129788608522
-0.06,0.215,-0.0585463479029699,0.211678422405374,0.0014536520970301,-0.00332157759462595,0.00362573884006021,0.46199348335551,-0.0541125362260904,-0.0651184785288146,0.469689042776235
-0.06,0.23,-0.0570095751554781,0.226802830029691,0.00299042484452189,-0.00319716997030947,0.00437773189788758,0.446785323339545,-0.0597879299420088,-0.165383755422558,0.480150869515739
-0.06,0.245,-0.0556364147698666,0.241980002373536,0.00436358523013344,-0.00301999762646435,0.00530671854581426,0.427343788761782,-0.0699877346123728,-0.258248837816306,0.504197480673136
-0.06,0.26,-0.0545050111215488,0.257207371467948,0.00549498887845123,-0.00279262853205173,0.00616390110987613,0.404144572258053,-0.083693437253795,-0.339906454133696,0.534673637701277
-0.06,0.275,-0.0536886239446656,0.27248236970546,0.00631137605533436,-0.00251763029454002,0.00679499301043302,0.377705526713333,-0.0995116826579855,-0.406919806100181,0.564048169862035
-0.06,0.29,-0.0532544561734727,0.287802460328576,0.00674554382652734,-0.0021975396714235,0.00709447264587589,0.348570642944027,-0.115747332934422,-0.456315309550067,0.585769228115495
-0.06,0.305,-0.0532627341750316,0.303165155111288,0.00673726582496842,-0.00183484488871172,0.00698265039665591,0.317293740683642,-0.130487908735014,-0.485649816442623,0.594610233381876
-0.06,0.32,-0.0537660604417191,0.318568021147979,0.00623393955828086,-0.00143197885202104,0.00639629313344334,0.284422812095173,-0.141693236678095,-0.493050503641063,0.586579162379076
-0.06,0.335,-0.0548090410944572,0.334008679371012,0.00519095890554283,-0.000991320628988213,0.00528476782351808,0.250485824618251,-0.147284323361252,-0.477227778859408,0.558734863001249
-0.06,0.35,-0.0564281746941013,0.349484797730835,0.0035718253058987,-0.000515202269165183,0.00360879057220162,0.215978606037216,-0.14522621780719,-0.437463433708863,0.509031799361173
-0.04,0.05,-0.0438175007142843,0.0493967701541346,-0.00381750071428427,-0.000603229845865416,0.00386486713232211,0.223287966251167,-0.15079483828306,0.483194643239845,0.553241394406803
-0.04,0.065,-0.045503251869493,0.0639949449625713,-0.00550325186949305,-0.00100505503742868,0.0055942753567678,0.251943610326106,-0.15274857322883,0.534007839792904,0.609898019953363
-0.04,0.08,-0.0465903045222289,0.078644865134608,-0.00659030452222892,-0.00135513486539199,0.00672818728924158,0.276670446415166,-0.145793096587667,0.559149473714033,0.640667287692694
-0.04,0.095,-0.0471179363608785,0.0933464635808199,-0.00711793636087849,-0.00165353641918012,0.00730747567406632,0.297352747125664,-0.132118726002395,0.559242185322905,0.647016448421134
-0.04,0.11,-0.0471337178609121,0.108099149117932,-0.00713371786091213,-0.00190085088206823,0.00738262586042096,0.313914890091828,-0.113988712335256,0.535501083612563,0.631111259953702
-0.04,0.125,-0.0466932833502914,0.122901835937491,-0.00669328335029136,-0.00209816406250871,0.00701443757121628,0.326327702930616,-0.0936527294848602,0.489749696311161,0.595918257581707
-0.04,0.14,-0.0458598271911208,0.137752994434627,-0.00585982719112077,-0.00224700556537252,0.00627587513583671,0.334613886360261,-0.0732528784552005,0.424410331769806,0.545397848311628
-0.04,0.155,-0.0447033191416788,0.15265072114505,-0.00470331914167879,-0.00234927885495004,0.0052574064030468,0.338852036595668,-0.0547276354154811,0.342466289543372,0.484871508057548
-0.04,0.17,-0.0432994502319192,0.167592823732011,-0.00329945023191923,-0.00240717626798895,0.00408422200891199,0.339178817614306,-0.0397200489990056,0.247395296059312,0.421693239019942
-0.04,0.185,-0.0417283388608071,0.182576915489924,-0.0017283388608071,-0.00242308451007633,0.00297632218698646,0.335788919048605,-0.0294968039987442,0.143075822072447,0.36619039708973
-0.04,0.2,-0.0400730444482331,0.197600512850808,-7.30444482330796e-05,-0.00239948714919219,0.00240059869002633,0.328932573270525,-0.0248843940384084,0.03367031231305,0.331586893032581
-0.04,0.215,-0.0384179509141985,0.212661129043257,0.00158204908580146,-0.00233887095674254,0.00282368494385953,0.318910582716806,-0.0262275563122852,-0.0765084816327897,0.329007127090251
-0.04,0.23,-0.0368470927098531,0.227756357487553,0.00315290729014694,-0.00224364251244691,0.00386972300092924,0.306067009425624,-0.033373403601062,-0.183140212600052,0.358233937336735
-0.04,0.245,-0.0354425007811421,0.242883939633311,0.00455749921885794,-0.00211606036668915,0.00502478960806951,0.290779877606234,-0.0456825355326976,-0.282039937429658,0.407660469823775
-0.04,0.26,-0.0342826441210666,0.258041813624096,0.00571735587893339,-0.00195818637590392,0.0060433973995717,0.273450410351583,-0.062066095350298,-0.369292621869162,0.463686899912692
-0.04,0.275,-0.0334410346839492,0.27322814216409,0.00655896531605078,-0.00177185783591002,0.00679407876079111,0.254491438071914,-0.0810455620477371,-0.441371237829223,0.515892084487024
-0.04,0.29,-0.0329850503783474,0.288441319999912,0.00701494962165264,-0.00155868000008846,0.00718602821710298,0.234315673223416,-0.100830307479608,-0.495232163387819,0.55707084460892
-0.04,0.305,-0.032975014244529,0.303679963212632,0.00702498575547103,-0.0013200367873677,0.00714793130804815,0.213324524525451,-0.119406802352153,-0.5283837375622,0.582200676602146
-0.04,0.32,-0.0334635496355838,0.318942883907539,0.00653645036441625,-0.00105711609246109,0.00662138035453466,0.191898044193058,-0.134632917240896,-0.538926181796978,0.587703445232593
-0.04,0.335,-0.0344952132790967,0.334229054672746,0.00550478672090329,-0.000770945327253747,0.00555851001080754,0.170386471547978,-0.144331016149774,-0.52556338993208,0.571036398050868
-0.04,0.35,-0.0361063920494918,0.349537567424192,0.00389360795050825,-0.000462432575807942,0.00392097268027073,0.149103676021876,-0.14637436174555,-0.48758903974002,0.530473789928669
-0.02,0.05,-0.0239802480792968,0.0495098103328431,-0.00398024807929678,-0.000490189667156887,0.00401031927438865,0.143269233531214,-0.147256761669661,0.510779768281044,0.550553295368215
-0.02,0.065,-0.0256415972788887,0.0642734270615709,-0.00564159727888872,-0.000726572938429093,0.0056881919879714,0.158040923917238,-0.146407894494721,0.559880379717478,0.599901268950114
-0.02,0.08,-0.0267033245065979,0.0790766750333249,-0.00670332450659786,-0.000923324966675104,0.00676661572980474,0.16960231479526,-0.136800040063708,0.58287117648736,0.622271492776562
-0.02,0.095,-0.0272049223912394,0.0939180400363036,-0.00720492239123938,-0.00108195996369642,0.00728570820351903,0.178034501259331,-0.120681130909462,0.580387920786446,0.618962101798419
-0.02,0.11,-0.0271942121329815,0.108795525556161,-0.00719421213298152,-0.00120447444383942,0.00729434348657923,0.183457875045243,-0.100371471420057,0.553671712746093,0.591850238159068
-0.02,0.125,-0.0267271105651872,0.123706715462013,-0.00672711056518716,-0.00129328453798747,0.00685029936954949,0.186032553171854,-0.0781746481841259,0.504585297908291,0.543440818619878
-0.02,0.14,-0.0258671203012374,0.138648859296279,-0.0058671203012374,-0.00135114070372067,0.00602068782037757,0.185957496605365,-0.0562808006429389,0.435603067718491,0.476968621064275
-0.02,0.155,-0.0246845371713193,0.153618976342221,-0.00468453717131925,-0.0013810236577792,0.00488386269798995,0.183468168260982,-0.0366678803563969,0.349772110984794,0.39666895556609
-0.02,0.17,-0.0232553865628017,0.168613972741131,-0.00325538656280173,-0.00138602725886894,0.00353816523576809,0.178832663346455,-0.0210074308446974,0.250643691658723,0.308617763714771
-0.02,0.185,-0.0216601188300456,0.183630764360129,-0.00166011883004557,-0.00136923563987096,0.00215192954516748,0.172346346711478,-0.0105817319738279,0.142176889037709,0.223672903116789
-0.02,0.2,-0.0199821117287528,0.198666397222081,1.7888271247214e-05,-0.00133360277791944,0.00133372274462223,0.164325148369626,-0.00621874893307984,0.0286185893497621,0.166914560732606
-0.02,0.215,-0.0183060428464143,0.213718157223317,0.00169395715358572,-0.00128184277668286,0.00212429087987456,0.155097783687949,-0.0082501787218312,-0.0856337494105485,0.177359950692757
-0.02,0.23,-0.0167162054744097,0.228783661695508,0.00328379452559025,-0.00121633830449214,0.00350182600328333,0.144997264960346,-0.0164960885340521,-0.19617843440534,0.244504389804252
-0.02,0.245,-0.0152948459803059,0.243860926968032,0.00470515401969406,-0.00113907303196781,0.00484107030740098,0.134352146202075,-0.0302773959608644,-0.298755935722193,0.328972075309627
-0.02,0.26,-0.0141205988839097,0.258948408335541,0.00587940111609032,-0.0010515916644587,0.00597270479034777,0.123477973219224,-0.0484550365049764,-0.389386301385377,0.411360084376765
-0.02,0.275,-0.0132670877776828,0.274045011372811,0.00673291222231719,-0.000954988627188624,0.00680030221912878,0.112669402140756,-0.0694924161092308,-0.464489474462651,0.482985965981715
-0.02,0.29,-0.0128017469483252,0.289150076056306,0.00719825305167476,-0.000849923943693931,0.00724825618380099,0.102193393062275,-0.0915359407849983,-0.520982096307591,0.538745581145056
-0.02,0.305,-0.0127849017443768,0.304263337335581,0.00721509825562316,-0.000736662664418575,0.00725260744280598,0.0922837932551468,-0.112507256923001,-0.556346609795548,0.575063916183814
-0.02,0.32,-0.0132691272464765,0.319384867404986,0.00673087275352355,-0.000615132595013973,0.00675892270510429,0.0831375109846592,-0.130200416937781,-0.56867092413007,0.589282339180098
-0.02,0.335,-0.0142988866979951,0.334515005808644,0.00570111330200487,-0.00048499419135592,0.00572170536186074,0.0749123555091271,-0.1423774778541,-0.556659252781506,0.579444210066257
-0.02,0.35,-0.0159104350166871,0.349654283684621,0.00408956498331289,-0.00034571631537883,0.00410415174225541,0.0677265012102838,-0.146856921516842,-0.519616740114048,0.544203654386402
0,0.05,-0.00401385428043677,0.0496621425096726,-0.00401385428043677,-0.000337857490327387,0.00402804839448968,0.0534714227144912,-0.144151328259202,0.518842553410161,0.541145609394323
0,0.065,-0.00566039925651185,0.0645917025187108,-0.00566039925651185,-0.000408297481289205,0.00567510586477001,0.0540473770670343,-0.142315497379642,0.567178881438801,0.587256096134204
0,0.08,-0.00670746793376756,0.0795486854851955,-0.00670746793376756,-0.000451314514804541,0.00672263422132971,0.0521705874119058,-0.131839731606326,0.589229115335581,0.606051037430675
0,0.095,-0.00719472336708601,0.0945301279188938,-0.00719472336708601,-0.000469872081106187,0.00721005021490812,0.048125055690842,-0.114989668043095,0.585642733123258,0.598764827332582
0,0.11,-0.00717016795934663,0.10953262765982,-0.00717016795934663,-0.000467372340180239,0.00718538415602163,0.0422327578555577,-0.0941008985327122,0.557679726896055,0.567140096419531
0,0.125,-0.00668990617038254,0.124552439797378,-0.00668990617038254,-0.000447560202622044,0.00670486052826555,0.0348478819636933,-0.0714889339563855,0.507226622917569,0.513425411801422
0,0.14,-0.00581762948752977,0.139585596288837,-0.00581762948752977,-0.000414403711163441,0.00583237029774361,0.0263493719151689,-0.0493516085754565,0.436785887465789,0.44035523918776
0,0.155,-0.0046238180431145,0.154628043947197,-0.0046238180431145,-0.000371956052802658,0.00463875463902196,0.017131981401872,-0.029669635336242,0.349436083714368,0.351112167897348
0,0.17,-0.00318467077045254,0.169675793377219,-0.00318467077045254,-0.000324206622780598,0.00320113071436166,0.00759617424547526,-0.0141119222341587,0.248762193464615,0.249278107998605
0,0.185,-0.00158079463229404,0.1847250698315,-0.00158079463229404,-0.000274930168499943,0.00160452431176379,-0.00186267415245003,-0.00395255650081629,0.138757909463048,0.138826723388545
0,0.2,0.000104298745351209,0.199772456158942,0.000104298745351209,-0.000227543841057609,0.000250308665221735,-0.0108652314513926,-5.93360946880306e-06,0.0237041825393461,0.0260756892798342
0,0.215,0.00178582567040162,0.214815018185641,0.00178582567040162,-0.000184981814358803,0.00179538062725119,-0.0190587302880007,-0.00258532764142975,-0.0919694439937269,0.0939590321603117
0,0.23,0.00337941841675998,0.229850404088778,0.00337941841675998,-0.000149595911221934,0.00338272785961136,-0.0261264756911067,-0.0114883650371641,-0.203832476892896,0.205821037440028
0,0.245,0.00480279037687155,0.244876911402033,0.00480279037687155,-0.000123088597966975,0.0048043674096721,-0.0317958209514253,-0.0260105858231453,-0.307600947782609,0.310332246668692
0,0.26,0.00597730195595891,0.259893518100296,0.00597730195595891,-0.000106481899704414,0.00597825033497887,-0.0358442027306799,-0.0449858471460842,-0.3992756065495,0.403398333553625
0,0.275,0.00682935904826924,0.274899877267441,0.00682935904826924,-0.000100122732559327,0.0068300929401987,-0.0381029779450949,-0.0668500625244145,-0.475262670165195,0.48145273636609
0,0.29,0.00729158932042775,0.289896277869641,0.00729158932042775,-0.000103722130359474,0.00729232700158889,-0.0384589666925001,-0.0897229655395484,-0.532470709664415,0.541346967672598
0,0.305,0.00730375845546269,0.304883576690659,0.00730375845546269,-0.00011642330934139,0.00730468630145749,-0.0368537723571538,-0.111501441103578,-0.568379515648308,0.580386876182188
0,0.32,0.00681340709693667,0.319863108331834,0.00681340709693667,-0.000136891668165912,0.00681478213866007,-0.0332810941335177,-0.129957570850375,-0.581079257846993,0.596366427820686
0,0.335,0.00577620735983711,0.334836581141324,0.00577620735983711,-0.000163418858676101,0.00577851859798058,-0.0277823576966694,-0.142834860616357,-0.569280624299904,0.587585833669915
0,0.35,0.00415605393726431,0.349805967044292,0.00415605393726431,-0.000194032955707496,0.00416058086297464,-0.0204410609020935,-0.147937026870154,-0.532298632330009,0.552853874291334
0.02,0.05,0.0160796599578075,0.0498253112044659,-0.00392034004219247,-0.000174688795534089,0.00392423014382474,-0.0380749946366723,-0.142229573994838,0.507175777348712,0.52811760123705
0.02,0.065,0.0144381803692598,0.064920306382109,-0.00556181963074018,-7.96936178910079e-05,0.00556239055421492,-0.0515343143372027,-0.141260640617775,0.555730328959833,0.575716372356531
0.02,0.08,0.013394962230159,0.0800304709412803,-0.006605037769841,3.04709412803084e-05,0.00660510805508046,-0.0666672688891514,-0.131734842475785,0.578090846467498,0.596649677131182
0.02,0.095,0.0129102186334404,0.095151403534777,-0.00708978136655963,0.000151403534777023,0.00709139780691784,-0.0829891505524426,-0.115894438464555,0.574920767753073,0.592330764033207
0.02,0.11,0.0129358377859995,0.110278309779835,-0.00706416221400047,0.000278309779835201,0.00706964243220716,-0.0999793571867239,-0.0960474467086053,0.547491262837785,0.564774512046067
0.02,0.125,0.0134156249022086,0.125406130982413,-0.00658437509779142,0.000406130982412961,0.00659688849407745,-0.117093311006922,-0.0744783661209761,0.497696323314224,0.51668298778981
0.02,0.14,0.0142858214907236,0.14052969751229,-0.0057141785092764,0.000529697512289512,0.00573867715509436,-0.133776409311141,-0.0533516508843485,0.428041361266213,0.451622618259945
0.02,0.155,0.0154759073595613,0.155643900008641,-0.00452409264043867,0.000643900008641257,0.00456968504827187,-0.149479445005622,-0.0346136079790389,0.341602776324943,0.374479855725698
0.02,0.17,0.0169096731729688,0.170743869371416,-0.00309032682703118,0.000743869371416295,0.00317859427099463,-0.163674764947327,-0.0198992508871087,0.241957982313537,0.292795595319105
0.02,0.185,0.0185065328011426,0.185825154805,-0.00149346719885735,0.000825154804999673,0.00170626045089162,-0.175872298245569,-0.0104509087081461,0.133087756965825,0.220800131727688
0.02,0.2,0.0201830269656884,0.200883888540958,0.000183026965688443,0.000883888540958139,0.000902639364866294,-0.185634533502776,-0.00705493952469996,0.0192552213924184,0.186763879368822
0.02,0.215,0.0218544547489622,0.215916926242768,0.00185445474896223,0.000916926242768235,0.00206875715119626,-0.192589551576814,-0.0100017108302223,-0.0951320337570069,0.215037038021694
0.02,0.23,0.0234365592215157,0.230921953706172,0.00343655922151568,0.000921953706171763,0.00355808065104043,-0.196441335588379,-0.0190721865982576,-0.205668497902544,0.285048496312858
0.02,0.245,0.0248471890101481,0.245897553038075,0.00484718901014805,0.000897553038074955,0.00492958849765958,-0.196976781432897,-0.0335522109078835,-0.308096912257135,0.36721897041183
0.02,0.26,0.0260078596519651,0.260843224805305,0.00600785965196506,0.000843224805305326,0.00606674588803519,-0.194069078963197,-0.0522731889469282,-0.398445064270336,0.446267598824809
0.02,0.275,0.0268451468903847,0.275759366222889,0.00684514689038472,0.000759366222889107,0.00688713823089159,-0.187677419301524,-0.0736756520006927,-0.473145165029266,0.514314144061956
0.02,0.29,0.0272918574448382,0.290647208940467,0.00729185744483821,0.000647208940466659,0.00732052350644832,-0.177843247765819,-0.0958904336865137,-0.529129504766926,0.566395481385144
0.02,0.305,0.0272879397490234,0.305508722853359,0.00728793974902345,0.000508722853359095,0.00730567346155888,-0.164683519145319,-0.116831077042144,-0.563898317384883,0.5989613856725
0.02,0.32,0.026781115699165,0.320346494436826,0.00678111569916501,0.000346494436826189,0.00678996233569919,-0.148381575238639,-0.134290720442462,-0.575558229203486,0.609361850388653
0.02,0.335,0.0257272325109909,0.335163589152204,0.00572723251099086,0.000163589152203658,0.00572956836469113,-0.129176363889815,-0.146037042235598,-0.562832001866912,0.595647889661839
0.02,0.35,0.0240903499052433,0.34996340750205,0.00409034990524332,-3.65924979494892e-05,0.00409051358123038,-0.107350738473235,-0.149899748187003,-0.525042249870387,0.556476337252324
0.04,0.05,0.03629771587064,0.0499708676075641,-0.00370228412935997,-2.91323924358766e-05,0.00370239874551617,-0.123292840873394,-0.141207649719441,0.476176182671783,0.511748202624917
0.04,0.065,0.0346514735398749,0.0652297884076707,-0.00534852646012512,0.000229788407670684,0.00535346037689254,-0.150161051016782,-0.142894858200021,0.525943494471066,0.565319762433679
0.04,0.08,0.0336012183951997,0.0804916291400315,-0.00639878160480034,0.000491629140031508,0.00641764016109187,-0.177920984060611,-0.136068660298543,0.549872727476986,0.593745507872236
0.04,0.095,0.0331070880979063,0.0957505754478352,-0.00689291190209368,0.000750575447835189,0.00693365689899044,-0.205897656721649,-0.122908062692266,0.54864074533603,0.598757185381377
0.04,0.11,0.0331209350132723,0.111000467675363,-0.00687906498672766,0.0010004676753626,0.00695143658973222,-0.233383216050197,-0.105652124411787,0.52352153599335,0.582844597646794
0.04,0.125,0.0335865728768289,0.126234961553571,-0.00641342712317113,0.00123496155357139,0.00653124624424975,-0.259654670266075,-0.0865130968237664,0.476399782067979,0.549421631509273
0.04,0.14,0.034440299331543,0.141447714311637,-0.00555970066845701,0.00144771431163698,0.00574509775817261,-0.283993902422783,-0.0675828398616921,0.409758497008326,0.503113932589781
0.04,0.155,0.0356116992913168,0.156632587962128,-0.00438830070868318,0.00163258796212826,0.00468214978016673,-0.305709077785801,-0.0507380210829062,0.326638348614834,0.450251086690429
0.04,0.17,0.0370247166888545,0.171783859105486,-0.00297528331114549,0.00178385910548606,0.00346907251146563,-0.324156339303466,-0.0375504042390329,0.230568275382439,0.399561937362678
0.04,0.185,0.0385989637585493,0.186896422985065,-0.00140103624145066,0.00189642298506468,0.00235782159803065,-0.338760552547738,-0.0292087570772804,0.125469297485362,0.362429091072079
0.04,0.2,0.0402512194174566,0.201965978893124,0.0002512194174566,0.001965978893124,0.00198196473326755,-0.349033842060534,-0.0264584447099075,0.0155357784051152,0.350380386438149
0.04,0.215,0.0418970535989477,0.21698918472293,0.00189705359894771,0.00198918472293,0.00274875757738265,-0.354590757112499,-0.0295636110888261,-0.0948994871416621,0.368259408094334
0.04,0.23,0.0434525041889631,0.231963770416055,0.00345250418896313,0.00196377041605525,0.00397192389425852,-0.355159128123304,-0.038295086090604,-0.201508404455558,0.410135191409744
0.04,0.245,0.0448357289483319,0.246888603046403,0.0048357289483319,0.00188860304640293,0.00519144449345435,-0.350585994229816,-0.0519449925809205,-0.300110152359291,0.464409416306331
0.04,0.26,0.0459685569139274,0.261763700108397,0.00596855691392742,0.00176370010839741,0.00622368939674465,-0.340838365004851,-0.0693667413027904,-0.386804492923836,0.520194300634763
0.04,0.275,0.0467778719973465,0.276590191662602,0.00677787199734647,0.0015901916626021,0.00696191484695286,-0.325998969153353,-0.0890369893685477,-0.458088058898941,0.569254116086985
0.04,0.29,0.0471967749257624,0.29137023582366,0.00719677492576243,0.00137023582366047,0.00732605729874708,-0.306257513291009,-0.109134465801626,-0.510947532371272,0.605619345589802
0.04,0.305,0.0471654864402348,0.306106895376234,0.00716548644023482,0.0011068953762341,0.00725047676357338,-0.281898253712988,-0.127629519456243,-0.542925799052323,0.624922566750362
0.04,0.32,0.0466319731144786,0.320803985505258,0.00663197311447863,0.000803985505257621,0.00668052842848766,-0.253284879312485,-0.142377898510305,-0.552159508918459,0.623946044699354
0.04,0.335,0.0455522950307299,0.335465903781819,0.0055522950307299,0.00046590378181896,0.0055718081842595,-0.220843775402108,-0.151212595169029,-0.537388731341463,0.600355868059715
0.04,0.35,0.0438906905526932,0.350097453526639,0.0038906905526932,9.74535266386745e-05,0.00389191086314556,-0.185046718213347,-0.152028458294025,-0.497941289839303,0.552542156114954
0.06,0.05,0.0566372159285335,0.0500706426108503,-0.00336278407146651,7.06426108502967e-05,0.00336352599064978,-0.194491160200737,-0.139801709342285,0.426821003802873,0.489437386484061
0.06,0.065,0.0549763474079777,0.0654910025148307,-0.00502365259202231,0.000491002514830724,0.00504759039888367,-0.233715354834917,-0.14577296477086,0.478784389769145,0.552367159902395
0.06,0.08,0.0539081517866659,0.080902086574595,-0.00609184821333408,0.000902086574595035,0.00615827693777783,-0.273065839302263,-0.143232613366997,0.505514659522543,0.592139110282079
0.06,0.095,0.0533927413102801,0.0962967052308265,-0.0066072586897199,0.00129670523082648,0.00673329873453806,-0.311695245207741,-0.134260005163368,0.507700456186467,0.610690558918622
0.06,0.11,0.0533820071862988,0.111667373499593,-0.00661799281370123,0.00166737349959326,0.00682480499863161,-0.348727395083635,-0.120987743517863,0.48660961949081,0.610771057332207
0.06,0.125,0.0538198711246144,0.12700650240708,-0.00618012887538559,0.00200650240707956,0.00649769534727436,-0.383280213781089,-0.105518757860324,0.444100764715442,0.596042468011241
0.06,0.14,0.0546428100456277,0.14230661639347,-0.00535718995437234,0.00230661639347035,0.00583266349053793,-0.414491069672019,-0.0898373418109725,0.382609881269993,0.571197529989785
0.06,0.155,0.0557806584846492,0.157560587070623,-0.00421934151535078,0.00256058707062251,0.0049355292491689,-0.44154336399802,-0.0757193888673197,0.30510979753849,0.542022276006076
0.06,0.17,0.0571576760106836,0.172761871231901,-0.0028423239893164,0.00276187123190133,0.0039631727645723,-0.463692946953718,-0.0646477736296346,0.21504225386611,0.515204273217058
0.06,0.185,0.058693848821716,0.187904739324056,-0.00130615117828395,0.00290473932405588,0.00318489268912615,-0.480292813965975,-0.0577389990785424,0.116224501202369,0.497518511338455
0.06,0.2,0.0603063774145525,0.202984480159079,0.000306377414552517,0.00298448015907943,0.00300016481882023,-0.490814545632482,-0.0556867624226508,0.0127345611223851,0.494129149204411
0.06,0.215,0.0619112877284203,0.217997568541848,0.00191128772842029,0.00299756854184829,0.00355505807883479,-0.494865120776287,-0.0587269773694255,-0.0912187375341365,0.50661906394249
0.06,0.23,0.0634250932545463,0.232941784751943,0.0034250932545463,0.00294178475194251,0.00451501509732803,-0.492198045112581,-0.0666271255179805,-0.191433359130655,0.532303351931729
0.06,0.245,0.0647664314186358,0.247816278292377,0.00476643141863585,0.00281627829237674,0.00553627057581829,-0.482718157500255,-0.0787007831161873,-0.283850962852648,0.565495002496981
0.06,0.26,0.0658575997183703,0.262621572548619,0.0058575997183703,0.00262157254861881,0.0064174852620262,-0.466479962918975,-0.0938460381532009,-0.364684855160194,0.599507262113845
0.06,0.275,0.0666259252959021,0.277359511521585,0.00662592529590214,0.00235951152158517,0.00703350415137213,-0.443679830637495,-0.110604549615735,-0.430531642557398,0.628049841421767
0.06,0.29,0.0670049148364025,0.292033154064856,0.00700491483640248,0.00203315406485646,0.00729400763069891,-0.414642832440099,-0.12723644908465,-0.478460821536174,0.645791735257701
0.06,0.305,0.0669351482968665,0.306646624606595,0.00693514829686651,0.00164662460659465,0.00712794882799907,-0.379805323908723,-0.141805313086523,-0.50607858346639,0.64844494881804
0.06,0.32,0.0663648981220922,0.321204931758395,0.00636489812209223,0.00120493175839506,0.00647794632943206,-0.33969457913661,-0.152267114877365,-0.511564328727119,0.632676703402909
0.06,0.335,0.0652504732516196,0.33571376742316,0.00525047325161962,0.000713767423160316,0.00529876714909591,-0.294906850001077,-0.156557364198283,-0.493680505638128,0.595989851333749
0.06,0.35,0.0635563029955974,0.350179298957552,0.00355630299559745,0.000179298957551532,0.00356082000565522,-0.246085152698792,-0.152671452487984,-0.451758198818982,0.536613501340834
0.08,0.05,0.0770945887660247,0.0500970127327167,-0.00290541123397531,9.70127327166725e-05,0.00290703042791421,-0.244759538673254,-0.135851570257422,0.360604462553881,0.456508008468031
0.08,0.065,0.075409250502294,0.0656753884100692,-0.00459074949770596,0.0006753884100692,0.00464016491680451,-0.29492808810634,-0.147492225953281,0.415712519293221,0.530617983960466
0.08,0.08,0.0743122594909518,0.0812323953398447,-0.00568774050904816,0.00123239533984471,0.00581972425222522,-0.344492916031119,-0.150581340842207,0.446417342633974,0.583645010912524
0.08,0.095,0.0737637538416386,0.0967595187879505,-0.00623624615836141,0.0017595187879505,0.00647971237886592,-0.392458246350798,-0.147067565327205,0.453416405597995,0.617448354376108
0.08,0.11,0.0737157387983982,0.11224800059472,-0.00628426120160183,0.00224800059472019,0.00667423744886413,-0.437804552821245,-0.138945424343301,0.437961970232892,0.634660116333159
0.08,0.125,0.0741123431455036,0.127689059774691,-0.00588765685449642,0.00268905977469075,0.00647267685800539,-0.479515795377351,-0.128177600680019,0.401870353266931,0.638646145439641
0.08,0.14,0.0748903449432938,0.143074139376575,-0.00510965505670624,0.00307413937657514,0.00596312901966186,-0.516609115445561,-0.11661198147566,0.347507509674735,0.63344209570847
0.08,0.155,0.0759799706513658,0.158395168743117,-0.0040200293486342,0.00339516874311702,0.0052619204439177,-0.548165570312392,-0.105898333758205,0.277749049451618,0.623577037967802
0.08,0.17,0.0773059547343854,0.173644827689655,-0.00269404526561461,0.00364482768965491,0.00453239989193976,-0.573360243505151,-0.097410093244882,0.195914575926508,0.613691141153124
0.08,0.185,0.0787888290706513,0.188816797509028,-0.00121117092934873,0.00381679750902769,0.00400435740725269,-0.591489949295904,-0.092176869089898,0.105678254942372,0.607888390406147
0.08,0.2,0.0803463945917092,0.203905983332594,0.000346394591709196,0.00390598333259357,0.00392131291886584,-0.601996799619527,-0.0908328055078084,0.0109595611720504,0.608912429676438
0.08,0.215,0.0818953134537807,0.218908693556549,0.00189531345378067,0.00390869355654916,0.00434397265266379,-0.604486118610963,-0.0935848982349503,-0.0842000373554403,0.617458449502719
0.08,0.23,0.0833527503960347,0.233822764587733,0.00335275039603467,0.00382276458773345,0.00508472853860848,-0.598737575439157,-0.100203831213083,-0.175767363583386,0.632001351286553
0.08,0.245,0.0846379879106519,0.248647623032793,0.00463798791065186,0.00364762303279265,0.00590051571040296,-0.58470890074536,-0.110038048279787,-0.259847021515345,0.649244064700955
0.08,0.26,0.0856739420675386,0.263384282056027,0.0056739420675386,0.00338428205602714,0.00660658638182621,-0.562532117634432,-0.122049837726682,-0.332802419644888,0.66490672902056
0.08,0.275,0.0863885138998174,0.278035273574213,0.00638851389981743,0.00303527357421335,0.00707290573374751,-0.53250277411377,-0.134870427467738,-0.391361497579913,0.674476324125428
0.08,0.29,0.086715724205384,0.292604522573789,0.00671572420538397,0.00260452257378868,0.00720308888187248,-0.495063147524153,-0.146869681852906,-0.432701788735224,0.673716773733815
0.08,0.305,0.0865965959830226,0.30709717358697,0.00659659598302259,0.0020971735869697,0.00692193727341654,-0.450780757144122,-0.156235108593037,-0.45451132849042,0.658937048293669
0.08,0.32,0.0859797664280688,0.321519382048108,0.00597976642806877,0.00151938204810803,0.00616977538832422,-0.400323730343247,-0.161054589123181,-0.455023965423101,0.627095211637597
0.08,0.335,0.0848218277866611,0.335878084453737,0.00482182778666107,0.000878084453737271,0.00490112798364947,-0.344434620631886,-0.15939751117825,-0.433029592467795,0.575812637067512
0.08,0.35,0.0830874118013686,0.350180761193247,0.00308741180136857,0.000180761193246892,0.0030926988602536,-0.283904179906515,-0.149389708713615,-0.387861493709785,0.50334584152463
0.1,0.05,0.0976658385486081,0.0500231531302109,-0.0023341614513919,2.31531302108956e-05,0.00233427627940707,-0.268287718912225,-0.12651613045414,0.279441885586195,0.407520673001479
0.1,0.065,0.0959462623553714,0.0657552390191783,-0.0040537376446286,0.000755239019178344,0.00412349061688862,-0.327718501974049,-0.144910251137111,0.338585767259021,0.492991093885159
0.1,0.08,0.0948097337712663,0.0814540145253764,-0.00519026622873367,0.00145401452537641,0.00539008550629198,-0.385868625044333,-0.154673334897543,0.374349869302039,0.559427159895103
0.1,0.095,0.0942164689398593,0.097109700994321,-0.00578353106014073,0.00210970099432101,0.00615630325837281,-0.441622173244951,-0.157598992386853,0.387436231888117,0.608258082422376
0.1,0.11,0.0941186621952123,0.112712330398959,-0.00588133780478767,0.00271233039895857,0.00647664037654858,-0.493845374868368,-0.155519283000031,0.379071893374916,0.641692532357616
0.1,0.125,0.0944607471745301,0.128251993164928,-0.00553925282546992,0.00325199316492841,0.00642329988473352,-0.541417159682235,-0.150233187400644,0.351015685737508,0.662509964750013
0.1,0.14,0.0951799224097836,0.143719112322274,-0.00482007759021638,0.00371911232227395,0.00608809858998654,-0.583262087440439,-0.143430688328193,0.305542922936147,0.673890746271911
0.1,0.155,0.0962069448593885,0.159104731931289,-0.00379305514061148,0.00410473193128857,0.00558892579369768,-0.618384059479655,-0.136616892101755,0.245406387676263,0.679185333296644
0.1,0.17,0.0974671783158699,0.174400805104914,-0.00253282168413013,0.00440080510491364,0.0050776245681454,-0.645898983260373,-0.131041137592639,0.173773651574553,0.681586411776667
0.1,0.185,0.0988818662897338,0.189600465339428,-0.00111813371026616,0.00460046533942848,0.00473439587839002,-0.665064462945182,-0.127636106743081,0.0941425966090367,0.683717844860829
0.1,0.2,0.100369582552687,0.204698264665761,0.000369582552687487,0.00469826466576051,0.00471277860001769,-0.675304667622974,-0.126971505246695,0.010238845890432,0.687218053429749
0.1,0.215,0.101847798834311,0.219690363442078,0.00184779883431072,0.00469036344207774,0.00504121709023321,-0.676228791513402,-0.129225928448853,-0.0740995693931207,0.692445883251555
0.1,0.23,0.103234499810306,0.234574659528068,0.00323449981030612,0.00457465952806807,0.00560263320418304,-0.66764194861268,-0.134179149511103,-0.155043794616063,0.698422818980036
0.1,0.245,0.104449771725273,0.249350848694857,0.00444977172527268,0.00435084869485708,0.00622337149562645,-0.649547892268196,-0.141225417856809,-0.228894890988196,0.703033537830034
0.1,0.26,0.105417293126154,0.264020413143857,0.00541729312615424,0.00402041314385715,0.00674616829481576,-0.622143558828928,-0.149406636956088,-0.29219672627121,0.703398956427384
0.1,0.275,0.10606566413769,0.278586540224876,0.00606566413768987,0.00358654022487576,0.00704666958327896,-0.585806029332144,-0.157462713857279,-0.341834779293795,0.696290308185751
0.1,0.29,0.106329523323064,0.293053978390652,0.00632952332306372,0.00305397839065208,0.00702777699616155,-0.54107301572925,-0.163895125534658,-0.375115938232581,0.678482842048188
0.1,0.305,0.106150417091563,0.3074288414081,0.00615041709156261,0.00242884140810035,0.00661263192578328,-0.488618357691077,-0.167038960487535,-0.389826067197629,0.647007515343899
0.1,0.32,0.10547740389772,0.321718374649406,0.00547740389771972,0.00171837464940555,0.00574062408580068,-0.429224232785816,-0.165138423415179,-0.384263960060654,0.599304769324295
0.1,0.335,0.104267392438446,0.335930698578973,0.00426739243844607,0.000930698578973044,0.00436770398133952,-0.363751824339803,-0.156421014102642,-0.357252081295648,0.533304815613474
0.1,0.35,0.102485228053321,0.350074544455316,0.00248522805332066,7.45444553164609e-05,0.00248634578303791,-0.293112085880721,-0.139166224406136,-0.308126021495296,0.447464630667662
0.12,0.05,0.11834659748983,0.0498232723513006,-0.00165340251016952,-0.000176727648699415,0.00166282065252079,-0.260585861473142,-0.108515126004721,0.185552548728443,0.337802609004924
0.12,0.065,0.116583145288899,0.0657039480134574,-0.0034168547111012,0.000703948013457412,0.00348861561689234,-0.327425154721099,-0.134412855424788,0.249545131660483,0.433067792925092
0.12,0.08,0.11539651235329,0.0815395700077571,-0.00460348764670995,0.00153957000775712,0.00485410901424725,-0.392375336334132,-0.151564973900052,0.291338717693709,0.511674050827392
0.12,0.095,0.114747045551659,0.0973191670816353,-0.00525295444834137,0.00231916708163532,0.00574213082303863,-0.454230927382299,-0.161593114246718,0.311634510825946,0.574070461942977
0.12,0.11,0.114587202523947,0.113031634516403,-0.0054127974760525,0.00303163451640309,0.00620396521249168,-0.511775054609137,-0.166150368379357,0.311624792703745,0.621798566659915
0.12,0.125,0.114861817289794,0.128666007006562,-0.00513818271020582,0.00366600700656222,0.006311935435001,-0.563812260339612,-0.166856598051987,0.292997253245473,0.656945589650572
0.12,0.14,0.115508624452038,0.144211757622527,-0.00449137554796242,0.00421175762252718,0.006157219874566,-0.609203496461715,-0.165230189892507,0.257918987385505,0.681878000530307
0.12,0.155,0.116459044891477,0.159659109791184,-0.00354095510852342,0.00465910979118356,0.00585197976131844,-0.646901613390576,-0.162620211584422,0.20899885692067,0.699009022283166
0.12,0.17,0.117639219724481,0.174999346556972,-0.00236078027551882,0.00499934655697182,0.00552872042212162,-0.675985429933056,-0.160143339352712,0.149228383597864,0.710547515427073
0.12,0.185,0.11897126256174,0.190225099836685,-0.00102873743825977,0.00522509983668534,0.00532540787360053,-0.695690394600519,-0.15862994910052,0.0819029751318318,0.718236338866055
0.12,0.2,0.120374684205021,0.205330602278902,0.000374684205020518,0.00533060227890247,0.00534375419619317,-0.705433954824852,-0.158583343600447,0.010526909181526,0.723120666403265
0.12,0.215,0.121767930714862,0.220311885918898,0.00176793071486167,0.00531188591889753,0.00559836681791513,-0.704834039935782,-0.160155235138731,-0.0612930801526763,0.725399609632401
0.12,0.23,0.123069966829674,0.235166914866919,0.00306996682967405,0.00516691486691889,0.00601013357399704,-0.693719516932362,-0.163139391795729,-0.129959738144032,0.724401651747568
0.12,0.245,0.124201833051721,0.24989564377317,0.00420183305172116,0.00489564377317026,0.00645156794495083,-0.672132048118535,-0.166983918745985,-0.191996369970938,0.718689430568054
0.12,0.26,0.125088106889378,0.264499999034581,0.00508810688937773,0.00449999903458115,0.00679255644282507,-0.640319403602476,-0.170821154505409,-0.244150783138382,0.706261089275022
0.12,0.275,0.12565820638312,0.278983785265962,0.00565820638312026,0.00398378526596227,0.0069199598639935,-0.598720886986145,-0.173512795644769,-0.283486486626033,0.684794539375588
0.12,0.29,0.125847486368265,0.293352524668577,0.00584748636826474,0.00335252466857666,0.00674036486256174,-0.547946053389434,-0.173706780597276,-0.30745670579151,0.651884294244838
0.12,0.305,0.125598093243874,0.307613241192018,0.00559809324387386,0.00261324119201767,0.00617799947351601,-0.488748279424845,-0.169901774139617,-0.313958268216655,0.605239369140899
0.12,0.32,0.124859560837424,0.321774204225139,0.00485956083742423,0.00177420422513885,0.00517330959494285,-0.421994963099988,-0.160514848083564,-0.301364047065207,0.542832624594644
0.12,0.335,0.123589146359216,0.335844647965713,0.00358914635921634,0.000844647965713097,0.003687194295648,-0.348636168709484,-0.143948131915125,-0.268534233572518,0.463011926482883
0.12,0.35,0.121751920047062,0.349834482487814,0.0017519200470624,-0.000165517512186186,0.00175972153994302,-0.269673425027093,-0.118650744908035,-0.214808090169142,0.364615852221495
0.14,0.05,0.139132180260681,0.0494728242842273,-0.000867819739318654,-0.00052717571577271,0.00101539417727874,-0.218594951045621,-0.0783882105922492,0.0813338090926562,0.246056387305234
0.14,0.065,0.137315397091365,0.0654962324769633,-0.00268460290863493,0.000496232476963343,0.00273008048384004,-0.290917046422792,-0.112199348325983,0.150891848360756,0.346395925274773
0.14,0.08,0.136068328509683,0.0814630874011067,-0.00393167149031695,0.00146308740110673,0.00419507633435297,-0.360822419756507,-0.137121833364294,0.199550383859962,0.434530179033048
0.14,0.095,0.135351504846727,0.0973613051979422,-0.00464849515327298,0.0023613051979422,0.00521385360629077,-0.427046966078079,-0.154595843802237,0.228003554115529,0.508189236321408
0.14,0.11,0.135117719799514,0.113178726087504,-0.00488228020048651,0.00317872608750391,0.0058258870136178,-0.48832188788095,-0.166086844006331,0.237399837140005,0.567806681199014
0.14,0.125,0.135312300141267,0.1289034098507,-0.00468769985873295,0.0039034098507002,0.00610009331306565,-0.543407702862575,-0.173028055078235,0.229344061697223,0.614681187179806
0.14,0.14,0.135873627306511,0.144523956909953,-0.00412637269348907,0.00452395690995289,0.00612316402921584,-0.591130173481371,-0.176760149440692,0.20588097725869,0.650438738696434
0.14,0.155,0.136733913058354,0.160029841030259,-0.00326608694164562,0.00502984103025916,0.00599721808008235,-0.630416435872057,-0.178471634986329,0.169459357420412,0.676756090250586
0.14,0.17,0.137820215953554,0.175411737013247,-0.00217978404644589,0.00541173701324749,0.00583423996675598,-0.660329402070099,-0.179143714616673,0.122876917205331,0.69514894386867
0.14,0.185,0.139055669159551,0.190661825287451,-0.000944330840448523,0.00566182528745091,0.00574003713592872,-0.680098461922958,-0.179503392657778,0.0692077498039426,0.706789525461545
0.14,0.2,0.140360874909741,0.205774055317472,0.000360874909740519,0.00577405531747244,0.0057853215562933,-0.689144633019697,-0.179988212478646,0.0117154002757048,0.712362175719964
0.14,0.215,0.141655408241006,0.220744351486686,0.00165540824100565,0.00574435148668639,0.00597812265238725,-0.68709861275752,-0.180725262797395,-0.0462440878617397,0.711976939754755
0.14,0.23,0.142859364076861,0.235570748394872,0.00285936407686147,0.00557074839487159,0.00626172505009684,-0.673810642565649,-0.181526047261966,-0.101323936610453,0.705156226967447
0.14,0.245,0.14389487826252,0.25025344721814,0.00389487826251961,0.00525344721813997,0.00653978473297328,-0.649351661493992,-0.181897586066628,-0.150287568473361,0.690895396739534
0.14,0.26,0.14468755527094,0.264794790231034,0.00468755527093989,0.00479479023103357,0.00670545955007793,-0.614005840401678,-0.181068850925409,-0.190103162579185,0.667782420518695
0.14,0.275,0.145167742693192,0.279199156348079,0.00516774269319158,0.00419915634807916,0.00665871448394121,-0.568255181179308,-0.178030474451209,-0.218026871359915,0.634151892457474
0.14,0.29,0.145271604453994,0.293472785868246,0.00527160445399358,0.00347278586824601,0.00631269001346131,-0.512757372977134,-0.171584752151253,-0.231670744693936,0.588248097526007
0.14,0.305,0.14494195945616,0.307623546978864,0.00494195945615961,0.00262354697886374,0.0055951730997915,-0.448318473110327,-0.160402363029932,-0.229052704405746,0.528380063395342
0.14,0.32,0.144128868573615,0.321660659528157,0.0041288685736148,0.00166065952815664,0.00445031973757407,-0.375862187724383,-0.143082011312644,-0.20862733030421,0.453068735062943
0.14,0.335,0.142789968725684,0.335594393056383,0.00278996872568357,0.000594393056383147,0.00285258279384997,-0.29639757514074,-0.118209329711454,-0.169297605612883,0.361229954003156
0.14,0.35,0.140890566875112,0.349435755929399,0.000890566875112325,-0.000564244070600628,0.0010542678645654,-0.210986878811884,-0.0844118238756947,-0.110408990901786,0.252648110505234
0.16,0.05,0.160017639032648,0.0489486935247418,1.76390326475095e-05,-0.0010513064752582,0.00105145444047403,-0.14069079254594,-0.0327436596445075,-0.0307614806182217,0.147689969605048
0.16,0.065,0.158138303449419,0.06510832678154,-0.00186169655058138,0.000108326781539991,0.00186484549977885,-0.216589717940229,-0.0745545117563883,0.0449687437203232,0.233434668438917
0.16,0.08,0.156820759811997,0.0812001939390441,-0.00317924018800314,0.00120019393904408,0.00339823978911618,-0.289633858461078,-0.107313505119574,0.101179053254267,0.32502529819032
0.16,0.095,0.15602577430824,0.0972111857407024,-0.00397422569175979,0.00221118574070245,0.00454794593513702,-0.358530074913412,-0.132276852123832,0.13854986944206,0.406494452167412
0.16,0.11,0.155706547302559,0.113128175853633,-0.00429345269744104,0.00312817585363301,0.00531217660064275,-0.421987132171467,-0.150720944909668,0.158177673735585,0.475196184547616
0.16,0.125,0.155808986714141,0.128938336354461,-0.00419101328585866,0.00393833635446117,0.00575109429614176,-0.478749931590011,-0.163892007794685,0.161574953681758,0.531197302338858
0.16,0.14,0.156272225719943,0.144629478053575,-0.00372777428005702,0.004629478053575,0.00594376716667024,-0.527635357561699,-0.17295366462658,0.150653640269362,0.575335850914464
0.16,0.155,0.157029386327296,0.16019040091769,-0.00297061367270372,0.0051904009176898,0.00598036849021943,-0.567568039615655,-0.178935402547503,0.127691265905037,0.608654171985426
0.16,0.17,0.158008575513806,0.175611237272085,-0.00199142448619397,0.00561123727208462,0.00595413765442525,-0.597614156606337,-0.182685151652703,0.0952802048996338,0.632138367498557
0.16,0.185,0.159134085119516,0.190883769038611,-0.000865914880484046,0.00588376903861121,0.00594714609539429,-0.617011385305148,-0.184829159847082,0.0562615909300815,0.646556007309813
0.16,0.2,0.16032775210502,0.206001700442196,0.000327752105020451,0.00600170044219556,0.00601064303050811,-0.625193231043433,-0.18574199267717,0.0136467045172325,0.652347678523391
0.16,0.215,0.161510423727427,0.220960869470434,0.00151042372742683,0.00596086947043373,0.00614925561998546,-0.621806284175472,-0.185528846759362,-0.029470343660351,0.649566800591223
0.16,0.23,0.162603464030254,0.235759384864572,0.00260346403025444,0.00575938486457184,0.00632048565974861,-0.606719389324428,-0.184021484696506,-0.0700040692855108,0.637869184343491
0.16,0.245,0.163530234795519,0.250397680240081,0.00353023479551937,0.00539768024008108,0.00644961314232547,-0.580024257801932,-0.180788073262239,-0.104968295379659,0.616550466912914
0.16,0.26,0.164217486124421,0.264878482590198,0.00421748612442106,0.00487848259019813,0.00644878140368787,-0.542027638210702,-0.175156150099696,-0.131561225690819,0.584623775577427
0.16,0.275,0.164596598922582,0.279206698336921,0.00459659892258171,0.00420669833692072,0.00623097364405684,-0.49323572262079,-0.166246976854757,-0.147240578636125,0.540926516922394
0.16,0.29,0.16460463286509,0.293389225498181,0.0046046328650903,0.00338922549818077,0.00571747263218534,-0.434331945685439,-0.153018763953984,-0.149785308997218,0.484247886748721
0.16,0.305,0.164185147559336,0.307434705040752,0.00418514755933605,0.00243470504075166,0.00484182287252209,-0.366149693355146,-0.13431575094866,-0.13734154576464,0.413484898275047
0.16,0.32,0.163288780148508,0.321353227583388,0.00328878014850784,0.00135322758338791,0.00355630422737722,-0.289641638161462,-0.108919927247036,-0.108451589134011,0.32789917618753
0.16,0.335,0.161873577729761,0.335156013019089,0.00187357772976138,0.000156013019088963,0.0018800621190756,-0.205847464667617,-0.0756022768558698,-0.0620660038560067,0.227905990042742
0.16,0.35,0.159905096681334,0.348855080561714,-9.49033186657677e-05,-0.00114491943828587,0.00114884601233526,-0.115861654234892,-0.0331707832971609,0.00246009579685739,0.120541616119279
0.18,0.05,0.18099781806673,0.0482293514850007,0.000997818066730022,-0.00177064851499931,0.00203244607750417,-0.0265963628469164,0.0315257399571257,-0.148334459810031,0.153962219483133
0.18,0.065,0.179046989057693,0.0645181447801537,-0.000953010942306876,-0.000481855219846339,0.00106790182556722,-0.104263365830503,-0.0180827219202507,-0.0659446609633621,0.124685759940695
0.18,0.08,0.177649274714011,0.0807282863352132,-0.00235072528598892,0.000728286335213157,0.00246095720325363,-0.178731842324416,-0.0584653350394092,-0.00165167154240606,0.188058572336553
0.18,0.095,0.176765728646237,0.0968457343459438,-0.00323427135376264,0.00184573434594382,0.00372387519468178,-0.248706520698487,-0.0906978916539658,0.0452045687207179,0.268560283867494
0.18,0.11,0.176350025766905,0.1128564897045,-0.00364997423309527,0.00285648970449964,0.00463485116634524,-0.312900206805817,-0.115872436729978,0.0756615246120605,0.342137362993747
0.18,0.125,0.176348738808314,0.128746928754681,-0.0036512611916858,0.00374692875468124,0.00523174764133056,-0.370067397750598,-0.135053872792782,0.0911322690490157,0.404345392514419
0.18,0.14,0.176701850880713,0.14450415986675,-0.00329814911928675,0.00450415986674962,0.00558258396428481,-0.41903918619288,-0.149235064501026,0.0933890878497148,0.454519030572713
0.18,0.155,0.177343505021778,0.160116388518858,-0.00265649497822172,0.00511638851885821,0.00576492819081221,-0.458757824816473,-0.159292963728961,0.084531931130493,0.492930153473129
0.18,0.17,0.178202977430572,0.175573272999672,-0.00179702256942772,0.0055732729996722,0.00585582291773818,-0.488309180785057,-0.165948448342817,0.0669421336964591,0.520065236075597
0.18,0.185,0.179205846328274,0.190866251570401,-0.000794153671725951,0.00586625157040138,0.00591976245651398,-0.506951304161032,-0.169732508603159,0.0432228648617186,0.536357218775874
0.18,0.2,0.180275314517819,0.205988822198535,0.000275314517819488,0.00598882219853458,0.0059951471549398,-0.51413747752237,-0.170961108161426,0.0161287826982916,0.542058461335556
0.18,0.215,0.181333632290177,0.220936757944658,0.00133363229017689,0.00593675794465809,0.00608470787950115,-0.50953240852607,-0.169720504509859,-0.0115117799626835,0.537180565373765
0.18,0.23,0.182303559616371,0.235708244732022,0.00230355961637099,0.00570824473202225,0.0061555214910546,-0.493020646702933,-0.165864084223387,-0.0368781549039462,0.521480707296545
0.18,0.245,0.183109803490933,0.250303933129817,0.00310980349093336,0.00530393312981664,0.00614838063214924,-0.464706808130544,-0.159020923078571,-0.0572379751760058,0.494487386116805
0.18,0.26,0.183680368251374,0.264726901562145,0.00368036825137404,0.00472690156214467,0.00599071855823053,-0.424907735373017,-0.148615416457578,-0.0700229544582012,0.455562765275531
0.18,0.275,0.183947763475456,0.278982534311949,0.00394776347545582,0.00398253431194928,0.00560762124291543,-0.374137236242766,-0.133896531599916,-0.072896073633778,0.404006765476457
0.18,0.29,0.183850024728178,0.29307832322599,0.003850024728178,0.00307832322598961,0.00492937767788685,-0.313084489704304,-0.113974597121484,-0.0638071579162737,0.339240027246641
0.18,0.305,0.183331516019907,0.307023606543279,0.00333151601990683,0.00202360654327888,0.00389794592482976,-0.24258754146818,-0.0878631269997506,-0.0410347512479148,0.261252011330573
0.18,0.32,0.182343497450798,0.320829261384993,0.00234349745079795,0.000829261384992952,0.00248589113730608,-0.163603501105871,-0.0545230004352078,-0.00321321649468573,0.172479594088075
0.18,0.335,0.18084445618364,0.334507367992967,0.000844456183640402,-0.000492632007032812,0.000977646429156108,-0.0771771045946047,-0.0129063864423888,0.0506549946424393,0.09321379019573
0.18,0.35,0.178800211801462,0.348070863688067,-0.00119978819853844,-0.00192913631193281,0.00227179634460703,0.0155907737872734,0.0380019228131201,0.121201049122119,0.127972338732678
0.2,0.05,0.202067406823124,0.0472949814992419,0.00206740682312409,-0.00270501850075811,0.00340459925126933,0.122775447743824,0.117074498204885,-0.269129949376909,0.318137452031919
0.2,0.065,0.200036466583233,0.0637054085874351,3.64665832331412e-05,-0.00129459141256488,0.00129510491358015,0.0449923107747624,0.060111675303941,-0.179716971409686,0.194771527390809
0.2,0.08,0.198549276199133,0.0800266628217663,-0.00145072380086705,2.66628217662768e-05,0.00145096879789563,-0.0293437617491458,0.0125497217970153,-0.106967174973567,0.111626754559553
0.2,0.095,0.197567226996591,0.0962438667655298,-0.00243277300340919,0.00124386676552984,0.00273232300735221,-0.0989586575343882,-0.0265151746394897,-0.0502470998331908,0.114108044120748
0.2,0.11,0.197044533050562,0.112342245944253,-0.00295546694943762,0.00234224594425275,0.00377106098499965,-0.16259183289249,-0.0580003233601069,-0.0085839118780093,0.172840527163782
0.2,0.125,0.196928510191158,0.128307476057995,-0.00307148980884152,0.00330747605799514,0.00451369555021474,-0.219028624848565,-0.0827996658763802,0.0193314140923753,0.234953408360739
0.2,0.14,0.197160082213471,0.144126052790822,-0.00283991778652896,0.00412605279082184,0.00500893648062064,-0.267133535177842,-0.101745882956493,0.0351281435620888,0.288004707315404
0.2,0.155,0.197674514608831,0.159785668437284,-0.00232548539116865,0.00478566843728384,0.00532076166503947,-0.305882962623949,-0.115573573062178,0.040726690915152,0.329515705615755
0.2,0.17,0.198402362610562,0.175275577119861,-0.00159763738943799,0.0052755771198606,0.0055121827959282,-0.334395747879942,-0.124885719027534,0.0382968388659224,0.359004218012791
0.2,0.185,0.199270606298454,0.190586929155306,-0.000729393701546177,0.00558692915530618,0.0056343404723415,-0.351959908909651,-0.130125592744489,0.0302045940803213,0.376458861923551
0.2,0.2,0.200203932449878,0.205713055576259,0.000203932449877631,0.00571305557625945,0.00571669418996174,-0.358054087491442,-0.131555981300202,0.0189498373071738,0.38192845174612
0.2,0.215,0.201126112021102,0.220649685835468,0.00112611202110191,0.00564968583546765,0.00576082271238701,-0.35236250339335,-0.129247168459972,0.00709763275150436,0.375386527208286
0.2,0.23,0.201961414887015,0.235395085470677,0.00196141488701535,0.00539508547067657,0.00574056579048711,-0.334782599125037,-0.123074510146191,-0.00279343900554457,0.356700067244742
0.2,0.245,0.202636000600942,0.249950105478722,0.00263600060094225,0.00495010547872193,0.00560821214101614,-0.305425012335175,-0.112725757521485,-0.00824232966732038,0.325668168711691
0.2,0.26,0.203079225801819,0.264318140955659,0.00307922580181906,0.00431814095565863,0.0053035811346226,-0.264606003072594,-0.0977175834590668,-0.0069124197347062,0.282157766897516
0.2,0.275,0.203224815272446,0.278505002538973,0.00322481527244622,0.00350500253897329,0.00476282230821302,-0.212832930757839,-0.0774201282167881,0.00332892013542448,0.226501393351348
0.2,0.29,0.203011853804436,0.292518709770421,0.00301185380443611,0.00251870977042085,0.00392621474793594,-0.150783774267125,-0.051087862014401,0.0243606996972323,0.161056440404408
0.2,0.305,0.202385568802913,0.306369219972817,0.00238556880291313,0.00136921997281664,0.00275058209246559,-0.0792819954507821,-0.0178947189931872,0.0577704400456288,0.0997160068493069
0.2,0.32,0.201297887486831,0.32006810948003,0.0012978874868311,6.81094800297211e-05,0.00129967335501759,0.000731775471766995,0.0230286949225855,0.10482904455525,0.107331208112872
0.2,0.335,0.199707766399206,0.333628225522719,-0.000292233600793612,-0.0013717744772811,0.001402556841612,0.088229701708991,0.0725579776161743,0.16647854261327,0.201901678331363
0.2,0.35,0.197581303373914,0.347063327092812,-0.00241869662608579,-0.00293667290718813,0.00380448960214791,0.182126879113986,0.131539835602071,0.243332061701945,0.331185334955957
