frame_no,target_no,time_stamp,target_x,target_y,pupil_x,pupil_y,ellipse_min_axis,ellipse_max_axis,ellipse_angle,glint_1_x,glint_1_y,glint_2_x,glint_2_y,glint_3_x,glint_3_y,glint_4_x,glint_4_y
0,0,738084.560374366,-0.2,0.05,-8.28667357666196,-26.2870068941871,18.8902020354893,16.6816168986422,-0.305377675423695,5.47112130182415,-10.9243707529048,-9.60752675869508,-11.2080072642968,-9.78804681709237,-22.4843173149304,5.77053387719194,-22.3341911728205
1,1,738084.560374471,-0.2,0.065,-8.36791448245329,-25.1263899356351,18.8717013090159,16.8412960591518,-0.321480139158881,5.43325561294616,-10.4097435408182,-9.64820901390073,-10.6932242218542,-9.82819810757399,-21.9712194330766,5.73191501983603,-21.8211868352079
2,2,738084.560374575,-0.2,0.08,-8.44197577565132,-23.9399407124292,18.8540861698426,16.9961862808982,-0.339017160806856,5.39865338998112,-9.88228616281943,-9.68554134525502,-10.1656049175826,-9.86498959979777,-21.4452069430746,5.69653661726218,-21.295283249652
3,3,738084.560374663,-0.2,0.095,-8.50848180674374,-22.7290698856114,18.8373781072254,17.1457538244339,-0.358195070642515,5.36749539754321,-9.34264988877844,-9.71933459110764,-9.62580075591996,-9.89823293178755,-20.9069254189035,5.6645802758335,-20.7571262793568
4,4,738084.560374754,-0.2,0.11,-8.56708579536722,-21.4953659866921,18.8215957938825,17.2894776446312,-0.379260075301061,5.33994896368589,-8.79157479862675,-9.74941328754576,-9.07455198937073,-9.92775351678627,-20.3571095677599,5.63621431780481,-20.2074508415581
5,5,738084.56037484,-0.2,0.125,-8.61747464703664,-20.2405884455179,17.4268557595573,18.8067549176352,1.16828874899513,5.31616564415355,-8.2298865565246,-9.77561809868212,-8.51268449272971,-9.95339296829211,-19.7965800737788,5.61159144275263,-19.6470777452936
6,6,738084.560374927,-0.2,0.14,-8.65937347507297,-18.9666575951494,17.5574116239367,18.7928680438431,1.1425024196196,5.29627902607201,-7.65849167031958,-9.79780810635013,-7.94110502198537,-9.97501138308399,-19.2262389240869,5.59084652590688,-19.0769090125849
7,7,738084.560375047,-0.2,0.155,-8.6925497057934,-17.6756417051151,17.6807003482859,18.7799445105873,1.11374528439737,5.2804027307166,-7.07837125979745,-9.81586289730936,-7.36079498138882,-9.99248942041569,-18.6470632389535,5.57409461299928,-18.4979217049829
8,8,738084.560375134,-0.2,0.17,-8.71681664883906,-16.3697411929365,17.7963146000394,18.7679903606529,1.08149137099996,5.2686286721255,-6.49057340585224,-9.82968438891212,-6.77280277080577,-10.005730118452,-18.0600976764872,5.56142916845848,-17.9111603260623
9,9,738084.560375225,-0.2,0.185,-8.73203642958399,-15.0512702598325,17.9038900269307,18.7570083086254,1.04509821152758,5.26102562288744,-5.89620420135725,-9.83919833969555,-6.17823483415013,-10.014660394581,-17.4664455310853,5.55292062842271,-17.3177279191966
10,10,738084.560375314,-0.2,0.2,-8.73812219259145,-13.7226362889856,18.0031100506387,18.7469977464939,1.00378004868069,5.2576381305421,-5.29641767062356,-9.8443554994196,-5.57824557583219,-10.0192321843285,-16.8672586911792,5.54861530223297,-16.7187760262049
11,11,738084.560375403,-0.2,0.215,-8.73503950802133,-12.3863174252921,18.0937098988215,18.7379547842338,0.956577708594759,5.2584858180079,-4.69240476539744,-9.84513236336312,-4.9740263532169,-10.0194231839324,-16.2637266630999,5.54853465612121,-16.1154937137289
12,12,738084.560375489,-0.2,0.23,-8.72280693795868,-11.0448388233385,18.1754797615001,18.7298723268394,0.9023285970965,5.26356308972274,-4.08538167890399,-9.84153150775509,-4.36679378668354,-10.0152371737172,-15.6570649017994,5.55267500114426,-15.5090959080215
13,13,738084.560375611,-0.2,0.245,-8.70149574237646,-9.70074809815152,18.2482669912504,18.7227401838729,0.839645459620094,5.27283925235357,-3.47657774362608,-9.83358149646279,-3.75777765306684,-10.0067039126714,-15.04850271367,5.56100759463517,-14.9008113033189
14,14,738084.560375715,-0.2,0.26,-8.67122873573305,-8.35659053897155,18.3119772959136,18.7165452084898,0.766922374471228,5.28625904564957,-2.86722319189223,-9.82133636279434,-3.1482086416465,-9.99387860836589,-14.4392710104748,5.57347915119517,-14.291870122662
15,15,738084.560375824,-0.2,0.275,-8.63217833051897,-7.01488464906372,18.3665749069611,18.7112714643221,0.68240305881506,5.30374356598183,-2.25853706020028,-9.80487468377432,-2.53930625373325,-9.9768409798435,-13.8305901956315,5.5900127462372,-13.6834920122401
16,16,738084.560375916,-0.2,0.29,-8.5845638274216,-5.67809855756355,18.4120817418576,18.7069004142807,0.584369302821441,5.32519155301833,-1.65171550862448,-9.78429827682221,-1.93226711730022,-9.95569394366069,-13.2236584548526,5.6105090829876,-13.0768743410456
17,17,738084.560376007,-0.2,0.305,-8.5286480364904,-4.34862780405575,18.4485756100032,18.7034111303687,0.471524124179006,5.35048099941756,-1.0479208063304,-9.7597305597689,-1.32825396780056,-9.93056196423611,-12.6196407031562,5.63484808326881,-12.4731811576204
18,18,738084.560376134,-0.2,0.32,-8.46473332912769,-3.02877494160148,18.4761875426744,18.7007805160246,0.343616401467348,5.37947103488327,-0.448271204620176,-9.73131462408012,-0.728385516690233,-9.90158911855591,-12.0196584109133,5.66289075380465,-11.8735330263114
19,19,738084.560376237,-0.2,0.335,-8.39315723509387,-1.72073132496875,18.4950983499524,18.6989835402925,0.202213929032079,5.41200402974764,0.146168118063015,-9.69921107765326,-0.133727392191968,-9.86893693174307,-11.4247804948144,5.69448127355973,-11.2789979286662
20,20,738084.560376337,-0.2,0.35,-8.31428770482423,-0.426561368308483,18.5055345277808,18.6979934783381,0.0512596764986065,5.44790785960339,0.734392896828584,-9.66359571744983,0.454715705297523,-9.83278204384207,-10.836015417675,5.72944924391342,-10.6905833736395
21,21,738084.560376443,-0.18,0.05,-6.6279352911284,-26.4442292324178,18.8849346666089,16.7267721397295,-0.245579277148245,6.21961346685184,-10.9977350741913,-8.86003778817555,-11.2815439990843,-9.04127640239323,-22.5577504604591,6.51851522089612,-22.4093227055942
22,22,738084.560376535,-0.18,0.065,-6.7011187851237,-25.2760665525259,18.8662203521529,16.8891876535071,-0.259155192391277,6.18595689478369,-10.4797537930927,-8.89655748647335,-10.7634072011803,-9.07726571637934,-22.0413250042293,6.48409657275342,-21.893001361259
23,23,738084.560376623,-0.18,0.08,-6.76785553333919,-24.0813795271893,18.8484083894301,17.0467190238239,-0.273973782090547,6.15521382258605,-9.94860189662377,-8.93007536678281,-10.2320934656589,-9.11024269700826,-21.5116430354193,6.45256816189679,-21.3634382219998
24,24,738084.560376723,-0.18,0.095,-6.82780101283116,-22.861602607235,18.8315211097816,17.1988106548742,-0.290225167658322,6.12754893473606,-9.4049413775039,-8.96041800476186,-9.68826491482755,-9.14003471542156,-20.9693606234828,6.42409554493215,-20.8212896095467
25,25,738084.560376818,-0.18,0.11,-6.8806369340823,-21.6183563988758,18.8155779220791,17.3449198405876,-0.308139685401952,6.10311476608133,-8.84952716077231,-8.98742439357925,-9.13267664328898,-9.16648164299468,-20.4152271022439,6.39883228685022,-20.267305031874
26,26,738084.560376904,-0.18,0.125,-6.92607574383446,-20.3534406150196,18.800595134307,17.4845235309221,-0.327998584941931,6.08204952965244,-8.28320384959256,-9.01094821657726,-8.56617346393159,-9.18943811887326,-19.8500818895125,6.3769177858445,-19.7023239971594
27,27,738084.560376992,-0.18,0.14,-6.96386485884909,-19.0688238016831,17.6171251144618,18.78658580706,1.22064821550381,6.06447507123273,-7.70690085518059,-9.03085999208796,-7.98968503739033,-9.2087756881312,-19.2748496877941,6.35847522219391,-19.1272712099332
28,28,738084.560377079,-0.18,0.155,-6.99379051379767,-17.7666298865821,17.7422610432978,18.7735596424877,1.19577815752452,6.05049500729422,-7.12162593209324,-9.04704903134069,-7.40421940619165,-9.22438475156012,-18.6905340854494,6.34360968779777,-18.5431501689558
29,29,738084.5603772,-0.18,0.17,-7.01568111158686,-16.4491217033662,17.8595071235296,18.7615229113659,1.16764912915902,6.04019310031283,-6.52845719302372,-9.05942515296648,-6.81085500772086,-9.23617627071899,-18.0982096306281,6.33240655044152,-17.9510352392858
30,30,738084.560377288,-0.18,0.185,-7.02940997597518,-15.1186817512837,17.9684842966376,18.7504784181908,1.13558091329536,6.03363192038201,-5.92853373041132,-9.06792010277989,-6.21073129333864,-9.24408317709365,-17.4990125035846,6.32493010186614,-17.3520623242521
31,31,738084.560377378,-0.18,0.2,-7.03489741977503,-13.7777905501327,18.068863746781,18.740425507024,1.09870716491625,6.03085183457111,-5.32304502268338,-9.07248863516491,-5.60503813149341,-9.24806144191435,-16.8941299637014,6.32122253133264,-16.7474183137184
32,32,738084.560377471,-0.18,0.215,-7.0321120647592,-12.4290030401275,18.1603711884891,18.7313601044981,1.05591685424827,6.0318703559135,-4.71321934797199,-9.07310922224566,-4.99500421774572,-9.2480907730665,-16.2847887928665,6.32130325689194,-16.1383295302922
33,33,738084.56037757,-0.18,0.23,-7.0210713687895,-11.0749235494547,18.2427902132993,18.7232748014295,1.00577896896594,6.03668187269558,-4.10031146505053,-9.06978436861001,-4.38188475151751,-9.24417491714486,-15.6722429940866,6.32516863542489,-15.5260494323143
34,34,738084.560377675,-0.18,0.245,-7.00184134405194,-9.71817990564426,18.3159646059721,18.7161589681542,0.946451324526761,6.04525776642384,-3.48558984778772,-9.06254052210186,-3.76694866596455,-9.23634155746843,-15.0577610311589,6.33279206028,-14.9118458593554
35,35,738084.560377764,-0.18,0.26,-6.97453547559735,-8.36139729403514,18.3797995754666,18.709998903442,0.875585027738741,6.05754691411167,-2.87032377408216,-9.05142758442648,-3.15146571205213,-9.22464181210353,-14.4426129103056,6.34412444263778,-14.2969881209831
36,36,738084.560377851,-0.18,0.275,-6.93931287501077,-7.00717247254168,18.4342618843944,18.7047780099818,0.790263838153091,6.07347655805465,-2.25577057223803,-9.03651803831645,-2.53669369990052,-9.20914934893711,-13.8280574070652,6.35909506026753,-13.6827342319032
37,37,738084.560377939,-0.18,0.29,-6.89637572682218,-5.65804892877761,18.4793788973849,18.7004769955217,0.687079511611023,6.09295351469784,-1.64316331706067,-9.01790572008391,-1.92386618981185,-9.18995914689798,-13.2153297314632,6.37761274577739,-13.0703185862831
38,38,738084.560378027,-0.18,0.305,-6.84596611063095,-4.31649351903131,18.5152366052173,18.6970740923333,0.562556293286227,6.11586568414171,-1.03369924553543,-8.99570427692715,-1.31418090295152,-9.16718594293629,-12.6056299023882,6.39956737636962,-12.4609403419404
39,39,738084.560378134,-0.18,0.32,-6.78836229182323,-2.98487506492429,18.5419767124172,18.6945452950255,0.414259476565616,6.14208381375586,-0.428529129296493,-8.97004535686448,-0.708789089011576,-9.14096241283271,-12.0001120697571,6.4248316189931,-11.855752752723
40,40,738084.560378223,-0.18,0.335,-6.72387459182868,-1.66544530217692,18.5597929044823,18.6928646052575,0.2428046007311,6.17146346359325,0.171252199550843,-8.94107658529711,-0.108786047515947,-9.11143713999153,-11.3998749826075,6.45326287895113,-11.2558536469729
41,41,738084.560378311,-0.18,0.35,-6.65284095324595,-0.360322477117316,18.5689264277932,18.6920042870631,0.0541078280836481,6.20384711798668,0.764614018858956,-8.90895938577413,0.484797046748545,-9.07877242989438,-10.8059537552362,6.48470539663269,-10.6622772039367
42,42,738084.560378419,-0.16,0.05,-4.9297878546049,-26.5803304247886,18.8809864040254,16.7607786907321,-0.183383773038316,6.98623773563797,-11.0609562953292,-8.09423295472621,-11.3449334161462,-8.27619576394834,-22.6208705052802,7.28459710716826,-22.4741924077569
43,43,738084.560378509,-0.16,0.065,-4.99419808113472,-25.4054195786733,18.8620672855991,16.9256575600276,-0.194104972506717,6.95714508119874,-10.5399954166244,-8.12623118781052,-10.8238174708125,-8.30766487892117,-22.1014889466311,7.25473373442524,-21.9549262813687
44,44,738084.560378628,-0.16,0.08,-5.05295049517519,-24.2033455911042,18.8440661491922,17.0855685917413,-0.205814569246567,6.93058933903733,-10.0055499879096,-8.15560251807324,-10.2892104364718,-8.33649593844613,-21.5685356891356,7.22738382438642,-21.4221024509114
45,45,738084.560378714,-0.16,0.095,-5.10573710620928,-22.9755643116918,18.8270061410238,17.2399358493869,-0.218671274689358,6.90671642190397,-9.45829158337171,-8.18219197119233,-9.74178401137054,-8.36253475594789,-21.0226761736808,7.20269419291356,-20.8763865662101
46,46,738084.560378807,-0.16,0.11,-5.15227319118791,-21.7237255699173,18.8109073841611,17.388196432108,-0.232869890386611,6.88566153855189,-8.89898860126144,-8.20585555057949,-9.18230675968519,-8.38563821044945,-20.4646730050606,7.18080111495311,-20.3185413644457
47,47,738084.560378894,-0.16,0.125,-5.19230138955547,-20.4496660702902,18.7957867904756,17.5298076201516,-0.248651895713076,6.86754723201545,-8.32850299117166,-8.22646230527578,-8.61164083911856,-8.40567630951664,-19.895382757099,7.16182835961914,-19.7494234700295
48,48,738084.560378983,-0.16,0.14,-5.22559555859922,-19.155398867831,17.6642540484887,18.7816579053302,1.30447645309585,6.85248153007347,-7.74778526795668,-8.24389628464371,-8.03073701444791,-8.4225341373585,-19.3157510613328,7.14588533462421,-19.1699784791458
49,49,738084.560379071,-0.16,0.155,-5.2519642812018,-17.8430994660536,17.7910547208843,18.7685307899888,1.28453888694177,6.84055625999827,-7.15786783100002,-8.25805832511616,-7.44062797570235,-8.43611363340779,-18.7268059959383,7.133065392135,-18.5812343458187
50,50,738084.560379158,-0.16,0.17,-5.27125392250826,-16.5150886948754,17.9097696737071,18.756411943917,1.2618391541552,6.83184557739911,-6.55985666468195,-8.26886761651973,-6.84242003680223,-8.44633514901611,-18.1296498487915,7.12344434593322,-17.9842931435222
51,51,738084.560379246,-0.16,0.185,-5.28335114188061,-15.1738126399643,18.0200061012036,18.745304268144,1.23573598668994,6.82640475434088,-5.95492155349351,-8.27626300019108,-6.23728334813039,-8.45313873466042,-17.5254493862721,7.11707924522889,-17.3803213340448
52,52,738084.560379334,-0.16,0.2,-5.28818477969172,-13.8218200052657,18.1214237641441,18.7352070701459,1.20538209637503,6.8242692650438,-5.34428500011157,-8.28020395817667,-5.62644081138115,-8.45648511717575,-16.9154248145165,7.11400744369856,-16.7705387303684
53,53,738084.560379421,-0.16,0.215,-5.28572706035723,-12.4617373867585,18.2137395231939,18.7261161101079,1.16964033844616,6.8254541986366,-4.729210083748,-8.28067126195018,-5.01115593406688,-8.45635633571598,-16.3008376691422,7.11424599356691,-16.156206389568
54,54,738084.560379509,-0.16,0.23,-5.27599406871472,-11.0962430167858,18.2967308672492,18.7180236861022,1.12695992216018,6.82995401803516,-4.11098753627978,-8.27766725989061,-4.39271990126844,-8.45275601598639,-15.68297791001,7.11779138423316,-15.538613712263
55,55,738084.560379597,-0.16,0.245,-5.25904548577408,-9.72803959433726,18.3702383395945,18.7109187568086,1.07519328772274,6.83774267259994,-3.49092234259084,-8.27121579467408,-3.77243817117269,-8.44570927422024,-15.0631505269542,7.12461963357618,-14.9190650544267
56,56,738084.560379684,-0.16,0.26,-5.23498359320783,-8.35982684880264,18.4341668041152,18.704787097092,1.01132939808005,6.84877406040354,-2.87032018751847,-8.2613617540998,-3.15161691689436,-8.43526225474582,-14.4426619788,7.13468672829076,-14.2988661737323
57,57,738084.560379772,-0.16,0.275,-5.20395157726738,-6.99427448882908,18.4884855345073,18.6996114834789,0.931126838870326,6.86298282435658,-2.25047407387132,-8.24817027102245,-2.53154963919333,-8.42148131713217,-13.8228067905198,7.14792939803912,-13.6793108350866
58,58,738084.56037986,-0.16,0.29,-5.16613118895737,-5.63399616226018,18.5332271500533,18.6953719068823,0.828691415181048,6.88028545573798,-1.63265142426582,-8.23172559933374,-1.91350426294765,-8.40445190015215,-13.2048546220607,7.16426619748575,-13.061667888666
59,59,738084.560379992,-0.16,0.305,-5.12173983455724,-4.28152500615001,18.5684854617458,18.6920458030862,0.696281309956983,6.90058166938911,-1.01808195494442,-8.21212970273817,-1.29871100568734,-8.38427709957083,-12.5900380981885,7.18359886097537,-12.4471691095449
60,60,738084.560380086,-0.16,0.32,-5.0710271857081,-2.9392912912198,18.5944123248559,18.6896083019592,0.525302723242787,6.92375600743358,-0.407946574087931,-8.18950060094033,-0.68835127082095,-8.36107600459311,-11.9795416533299,7.20581388715695,-11.8369980526561
61,61,738084.560380173,-0.16,0.335,-5.01427141153708,-1.60960257775474,18.6112136243359,18.6880324859018,0.310613671765198,6.9496796231457,0.196632487185925,-8.16397052347065,-0.0835477738457461,-8.3349818433645,-11.3744916013186,7.2307843055567,-11.2322801327234
62,62,738084.560380296,-0.16,0.35,-4.95177513815822,-0.294626697005813,18.6191445397334,18.6872896573768,0.0594291455715539,6.97821219367588,0.794600153131702,-8.13568392456768,0.514643940340423,-8.30613999106044,-10.7759475899111,7.25837157410746,-10.6340740887974
63,63,738084.560380404,-0.14,0.05,-3.19601193132753,-26.6936087659017,16.7828194217778,18.8784359032871,1.45163408784409,7.76916620324762,-11.1132113900666,-7.31192608456761,-11.397351601868,-7.49461630707288,-22.672844736204,8.0669518471357,-22.527963856619
64,64,738084.560380502,-0.14,0.065,-3.25097627703013,-25.5127936640883,16.9498504655757,18.8593221162086,1.44405402732302,7.7449697977483,-10.589666910063,-7.33906582587898,-10.8736526357439,-7.52122888271511,-22.150899680627,8.04197639928361,-22.00614625394
65,65,738084.560380589,-0.14,0.08,-3.30112386357683,-24.3042388843269,18.8411406539294,17.1118427734541,-0.134998897603654,7.72290905395053,-10.0523549070451,-7.36397845369686,-10.3361794029557,-7.54560256486669,-21.6150989260839,8.01911304655526,-21.4704861460652
66,66,738084.560380676,-0.14,0.095,-3.34618848164419,-23.0694191602782,17.2682019767697,18.8239154396582,1.42675224128159,7.70310850600293,-9.50195534068702,-7.38653007746344,-9.78561198126565,-7.56760423946301,-21.0661161104265,7.99848725764822,-20.9216573301773
67,67,738084.560380764,-0.14,0.11,-3.38592391327761,-21.8100104296472,18.807667281185,17.4183468382559,-0.154016834609867,7.68568357819949,-8.93924858680603,-7.40659619516206,-9.222730908216,-7.58711027380468,-20.5047256340542,7.98021555895516,-20.3604342915504
68,68,738084.560380851,-0.14,0.125,-3.42010752429349,-20.5278826925939,18.7924136715358,17.5617167509115,-0.165091503106032,7.67073888068263,-8.36511215466255,-7.4240635091215,-8.64841389889134,-7.60400832763879,-19.9317994587828,7.96440382684387,-19.7876889977018
69,69,738084.560380938,-0.14,0.14,-3.44854365151501,-19.2250892653874,17.6977792751869,18.7781686252996,1.39330665971662,7.65836660104478,-7.78051559916654,-7.43883164498423,-8.06363075785796,-7.61819906565751,-19.3483020984967,7.95114567286243,-19.204385885434
70,70,738084.560381059,-0.14,0.155,-3.47106668598324,-17.9038524681913,17.8260375162455,18.7649425547437,1.37929936610806,7.64864503787637,-7.18651364401062,-7.45081472497544,-7.46943650126365,-7.62959772260411,-18.7552838154562,7.9405209678957,-18.6115750548024
71,71,738084.560381149,-0.14,0.17,-3.48754376138144,-16.5665459072148,17.9460371371949,18.7527421874353,1.3633087771071,7.64163732036047,-6.58423759296635,-7.45994274850836,-6.86696276632212,-7.63813547413856,-18.1538720973972,7.93259454944964,-18.0103837452667
72,72,738084.560381237,-0.14,0.185,-3.49787696357704,-15.2156736344923,18.057372805968,18.741570527451,1.34483580093502,7.63739035395245,-5.97488516843489,-7.46616273729946,-6.25740764728358,-7.64376057081334,-17.5452615525495,7.92741515228483,-17.4020062312418
73,73,738084.560381356,-0.14,0.2,-3.50200498937881,-13.8538465864219,18.159693885967,18.7314268596102,1.32320089773226,7.63593402611819,-5.35970897543887,-7.46943960844523,-5.64202415611394,-7.64643919884091,-16.9307024190441,7.92501459665561,-16.7876923335567
74,74,738084.560381444,-0.14,0.215,-3.4999042014101,-12.4837568072555,18.2527091993656,18.7223067983393,1.2974569356211,7.63728069824724,-4.74000384207512,-7.46975674709544,-5.02210755897285,-7.64615603956852,-16.3114879383355,7.92540726064468,-16.1687347964257
75,75,738084.560381532,-0.14,0.23,-3.49158904213566,-11.1081500503242,18.336190725063,18.7142023762095,1.26624806950933,7.64142500060206,-4.11709333083682,-7.46711626005956,-4.3989818829812,-7.6429145093095,-15.6889408860516,7.92858985391225,-15.5464558232928
76,76,738084.560381628,-0.14,0.245,-3.47711179312801,-9.72979741120498,18.4099761266537,18.7071021731414,1.22757331415742,7.64834393698267,-3.49231574644571,-7.46153890239051,-3.77398591903276,-7.63673667191554,-15.0643995853709,7.93454150005239,-14.9221930965184
77,77,738084.560381747,-0.14,0.26,-3.45656168937814,-8.35146668136285,18.4739700500155,18.7009914792419,1.17837619988566,7.65799729524651,-2.86700998302826,-7.45306368012265,-3.1484590636083,-7.62766282761239,-14.4392037456869,7.94322412425065,-14.2972856235184
78,78,738084.56038187,-0.14,0.275,-3.43006341540915,-6.97589411491921,18.5281441727234,18.6958524896525,1.11380885864896,7.67032834950983,-2.24250155564105,-7.44174714326844,-2.52372734472925,-7.61575079254242,-13.814680471975,7.9545831326342,-13.6730597545672
79,79,738084.560381976,-0.14,0.29,-3.39777503602946,-5.60575727366784,18.5725360323034,18.6916645269525,1.02588722066325,7.68526483033734,-1.62008914836588,-7.42766239330409,-1.90108996442119,-7.60107489356146,-13.19213077795,7.96854836018109,-13.0508157051228
80,80,738084.560382076,-0.14,0.305,-3.35988542530085,-4.24364956448157,18.6072467030841,18.6884042832594,0.901109648361024,7.70272013101724,-1.00103198454513,-7.41089783815547,-1.28180666338132,-7.58372471158502,-12.5728169098269,7.98503525580061,-12.431814889246
81,81,738084.560382201,-0.14,0.32,-3.31661127798773,-2.89205700159652,18.632437426021,18.6860460809978,0.717123554068293,7.72259471149366,-0.386538286111827,-7.39155573470839,-0.667086174953482,-7.56380361374451,-11.9579507492438,8.00394626662641,-11.817268332416
82,82,738084.560382297,-0.14,0.335,-3.26819379112483,-1.55333763337689,18.6483253293008,18.684562142846,0.443684376878742,7.74477765698586,0.222244958886856,-7.36975056382208,-0.0580759876076283,-7.541427119516,-11.3486835162659,8.02517237893961,-11.208326384417
83,83,738084.560382397,-0.14,0.35,-3.21489511239685,-0.229703961903641,18.6551783966247,18.6839228707276,0.0713286929890058,7.76914834584969,0.824240755560078,-7.34560728558279,0.544146418945686,-7.51672114868349,-10.7460969394767,8.04859477058592,-10.6060698990615
84,84,738084.560382523,-0.12,0.05,-1.43094790651163,-26.7824873748076,16.7921561638717,18.8773574853593,1.51741858723204,8.56630149592435,-11.1537388430064,-6.51520161454017,-11.4380361524988,-6.69861987408598,-22.7129031766985,8.86348261171983,-22.5698626657397
85,85,738084.560382655,-0.12,0.065,-1.47585327519863,-25.5966540061545,16.9609920567039,18.858060508181,1.51320203882245,8.54730308068944,-10.6280262052217,-6.53717586523182,-10.9121697313165,-6.72006958886942,-22.1888063108138,8.84369720499063,-22.0459059020331
86,86,738084.560382805,-0.12,0.08,-1.51682999095831,-24.3825753240784,17.1247322795091,18.8397087604144,1.50866680297105,8.53001691773427,-10.0882983116651,-6.55734518357745,-10.3722811206733,-6.7397019803054,-21.6506052297363,8.82560044174403,-21.5078572414196
87,87,738084.560382898,-0.12,0.095,-1.55365855389839,-23.1417423307209,17.2827663233979,18.822326896734,1.50376029546915,8.51454372195576,-9.53524226985076,-6.57559923599988,-9.81905753986749,-6.75740747665339,-21.0989805561975,8.80929400311743,-20.9563974103942
88,88,738084.560382993,-0.12,0.11,-1.58613589676031,-21.8758537213458,17.4344968601633,18.8059363708268,1.4984167464909,8.50097682711853,-8.96964882711279,-6.59183535273912,-9.25328989328528,-6.77308426751161,-20.5347169043832,8.79487236043589,-20.3923110550704
89,89,738084.560383086,-0.12,0.125,-1.61407838451622,-20.5868087185337,17.579347556959,18.7905552272239,1.4925528630357,8.48940078425999,-8.39240908484886,-6.60596004580054,-8.67586948524597,-6.78663981731828,-19.9586996790548,8.78242136993522,-19.8164835362306
90,90,738084.56038318,-0.12,0.14,-1.63732464450445,-19.2766961346724,17.7167709416667,18.7761979291308,1.48606167551628,8.47989003820121,-7.80450932378722,-6.6178904479453,-8.08778284511248,-6.79799229804688,-19.3719099825601,8.77201694249873,-19.2298958333662
91,91,738084.560383276,-0.12,0.155,-1.65573814376072,-17.9477796958523,17.8462561077356,18.7628752283263,1.47880361877888,8.47250772063086,-7.20702395360388,-6.62755563127821,-7.49010467594082,-6.80707189969702,-18.7754176407707,8.76372382684786,-18.6336175688922
92,92,738084.560383397,-0.12,0.17,-1.66920943694461,-16.602479789131,17.9673360437349,18.7505940781015,1.47059328086658,8.46730459663628,-6.60110666518433,-6.63489776551407,-6.8839890049553,-6.81382197877356,-18.1703724240299,8.75759454315208,-18.0287982287337
93,93,738084.560383493,-0.12,0.185,-1.67765801239506,-15.2433519275584,18.0795943716099,18.7393575923857,1.46117915762572,8.46431819819052,-5.98797992970077,-6.63987307945624,-6.2706586800235,-6.81820000846111,-17.5579936051995,8.75366850075933,-17.4166567214398
94,94,738084.560383596,-0.12,0.2,-1.68103367764406,-13.8730623518101,18.1826712927159,18.7291650493784,1.45021170376836,8.46357217301734,-5.36892305169893,-6.64245259452754,-5.65139341935941,-6.82017829956966,-16.9395580601775,8.7519713287711,-16.7984694812169
95,95,738084.560383693,-0.12,0.215,-1.67931743610293,-12.494361300423,18.2762685599111,18.7200119416995,1.43719098835789,8.46507587065785,-4.74525903984391,-6.64262260613823,-5.02751667817941,-6.81974446832467,-16.3163871730537,8.75251444168692,-16.1755573770308
96,96,738084.560383817,-0.12,0.23,-1.67252182636915,-11.1100545723089,18.3601533284783,18.7118900692808,1.42137705292886,8.46882417976641,-4.11834060535093,-6.64038489694959,-4.40038164242252,-6.81690163538652,-15.6898328548799,8.75529485462739,-15.5492717366631
97,97,738084.560383938,-0.12,0.245,-1.66069071187128,-9.7229740718885,18.4341607761369,18.7047876730291,1.40162806958758,8.47479762209066,-3.48953563153846,-6.63575667522715,-3.77135669308835,-6.81166834965031,-15.0612630189063,8.76029525413835,-14.920979828463
98,98,738084.560384037,-0.12,0.26,-1.64389852810726,-8.33594806318544,18.498195427618,18.6986896055972,1.37608879434116,8.48296269971123,-2.86021247627432,-6.62877024099163,-3.14181070309806,-6.80407823989789,-14.4320468739955,8.7674843217315,-14.2920501623224
99,99,738084.560384153,-0.12,0.275,-1.62224901242723,-6.95177186370327,18.5522311666242,18.693577534203,1.3415413504744,8.49327248344091,-2.23172547134388,-6.61947239200562,-2.51309853084978,-6.79417940670089,-13.8035404006742,8.77681729866402,-13.6638379741435
100,100,738084.560384249,-0.12,0.29,-1.59587346046688,-5.57317967945666,18.5963099651378,18.6894301720269,1.29191011499488,8.50566742229958,-1.60540096898216,-6.60792359027234,-1.88654706085826,-6.78203357559065,-13.1770723609796,8.78823677244891,-13.0376712447228
101,101,738084.560384355,-0.12,0.305,-1.56492856362694,-4.20281822669041,18.6305394044651,18.6862235323873,1.21434904375582,8.52007634710884,-0.98252425716973,-6.59419691719298,-1.26344211322688,-6.76771503994399,-12.5539311650474,8.80167365868703,-12.4148375757542
102,102,738084.560384451,-0.12,0.32,-1.52959389957866,-2.84322270144458,18.6550891024867,18.6839311971904,1.07722916815428,8.53641763583904,-0.364327623920492,-6.57837685147365,-0.645016502322009,-6.75130942793282,-11.9353528763525,8.81704834633332,-11.7965722046195
103,103,738084.560384571,-0.12,0.335,-1.49006914991494,-1.49679555245579,18.6825246018588,18.6701861923609,-0.783146173089544,8.55460050460272,0.248020200430159,-6.56055790803165,-0.0324394737773786,-6.73291233198495,-11.3225105865567,8.83427197069198,-11.1840473886794
104,104,738084.560384719,-0.12,0.35,-1.4465711281626,-0.165788404289038,18.6819733224842,18.6761100205467,-1.45668634512018,8.57452638622624,0.853423051653785,-6.54084317842277,0.573192308775614,-6.71262784141901,-10.7165053333487,8.8532477763855,-10.5783633322341
105,105,738084.56038483,-0.1,0.05,0.360536575488415,-26.8455539748453,16.7881514364907,18.8778198956802,-1.5573671048829,9.37529312021744,-11.1818582118348,-5.70639858572321,-11.4663057530995,-5.89054277220709,-22.7403584142758,9.67183979879994,-22.5991963360596
106,106,738084.560384928,-0.1,0.065,0.326227683265545,-25.6556255191516,16.9584119646674,18.8583525153606,-1.55808137262655,9.36175584186249,-10.6544099412315,-5.72293842233794,-10.9387045143277,-5.90656136152782,-22.2145381780127,9.65750801482922,-22.0735293891595
107,107,738084.560385027,-0.1,0.08,0.294918433394707,-24.4370250555005,17.1235348649093,18.8398416900611,-1.55872840462408,9.3494882759281,-10.1127379012586,-5.73811489070875,-10.3968723995034,-5.92120360358947,-21.6744046896175,9.64442237093028,-21.5335605635647
108,108,738084.560385164,-0.1,0.095,0.26677717628817,-23.1912571659209,17.2828961440912,18.8223127491928,-1.55929348294213,9.33856512762644,-9.55753507983593,-5.75184344266912,-9.84150250183348,-5.93438569420463,-21.1206443186094,9.63265857024657,-20.9799762715519
109,109,738084.560385289,-0.1,0.11,0.241959635955359,-21.9200397451784,17.4358849934122,18.8057877458602,-1.55975849053265,9.32905556689417,-8.98960089414889,-5.76404535103304,-9.27339439051104,-5.94602975204294,-20.5540502192142,9.62228695494506,-20.4135696413993
110,110,738084.560385382,-0.1,0.125,0.220606587264943,-20.6252968226891,17.5819118753591,18.7902852392345,-1.56010081162072,9.32102217121039,-8.40983790688268,-5.77464888736555,-8.69345082769416,-5.95606499227032,-19.9755191342947,9.61337144506533,-19.8352373180054
111,111,738084.560385506,-0.1,0.14,0.202841664680285,-19.3091474647957,17.7204166714461,18.7758201152668,-1.56029176133052,9.3145199274667,-7.81924657955111,-5.78359043993765,-8.10267252178782,-5.96442883843648,-19.3860462332283,9.60596853322128,-19.2459742985371
112,112,738084.560385601,-0.1,0.155,0.188769366293339,-17.9738907855512,17.8508766708371,18.7624034501935,-1.56029429202136,9.30959532231789,-7.21891807364964,-5.79081553930693,-7.50215092770394,-5.97106794008406,-18.7867179920767,9.60012636456535,-18.6468668115905
113,113,738084.560385696,-0.1,0.17,0.178473314515158,-16.6219872297184,17.9728141741375,18.7500424188863,-1.56005955657904,9.30628554923791,-6.61002517873263,-5.79627976010326,-6.89305917318559,-5.97593906476382,-18.1787031928239,9.59588393033582,-18.0390833167248
114,114,738084.56038582,-0.1,0.185,0.172014828282224,-15.2560364318828,18.0858034844633,18.7387402516782,-1.55952160678713,9.30461785792006,-5.99381151597618,-5.79994947026618,-6.2766412597565,-5.9790098358745,-17.5632421880599,9.59327040083316,-17.4238637708055
115,115,738084.560385921,-0.1,0.2,0.169431856263884,-13.8787520858103,18.1894770756185,18.7284962376934,-1.55858892957361,9.30460906773953,-5.37157923237587,-5.80180240313007,-5.65419975348701,-5.98025929196018,-16.9416346443466,9.59230461986609,-16.8025073743888
116,116,738084.560386021,-0.1,0.215,0.17073830374812,-12.4929343796236,18.2835307455359,18.7193057755454,-1.55713038817687,9.30626526190343,-4.74467546043201,-5.80182803321647,-5.02708224049079,-5.97967824861773,-16.315226037559,9.59299477771528,-16.1763590714137
117,117,738084.560386117,-0.1,0.23,0.175923779928349,-11.1014406474514,18.3677276002728,18.7111604697919,-1.55495072071409,9.30958167289617,-4.11447786728348,-5.80002774310858,-4.39666687121536,-5.97726945073074,-15.6853932230595,9.5953382737287,-15.5467951249484
118,118,738084.560386211,-0.1,0.245,0.184953772498729,-9.70715496044407,18.4419007535047,18.7040482692277,-1.55174528699016,9.31454276320273,-3.48237965258737,-5.7964147760104,-3.76434735293694,-5.97304750999736,-15.0535294393952,9.59932177310781,-14.9152081275621
119,119,738084.560386305,-0.1,0.26,0.197770244350604,-8.31295741723884,18.5059546741575,18.6979536437913,-1.54701021385551,9.32112249844942,-2.84977437384462,-5.79101397609989,-3.13151776930554,-5.96703863025015,-14.4210291241416,9.60492145563323,-14.2829918247671
120,120,738084.5603864,-0.1,0.275,0.214292631898518,-6.92169389838176,18.5598651648867,18.6928577953799,-1.53984664787247,9.32928480342003,-2.21804098016521,-5.78386132617074,-2.49955760807514,-5.95928013043675,-13.7892729233591,9.61210344740943,-13.6515261327871
121,121,738084.560386535,-0.1,0.29,0.234419211404767,-5.53614701915087,18.6036780041148,18.6887388975402,-1.52847821932965,9.33898418527266,-1.58852942076298,-5.77500329887083,-1.86981736347846,-5.94981978193141,-13.1596132619155,9.62082442056088,-13.022162717686
122,122,738084.560386661,-0.1,0.305,0.258028787599788,-4.1590089540667,18.6375063311872,18.6855723582001,-1.50883481270772,9.3501665030327,-0.962547164035403,-5.76449604373789,-1.24360504924451,-5.93871498270082,-12.533360811936,9.63103234051356,-12.396211472885
123,123,738084.560386755,-0.1,0.32,0.284982651496852,-2.79285671682862,18.6615268963114,18.6833310999293,-1.46910844564937,9.36276985832496,-0.341346919171646,-5.7524044368972,-0.622173914359383,-5.92603179546087,-11.9117721531147,9.64266733632063,-11.7749281885525
124,124,738084.560386848,-0.1,0.335,0.315126746333692,-1.44013037305959,18.6819858531853,18.6759753268572,0.215422803370616,9.37672557950971,0.273884202006005,-5.73880102353095,-0.00671159940169061,-5.9118438801528,-11.2960388646186,9.65566266660494,-11.1595036523948
125,125,738084.560386937,-0.1,0.35,0.348293976109692,-0.103114533653458,18.6815054547092,18.6811405959743,1.28296176470532,9.39195926996574,0.882033906290486,-5.72376488496798,0.601669089754296,-5.89623135273743,-10.6872782274782,9.66994575217406,-10.5510543605184
126,126,738084.560387058,-0.08,0.05,2.17309703410973,-26.8815994321496,16.7702890458481,18.8798850708737,-1.49013216256709,10.1935626347829,-11.1969890640938,-4.88808580179422,-11.4815791320678,-5.07295097331345,-22.7546247825619,10.4894462144935,-22.6153734837807
127,127,738084.56038715,-0.08,0.065,2.14983136219747,-25.6885308344576,16.9415655734536,18.8602613222164,-1.48730251371807,10.185703517997,-10.668252151221,-4.89896796407618,-10.9526901677638,-5.08331580796334,-22.2275238036841,10.4807855757013,-22.0884394104417
128,128,738084.560387245,-0.08,0.08,2.1286025625841,-24.4664496500847,17.1076783179849,18.8416037445788,-1.48401396647693,10.1786559534515,-10.125125720799,-4.90894421174935,-10.4094044255703,-5.09276119056226,-21.6859435745384,10.4729130347031,-21.5470364526137
129,129,738084.560387357,-0.08,0.095,2.10952404921376,-23.216871297653,17.2679927818046,18.8239382763437,-1.4801834570402,10.1724667784478,-9.5683073540962,-4.9179576832238,-9.85241958549011,-5.10123098272682,-21.1305749570518,10.4658764581096,-20.9918554492574
130,130,738084.560387446,-0.08,0.11,2.09270062184418,-21.9415291387601,17.4218876142693,18.8072875146552,-1.47570771593175,10.1671792374029,-8.99860335654202,-4.92595539752994,-9.28254209966309,-5.1086730325034,-20.5622178950773,10.4597202960541,-20.4236962561781
131,131,738084.560387535,-0.08,0.125,2.07822689349282,-20.6423672946867,17.5687629176568,18.7916704901288,-1.47045668946109,10.1628323053185,-8.41692547905305,-4.9328890549497,-8.70068391456707,-5.11503997121936,-19.9817782256516,10.4544849013759,-19.8434645548264
132,132,738084.560387622,-0.08,0.14,2.06618580941773,-19.3215294193777,17.7080486246091,18.7771024798333,-1.4642642091981,10.1594600502402,-7.82428561442101,-4.93871579797381,-8.10785716746908,-5.12028996864596,-19.3902624621703,10.4502058845098,-19.2521666340824
133,133,738084.560387717,-0.08,0.155,2.05664729903917,-17.981343452499,17.8392127175902,18.7635948653635,-1.45691447649864,10.1570910538145,-7.22178847717101,-4.94339891022568,-7.50516686547042,-5.12438742413355,-18.7887705554229,10.4469135231755,-18.6509021510742
134,134,738084.560387833,-0.08,0.17,2.04966710424571,-16.624302517638,17.9617690560507,18.7511550371978,-1.44812200906512,10.1557479082379,-6.61062234656008,-4.9469084317295,-6.89380162679264,-5.12730357219228,-18.1784867097429,10.4446322452649,-18.0408549483485
135,135,738084.560387946,-0.08,0.185,2.04528582044797,-15.2530422766148,18.0752845751375,18.739786348684,-1.4375010719355,10.1554468061715,-5.99204802491863,-4.94922167069965,-6.27502263651245,-5.12901698286491,-17.5606684042044,10.4433802017249,-17.4232820773656
136,136,738084.560388035,-0.08,0.2,2.04352818416835,-13.8703151884613,18.1793856355484,18.7294881182053,-1.4245176097741,10.1561972376019,-5.36738623316654,-4.95032359486586,-5.65015103860982,-5.12951394013799,-16.9366338387143,10.4431689437526,-16.7995012481422
137,137,738084.560388129,-0.08,0.215,2.04440262967527,-12.4789622466383,18.2737633258509,18.7202556813824,-1.40841092248742,10.1580018042652,-4.73800372785449,-4.95020708908795,-5.02055404874974,-5.12878868544947,-16.3077480877216,10.4440032153648,-16.1708769877159
138,138,738084.560388217,-0.08,0.23,2.04790113159436,-11.0818828700096,18.3581775557998,18.7120804894935,-1.38806063853212,10.1608561582847,-4.10529847549615,-4.94887307051037,-4.38763012366245,-5.12684351788357,-15.6754082961696,10.4458808685262,-15.5388058419394
139,139,738084.560388305,-0.08,0.245,2.05399933866582,-9.68200369685657,18.432459821036,18.7049502518814,-1.36174956651628,10.164749067327,-3.47068425698118,-4.94633045747899,-3.75279356003212,-5.12368874766066,-15.0410282898374,10.4487929037306,-14.9047009926173
140,140,738084.560388425,-0.08,0.26,2.06265699432904,-8.28224707105071,18.4965145694813,18.6988491184208,-1.32671614629371,10.1696626040866,-2.8355750951425,-4.94259599363238,-3.11745891611494,-5.11934250473173,-14.4060229930809,10.45272363449,-14.2699766828148
141,141,738084.560388515,-0.08,0.275,2.07381862961601,-6.88550001413954,18.550319152349,18.6937578959838,-1.27825149168406,10.175572453554,-2.20136990087226,-4.93769393367502,-2.48302565163475,-5.1138304093791,-13.7717930498497,10.4576509698196,-13.6360328460059
142,142,738084.560388602,-0.08,0.29,2.08741450498395,-5.49458444413726,18.5939223939536,18.6896542971837,-1.20773322318488,10.18244832753,-1.56943771769415,-4.93165560204083,-1.85086336603129,-5.10718511641231,-13.1397100288931,10.4635468048125,-13.0042403197615
143,143,738084.56038869,-0.08,0.305,2.10336177057675,-4.11222933923819,18.627441865424,18.6865132102888,-1.09799949155937,10.1902544724601,-0.941103912664776,-4.92451883972072,-1.22229798309612,-5.09944574857053,-12.5111025625094,10.4703775059473,-12.3759269930999
144,144,738084.560388783,-0.08,0.32,2.12156580535793,-2.74104545042344,18.6510599884374,18.6843069884745,-0.912112084453586,10.1989502540286,-0.317637615421001,-4.9163273577308,-0.598599183963667,-5.09065723790243,-11.8872437224906,10.4781044750741,-11.7523651909367
145,145,738084.560388899,-0.08,0.335,2.14192169666712,-1.38350305206176,18.6650191309773,18.6830057514525,-0.573499374046573,10.2084908001995,0.299759349693431,-4.90713001792231,0.0190306664660621,-5.08086959605471,-11.2693398803301,10.4866847741785,-11.1347605424926
146,146,738084.560388989,-0.08,0.35,2.16431581521535,-0.0419130924453017,18.6696158804115,18.6825776948516,-0.0193630945851857,10.2188276835378,0.909961857333676,-4.89698006300646,0.629465918465901,-5.07013713550739,-10.658521235066,10.4960717920665,-10.5242425168491
147,147,738084.560389091,-0.06,0.05,4.0009802165043,-26.8896532425538,18.8836069531137,16.7381924795357,0.147708863881918,11.0183374670168,-11.1986683932114,-4.06302831413678,-11.4833924952815,-4.24860664649246,-22.7552359898928,11.31353088939,-22.6179215371321
148,148,738084.560389182,-0.06,0.065,3.98910026731089,-25.6944253360536,18.863842029198,16.9100535546029,0.154021973576918,11.0163207409356,-10.6691014694097,-4.06808195609089,-10.9536745263875,-4.25314747495998,-22.227308321065,11.3107061868979,-22.0901746937775
149,149,738084.560389269,-0.06,0.08,3.97826867610041,-24.4699364311232,18.8450510673451,17.0767411040896,0.161167711819766,11.0146457148272,-10.1250250316579,-4.07269911167855,-10.4094396509521,-4.25723775716267,-21.6847814385349,11.3081999308251,-21.547837939934
150,150,738084.560389391,-0.06,0.095,3.96854093749697,-23.2177100029343,17.2376133771285,18.8272605397323,-1.40150503516471,11.0133299071252,-9.56713995586884,-4.07685210402008,-9.85138883716421,-4.26085051610016,-21.1283494333433,11.3060306996135,-20.9916052741542
151,151,738084.560389479,-0.06,0.11,3.9599681028072,-21.9394910054176,18.8104935245129,17.3920416951102,0.178572347776982,11.0123892590372,-8.99625759025818,-4.08051512224362,-9.28033357451661,-4.26396075002799,-20.5588172273972,11.3042156720553,-20.4222814648545
152,152,738084.560389566,-0.06,0.125,3.95259601725006,-20.6372386864369,18.7947694731042,17.5394189173352,0.189235684216479,11.0118378676185,-8.41329648298346,-4.08366461519437,-8.69719260244844,-4.26654582276476,-19.9770973926291,11.3027703557418,-19.8407788679606
153,153,738084.560389666,-0.06,0.14,3.94646460619621,-19.3131152624385,17.6791679872419,18.7801040172256,-1.36923006926255,11.0116877370435,-7.81927703645864,-4.08627966633836,-8.10298656482407,-4.26858583311522,-19.3842048936935,11.3017083303573,-19.2481121691297
154,154,738084.560389785,-0.06,0.155,3.9416072290383,-17.9694704728231,17.8107503230515,18.7665088211672,-1.35486589257648,11.0119485558012,-7.21531409482695,-4.08834233877982,-7.49883059667373,-4.27006395233249,-18.7812497581749,11.3010410135493,-18.6453910545969
155,155,738084.560389873,-0.06,0.17,3.93805012253907,-16.6088221801888,17.9336738107756,18.7539914823286,-1.33798959405596,11.0126275071384,-6.60260754465111,-4.08983797963926,-6.88592492322002,-4.27096671895874,-18.1694277518633,11.300777456802,-18.0338108882524
156,156,738084.560389963,-0.06,0.185,3.93581195149608,-15.2338333322205,18.0475001579816,18.742555482558,-1.31796511221645,11.0137291192759,-5.98243108383193,-4.0907554739148,-6.26554362620991,-4.27128428132231,-17.5500092117981,11.3009241780825,-17.414641547654
157,157,738084.56039005,-0.06,0.2,3.93490348073538,-13.8472857463026,18.1518513791286,18.732200189668,-1.29393031154578,11.0152551607904,-5.35611938585625,-4.09108743932595,-5.63902180467733,-4.27101057942805,-16.9243262621168,11.3014850370029,-16.7892146439771
158,158,738084.560390136,-0.06,0.215,3.93532738097148,-12.4520513038244,18.2464152101366,18.722920909265,-1.26469104411607,11.0172045851035,-4.72505395119826,-4.09083035549188,-5.00774142203925,-4.27014345988928,-16.2937587028775,11.3024611569006,-16.1589094159888
159,159,738084.560390225,-0.06,0.23,3.93707817439249,-11.0510612496188,18.3309492835922,18.7147089856375,-1.22855341615297,11.0195735263377,-4.0906479909828,-4.08998462300912,-4.37311618472746,-4.26868471982044,-15.6597189157727,11.3038508966528,-15.5251376418523
160,160,738084.560390331,-0.06,0.245,3.94014232364756,-9.64727436669481,18.4052839429074,18.7075519466965,-1.18305224494127,11.022355346984,-3.45433072636939,-4.08855455047175,-3.73657583593793,-4.2666400781217,-15.0236361695412,11.3056498732794,-14.8893279514093
161,161,738084.560390418,-0.06,0.26,3.94449845920919,-8.2436448388206,18.4693236233135,18.701433690351,-1.12450462938263,11.0255407359641,-2.81753150809109,-4.08654827005021,-3.09955026909091,-4.26401907518297,-14.3869407294459,11.3078510345753,-14.2529099431323
162,162,738084.560390521,-0.06,0.275,3.95011773965982,-6.84309061600191,18.5230467820638,18.6963347087552,-1.04727892905647,11.0291178538985,-2.18166416293317,-4.08397758478633,-2.46345386793712,-4.26083490457489,-13.7510481780949,11.31044477924,-13.6172985128196
163,163,738084.560390608,-0.06,0.29,3.95696433167772,-5.44846306810523,18.5665044155899,18.692232339456,-0.942667118402533,11.0330725207837,-1.54811195776752,-4.08085775310827,-1.82967046410224,-4.25710418262198,-13.1173443392679,11.3134191203435,-12.9838787854865
164,164,738084.560390695,-0.06,0.305,3.96499599445135,-4.06251863989243,18.5998172493067,18.6891010457286,-0.797546113431017,11.0373884399447,-0.918213538475125,-4.07720721809221,-1.1995392695727,-4.25284666374503,-12.4871711635943,11.3167598865811,-12.3539920090847
165,165,738084.560390783,-0.06,0.32,3.97416474990035,-2.68789313010826,18.6231717331223,18.6869127113793,-0.594670790650074,11.0420474511302,-0.29325015326306,-4.07304729060408,-0.574342093782999,-4.24808491101066,-11.8618138874885,11.3204509546882,-11.7289227212585
166,166,738084.560390871,-0.06,0.335,3.98441761820749,-1.32707909328533,18.6368150087051,18.6856369511713,-0.321511078085323,11.0470298049768,0.325565589096577,-4.06840179655997,0.0447079040199266,-4.24284393237522,-11.242489718058,11.324474505657,-11.1098874416665
167,167,738084.560390958,-0.06,0.35,3.99569739780016,0.0175932681153633,18.6410490426493,18.6852414267973,0.00440302482419882,11.0523144508199,0.9370992416884,-4.06329669913159,0.656475742591611,-4.23715079362625,-10.6303382307539,11.32881129704,-10.4980250764753
168,168,738084.560391066,-0.04,0.05,5.83810841647616,-26.8690141507707,18.8890303895497,16.6916400509801,0.21395472019277,11.8466926687514,-11.1865656111239,-3.23414592359135,-11.4714145364262,-3.42042671172588,-22.7418602794403,12.1411708230862,-22.6065019860206
169,169,738084.560391175,-0.04,0.065,5.83784136671566,-25.6726274102809,18.869140524888,16.863637998067,0.22359339324071,11.8506243094678,-10.6566359568428,-3.23325816339775,-10.9413349206042,-3.41903120230246,-22.2135684781582,12.1442886594631,-22.0784050951137
170,170,738084.560391301,-0.04,0.08,5.83761713573736,-24.4468281257152,18.8502304907995,17.0304694619667,0.234398982350289,11.8544203691394,-10.1121248564956,-3.23241106582338,-10.396666357064,-3.41766181509857,-21.6706058523707,12.1472479452951,-21.5356455745539
171,171,738084.56039139,-0.04,0.095,5.83743124762658,-23.1931450246115,18.8323272096993,17.191488895022,0.246566532694712,11.8580680668259,-9.55373517591802,-3.23160716970958,-9.83811179769616,-3.41632176337456,-21.1136684549058,12.1500369892545,-20.9789193124476
172,172,738084.560391509,-0.04,0.11,5.83727906132323,-21.9133306699108,18.8154541702218,17.3460637118528,0.260334995082303,11.8615551079296,-8.98228141292856,-3.23084881640789,-9.26648587615416,-3.41501417503123,-20.543564328399,12.1526447641192,-20.4090341301991
173,173,738084.560391597,-0.04,0.125,5.83715585964424,-20.6093542750436,18.7996311878996,17.4935828528062,0.275999945153561,11.8648698469915,-8.39868643089263,-3.23013811554499,-8.68271164253312,-3.41374205536732,-19.9612103312547,12.1550610645781,-19.8269066079688
174,174,738084.560391692,-0.04,0.14,5.83705694264281,-19.2833903114897,17.6334654318633,18.7848742068862,-1.2768655146315,11.8680014474211,-7.80397608562673,-3.2294769133038,-8.08781519053815,-3.4125082502226,-19.3676268538435,12.1572766585869,-19.2335568013675
175,175,738084.560391787,-0.04,0.155,5.83697772187651,-17.9378029257139,17.7651692328861,18.7711951475493,-1.2562018446084,11.8709400337711,-7.19927175074728,-3.22886676419168,-7.48291818217584,-3.4113154104751,-18.7639304274713,12.159283427884,-18.630100851971
176,176,738084.560391886,-0.04,0.17,5.83691381311018,-16.5751263339993,17.8881988053829,18.7586018034723,-1.2322083338537,11.8736768321534,-6.58578082173593,-3.22830890719622,-6.8692283502153,-3.41016595886753,-18.1513243038762,12.1610744933903,-18.0177415694328
177,177,738084.56039198,-0.04,0.185,5.83686112329002,-15.1980415145382,18.0021129148153,18.7470977900653,-1.2041120569569,11.8762042945824,-5.96478535570203,-3.22780424712125,-6.24802813538976,-3.40906206010697,-17.5310871598568,12.1626443215258,-17.3977571397719
178,178,738084.560392072,-0.04,0.2,5.8368159300956,-13.8093496643108,18.1065311142087,18.7366825443555,-1.17089975199719,11.8785162034399,-5.33762907760656,-3.22735334173092,-5.62066168914547,-3.40800559509763,-16.9045601557212,12.163988808006,-16.7714881884719
179,179,738084.560392163,-0.04,0.215,5.83677494962899,-12.411943020293,18.2011392289156,18.7273513772047,-1.13122681640758,11.880607752849,-4.70570305003039,-3.22695639514723,-4.98852053907835,-3.40699814004714,-16.2731326429298,12.1651053363839,-16.1403234936662
180,180,738084.560392268,-0.04,0.23,5.83673539083787,-11.0087737520556,18.2856935847573,18.7190955749644,-1.08328987704467,11.8824756045193,-4.07043035814636,-3.22661325772024,-4.35302826882624,-3.40604095102146,-15.638226871395,12.1659928094648,-15.5056846997397
181,181,738084.560392356,-0.04,0.245,5.83669499571984,-9.60282171194803,18.3600238541153,18.711902546412,-1.02465366194431,11.8841179165176,-3.43325020084605,-3.22632343236592,-3.71562460349224,-3.40513495433667,-15.0012820867204,12.1666516526792,-14.8690104214691
182,182,738084.560392461,-0.04,0.26,5.8366520625442,-8.19706187067107,18.4240344469654,18.7057560130892,-0.952034142197417,11.8855343444004,-2.79560180043239,-3.22608608713035,-3.07774931316045,-3.40428074296572,-14.3637384297181,12.1670837895146,-14.2317401508629
183,183,738084.560392547,-0.04,0.275,5.83660545274563,-6.79443227091723,18.4777044296925,18.7006362358776,-0.861084515928792,11.8867260151285,-2.15890854562219,-3.22590007352164,-2.44082634941757,-3.40347857892431,-13.7270210534542,12.1672925900971,-13.5952983817484
184,184,738084.560392667,-0.04,0.29,5.83655458271151,-5.39780329609523,18.52108600935,18.6965202731128,-0.746363584674732,11.887695475143,-1.5245627659488,-3.22576394996685,-1.80624861314057,-3.40272840139449,-13.0925248569772,12.1672827949457,-12.9610793510675
185,185,738084.560392784,-0.04,0.305,5.83649939938617,-4.00994898500956,18.5543016723687,18.6933822648724,-0.601979625112332,11.8884466148419,-0.89391150146277,-3.22567600958355,-1.17536371762869,-3.40202984015269,-12.4616002011668,12.1670604167238,-12.3304327621214
186,186,738084.560392876,-0.04,0.32,5.83644034407159,-2.63352102044045,18.5775401130334,18.6911937352714,-0.423868358919609,11.8889845724144,-0.268243582517075,-3.22563431135875,-0.549461062020453,-3.40138223371004,-11.8355399234226,12.1666326234553,-11.7046508063051
187,187,738084.560392963,-0.04,0.335,5.83637830428363,-1.2710259027695,18.5910511220376,18.6899239071969,-0.214428444226208,11.8893156205409,0.351221726039505,-3.22563671375151,0.0702395305216,-3.40078465144779,-11.2155679077466,12.1660076071206,-11.0849567397263
188,188,738084.560393063,-0.04,0.35,5.83631455705868,0.0751943215488489,18.5951396323184,18.6895400256262,0.0128831577730637,11.889447039821,0.963344329670751,-3.22568090972881,0.682597423144404,-3.40023591894439,-10.602829399186,12.1651944417968,-10.4724952035425
189,189,738084.56039317,-0.02,0.05,7.67817758603036,-26.8192741989433,18.8961901601737,16.6305758386361,0.278834860199068,12.6755993719265,-11.1604942776788,-2.40446492325226,-11.4454581828844,-2.59143463715078,-22.7143122702919,12.9693394176166,-22.5809223316224
190,190,738084.560393284,-0.02,0.065,7.68962724597911,-25.6227422104248,18.8761924873422,16.802254118696,0.291557210572739,12.6855231800588,-10.6306747051816,-2.39758487027181,-10.9154897971814,-2.58405239840281,-22.1861243605114,12.9784442831501,-22.0529434333093
191,191,738084.560393381,-0.02,0.08,7.70010638451888,-24.3967461586554,18.8571785141636,16.9687898649976,0.305724957984986,12.6948311963363,-10.0862513640934,-2.39122585597981,-10.3709100568087,-2.57717622480204,-21.6432439144061,12.9869107532782,-21.5102790494942
192,192,738084.56039347,-0.02,0.095,7.7095495304506,-23.1428172017218,18.8391755222461,17.1295373132004,0.32156687566597,12.7034798771882,-9.527927802894,-2.38542115094932,-9.81242259044651,-2.57084003421386,-21.0863676778343,12.9946964021004,-20.9536256875898
193,193,738084.560393587,-0.02,0.11,7.71789537890583,-21.8627114528074,18.8222073335053,17.2838635222895,0.339359491245378,12.7114282500772,-8.95651974407211,-2.38020174269107,-9.24084325108308,-2.56507557584462,-20.5163049262184,13.0017615516865,-20.3837923329165
194,194,738084.560393785,-0.02,0.125,7.72508775323661,-20.5584027937261,18.8062940652449,17.431156966885,0.359439461375323,12.718638516106,-8.37295182202588,-2.37559586241906,-8.65709685512371,-2.55991195440128,-19.9339742949849,13.0080698693173,-19.8016972796913
195,195,738084.56039396,-0.02,0.14,7.73107652711242,-19.2320714452811,17.5708362178732,18.7914519274347,-1.18857667916394,12.7250766280971,-7.77825219704866,-2.37162853583763,-8.06221179672803,-2.55537517610805,-19.3403984830139,13.0135889368017,-19.2083628359869
196,196,738084.56039412,-0.02,0.155,7.73581847903194,-17.8860883116157,17.7023584734127,18.7776930661653,-1.16258628455794,12.730712827248,-7.17354504973469,-2.36832117139608,-7.45731254163211,-2.55148773001016,-18.7366968308684,13.018290774983,-18.6049079044353
197,197,738084.560394266,-0.02,0.17,7.73927805113336,-16.5229952659292,17.8252276915206,18.7650254578032,-1.13275136756544,12.7355221218455,-6.56004103618934,-2.3656911989854,-6.84361008081272,-2.54826821760559,-18.1240758516383,13.0221523070549,-17.9925385165149
198,198,738084.560394416,-0.02,0.185,7.74142798892163,-15.145481700958,17.9390020752515,18.7534528541655,-1.09827824143802,12.7394846927195,-5.93902586207619,-2.36375177094012,-6.22239050201971,-2.54573104280995,-17.5038178700585,13.0251557456282,-17.3725364760254
199,199,738084.560394524,-0.02,0.2,7.74224983742358,-13.7563578149835,18.0433006761202,18.7429747821355,-1.05816952577578,12.7425862121093,-5.31184720825364,-2.3625115354592,-5.59500191195696,-2.54388617259028,-16.8772680005482,13.0272888905989,-16.7462463423135
200,200,738084.560394626,-0.02,0.215,7.74173427919098,-12.3585252382243,18.1378089070318,18.7335865940401,-1.01117032724871,12.7448180653344,-4.67990030793309,-2.36197449025446,-4.96284000911546,-2.54273897637176,-16.2458197623973,13.0285453277024,-16.1150610513692
201,201,738084.560394774,-0.02,0.23,7.73988129969012,-10.9549457158461,18.2222827911461,18.7252795692183,-0.955708336752609,12.7461774679636,-4.04461253056672,-2.36213992149106,-4.32733266256558,-2.54229014963161,-15.6108996860923,13.0289245210196,-15.4804065286264
202,202,738084.560394911,-0.02,0.245,7.73670017621506,-9.54860863951984,18.296551821717,18.7180410635924,-0.889840351035571,12.7466674748949,-3.40742736747355,-2.36300243003841,-3.68992389184356,-2.54253572409911,-14.9739513051172,13.0284317964908,-14.8437256876535
203,203,738084.560395003,-0.02,0.26,7.73220929077658,-8.1424982658836,18.3605203591333,18.7118547003888,-0.811237861771347,12.7462968816616,-2.76978823589863,-2.36455204390204,-3.05205766478261,-2.54346716385046,-14.3364189498573,13.0270782174222,-14.2064622311656
204,204,738084.560395122,-0.02,0.275,7.72643577262091,-6.73956146254136,18.414167547257,18.7067006003904,-0.717283426407175,12.7450800221485,-2.13312252052015,-2.3667744126202,-2.41516193247132,-2.54507154351603,-13.6997317631195,13.0248803568437,-13.5700446736939
205,205,738084.56039521,-0.02,0.29,7.71941498712197,-5.34267678602021,18.4575457875588,18.7025556432698,-0.605410352546247,12.7430364704993,-1.49882625446422,-2.36965107658528,-1.78063330357343,-2.54733180197101,-13.0652883404061,13.0218599751434,-12.9358709888598
206,206,738084.560395342,-0.02,0.305,7.71118988591261,-3.95462563019703,18.4907778611749,18.6993937549465,-0.473868717597202,12.7401906581294,-0.868249807157461,-2.37315980183109,-1.1498227255211,-2.55022706243463,-12.4344423638165,13.018043614479,-12.3052942499561
207,207,738084.56039543,-0.02,0.32,7.7018102431793,-2.57806607843453,18.5140528345793,18.697186215249,-0.323011596537816,12.7365714192506,-0.242684896524364,-2.37727496894672,-0.524022490250209,-2.55373300797073,-11.8084895490331,13.0134621238759,-11.6796095831329
208,208,738084.560395518,-0.02,0.335,7.69133180310525,-1.21550997329112,18.5276209216428,18.6959019771934,-0.156740038950438,12.7322114800816,0.376646818271672,-2.38196800350587,0.0955451791668906,-2.55782230005217,-11.1886561638243,13.0081501305879,-11.0600426914948
209,209,738084.560395605,-0.02,0.35,7.67981536517594,0.130696424115342,18.5317875004606,18.6955079944265,0.0170165300368964,12.7271469078767,0.988603375986118,-2.38720783477843,0.707737773302033,-2.56246502715898,-10.576089308022,13.0021454741448,-10.4477401399566
210,210,738084.560395706,0,0.05,9.51476578706492,-26.7403347821223,18.9051101711315,16.5551156703186,0.341850895898904,13.5019782184314,-11.120419862124,-1.57706479590822,-11.4054883716936,-1.76470719124448,-22.6725607665981,13.7949598742921,-22.5411440193399
211,211,738084.560395831,0,0.065,9.53790810337234,-25.5446775122439,18.8850225529553,16.7260167307654,0.357350891492387,13.5178736781414,-10.591185512243,-1.56420580465821,-10.8761064097039,-1.75135202099047,-22.1449471187127,13.8100320030205,-22.0137533456711
212,212,738084.560395927,0,0.08,9.55906825862389,-24.3196061716668,18.8659204500944,16.8918159753135,0.374509476038945,13.532674828194,-10.0473753926316,-1.55234683336223,-10.3321410331576,-1.73898151602999,-21.6026698300044,13.8239876636725,-21.4717049132039
213,213,738084.560396021,0,0.095,9.57811984488271,-23.0666515161519,18.8478314064867,17.0518710438578,0.393572053086177,13.5463074432196,-9.48969242635598,-1.54155185730012,-9.77429523995303,-1.7276602706319,-21.0464250700273,13.836753774582,-20.915694579141
214,214,738084.560396149,0,0.11,9.59494494782812,-21.7875691076691,18.8307794945961,17.2055522328035,0.414830394454413,13.5587019471652,-8.91895161967486,-1.53188048859232,-9.20338416172647,-1.71744863193681,-20.4770214433137,13.8482620784979,-20.3465305891548
215,215,738084.560396268,0,0.125,9.60943598301507,-20.484332124647,18.8147850659744,17.3522510492469,0.438632905128113,13.5697944550742,-8.33607680202368,-1.52338706361224,-8.62033180512204,-1.70840178516008,-19.8953768212843,13.8584501786156,-19.7651304109263
216,216,738084.560396364,0,0.14,9.62149744688018,-19.1591199255767,18.7998645454698,17.4913888515859,0.465397198924732,13.5795277689401,-7.74209524146624,-1.51611977584502,-8.02616566766536,-1.70056888206044,-19.302513046601,13.8672625252998,-19.1725154410193
217,217,738084.560396461,0,0.155,9.6310475315673,-17.8143023852275,17.6224253449885,18.7860302712126,-1.0751710273009,13.5878522982277,-7.13813013985523,-1.51011988014472,-7.42200923241318,-1.69399223859881,-18.6995485116401,13.8746513241177,-18.5698035867689
218,218,738084.560396556,0,0.17,9.63801955069425,-16.4524201715125,17.7448666811742,18.7732903861103,-1.04087475964193,13.5947268764363,-6.52539108809382,-1.50542099348161,-6.80907242172818,-1.68870662693212,-18.0876886889509,13.8805773366992,-17.9581998009988
219,219,738084.56039665,0,0.185,9.64236313084602,-15.0761612855797,17.8582729160447,18.7616487807162,-1.00178341381338,13.600119447274,-5.9051626396637,-1.50204851514563,-6.18864016834434,-1.68473868484364,-17.4682147694975,13.885010548266,-17.3389847253009
220,220,738084.560396764,0,0.2,9.64404512578724,-13.6883343381228,17.9622645901857,18.7511050902274,-0.957026652243681,13.6040075976011,-5.27879123541724,-1.50001918603946,-5.56205933674841,-1.68210646245588,-16.8424706395901,13.8879306793761,-16.713501672668
221,221,738084.560396866,0,0.215,9.64305022312046,-12.2918391661503,18.056528224416,18.7416547448317,-0.90557316432272,13.6063789191297,-4.64767077990366,-1.49934080226987,-4.9307242952098,-1.68081912171933,-16.2118484950782,13.8893275243687,-16.0831422479237
222,222,738084.560396961,0,0.23,9.63938122064608,-10.8896355079076,18.1408205579752,18.7332890704895,-0.846224845556469,13.6072311867191,-4.01322722487486,-1.50001209295633,-4.29606149420747,-1.68087679894784,-15.5777734472306,13.8892011049274,-15.4493309602191
223,223,738084.560397056,0,0.245,9.63305896379617,-9.48471053034272,18.2149714033256,18.7259954369488,-0.777638604612579,13.6065723476304,-3.3769025554194,-1.50202276632183,-3.65951344682937,-1.68227063485859,-14.9416875150954,13.8875616337714,-14.8135092222136
224,224,738084.560397153,0,0.26,9.62412194576376,-8.08004604602644,18.2788850442612,18.7197574514786,-0.698402905901856,13.6044203229518,-2.74013859588888,-1.50535372203941,-3.02252252846208,-1.68498297051327,-14.3050334214136,13.8844292903553,-14.17711915284
225,225,738084.560397247,0,0.275,9.61262558695228,-6.67858626180567,18.3325401598406,18.714555188647,-0.607208836579803,13.6008026291423,-2.10436105502541,-1.50997742185264,-2.38651501534577,-1.68898770161263,-13.6692386120132,13.8798338171994,-13.5415876033976
226,226,738084.560397343,0,0.29,9.59864121803045,-5.28320686624798,18.3759883115868,18.7103654538171,-0.503159435128497,13.5957558338891,-1.4709642126686,-1.515858405018,-1.75288576455465,-1.69425077810935,-13.0356999021106,13.8738139516845,-12.9083108102363
227,227,738084.560397462,0,0.305,9.58225480397988,-3.89668619098878,18.4093510837821,18.7071620736327,-0.386231534267162,13.5893248658722,-0.841296615567283,-1.52295393042391,-1.12298390310569,-1.70073083138872,-12.4057691185944,13.8664167134835,-12.2786400429485
228,228,738084.56039756,0,0.32,9.56356545269506,-2.52167908294493,18.4328160125474,18.7049162042656,-0.257807850420253,13.5815622023073,-0.216648099852528,-1.53121472359288,-0.498099843916219,-1.70837990755966,-11.7807400577741,13.8576965719953,-11.6538685674279
229,229,738084.560397654,0,0.335,9.54268375617013,-1.16069399759013,18.4466314746907,18.703596655941,-0.121037270028801,13.5725269610973,0.401761603734745,-1.54058580428747,0.120546115133899,-1.71714428286512,-11.161837016918,13.8477145210043,-11.0352201820093
230,230,738084.56039775,0,0.35,9.51973001684637,0.183926310863832,18.4511007352619,18.7031702221358,0.0193181350811444,13.562283926008,1.01279249453614,-1.55100736921255,0.731813421581735,-1.72696533591497,-10.5502050892807,13.8365370892605,-10.42383951633
231,231,738084.560397867,0.02,0.05,11.3414477471734,-26.6324136884671,18.9158028468784,16.4655476715908,0.40259147738283,14.3227556504504,-11.0664630325441,-0.755021971202036,-11.3516253507176,-0.94331825262848,-22.6167320258631,14.6149614412719,-22.4872858414099
232,232,738084.560398031,0.02,0.065,11.3761301521596,-25.4386506312158,18.895643688341,16.63522096065,0.420521878449651,14.3445377198085,-10.5382881237141,-0.736261968036599,-10.8233040724194,-0.924068461321426,-22.0901621898478,14.6359165965922,-21.9609526483856
233,233,738084.560398138,0.02,0.08,11.4078299981742,-24.2156247501926,18.8764697779381,16.7998495271193,0.440256383271906,14.3647532824021,-9.99561560918212,-0.718974940056338,-10.2804775111465,-0.906275965226701,-21.5490080516955,14.6552836069212,-21.4200398530831
234,234,738084.560398236,0.02,0.095,11.4363610910543,-22.9648635556852,18.8583088213482,16.9587979829985,0.46204141103187,14.3832980606071,-9.43914647863787,-0.703254991298459,-9.72384672663204,-0.890035458384384,-20.9939639346654,14.672959361866,-20.8652413936585
235,235,738084.560398331,0.02,0.11,11.46154999941,-21.6881179491028,18.8411850536261,17.1114434104495,0.486164443120604,14.4000744704415,-8.86969308093915,-0.689189815596565,-9.15422418829288,-0.875435341621587,-20.4258358677453,14.6888476169432,-20.2973628728728
236,236,738084.56039843,0.02,0.125,11.4832387413795,-20.3873550229426,18.8251189895468,17.2571838023142,0.512961283043979,14.414993091,-8.2881758638644,-0.676859355166648,-8.57253051632538,-0.86255637931307,-19.8455384159854,14.702860456886,-19.7173183911144
237,237,738084.56039856,0.02,0.14,11.5012873449067,-19.0647466500014,18.8101272142468,17.395446595463,0.542824198393292,14.427974066883,-7.69561800542746,-0.666334525723072,-7.97978911349964,-0.85147042048881,-19.2540893994215,14.7149196886072,-19.1261252688472
238,238,738084.560398656,0.02,0.155,11.5155762029777,-17.7226538770109,18.7962222212099,17.5256970589061,0.576210635794236,14.4389484021053,-7.09313794157286,-0.657676046224302,-7.37711869240411,-0.842239222356622,-18.6526025028729,14.724958122336,-18.5248966607364
239,239,738084.560398753,0.02,0.17,11.5260081492917,-16.3636072920434,17.6474462934103,18.7834123010213,-0.957144552509789,14.4478591051427,-6.48193987056019,-0.650933410090943,-6.76572377840649,-0.834913413119006,-18.0422778544529,14.7329207007436,-17.9148321392124
240,240,738084.560398849,0.02,0.185,11.5325101863187,-14.9902836871428,17.7602585984905,18.7717014826817,-0.915036884866254,14.4546621479495,-5.86330239139955,-0.646144031635703,-6.14688334568768,-0.829531627951695,-17.4243907278125,14.7387654391693,-17.2972064023904
241,241,738084.560398947,0.02,0.2,11.5350348060402,-13.6054794858378,17.8637579759903,18.7610895281006,-0.867567636900635,14.4593272069107,-5.23856550782814,-0.643332596564596,-5.52193781786744,-0.826119847205661,-16.8002785975531,14.7424641453063,-16.6733563356646
242,242,738084.560399042,0.02,0.215,11.5335608581316,-12.2120815367041,17.9576335634269,18.7515719809405,-0.813964924629875,14.4618381605753,-4.60911629592888,-0.642510638930649,-4.89227473138321,-0.824690959488229,-16.1713268442362,14.7440028936932,-16.044666723241
243,243,738084.560399136,0.02,0.23,11.5280939331037,-10.8130359836815,18.0416438297025,18.7431402657873,-0.753402739172148,14.4621933273138,-3.97637358829469,-0.643676359172567,-4.25931341462566,-0.825244564601411,-15.5389534606954,14.7433822387357,-15.4125549611586
244,244,738084.56039926,0.02,0.245,11.5186662493326,-9.41131600221856,18.1156194058985,18.735781835802,-0.685050630389957,14.4604054353008,-3.34177206704284,-0.646814689285626,-3.62448907525902,-0.82776702277011,-14.9045931512971,14.7406171592982,-14.7784551632617
245,245,738084.560399401,0.02,0.26,11.5053360462886,-8.00988923232496,18.1794644802762,18.7294803642546,-0.608163713226456,14.45650132689,-2.70674617941083,-0.651897602241073,-2.98923670961862,-0.832231747699387,-14.2696812378073,14.7357367376014,-14.1438020736137
246,246,738084.560399495,0.02,0.275,11.4881865079761,-6.61168574159839,18.2331567388173,18.7242159758941,-0.522225289452632,14.4505214089716,-2.07271429188279,-0.658884654032712,-2.35497525028563,-0.838599732269009,-13.6356377882974,14.7287835846776,-13.5100152016154
247,247,738084.560399589,0.02,0.29,11.4673242547993,-5.21956732035336,18.2767458885315,18.7199655091415,-0.427143915026799,14.4425188696984,-1.44106348185234,-0.667723738690051,-1.72309235104142,-0.846820287627402,-13.0038523691414,14.7198130333987,-12.8784835797274
248,248,738084.560399686,0.02,0.305,11.4428774561272,-3.83629883753469,18.3103508508914,18.7167028076842,-0.323480388182384,14.4325586895626,-0.813135331286745,-0.678352029710367,-1.09493017382826,-0.856831969530402,-12.37566978608,14.7088921276265,-12.2505515096416
249,249,738084.560399785,0.02,0.32,11.4149936292151,-2.46452228814886,18.3341557590476,18.7143990297482,-0.212638342687915,14.420716480798,-0.19021303732216,-0.690697075977349,-0.471772492825876,-0.86856366034164,-11.7523771311802,14.6960984419435,-11.6275056136346
250,250,738084.560399879,0.02,0.335,11.3838371947408,-1.106734038927,18.3484049273106,18.7130229723457,-0.0969151990195758,14.4070771932247,0.426489906186142,-0.70467801658028,0.145166630181221,-0.881935771398059,-11.135192391896,14.6815187704562,-11.0105634472261
251,251,738084.560399977,0.02,0.35,11.3495868645509,0.234734355287015,18.3533969875927,18.712541403706,0.0206792456189626,14.3917337268232,1.03583927029721,-0.720206877111413,0.754752413151278,-0.896861528541019,-10.525254810442,14.6652477252304,-10.4008638613218
252,252,738084.560400114,0.04,0.05,13.1519107702519,-26.4960426017362,18.9282687496541,16.362327215521,0.460741517248472,15.1349207035821,-10.9988982198151,0.0586470038616857,-11.2841432510254,-0.130282028781219,-22.547108232134,15.4263361557454,-22.4196225493106
253,253,738084.560400209,0.04,0.065,13.1978554644085,-25.3051858850484,18.9080567939719,16.5303370265265,0.480736610388041,15.162441573937,-10.4722527870769,0.0831671637413237,-10.757352722928,-0.105278794989128,-22.0220477580151,15.4530273832742,-21.8948119410694
254,254,738084.560400305,0.04,0.08,13.2398377753879,-24.0853168410128,18.888827733278,16.6933749397539,0.502617290811082,15.1879345732667,-9.93123705362595,0.105751939316116,-10.2161842108768,-0.0821949988275813,-21.4825317272274,15.477669691376,-21.3555492920822
255,255,738084.560400403,0.04,0.095,13.2776139352639,-22.8379568900769,18.8706093301707,16.8508159753736,0.526618501787275,15.2112665317223,-9.3765487687856,0.12627820569614,-9.66133553009396,-0.0611543259968675,-20.9292513460356,15.5001310979878,-20.8025253532379
256,256,738084.560400503,0.04,0.11,13.3109570902625,-21.5648481853352,18.8534258931358,17.0020474101029,0.553008692048747,15.2323129566004,-8.80899569835613,0.144631235296748,-9.09361456249769,-0.0422721821682331,-20.3630081771351,15.520288466681,-20.2365411962693
257,257,738084.560400596,0.04,0.125,13.3396607998161,-20.2679464055607,18.8372980257481,17.1464770458822,0.58209398764147,15.25095990746,-8.22949236238665,0.160706447066184,-8.51393599584469,-0.0256539422903554,-19.7847109659587,15.5380293752856,-19.6585050437789
258,258,738084.56040069,0.04,0.14,13.3635423633854,-18.9494093991582,18.8222424160214,17.2835415651141,0.614222140505963,15.2671057837277,-7.63905469687293,0.17441106869164,-7.92331598595053,-0.0113932847528843,-19.1953703879916,15.5532538937335,-19.0694270210405
259,259,738084.560400811,0.04,0.155,13.3824458777027,-17.6115817002769,18.8082716733094,17.4127147444724,0.649785639316727,15.2806629719482,-7.03879264542373,0.185665662284068,-7.322864747958,0.000429340135449419,-18.5960917206744,15.5658762183205,-18.4704118330963
260,260,738084.560400928,0.04,0.17,13.3962449277419,-16.2569750852253,17.5335152890931,18.7953942150481,-0.881573366062168,15.2915593013979,-6.42990076100261,0.194405465686801,-6.71377715671613,0.00974805947172105,-17.9880655175915,15.575826111273,-17.8626494447382
261,261,738084.560401024,0.04,0.185,13.4048448226285,-14.8882454876234,17.6455140492138,18.7836142060143,-0.837779987180417,15.2997392608871,-5.81364697339299,0.200581505588371,-6.09732151191541,0.0165127009498273,-17.3725564383145,15.5830500987273,-17.2474039166234
262,262,738084.560401145,0.04,0.2,13.4081843006145,-13.5081667355875,17.7483403935449,18.7729315512079,-0.7891127075592,15.3051649361541,-5.19135975064552,0.20416144495307,-5.47482669625707,0.0206896522440019,-16.7508904601646,15.587512386926,-16.6260006236391
263,263,738084.560401239,0.04,0.215,13.4062366430988,-12.1196017027706,17.8416875398027,18.7633419419183,-0.735035588175418,15.3078166360538,-4.56441394798305,0.205130135688931,-4.8476680202001,0.0222624272335352,-16.1244407637369,15.58919546533,-15.9998121471867
264,264,738084.560401392,0.04,0.23,13.3990101599089,-10.7254715735055,17.925316674509,18.7548369529994,-0.67502591125165,15.3076931863242,-3.93421569126574,0.203489857513928,-4.21725210047846,0.0212319197015403,-15.494612638119,15.5881003760062,-15.3702431871564
265,265,738084.560401487,0.04,0.245,13.3865480263045,-9.3287239965786,17.9990597435276,18.7474041879535,-0.60862422788286,15.3048118814962,-3.302186680636,0.199260235111365,-3.58500115813491,0.0176163362189663,-14.8628277907888,15.5842466404886,-14.7387148783858
266,266,738084.560401585,0.04,0.26,13.3689274808723,-7.93230094442452,18.0628208379162,18.7410274700073,-0.535507027096234,15.2992080978222,-2.669748320926,0.192477837250903,-2.95233714280352,0.0114508114735723,-14.2305084686851,15.577671847641,-14.1066489179395
267,267,738084.560401694,0.04,0.275,13.3462584120043,-6.53910709818151,18.1165761607757,18.7356870689069,-0.45558184598567,15.2909345821823,-2.03830608750313,0.183195472875478,-2.32066609207753,0.00278672062276288,-13.5990617996088,15.5684309181308,-13.4754519122039
268,268,738084.56040179,0.04,0.29,13.3186813830785,-5.15197954441762,18.1603726072753,18.7313599647694,-0.369096012703328,15.2800604431192,-1.40923451965014,0.171481209599401,-1.69136311824042,-0.00830928630892966,-12.9698647470492,15.5565950722764,-12.8465003367676
269,269,738084.560401915,0.04,0.305,13.2863651669825,-3.7736595010895,18.1943250448529,18.7280201352729,-0.276737145171898,15.2666698797804,-0.783863199709527,0.15741714900418,-1.06575838076042,-0.021756493989865,-12.3442500381392,15.5422505375989,-12.221126468673
270,270,738084.560402053,0.04,0.32,13.2495038709711,-2.40676669181893,18.2186124211081,18.7256388663579,-0.179690279474897,15.2508606921632,-0.163464027699682,0.141098000130995,-0.44512435442535,-0.0374615342552484,-11.7234933762872,15.5254970399378,-11.6006056025234
271,271,738084.560402172,0.04,0.335,13.2083137460085,-1.05377687009452,18.2334728643321,18.7241850746501,-0.0796127050020876,15.2327426212997,0.450759958557974,0.122629497344259,0.169335356688803,-0.0553199556148222,-11.108802190643,15.5064461271306,-10.9861448025514
272,272,738084.560402267,0.04,0.35,13.1630297784752,0.282997144832114,18.2391979655204,18.7236256387106,0.0214960810017806,15.2124355707772,1.05768403458559,0.102126711153831,0.776495476063571,-0.0752179014344845,-10.5013061078993,15.4852193769072,-10.3788733761426
273,273,738084.560402412,0.06,0.05,14.9400671069748,-26.3320551087382,18.9424964435307,16.2460664675956,0.51608263473034,15.9355798750983,-10.9181474809486,0.86104045257562,-11.2034639549556,0.671501889959511,-22.4641212022915,16.2261936552208,-22.3385786981898
274,274,738084.560402525,0.06,0.065,14.9968781180887,-25.1451026405653,18.9222505581444,16.4119992767942,0.537778178467857,15.9686326197131,-10.3934941434887,0.891120522759428,-10.6786668190378,0.702058056994843,-21.9410284830991,16.258414923293,-21.8157484783636
275,275,738084.560402637,0.06,0.08,15.0487763866087,-23.9294839124302,18.9029831506272,16.5730478758981,0.561384639703632,15.9992112424843,-9.85464509387055,0.918817638318389,-10.1396663079571,0.730247422408754,-21.4036564859557,16.2881416739968,-21.2786413222994
276,276,738084.560402785,0.06,0.095,15.0954637619882,-22.6867114088611,16.7286009066171,18.8847219355032,-0.983679530503824,16.0271553318183,-9.30229353683042,0.943981254532205,-9.58715568889586,0.755918909627623,-20.8526920296732,16.3152147006744,-20.7279435268755
277,277,738084.560402876,0.06,0.11,15.136662993795,-21.41851450767,18.8674912036565,16.878059034712,0.615214659047418,16.0523150504716,-8.73724076104126,0.966471125636394,-9.02193636262446,0.778931624138702,-20.2889303490477,16.339485534847,-20.1644497749878
278,278,738084.560402981,0.06,0.125,15.1721219776437,-20.1268322638428,17.0208429819226,18.851311571288,-0.924851308496705,16.0745533848823,-8.16039287426891,0.986159431301405,-8.44491460004314,0.799156981104314,-19.7132719158634,16.3608186887139,-19.5890599612377
279,279,738084.560403071,0.06,0.14,15.2016177911315,-18.8138021407885,18.8361997704119,17.1564016417548,0.67960210199395,16.0937482873173,-7.57275551018415,1.00293279644416,-7.85709624954102,0.816480728439582,-19.1267172286942,16.3790937872908,-19.002773987117
280,280,738084.560403191,0.06,0.155,15.2249603969556,-17.4817447125134,17.2842200567058,18.8221684847599,-0.854289631352849,16.1097946477782,-6.97542651465974,1.01669414455817,-7.25957942293571,0.830804805589351,-18.5303595769591,16.3942075271822,-18.4066845310562
281,281,738084.56040328,0.06,0.17,15.2419958991484,-16.1331445038341,17.4038270268108,18.8092262353936,-0.813793544898659,16.1226060345524,-6.36958669130646,1.02736432677578,-6.65354523970975,0.842048980199524,-17.925375856672,16.4060754010566,-17.8019678706396
282,282,738084.560403367,0.06,0.185,15.2526092450939,-14.77062728273,17.5148021201309,18.7973773183593,-0.769345911227006,16.132116147272,-5.75648875929984,1.03488347376994,-6.04024678257894,0.850152209683643,-17.3130155887381,16.4146331319679,-17.1898729076999
283,283,738084.560403453,0.06,0.2,15.2567262819694,-13.3969342576749,17.6167818683978,18.7866217955621,-0.720583164482647,16.1382799342311,-5.13744474688569,1.03921202526335,-5.42099648781402,0.855073682275775,-16.6945883612646,16.4198377696782,-16.5717086175891
284,284,738084.56040357,0.06,0.215,15.2543150969548,-12.0148937597744,17.7094649533399,18.7769555375089,-0.667158180256431,16.1410743362328,-4.51381210710254,1.04033140204685,-4.79715225690453,0.85679350221755,-16.0714499808564,16.4216684117404,-15.9488302074182
285,285,738084.56040366,0.06,0.23,15.2453865935405,-10.6273910899964,17.7926162241327,18.7683703186247,-0.608769591054366,16.1404986318585,-3.88697889412875,1.03824429751352,-4.17010262807165,0.855312995766648,-15.4449876701743,16.4201265248032,-15.3226243203656
286,286,738084.560403749,0.06,0.245,15.2299942841219,-9.23733728922281,17.8660694279926,18.7608539588804,-0.545201806485787,16.1365743730937,-3.2583483759172,1.03297457912308,-3.54125138340568,0.85065462807438,-14.8166046867991,16.415235855686,-14.6944936609167
287,287,738084.560403858,0.06,0.26,15.2082333074268,-7.84763762424344,17.9297285835665,18.7543905109442,-0.47637535084844,16.1293449148879,-2.62932347900274,1.02456680415889,-2.91200198766827,0.842861534891119,-14.1877047592078,16.4070419364403,-14.0658414366814
288,288,738084.560403969,0.06,0.275,15.1802387044948,-6.46116058957897,17.9835679810015,18.7489604850789,-0.402403896126015,16.1188745566176,-2.00129146339077,1.01308536779586,-2.28374225681837,0.831996686701713,-13.5596767382169,16.3956112019969,-13.4380560150058
289,289,738084.560404058,0.06,0.29,15.1461830171118,-5.08070818998438,18.0276308379916,18.7445411080925,-0.323649660643516,16.1052473267293,-1.37560920935798,0.998613314082969,-1.65782963827031,0.818141715481461,-12.933879846687,16.3810297522638,-12.8124961770505
290,290,738084.560404174,0.06,0.305,15.1062732884807,-3.70898820329966,18.0620266964332,18.741106608826,-0.240763761037508,16.0885654533074,-0.753589465197286,0.98125085124982,-1.03557745208698,0.801395445089283,-12.3116298779251,16.3634018019537,-12.1904773196948
291,291,738084.56040426,0.06,0.32,15.0607475685276,-2.34858902691682,18.0869276803141,18.7386285249308,-0.15469515605171,16.0689475723836,-0.136488357967631,0.961113621230844,-0.418242395330302,0.781872174845675,-11.6941866466141,16.3428478704005,-11.5732589090462
292,292,738084.560404351,0.06,0.335,15.0098710347791,-1.00195759712237,18.1025637732815,18.7370760236021,-0.0666543584629792,16.0465267320665,0.474505588528351,0.938330779110206,0.192986446050508,0.759699771695887,-11.0827429385324,16.3195027697898,-10.9620334317955
293,293,738084.560404443,0.06,0.35,14.9539318478151,0.328619262956543,18.1092172976776,18.7364162297697,0.0219719056420561,16.0214482538808,1.07828074906209,0.91304294116693,0.796996898187602,0.735017629406952,-10.4784151407277,16.2935134534333,-10.3579170261086
294,294,738084.560404552,0.08,0.05,16.7001581001285,-26.1415658110504,16.1175190486499,18.9584626119732,-1.00230975226065,16.7220077545848,-10.8247699659634,1.6494223958096,-11.1101465638425,1.45929932427546,-22.3683416368734,17.0118117476555,-22.2447180288206
295,295,738084.560404643,0.08,0.065,16.767331747986,-24.9594945547611,16.2809900524946,18.9382015703571,-0.979260899520724,16.7603316757172,-10.3025607639761,1.68480798450621,-10.5877948759632,1.49515382867814,-21.8476648118401,17.0493032848643,-21.7243156164113
296,296,738084.560404758,0.08,0.08,16.8286799865315,-23.7491934538616,18.9189125733416,16.4396783204955,0.616474529574065,16.7957542806444,-9.76637509871325,1.71738184598933,-10.0514591075511,1.52821290412901,-21.3129298779761,17.0838738187365,-21.1898562834888
297,297,738084.560404846,0.08,0.095,16.8838543413671,-22.5121632237332,18.9006231831054,16.5929890436423,0.64349348758184,16.8280899977823,-9.21690033241156,1.74696805173426,-9.50182668053142,1.55830011858229,-20.7648179992222,17.1153389959911,-20.6420206103351
298,298,738084.560404939,0.08,0.11,16.932531005116,-21.2501165322723,16.7403391798625,18.8833575815156,-0.897997040547132,16.8571656173547,-8.65492943058505,1.77340276489891,-8.93969066894514,1.58525101580329,-20.2041162657464,17.1435269835296,-20.0815950791112
299,299,738084.560405029,0.08,0.125,16.9744157567057,-19.9649707804062,16.8811651985101,18.8671363219852,-0.866180418952704,16.882822875418,-8.08135769550937,1.79653670534794,-8.36594653380536,1.60891558123278,-19.6317145100166,17.1682810453245,-19.5094688954986
300,300,738084.56040515,0.08,0.14,17.0092486294518,-18.6588369536338,17.0149309016804,18.8519761204262,-0.831613532126997,16.9049209121134,-7.49717753312025,1.81623748946213,-7.78158689055308,1.62916058471737,-19.0486001534944,17.1894619904677,-18.9266288415908
301,301,738084.560405241,0.08,0.155,17.0368081895838,-17.3340045698031,17.1411351069827,18.8378896921377,-0.794044714063915,16.9233385322634,-6.90347126338331,1.83239177596675,-7.18769431910223,1.64587173140089,-18.4558510917562,17.2069504205703,-18.3341521677125
302,302,738084.560405337,0.08,0.17,17.0569152953246,-15.9929228935117,17.2593189781755,18.8248856370375,-0.753215704875166,16.9379761987623,-6.30140205337309,1.84490715142116,-6.5854322956744,1.65895555439838,-17.854626695056,17.2206487071423,-17.7331976000396
303,303,738084.560405425,0.08,0.185,17.0694362123973,-14.6381787218318,17.3690727803706,18.8129683751262,-0.708870507920403,16.9487576949491,-5.69220312264213,1.85371369466618,-5.97603439599253,1.66834098846443,-17.2461570718341,17.2304826354316,-17.1249946113522
304,304,738084.560405545,0.08,0.2,17.0742849813756,-13.2724711822681,18.8021381361902,17.4700418540833,0.910027938376743,16.955631401189,-5.07716543791204,1.85876516835452,-5.36079198688803,1.67398057260963,-16.6317308103662,17.2364026603419,-16.5108311699278
305,305,738084.560405636,0.08,0.215,17.0714249576752,-11.8985841043826,18.7923909994862,17.5619316226459,0.962094473342064,16.9585711428918,-4.45762417456831,1.86003979730998,-4.74104068386248,1.67585124117124,-16.0126814745364,17.2383847321392,-15.8920402423832
306,306,738084.560405726,0.08,0.23,17.060869468067,-10.5193566246312,17.6445114807117,18.7837189844601,-0.552520103060189,16.9575765815483,-3.83494427206711,1.85754060732962,-4.11814590179573,1.67395467665262,-15.3903731797784,17.2364306640828,-15.2699853763129
307,307,738084.560405812,0.08,0.245,17.0426815632145,-9.13765275349032,17.7176174493162,18.7761101898957,-0.49215765008866,16.9526731363306,-3.2105054459865,1.85129531339855,-3.49348786165144,1.66831721294371,-14.7661856113106,17.2305680301185,-14.6460457246802
308,308,738084.560405897,0.08,0.26,17.0169728745377,-7.75633067253593,17.7811535323868,18.7695489748185,-0.427666456932448,16.9439114404243,-2.58568703876107,1.8413557622456,-2.86844643535892,1.65898929346495,-14.1414988666307,17.2208495974193,-14.0216008937711
309,309,738084.560405985,0.08,0.275,16.98390161545,-6.37821253309467,17.8350917543457,18.7640161804181,-0.359248041984476,16.931366352603,-1.96185309306282,1.82779694981116,-2.24438621298979,1.64604450439964,-13.5176785066478,17.2073523148898,-13.3980159989663
310,310,738084.560406074,0.08,0.29,16.9436697990242,-5.00605549403067,17.8794709100448,18.7594893827883,-0.287279892007795,16.9151355596691,-1.34033801638584,1.81071564861974,-1.6226421609503,1.62957821760612,-12.8960611849241,17.1901758938227,-12.7766272976954
311,311,738084.560406161,0.08,0.305,16.8965197651318,-3.64252467454714,17.9143941023773,18.7559431745299,-0.212328937793616,16.8953378184332,-0.722433174015074,1.79022869246011,-1.00450620853668,1.60970589022714,-12.2779411935264,17.1694410298853,-12.1587287380237
312,312,738084.560406249,0.08,0.32,16.842730132416,-2.29016860644787,17.940025184681,18.7533494665548,-0.135144892030301,16.8721108962288,-0.109374702562777,1.7664709755491,-0.391215055200294,1.58656107782741,-11.6645582193602,17.1452873258574,-11.5455597167133
313,313,738084.560406337,0.08,0.335,16.7826113044946,-0.951397659261818,17.956584255377,18.7516778042949,-0.0566288781702469,16.8456092761389,0.497667219141363,1.7395932300827,0.216060564545728,1.56029322466551,-11.057086549699,17.1178709816229,-10.9382942854807
314,314,738084.560406424,0.08,0.35,16.7165006653331,0.371534215277831,17.9643423793994,18.750895691525,0.0222219388805612,16.8160016969279,1.09759746714539,1.70975964958537,0.816224983786005,1.53106529827267,-10.4566259036569,17.087362321632,-10.3380319822444
315,315,738084.560406528,0.1,0.05,18.4268459863312,-25.9259416509769,18.9761324253409,15.9775606314837,0.617903915509411,17.4916913926553,-10.7194475454861,2.42126718436026,-11.0048730226634,2.23058611427263,-22.2604644832564,17.7806807187756,-22.138728949512
316,316,738084.560406621,0.1,0.065,18.503784188625,-24.7497011235872,16.1382192383758,18.955874692058,-0.928809464327596,17.5349787821778,-10.2001208901868,2.46165642721717,-10.4854052041848,2.2714369431923,-21.7426384426803,17.8231357639649,-21.6211884000479
317,317,738084.56040671,0.1,0.08,18.5740293870907,-23.5457509406364,16.294209121606,18.9365806253976,-0.902892188348865,17.574960231899,-9.66707838720069,2.49882750158834,-9.95221399092333,2.30908598641987,-21.2110170366543,17.8622659378708,-21.0898525512817
318,318,738084.560406798,0.1,0.095,18.6371875592234,-22.3155772392236,16.4449546014201,18.9182775331075,-0.874978080128841,17.6114274489084,-9.12100027046236,2.53258149270874,-9.40597967442668,2.34333385304878,-20.6662745150941,17.8978641751667,-20.5453950135181
319,319,738084.560406916,0.1,0.11,18.6928928571463,-21.0608721736141,16.5898914862874,18.9009893995766,-0.844894028225896,17.6441861590018,-8.56266940113876,2.56273324045023,-8.84748522126998,2.37399479256702,-20.1091880679243,17.9297375814615,-19.9885923182661
320,320,738084.560407006,0.1,0.125,18.7408131087815,-19.7835266997756,16.7284744829492,18.8847366402315,-0.812457915332291,17.6730589796027,-7.99296800225738,2.58911409780645,-8.27761300902038,2.40089945392527,-19.540634638549,17.9577102988206,-19.4203207380626
321,321,738084.560407094,0.1,0.14,18.7806550295944,-18.4856195795824,16.8601846739926,18.8695358956714,-0.777481372935534,17.6978881496516,-7.41287250084699,2.61157454695508,-7.6973396689319,2.42389750420321,-18.9615858421255,17.9816262253233,-18.8415512116524
322,322,738084.56040718,0.1,0.155,18.8121689980922,-17.1694026334316,16.9845368628717,18.8553998692037,-0.739774076001435,17.7185380373555,-6.82344649019814,2.62998659675614,-7.10772904790335,2.44286003079294,-18.3731009991106,18.0013515096288,-18.2533423848397
323,323,738084.560407267,0.1,0.17,18.8351532428372,-15.8372824107815,17.1010865786243,18.842337212797,-0.699150006276542,17.7348973493843,-6.22583189072314,2.64424588830155,-6.50992336814741,2.45768165370732,-17.7763183604678,18.0167767443253,-17.6568318432461
324,324,738084.560407397,0.1,0.185,18.8494573107289,-14.4917985747665,18.8303524621645,17.2094365347246,0.915360192281591,17.7468809715033,-5.62123845474826,2.65427344146492,-5.90513272989241,2.46828228088071,-17.172444667912,18.0278187883418,-17.0532256801515
325,325,738084.560407486,0.1,0.2,18.8549846998202,-13.1355994275121,18.8194460226658,17.3092423446033,0.962312429129637,17.7544313806298,-5.01093182456183,2.66001698518288,-5.29462316645935,2.47460844903837,-16.562743256776,18.0344221587937,-16.4437866068213
326,326,738084.560407573,0.1,0.215,18.8516945674439,-11.7714151143983,18.8096142071775,17.4002173201042,1.01261267250606,17.7575195814938,-4.39622041029746,2.66145182704498,-4.67970351835115,2.47663420548762,-15.9485209666788,18.0365599459135,-15.8298208702972
327,327,738084.56040766,0.1,0.23,18.8396024554146,-10.402029140562,18.8008493225199,17.4821362077167,1.06631441160714,17.756145536846,-3.77844140121209,2.65858123306319,-4.06171143999488,2.47436150141517,-15.3311141725362,18.0342342205404,-15.2126642910104
328,328,738084.560407746,0.1,0.245,18.8187800072958,-9.03024889801002,17.5548377552053,18.7931398029707,-0.447400531893489,17.7503380776341,-3.15894625758726,2.65143630540375,-3.44199888647499,2.46782008413634,-14.71187428258,18.0274759211633,-14.5936677667086
329,329,738084.560407832,0.1,0.26,18.7893536878894,-7.65887593769753,17.6182260447755,18.7864703868442,-0.387056189195939,17.74015429778,-2.53908604874353,2.64007536344389,-2.82191744588364,2.4570668932883,-14.0921530687894,18.0163442257361,-13.9741826079582
330,330,738084.56040792,0.1,0.275,18.7515025507345,-6.29067672438847,17.6722705735859,18.7808223305516,-0.323677600821434,17.7256784560842,-1.92019700445091,2.62458285075108,-2.20280388471969,2.44218498317443,-13.4732881974116,18.0009254313701,-13.3555460727862
331,331,738084.560408006,0.1,0.29,18.7054551296357,-4.92835458018756,17.7170051092028,18.7761736571779,-0.257616999347297,17.7070204243432,-1.3035866324486,2.60506780648748,-1.58596625920526,2.42328200937447,-12.8565893131271,17.9813313815243,-12.7390674539292
332,332,738084.560408112,0.1,0.305,18.6514855605209,-3.57452346564662,17.7525253896314,18.7724994300631,-0.189352228861883,17.6843137350893,-0.690520725080325,2.58166195346424,-0.972670915687443,2.40048833147166,-12.2433250011124,17.9576974945835,-12.1260150429101
333,333,738084.560408213,0.1,0.32,18.5899090585451,-2.23168415714338,17.7789857772682,18.7697720488319,-0.11947639042832,17.6577132937356,-0.0822115354466026,2.55451746591402,-0.36413066068478,2.37395479462512,-11.6347109089764,17.9301804590051,-11.5176042529121
334,334,738084.560408298,0.1,0.335,18.5210768941778,-0.902203276858121,17.796595004627,18.7679615595021,-0.0486737724811373,17.6273928278511,0.520192649040759,2.52380448756874,0.238505671398744,2.34385026028169,-11.0318992582676,17.8989556680659,-10.9149871301768
335,335,738084.560408386,0.1,0.35,18.445371017701,0.4117044890246,17.8056111751505,18.767035972451,0.0223165010080506,17.5935421505893,1.11561636679055,2.48970847462242,0.834162083850674,2.31035896036873,-10.4359699164347,17.8642144714419,-10.3192434248807
336,336,738084.560408493,0.12,0.05,20.1152900931419,-25.6867669745814,15.82716650816,18.9954601462932,-0.906445960562642,18.2423668140431,-10.6029673594729,3.17429632890153,-10.8884306622833,2.98308493554722,-22.1412911846647,18.5305397855112,-22.0214068869529
337,337,738084.56040861,0.12,0.065,20.2013158104634,-24.5172730661934,15.9847006100739,18.9752236709369,-0.881613872925009,18.2902707740473,-10.0869451431045,3.21934763805798,-10.3722686116417,3.02859040395542,-21.6267347216164,18.5776123970451,-21.5071460632666
338,338,738084.560408699,0.12,0.08,20.2798323801349,-23.3206657741007,16.1376911519816,18.9559406320646,-0.855028501505065,18.3344897546322,-9.5575052146133,3.26079970407416,-9.84268139491025,3.07051303715109,-21.0986833392489,18.620981891851,-20.9793893049511
339,339,738084.560408787,0.12,0.095,20.3504055588946,-22.0984138914392,16.2855837754045,18.9376379866125,-0.826554108611967,18.3747954524635,-9.01531941424766,3.29843330105635,-9.30034090851735,3.10863315926737,-20.5578031304607,18.660421199154,-20.4388020158601
340,340,738084.560408875,0.12,0.11,20.4126324879888,-20.8521854203962,16.4278353089433,18.9203394355967,-0.796049762791322,18.4109750915805,-8.46115879942481,3.33204447321798,-8.74601831260153,3.14274625248754,-20.0048597069697,18.6957189210584,-19.8861491052568
341,341,738084.560408994,0.12,0.125,20.4661476760714,-19.5838403745824,16.5639208059635,18.9040651842543,-0.763371574896114,18.4428345351324,-7.89589038530751,3.36144753733792,-8.18058077287487,3.17266595987258,-19.4407150146112,18.7266824366711,-19.3222918101348
342,342,738084.560409084,0.12,0.14,20.5106286622277,-18.2954199658004,16.6933406404667,18.8888317394469,-0.728375938457212,18.4702012383971,-7.32047207740576,3.38647792716662,-7.60498639375948,3.19822693208146,-18.8663223380224,18.7531408447235,-18.7481827074018
343,343,738084.560409171,0.12,0.155,20.545801196342,-16.9891322181498,16.8156274764689,18.8746517497615,-0.690924007466585,18.4929269584536,-6.73594581150233,3.40699479794779,-7.02027735802285,3.21928743621854,-18.2827195080347,18.774947660155,-18.1648589290746
344,344,738084.560409258,0.12,0.17,20.5714437759965,-15.6673341662618,16.9303529089423,18.8615338920189,-0.650887638164953,18.510890138921,-6.14342897836121,3.42288331232237,-6.42757135034995,3.23573164806809,-17.6910203872669,18.7919831832619,-17.5734336558077
345,345,738084.560409345,0.12,0.185,20.5873914027076,-14.3325109353467,18.8494828055045,17.0371335956825,0.962639352955106,18.5239978951325,-5.54410427358721,3.43405653576075,-5.82805140519459,3.24747155579586,-17.0924047724646,18.8041564670664,-16.9750860270917
346,346,738084.560409432,0.12,0.2,20.5935384270043,-12.9872521009758,18.8384990770073,17.1356366811767,1.00814658876085,18.5321875358535,-4.93920817309234,3.44045688021444,-5.22295437939941,3.25444841366115,-16.4881069124218,18.8114068193867,-16.3710496667671
347,347,738084.560409551,0.12,0.215,20.589840394104,-11.6342258512853,18.8285792741395,17.2255843637539,1.05647422161481,18.5354275717453,-4.33001828831615,3.44205704844434,-4.61355830377544,3.25663369799069,-15.8794028943238,18.8137047902653,-15.7626000764838
348,348,738084.560409639,0.12,0.23,20.5763148229705,-10.2761515482002,18.8197160277232,17.306757460327,1.10761561052456,18.5337181775779,-3.71783989933656,3.43886044784212,-4.00116891185884,3.25402953395994,-15.2675971956932,18.8110526122656,-15.1510411941116
349,349,738084.560409758,0.12,0.245,20.5530408947379,-8.91577135337776,18.8118981595516,17.378997872225,1.16150131644287,18.5270910937846,-3.10399199551824,3.43090106062522,-3.38710567559225,3.24666857974878,-14.6540087310643,18.8034840797758,-14.5376914460523
350,350,738084.560409843,0.12,0.26,20.5201580605115,-7.55582161583435,18.8051108521402,17.4422098904154,1.21798773772076,18.5156089723159,-2.48979317041581,3.41824277606238,-2.77268769478601,3.23461337336939,-14.0399567400097,18.7910638728335,-13.9238696399517
351,351,738084.56040993,0.12,0.275,20.47786361831,-6.19900471911824,18.7993358565763,17.4963603204701,1.27684841395506,18.4993641907733,-1.87654771933002,3.40097820878821,-2.15921978888343,3.21795516586269,-13.4267468652821,18.7738863499975,-13.3108810464608
352,352,738084.560410016,0.12,0.29,20.4264093394637,-4.84796206189077,18.7945517319522,17.541477452925,1.33776993178442,18.4784771764369,-1.26553227427475,3.37922704429482,-1.54797912594771,3.19681228156984,-12.8156577565986,18.752073852385,-12.700004005523
353,353,738084.560410105,0.12,0.305,20.3660972589861,-3.50524878391037,18.7907341124013,17.5776489407571,1.40035425612452,18.4530942970717,-0.657983283292217,3.35313396739066,-0.940202695961187,3.17132806091528,-12.207928508168,18.7257745762102,-12.0924773652503
354,354,738084.560410193,0.12,0.32,20.2972747634078,-2.17331077315464,18.7878559944616,17.605018685884,1.46412871202606,18.423385387584,-0.0550856011534416,3.32286624110368,-0.337075895616374,3.14166845284707,-11.6047471984485,18.6951600832686,-11.4894890219055
355,355,738084.560410281,0.12,0.335,20.2203291296681,-0.854464388086955,17.6237828616914,18.7858880396088,-0.042232562968209,18.3895409901557,0.542037590814388,3.28861101166813,0.260277557518999,3.10801933228658,-11.0072407515709,18.6604225272821,-10.8921657804689
356,356,738084.560410375,0.12,0.35,20.135681676068,0.449120782040863,17.6341852229025,18.7847988847115,0.0223010242151356,18.3517693902195,1.13233337341045,3.25057241967087,0.850804218979608,3.07058362242564,-10.4164662846174,18.6217716786564,-10.3015647000663
357,357,738084.560410489,0.14,0.05,21.761205208856,-25.4258041194671,15.6673872770292,19.0163899484999,-0.862903776270143,18.9720466075007,-10.4762021837467,3.90650644385047,-10.7616925564614,3.71479323922944,-22.0117097261196,19.2594046303675,-21.8936344138089
358,358,738084.560410599,0.14,0.065,21.8555792521651,-24.2639333427478,15.8215262133573,18.9961919741841,-0.837570625940432,19.0241895391178,-9.96388709828722,3.95584694321281,-10.2492389693162,3.76458042014726,-21.5008228828748,19.3107181633308,-21.3830523533641
359,359,738084.560410715,0.14,0.08,21.9416847234129,-23.0756129904228,15.9712564151939,18.9769354667602,-0.810581561724334,19.0722964967039,-9.43848568811996,4.00123497670656,-9.72369171785209,3.81043151108348,-20.9767749747164,19.3579784087036,-20.8593071803168
360,360,738084.560410807,0.14,0.095,22.0190528599089,-21.8622918140521,16.1160466270519,18.958646941119,-0.781825793806312,19.1161220599227,-8.90066016551719,4.04243387070589,-9.18571306966887,3.85210941320602,-20.4402227211358,19.4009411792555,-20.3230548827253
361,361,738084.560410925,0.14,0.11,22.0872491630528,-20.6256102281056,16.2553764536738,18.9413497350034,-0.751191397087071,19.1554376821177,-8.351168183206,4.07922357550038,-8.63606077792532,3.8893935422282,-19.891918571799,19.4393792997624,-19.7750471705906
362,362,738084.560411019,0.14,0.125,22.1458797632667,-19.3673931461872,16.3887430012901,18.9250637745147,-0.718567757855586,19.1900349885647,-7.79085958764956,4.11140385989274,-8.07558483584523,3.92208302320091,-19.3327075301336,19.4730858974857,-19.2161283070155
363,363,738084.560411108,0.14,0.14,22.1945974326028,-18.0896393836749,16.5156675617827,18.9098053767975,-0.683848818427572,19.2197289021008,-7.22067145716537,4.13879733389877,-7.50522251533439,3.94999971526855,-18.7635222592106,19.5018775174086,-18.6472302220537
364,364,738084.560411195,0.14,0.155,22.2331070769651,-16.7945076793377,16.6357021754345,18.8955870935125,-0.646937237957322,19.244360507726,-6.64162144288031,4.16125221375686,-6.92599170765651,3.9729909806631,-18.1853764860811,19.5255969739227,-18.0693659252306
365,365,738084.560411287,0.14,0.17,22.2611705432784,-15.4842994915514,16.7484358873386,18.8824175985718,-0.607749557702479,19.2637995711387,-6.054799488662,4.17864474686485,-6.33898264227164,3.99093211555278,-17.5993567788919,19.5441158541159,-17.4836212908705
366,366,738084.560411407,0.14,0.185,22.2786105910466,-14.1614388470446,18.8703016225615,16.853500518309,1.00457393508764,19.2779466335363,-5.46135806478762,4.1908812215712,-5.74534811858785,4.00372836761312,-17.0066128298592,19.5573365952774,-16.8911453490961
367,367,738084.5604115,0.14,0.2,22.2853139022532,-12.8284496331645,18.8592399349866,16.9505757848404,1.04847676960439,19.2867346162888,-4.86250110600842,4.19789949782823,-5.14629244130698,4.01131647619323,-16.4083464332553,19.5651940705822,-16.2931392714571
368,368,738084.560411588,0.14,0.215,22.281233026666,-11.4879308167752,18.8492293751876,17.039393608636,1.09475642284591,19.2901298837855,-4.25947189450175,4.19967000911074,-4.54305929990015,4.01366568529127,-15.8057993976973,19.5676566316962,-15.6908442902738
369,369,738084.560411693,0.14,0.23,22.2663872024355,-10.1425301612442,18.8402629294432,17.1197414983077,1.14337092611658,19.288132730223,-3.65354016899739,4.19619620306168,-3.93691887357876,4.0107781965481,-15.2002406731407,19.564726574544,-15.0855288319142
370,370,738084.560411792,0.14,0.245,22.2408620218298,-8.7949170658493,18.8323298520125,17.1914649048183,1.19422752073737,19.2807772753961,-3.04598877054392,4.18751440713052,-3.329154472317,4.00268904822825,-14.5929530025483,19.5564400138209,-14.4784751738198
371,371,738084.560411879,0.14,0.26,22.2048079539245,-7.44775518207263,18.825415828531,17.2544684929687,1.24717629687976,19.2681307746308,-2.43810015119233,4.17369312500939,-2.72104904033329,3.98946542566281,-13.9852194244378,19.5428661719112,-13.8709659513528
372,372,738084.560411967,0.14,0.275,22.1584377759422,-6.10367546754557,18.8195031743612,17.3087163118213,1.30200619088261,19.2502923677429,-1.83114307343428,4.15483178883821,-2.11387184998802,3.97120542777358,-13.3783099544487,19.524106107606,-13.2642708425221
373,373,738084.560412059,0.14,0.29,22.1020229977475,-4.76525030784479,18.8145710663375,17.3542308839852,1.35844440596858,19.2273913102107,-1.22635981558419,4.13105900989757,-1.5088657014405,3.94803633204298,-12.7734687618454,19.5002909282817,-12.6596337464471
374,374,738084.560412178,0.14,0.305,22.035889397331,-3.43496928669828,18.8105957999836,17.3910912713353,1.41616012949929,19.1995847456657,-0.624954172550092,4.10253038589248,-0.907234917643638,3.92011241569144,-12.1719021314437,19.4715795450628,-12.0582607460478
375,375,738084.560412265,0.14,0.32,21.9604118084854,-2.11521710892833,17.4194302075019,18.8075510677807,-0.0960233360177898,19.1670550915363,-0.0280805043946261,4.06942593520443,-0.310134387225016,3.88761240312136,-11.5747674647079,19.4381560431537,-11.4613091087338
376,376,738084.560412355,0.14,0.335,21.8760083196744,-0.808254089040098,17.4394304151358,18.8054082520001,-0.0369302571100033,19.1300071187254,0.563165960667476,4.03194723715119,0.281340137970325,3.85073661838675,-10.9831635282126,19.4002267484784,-10.8698775333586
377,377,738084.560412472,0.14,0.35,21.7831340529342,0.483800487810533,17.4513202456583,18.8041367271745,0.0222062151774506,19.0886648112786,1.14775741374242,3.99031436210251,0.866160335470138,3.80970392631029,-10.3981221062626,19.3580170767723,-10.2849978003302
378,378,738084.560412579,0.16,0.05,23.3609010423005,-25.1449514554443,15.4993238445677,19.0388569170439,-0.822161698059611,19.6790380919041,-10.3400895721717,4.61618778744128,-10.6255966520437,4.42400179773574,-21.8726734497687,19.9655855181264,-21.7563601235776
379,379,738084.560412676,0.16,0.065,23.4628394499656,-23.991535724947,15.6498400403741,19.0187138091822,-0.796538851669633,19.7350204540086,-9.83186268522556,4.6694220365123,-10.1172325984237,4.47767524053771,-21.3658351074421,20.0207413715492,-21.2498346498315
380,380,738084.560412766,0.16,0.08,23.5558106764755,-22.8123926389314,15.7960904375538,18.9994985883988,-0.7693666096128,19.7866457726583,-9.31090956162255,4.71838035491332,-9.59613510214305,4.52708904234005,-20.8461983844452,20.071523712367,-20.7305077715281
381,381,738084.560412856,0.16,0.095,23.6393173341198,-21.6089483053789,15.9375682437407,18.9812372434928,-0.740556489459595,19.8336544968542,-8.77788159503885,4.76281158359178,-9.06295561185789,4.5719916421285,-20.3144094495991,20.1176742187813,-20.1990248910189
382,382,738084.560412949,0.16,0.11,23.7128988306835,-20.382812352959,16.0737771796296,18.9639526739839,-0.710021732158963,19.8758051229209,-8.23352154692345,4.80248236919336,-8.51843698751063,4.61214917834259,-19.7712061166245,20.158952747128,-19.656123052225
383,383,738084.560413068,0.16,0.125,23.7761380078126,-19.1357708174797,16.2042376980772,18.9476644631935,-0.677679686057609,19.9128776267312,-7.67866032096838,4.83718049859711,-7.96341027594737,4.64734882346755,-19.217414684317,20.1951407562309,-19.1026277888081
384,384,738084.560413159,0.16,0.14,23.8286674045938,-17.8697757960076,16.3284932423167,18.9323886863631,-0.643454782900258,19.9446767113675,-7.1142121213619,4.86671804966543,-7.39878986962833,4.67740193661499,-18.6539451580645,20.2260445447402,-18.5394483539991
385,385,738084.560413247,0.16,0.155,23.8701749715064,-16.5869319180467,18.9181377578067,16.4461163843027,0.963514177050132,19.9710347797437,-6.54116801541175,4.89093427015428,-6.82556706897363,4.7021469460969,-18.0817848715998,20.2514982110863,-17.9675713507981
386,386,738084.560413337,0.16,0.17,23.9004090622664,-15.2894797923407,18.9049203208244,16.5567146740295,1.00168446778025,19.9918145453486,-5.96058797501238,4.90969810040138,-6.24480212277891,4.72145187762126,-17.5019905818056,20.2713662493997,-17.3880528351574
387,387,738084.560413425,0.16,0.185,23.9191825559799,-13.9797766938063,18.8927411825179,16.6599360397451,1.04188256451933,20.0069112019582,-5.37359152558968,4.92291026303459,-5.65761487533671,4.7352164512894,-16.9156791636536,20.2855457025149,-16.8020090190216
388,388,738084.560413546,0.16,0.2,23.9263759758919,-12.6602748568256,18.8816012947251,16.7554735804073,1.08411355967158,20.0162540847326,-4.78134718265165,4.93050485433623,-5.06517420039712,4.74337368191793,-16.3240170840429,20.2939678048236,-16.2106057517804
389,389,738084.560413634,0.16,0.215,23.921939505211,-11.3334978357605,18.8714977808483,16.8430696136418,1.12835201926539,20.0198077701414,-4.18506090191758,4.93245038664551,-4.46868644799761,4.74589093188507,-15.7282088793959,20.296599062827,-15.6150470048013
390,390,738084.560413721,0.16,0.23,23.9058938322802,-10.0020154608939,18.8624240078722,16.9225188588722,1.17453668762367,20.0175725799214,-3.58596380644773,4.92875024857079,-3.86938316764179,4.74277038304646,-15.1294848996328,20.2934417390461,-15.0165626214736
391,391,738084.560413808,0.16,0.245,23.8783298020497,-8.66841797966975,18.854369700906,16.9936706775945,1.22256586252445,20.0095844738794,-2.98529948097127,4.91944256894976,-3.26850839812764,4.73404891337672,-14.5290886082627,20.2845337245874,-14.4163956223639
392,392,738084.560413895,0.16,0.26,23.8394068773939,-7.33528999081224,18.84732109855,17.0564303031828,1.27229402790284,19.9959143367391,-2.38431113812246,4.90459949037418,-2.66730582883648,4.71979738384933,-13.9282637432193,20.2699478060491,-13.8157893699841
393,393,738084.56041401,0.16,0.275,23.789350472443,-6.00518479066144,18.8412611421519,17.1107590580746,1.32353037254176,19.9766666842753,-1.78422896271102,4.88432587762575,-2.06700613873646,4.70011936057023,-13.3282416448508,20.2497903524856,-13.215974899507
394,394,738084.560414135,0.16,0.29,23.7284482362351,-4.68059971977279,18.8361696975967,17.156673562485,1.37603976616498,19.9519778326021,-1.18625792858059,4.85875750447713,-1.46881480778779,4.67514931528496,-12.7302290462595,20.2241994667395,-12.6181587105927
395,395,738084.560414226,0.16,0.305,23.6570454108957,-3.36395305334823,18.8320238023387,17.1942439924185,1.42954659642984,19.9220135907141,-0.591566358976895,4.82805877805209,-0.873900671803295,4.64505036313029,-12.1353965978671,20.1933426616236,-12.0235112921973
396,396,738084.560414328,0.16,0.32,23.575539407488,-2.05756290896724,17.2235914660542,18.8287979330585,-0.0870547425828468,19.8869665494322,-0.00127546733150125,4.79242007257485,-0.283385457805245,4.61001160915731,-11.5448683643255,20.1574141344294,-11.4331566185406
397,397,738084.560414433,0.16,0.335,23.4843737621446,-0.763628560553251,17.244884665525,18.8264642880156,-0.0325050012089245,19.8470530492619,0.583549926732914,4.75205475333666,0.301665505196075,4.5702451841851,-10.9597124900008,20.1166317225106,-10.8481628125316
398,398,738084.560414524,0.16,0.35,23.3840316458613,0.515785549503464,17.2583358189618,18.8249930788659,0.0220535934662263,19.802509915048,1.16190935889858,4.70719597683199,0.88025125261326,4.52598305571334,-10.3809331818471,20.0712336279936,-10.2695341255862
399,399,738084.560414635,0.18,0.05,24.911302800984,-24.8462007678112,15.3241028616812,19.062788191899,-0.78408977786684,20.3619521111137,-10.1956107190775,5.30193343378297,-10.4811246176531,5.10930389097374,-21.7251795979406,20.6476960489289,-21.6105772104773
400,400,738084.560414728,0.18,0.065,25.0199940340399,-23.7020228068886,15.4708121974124,19.0427152926095,-0.758353923853493,20.4213610731684,-9.69182935238487,5.35865206394403,-9.97720742148742,5.16645425195801,-21.222745355498,20.7062823076983,-21.1084628335125
401,401,738084.560414845,0.18,0.08,25.11908319474,-22.5328886966142,15.6134052058829,19.0235552309933,-0.731178796337925,20.4761231403496,-9.1757058407227,5.41080237607458,-9.4609410250651,5.21905244783117,-20.7078995220497,20.7602060588606,-20.5939329273853
402,402,738084.560414937,0.18,0.095,25.2080501935914,-21.340199424095,15.751400506472,19.0053333948941,-0.702495247988438,20.5259676254106,-8.64787962599279,5.45812170207078,-8.9329649253403,5.26683543019191,-20.1812765914889,20.8091978360828,-20.0676211919252
403,403,738084.560415027,0.18,0.11,25.2864139002317,-20.1255309004662,15.8843268599068,18.9880721787021,-0.672237730899733,20.5706428830561,-8.10907722060499,5.50036618286411,-8.39400573157213,5.30955885692565,-19.6435983922376,20.8530073380652,-19.5302486627398
404,404,738084.560415116,0.18,0.125,25.3537389571643,-18.8906269213409,16.0117289589505,18.971790764483,-0.640346465861413,20.6099198251484,-7.56010901300635,5.53731419211565,-7.84487397191309,5.34700051585484,-19.0956709537898,20.8914069358381,-18.9826205860465
405,405,738084.560415234,0.18,0.14,25.4096421982206,-17.6373891001272,16.1331732496039,18.9565049369553,-0.606770026459137,20.643595241512,-7.0018645599429,5.56876956633342,-7.28645938608143,5.37896355649061,-18.5383798576524,20.9241949833785,-18.4256217781504
406,406,738084.560415321,0.18,0.155,25.4537984907576,-16.3678638260718,18.9422269351245,16.2482536312258,0.999327991561964,20.6714948353784,-6.43530638839799,5.59456455268239,-6.71972472701616,5.40527944121247,-17.9726840940866,20.9511988407023,-17.8602104907801
407,407,738084.56041541,0.18,0.17,25.4859458383986,-15.0842264085179,18.9289653448963,16.3565968964919,1.03638029282045,20.6934758863827,-5.86146237966728,5.61456238965201,-6.14569814394426,5.42581053105003,-17.3996084956046,20.972277522529,-17.2874108530254
408,408,738084.560415498,0.18,0.185,25.5058895855469,-13.7887626489755,18.9167250345822,16.4578677477187,1.07519018288019,20.7094294618895,-5.28141685764835,5.62865944355001,-5.5654642689339,5.44045222898672,-16.8202348678863,20.9873238935574,-16.7083040103403
409,409,738084.56041559,0.18,0.2,25.5135055967758,-12.4838481940011,18.9055071342821,16.5517732578666,1.11574245714333,20.7192821091032,-4.69630055045075,5.63678683531337,-4.98015417605225,5.44913461516719,-16.2356919859894,20.9962663431396,-16.1240181282719
410,410,738084.560415679,0.18,0.215,25.5087423087796,-11.1719260918068,18.8953090595271,16.6380666448389,1.15799599329692,20.7229969754864,-4.10727963622235,5.63891150693383,-4.39093442406924,5.45182352314528,-15.6471446657359,20.9990698872591,-15.5357174706115
411,411,738084.560415765,0.18,0.23,25.4916215903844,-9.85548305263839,18.8861245775164,16.7165502559531,1.20188037075027,20.7205743227591,-3.51554411816886,5.63503669421315,-3.79899542774634,5.44852102367325,-15.055782154519,20.9957366635103,-14.9445907960341
412,412,738084.560415853,0.18,0.245,25.4622383812347,-8.5370249504259,18.8779439153816,16.7870776802958,1.24729318457396,20.7120514193025,-2.92229579808907,5.62520179170409,-3.20553942711916,5.43926530163522,-14.4628061104412,20.9863058043532,-14.3518393419974
413,413,738084.560415945,0.18,0.26,25.4207591221956,-7.21905214020069,18.8707539060504,16.8495549409681,1.29409843265398,20.6975018161041,-2.328736130945,5.60948161555776,-2.61176833739065,5.42412993155727,-13.8694184522095,20.9708526942324,-13.7586646782226
414,414,738084.560416059,0.18,0.275,25.3674190304503,-5.90403515694592,18.8645381684389,16.9039407499829,1.34212634029053,20.6770340313644,-1.73605424426977,5.58798508950789,-2.01887176336167,5.40322257662054,-13.2768093638504,20.9494876361184,-13.1662567137451
415,415,738084.560416146,0.18,0.29,25.302518303033,-4.59439134568021,18.8592773184527,16.9502458362889,1.39117492429459,20.6507896874853,-1.14541539573154,5.56085339735055,-1.42801545182913,5.37668315422237,-12.686145728129,20.9223539715974,-12.5757821313993
416,416,738084.560416233,0.18,0.305,25.2264173719138,-3.29246292786137,18.8549492048507,16.9885313958774,1.44101347033797,20.6189411604112,-0.557950120672246,5.52825766109066,-0.840330433903568,5.3446815269543,-12.0985602413485,20.8896257148358,-11.9883735024274
417,417,738084.56041632,0.18,0.32,25.139531353285,-2.00049694496964,17.0189067326855,18.8515291651601,-0.0794084148371898,20.5816888144522,0.0252557095000181,5.49039621669224,-0.256903078244732,5.30741479064466,-11.5151414315025,20.8515047738454,-11.4051193032382
418,418,738084.560416408,0.18,0.335,25.0423238554217,-0.720627442413894,17.041526188439,18.8489902964156,-0.0287684414886668,20.5392579052252,0.603169735584911,5.44749156855501,0.321233762189692,5.26510424033606,-10.9369247635414,20.80821784191,-10.8270550181731
419,419,738084.560416494,0.18,0.35,24.9353003185554,0.545139827440182,17.0565854705081,18.8473037358125,0.0218586900793464,20.4918952389621,1.17482072647134,5.39978710920841,0.893108370723222,5.21799210046996,-10.3648849722069,20.7600130475669,-10.2551554688426
420,420,738084.5604166,0.2,0.05,26.4099538949354,-24.5315957283032,15.1428535748184,19.0881042138296,-0.748542048910335,21.0197030020857,-10.0437699079893,5.96263960609616,-10.3292812776387,5.76959566081555,-21.5702484619754,21.3046530931735,-21.4573026331311
421,421,738084.560416704,0.2,0.065,26.5245751963667,-23.3973851879017,15.2856146102229,19.0681157221117,-0.722838334852635,21.0821206617564,-9.54476585785575,6.02242753872276,-9.83014273795834,5.82980791567602,-21.0725488452588,21.3662527356158,-20.9599287793516
422,422,738084.560416796,0.2,0.08,26.6290249864351,-22.2390292215022,15.4244137630074,19.0490237004999,-0.69580500328953,21.1396335126615,-9.03382304488401,6.07738658985244,-9.31905854573448,5.88520725881536,-20.5628437924571,21.4229328167899,-20.4505447033429
423,423,738084.56041689,0.2,0.095,26.722766269597,-21.0579013730129,15.5587956190406,19.0308528695679,-0.667389264907406,21.1919626574767,-8.51156789756375,6.12724549626707,-8.79665518491154,5.93552206679723,-20.0417550656214,21.4744156477789,-19.9297713528404
424,424,738084.560417006,0.2,0.11,26.8053028015627,-19.8555412001741,15.6883145138059,19.0136250595056,-0.637543049248391,21.2388490540214,-7.97870946277366,6.17175262617728,-8.26364179780617,5.98050024866255,-19.509987295746,21.5204435100636,-19.3983125499829
425,425,738084.560417096,0.2,0.125,26.8761859830322,-18.6336473305244,15.8125398911901,18.9973589994529,-0.606224891749515,21.2800570655156,-7.43603625318538,6.21067944423787,-7.72080703347612,6.01991271083512,-18.9683248864895,21.5607821978916,-18.8569519035015
426,426,738084.560417197,0.2,0.14,26.9350213404789,-17.3940677019403,18.9820701395861,15.931061684391,0.997394233026659,21.3153778087862,-6.88441168635155,6.24382377537957,-7.16901448716751,6.05355662241777,-18.4176275073583,21.5952243564909,-18.3065483105438
427,427,738084.560417304,0.2,0.155,26.9814744177581,-16.1387870427467,18.9677705086338,16.0434955842306,1.0317431956278,21.3446322104088,-6.32476814043083,6.27101277946949,-6.6091967557479,6.08125839295221,-17.8588241999145,21.6235925262353,-17.7480300715185
428,428,738084.5604174,0.2,0.17,27.0152759110137,-14.8699117403609,18.9544686094058,16.1494880577418,1.06762606928219,21.3676736848321,-5.75809969667812,6.29210555290241,-6.04234817923008,6.10287627875183,-17.2929061657765,21.6457418069861,-17.1823876865045
429,429,738084.560417489,0.2,0.185,27.0362258984837,-13.5896523387964,18.9421693553511,16.2487209872074,1.10503411359532,21.3843903564475,-5.1854536838906,6.30699528107614,-5.46951638356807,6.11830254171726,-16.7209183503316,21.6615620648249,-16.6106654469526
430,430,738084.560417577,0.2,0.2,27.0441970340478,-12.3003039858026,18.9308740488486,16.340915796479,1.14393941445674,21.3947067591802,-4.60792118261925,6.3156108771751,-4.89179278255496,6.12746509596312,-16.1439499788616,21.6709796150654,-16.0339519791719
431,431,738084.560417686,0.2,0.215,27.0391366057911,-11.0042252250487,18.920580400851,16.4258369503135,1.18429238722858,21.3985849620393,-4.02662668471236,6.31791805731627,-4.31030223442551,6.13032859216044,-15.5631242397347,21.6739583303383,-15.4533699340686
432,432,738084.560417782,0.2,0.23,27.0210673970344,-9.70381559575872,18.9112825927515,16.503294735097,1.22601967782554,21.3960250865174,-3.44271713453475,6.31391981925767,-3.72619207956431,6.12689490660113,-14.9795873403431,21.6705001400343,-14.870065048657
433,433,738084.56041787,0.2,0.245,26.9900873205498,-8.40149253701858,18.9029713766903,16.5731472445107,1.26902268990924,21.3870652009025,-2.85735060013576,6.303656310682,-3.1406208076791,6.11720302076563,-14.3944971836927,21.6606449065865,-14.2851948271113
434,434,738084.560417958,0.2,0.26,26.9463678397032,-7.09966812316344,18.8956342128731,16.6353015270139,1.31317697484166,21.3717805964819,-2.27168483455283,6.28720409257464,-2.5547466147038,6.1013282966455,-13.8090119257318,21.6444696839806,-13.6999171013477
435,435,738084.560418054,0.2,0.275,26.8901512250102,-5.80072615231476,18.8892554395266,16.6897138742609,1.35833269389577,21.3502824702086,-1.68686598859204,6.26467482238579,-1.96971611089955,6.07938117223165,-13.2242786749932,21.6220873834736,-13.1153787326573
436,436,738084.560418176,0.2,0.29,26.8217467344217,-4.50700009785253,18.8838164726552,16.7363892656674,1.40431630819076,21.3227160566784,-1.10401772700859,6.23621339951463,-1.3866534321675,6.0515053194163,-12.641422586969,21.593644889736,-12.5327047067859
437,437,738084.560418278,0.2,0.305,26.7415258336594,-3.2207523852856,18.8792960297659,16.7753800053397,1.45093355833931,21.2892582682865,-0.524230980633832,6.20199563128317,-0.806649987253903,6.01787532218962,-12.0615365865238,21.5593206866136,-11.9529878557974
438,438,738084.560418367,0.2,0.32,26.6499165981553,-1.94415540402068,16.8067836126049,18.8756703734874,-0.0728226474160268,21.2501149154727,0.0514454609245987,6.16222549024518,-0.230755045575466,5.97869394571199,-11.4856719239577,21.5193220646872,-11.3772794123866
439,439,738084.560418489,0.2,0.335,26.5473974608668,-0.679274594738564,16.8307400556322,18.8729135700804,-0.0255816568331923,21.2055175885006,0.622013346085577,6.11713204292346,0.340032664298177,5.93418907611114,-10.9148297357777,21.4738819922829,-10.8065805678044
440,440,738084.560418579,0.2,0.35,26.4344904764976,0.571946129939608,16.8474284244299,18.8709977571827,0.0216329838480119,21.1557202879708,1.18653221704807,6.06696613559493,0.90477221486035,5.88461041641535,-10.3499537419896,21.4232557372635,-10.2418351653221
