frame_no,target_no,time_stamp,target_x,target_y,pupil_x,pupil_y,ellipse_min_axis,ellipse_max_axis,ellipse_angle,glint_1_x,glint_1_y,glint_2_x,glint_2_y,glint_3_x,glint_3_y,glint_4_x,glint_4_y
0,0,738084.66234971,-0.2,0.05,-69.1095148914191,-70.5145325207405,37.2875612017142,49.4661413975541,0.7954606865296,-28.466635872341,-33.8885679509804,-66.713056027185,-30.4084704253666,-68.2149413894349,-60.5343682382975,-28.2965116360788,-62.5038371786745
1,1,738084.6623498,-0.2,0.065,-69.6173211703433,-67.5643088938585,49.4181506481514,37.7162955531335,-0.800362696365508,-28.7186028380359,-32.5967333038117,-66.9783112244787,-29.1197078520136,-68.4751299493376,-59.2564172236885,-28.5480743522697,-61.2208590394037
2,2,738084.662349888,-0.2,0.08,-70.0826228640744,-64.5461021936067,38.1371874001834,49.3722411046889,0.744296959437065,-28.9510617701063,-31.2714463801243,-67.2237612628552,-27.7976333523276,-68.7154256696178,-57.9448645385998,-28.7801833462279,-59.9042025998633
3,3,738084.662350009,-0.2,0.095,-70.503132453464,-61.4635038833269,38.5489629870139,49.3284462097978,0.717005651216842,-29.1628810792974,-29.9143142382241,-67.4482380384497,-26.4438520248914,-68.9346685031555,-56.6012841876902,-28.9917097133903,-58.555449989621
4,4,738084.662350149,-0.2,0.11,-70.8767325664601,-58.320572950199,38.950353372958,49.2867922482602,0.688516493255395,-29.3530082820961,-28.527174704995,-67.6506532441073,-25.0601988904291,-69.1317789304878,-55.2274808945916,-29.1816034262358,-57.1764147070744
5,5,738084.662350239,-0.2,0.125,-71.2015053093762,-55.1218188047155,39.3401088891173,49.2472981313151,0.658789112186977,-29.5204844834932,-27.1120888538582,-67.8300132487499,-23.6487313574075,-69.3057727835447,-53.8254829122954,-29.3489077802519,-55.7691343709831
6,6,738084.662350326,-0.2,0.14,-71.4757598919809,-51.8721762320958,39.7170140469997,49.2099752707133,0.627787187802206,-29.6644580625097,-25.6713295537161,-67.9854331812251,-22.2117177718174,-69.4557752600548,-52.3975309160241,-29.4927730450646,-54.3358595421621
7,7,738084.662350415,-0.2,0.155,-71.6980578081313,-48.5769725062705,49.1748275505667,40.0799025582647,-0.975316469586231,-29.7841971916947,-24.2073661291694,-68.1161498405563,-20.7516220921899,-69.5810337513854,-50.9460630114674,-29.6124689528964,-52.8790386491834
8,8,738084.662350505,-0.2,0.17,-71.8672348454508,-45.2418870241413,49.1418513933185,40.4276720846221,-1.00895302272789,-29.879100837403,-22.7228452983703,-68.2215330698026,-19.2710848565638,-69.6809291223552,-49.4736960167655,-29.7073956720658,-51.4012991778648
9,9,738084.662350601,-0.2,0.185,-71.9824192878378,-41.8729040813366,49.1110359184881,40.7592983414823,-1.04393381208734,-29.9487079192114,-21.2205686820327,-68.3010952624073,-17.7729007348171,-69.7549851136593,-47.9832033035242,-29.7770929447372,-49.9054254116111
10,10,738084.662350688,-0.2,0.2,-72.0430457499432,-38.4762596407279,49.0823631878281,41.0738481690198,-1.08026316044968,-29.9927043536235,-19.7034672985104,-68.3544987171415,-16.2599930807566,-69.8028755851715,-46.4774896036109,-29.8212471147399,-48.394333131494
11,11,738084.662350775,-0.2,0.215,-72.0488642179846,-35.058383178289,49.0558085287344,41.3704912177296,-1.1179327370739,-30.0109277674464,-18.1745735690095,-68.3815606189429,-14.7353860069833,-69.8244293799043,-44.9595632980375,-29.8396958313797,-46.8710417947088
12,12,738084.662350864,-0.2,0.23,-71.9999440088579,-31.6258358639643,49.0313409284585,41.6485099286391,-1.15691960173041,-30.0033697373621,-16.6369914473725,-68.3822554952841,-13.2021745955523,-69.8196326609663,-43.4325067953883,-29.8324302861091,-45.3386448014419
13,13,738084.662350952,-0.2,0.245,-71.8966725313629,-28.1852464717397,49.0089234820473,41.9073075563915,-1.19718436039649,-29.970175490524,-15.0938653554055,-68.3567150776328,-11.6634939235842,-69.7886286538787,-41.8994456748259,-29.7995949169884,-43.8002785277469
14,14,738084.662351041,-0.2,0.26,-71.7397488768178,-24.7432464813208,48.9885138909801,42.1464140168544,-1.23866956245642,-29.9116410826354,-13.548348643542,-68.3052255809376,-10.1224876214674,-69.7317148100125,-40.3635173088422,-29.7414845973139,-42.2590908421557
15,15,738084.662351129,-0.2,0.275,-71.5301724563194,-21.3064058612905,48.9700649937652,42.3654894563685,-1.28129848478622,-29.8282081504322,-12.0035723055965,-68.228222496547,-8.58227669009893,-69.6493374892022,-38.8278396913768,-29.6585394050275,-40.7182098340443
16,16,738084.662351228,-0.2,0.29,-71.2692270386197,-17.8811709663977,42.5643254894331,48.9535253163699,0.245821871427827,-29.7204564107446,-10.4626146554023,-68.1262830710861,-7.04592928248677,-69.5420843365543,-37.2954811775966,-29.5513371445533,-39.1807134621813
17,17,738084.662351383,-0.2,0.305,-70.9584606808476,-14.4738058911458,48.9388396357303,42.7428441433024,-1.36958086070872,-29.5890941443946,-8.92847262405374,-68.000116711896,-5.51643210595872,-69.4106745961243,-35.7694317940942,-29.4205838586546,-37.6496007840494
18,18,738084.662351474,-0.2,0.32,-70.5996621577378,-11.0903384582708,42.9010946174022,48.9259495396853,0.155814371789031,-29.4349469571902,-7.40403526258748,-67.8505536152807,-3.99666402743918,-69.2559476594748,-34.252576706027,-29.2671026217363,-36.1277653538696
19,19,738084.662351562,-0.2,0.335,-70.194834570533,-7.73651183839839,43.0392480347569,48.9147939788681,0.109771784568688,-29.2589451498757,-5.89205994135879,-67.6785319549584,-2.48937237084894,-69.0788501877361,-32.747672335468,-29.0918209455396,-34.6179712846208
20,20,738084.66235165,-0.2,0.35,-69.7461668682917,-4.41774256926628,43.1575904139668,48.905309798457,0.0632557883202753,-29.0621100530098,-4.3951516296884,-67.4850839933525,-0.997152288259914,-68.8804221706088,-31.2573255188124,-28.8957571522122,-33.1228323624402
21,21,738084.662351756,-0.18,0.05,-65.2729262997661,-71.3709349655794,37.7886240543416,49.4101774444957,0.829995595235047,-26.7802845195619,-34.3031705167159,-65.0404083393033,-30.8203923875013,-66.5479237461824,-60.9518511493775,-26.6141360225241,-62.9304401765113
22,22,738084.662351862,-0.18,0.065,-65.7685976463494,-68.4066396610413,38.2285095003973,49.362433951034,0.805056799547494,-27.0257539474299,-33.0042579496833,-65.2994365623698,-29.5245543924091,-66.8018830863964,-59.6670125772389,-26.8592210170933,-61.6405877330425
23,23,738084.662351965,-0.18,0.08,-66.2230484579512,-65.3722883302401,38.6601892456438,49.3168025484495,0.778933281814315,-27.2522904655329,-31.6708746668287,-65.539223246959,-28.1943907236956,-67.0365078784318,-58.3475513059328,-27.085426311733,-60.3160286419172
24,24,738084.662352066,-0.18,0.095,-66.634004216225,-62.271511406231,39.0823163013869,49.2733165786982,0.751568513437612,-27.4587699852771,-30.3046464871361,-65.7586060331509,-26.8315253333748,-67.2506438282893,-56.9950588700578,-27.2916304783458,-58.9583624880064
25,25,738084.662352158,-0.18,0.11,-66.9993573062353,-59.1084298106336,39.4935486233988,49.2320019646416,0.722906756815792,-27.6441460902777,-28.9074413110037,-65.9565009559161,-25.437823365186,-67.4432158148679,-55.6113688147613,-27.4767895330395,-57.5694315716918
26,26,738084.66235227,-0.18,0.125,-67.3171967543784,-55.8876379716961,39.8925647540878,49.1928769978973,0.692894169359019,-27.8074647111362,-27.4813616613529,-66.1319175449879,-24.0153836804625,-67.6132429346569,-54.1985495888039,-27.6399515735803,-56.1513137445996
27,27,738084.66235236,-0.18,0.14,-67.585836295776,-52.6141783464213,40.2780799713913,49.1559522227114,0.661480157726166,-27.9478780156724,-26.0287330261622,-66.2839731423718,-22.5665271995435,-67.7598527491874,-52.7588932518212,-27.7802706347175,-54.7063110460696
28,28,738084.662352448,-0.18,0.155,-67.8038399931187,-49.2935075397747,40.6488625587591,49.1212304234774,0.628619002831806,-28.0646571332359,-24.5520880327189,-66.4119060459525,-21.0937810899006,-67.8822943445113,-51.2949000180646,-27.897019380989,-53.2369341635436
29,29,738084.662352537,-0.18,0.17,-67.9700446703712,-45.931454386445,49.0887067116754,41.0037497897144,-0.976524559869911,-28.1572033469423,-23.0541466213194,-66.5150871025361,-19.5998589691352,-67.9799498273849,-49.809258795704,-27.9896002718357,-51.7458828773615
30,30,738084.662352656,-0.18,0.185,-68.0835784806839,-42.534170625506,49.058368709208,41.3416631840366,-1.01238784713446,-28.2250574197316,-21.53779252531,-66.5930294057688,-18.0876374296933,-68.052343915435,-48.3048240196415,-28.0575548657449,-50.2360227897327
31,31,738084.662352775,-0.18,0.2,-68.1438750421925,-39.1080750938604,49.0301968228976,41.6616226377235,-1.04978574995861,-28.2679067682736,-20.0060464977655,-66.6453958030955,-16.5601293250429,-68.0991513277279,-46.7845892092687,-28.100570978191,-48.710358771512
32,32,738084.662352863,-0.18,0.215,-68.1506826841019,-35.6597925796298,49.0041645954439,41.9627590132572,-1.0887227902599,-28.2855902613071,-18.462036845318,-66.6720039794195,-15.0204543767468,-68.1202017460454,-45.251657803251,-28.1184874704965,-47.1720056813714
33,33,738084.662352953,-0.18,0.23,-68.1040685090113,-32.1960886917074,48.9802391328999,42.2443248459688,-1.12918670508825,-28.2781004929736,-16.9089679295159,-66.6728289605449,-13.4718077612736,-68.1154821928126,-43.7092119241158,-28.1112965205204,-45.6241570128531
34,34,738084.662353041,-0.18,0.245,-68.004417141956,-28.7238022459043,48.9583815863634,42.5057028798615,-1.17114572963973,-28.2455834635108,-15.3500873697675,-66.6480029630008,-11.9174274086377,-68.0851367553166,-42.160479800293,-28.0791433076559,-44.0700521997391
35,35,738084.662353147,-0.18,0.26,-67.8524242078281,-25.2497767518356,48.9385476797095,42.7464122162342,-1.21454608029459,-28.1883356848195,-13.7886527250265,-66.5978126040283,-10.3605607877213,-68.0294636730095,-40.6087026177672,-28.0223231295429,-42.5129433546525
36,36,738084.662353281,-0.18,0.275,-67.649084750517,-21.7807925998295,48.9206882696665,42.9661119446932,-1.25930984926246,-28.1067988124658,-12.2278984416107,-66.5226935716824,-8.804431963103,-67.9489098907573,-39.0571015853847,-27.9412760517316,-40.9560622275775
37,37,738084.6623534,-0.18,0.29,-67.3956769697723,-18.3235015058351,48.9047499237427,43.1646022162966,-1.30533354814223,-28.0015519840223,-10.6710038316227,-66.4232229355576,-7.25220968522783,-67.8440632611898,-37.5088459767409,-27.8365792696365,-39.402588149546
38,38,738084.662353488,-0.18,0.305,-67.0937417866909,-14.8843646555349,48.8906755070741,43.3418228060221,-1.35248754063602,-27.8733021122993,-9.1210627925266,-66.3001093493488,-5.70697722173449,-67.7156426496873,-35.9670228593632,-27.7089374306427,-37.855617674272
39,39,738084.662353581,-0.18,0.32,-66.7450588675984,-11.4695958188738,48.8784047624392,43.4978492920606,-1.40061657977191,-27.7228724377492,-7.5810558972344,-66.1541814541245,-4.17170455674014,-67.5644862527386,-34.4346091424693,-27.5591712197489,-36.3181365505686
40,40,738084.662353702,-0.18,0.335,-66.3516198143031,-8.08511050433893,43.6328870584975,48.8678748781952,0.121254722851345,-27.5511896847595,-6.05382538124561,-65.9863748332304,-2.6492234822021,-67.3915384819749,-32.9144464732422,-27.3882045525181,-34.7929945566767
41,41,738084.66235379,-0.18,0.35,-65.9155992797349,-4.73648197139353,43.7472633815102,48.8590210338193,0.0717334754885159,-27.3592701906254,-4.54205343528043,-65.7977178950725,-1.14220598771544,-67.1978357910034,-31.4092193948296,-27.1970507431039,-33.2828836103485
42,42,738084.6623539,-0.16,0.05,-61.3001433224801,-72.1776718208215,38.2756774059823,49.3573897752476,0.866711633183948,-25.0284444925552,-34.6948161262659,-63.3017430560141,-31.2094795818234,-64.8149436330667,-61.3458804560326,-24.8664399920255,-63.3337217830725
43,43,738084.662354014,-0.16,0.065,-61.781238182994,-69.2015379817891,38.7263081058912,49.309917905504,0.841988634332583,-25.2662108277698,-33.3898325886625,-63.5533243944053,-29.9075711462563,-65.06146037103,-60.055144678997,-25.103844735718,-62.037993015018
44,44,738084.662354136,-0.16,0.08,-62.2225845270339,-66.1534043174702,39.1683759358702,49.2645858941213,0.816008186782541,-25.4857093642304,-32.0494226602679,-63.7863181931646,-28.5703858197232,-65.2892912815401,-58.7288282944078,-25.3230335622244,-60.7065922749354
45,45,738084.662354226,-0.16,0.095,-62.6219381151224,-63.0369326530909,39.6004620506239,49.2214268452132,0.788700700052597,-25.6858320408709,-30.6752275169164,-63.9995764235527,-27.1995630094463,-65.4972963779609,-57.3685370404911,-25.5229010249188,-59.3411332333933
46,46,738084.662354342,-0.16,0.11,-62.9772172754605,-59.856297139635,40.0211526832349,49.1804662005007,0.759995903776501,-25.8655465153853,-29.2691411748136,-64.1920275290258,-25.796994031835,-65.6844129697438,-55.9761294030369,-25.7024171698607,-57.9434830686275
47,47,738084.662354433,-0.16,0.125,-63.2865327741599,-56.6161674646525,40.4290559721697,49.1417215311239,0.72982396227605,-26.0239108930495,-27.8333031302584,-64.3626916071641,-24.3648147340188,-65.8496707901014,-54.5537096257611,-25.8606422271059,-56.5157554217794
48,48,738084.662354521,-0.16,0.14,-63.5482160556786,-53.3216830441437,40.8228193476985,49.1052024351943,0.698116910853755,-26.160087690025,-26.3700865401087,-64.510694828763,-22.9053936711303,-65.9922063449118,-53.1036162754607,-25.9967405389236,-55.060298892313
49,49,738084.662354608,-0.16,0.155,-63.7608450593793,-49.978418266141,41.2011470591542,49.0709105421472,0.664810458620268,-26.2733566412286,-24.882081962256,-64.6352826931104,-21.4213158595871,-66.1112760826572,-51.628406372616,-26.1099933360377,-53.5796810851254
50,50,738084.662354695,-0.16,0.17,-63.923266858371,-46.5923391348278,41.5628173826902,49.0388396212942,0.629846198889703,-26.3631259775027,-23.3720768239528,-64.7358317327493,-19.9153622747744,-66.2062680000248,-50.1308352460145,-26.1998099875899,-52.076668369273
51,51,738084.662354815,-0.16,0.185,-64.0346164195377,-43.1697519942907,49.0089757914171,41.906699042822,-0.977622077780719,-26.4289418290018,-21.8430309369704,-64.811859313248,-18.3904854120547,-66.2767113305829,-48.6138324207124,-26.2657373826233,-50.5542016594802
52,52,738084.662354905,-0.16,0.2,-64.0943308993843,-39.7172452821187,48.9812978209778,42.2317663872314,-1.01604000555467,-26.470495460737,-20.2980485238969,-64.8630312231852,-16.8497813748966,-66.3222840140917,-47.0804739940921,-26.3074671497769,-49.0153686774572
53,53,738084.662354996,-0.16,0.215,-64.1021590063414,-36.2416255398018,48.9557775138586,42.537112873873,-1.05622714099789,-26.4876281103672,-18.7403473512175,-64.8891668147094,-15.2964590846141,-66.3428177095772,-45.5339520865565,-26.3248404858129,-47.4633732821894
54,54,738084.662355083,-0.16,0.23,-64.0581651263769,-32.7498491221,48.9323801651529,42.8219624938523,-1.09818788749065,-26.4803332744403,-17.1732256742367,-64.8902415327759,-13.7338073151502,-66.3383001933286,-43.9775420637412,-26.3178504395526,-45.9015025689503
55,55,738084.66235517,-0.16,0.245,-63.9627280757476,-29.2489512109353,48.9110650744137,43.0856788114141,-1.14190389966473,-26.4487563736271,-15.6000277797565,-64.8663867573751,-12.165160336699,-66.3088750693595,-42.4145683092485,-26.2866415818642,-44.3330925190108
56,56,738084.662355258,-0.16,0.26,-63.8165345238084,-25.7459738279332,48.8917861035417,43.3277713891986,-1.18733023028495,-26.3931918153651,-14.024108959974,-64.8178869731963,-10.5938629991433,-66.2548388099905,-40.8483693759935,-26.2315070799933,-42.761493031129
57,57,738084.662355345,-0.16,0.275,-63.6205673076035,-22.2478945714094,48.8744922644278,43.5478994625465,-1.23439184357075,-26.3140775590006,-12.4488007624956,-64.7451743701757,-9.02323609748023,-66.1766352331637,-39.2822633575924,-26.1528832809844,-41.1900331790841
58,58,738084.662355467,-0.16,0.29,-63.3760890235307,-18.7615577413277,48.8591283205763,43.7458728253855,-1.28298085500341,-26.2119873691499,-10.8773773367146,-64.648821061451,-7.45654283653232,-66.074847605835,-37.7195142983268,-26.0513419893252,-39.6219875163802
59,59,738084.662355556,-0.16,0.305,-63.0846214231751,-15.2936093973948,48.8456353962015,43.9216499845868,-1.33295489210067,-26.0876210134968,-9.31302363792076,-64.5295291780107,-5.89695715347129,-65.950188635251,-36.1633004034562,-25.9275806942909,-38.0605441921213
60,60,738084.662355644,-0.16,0.32,-62.7479212612448,-11.8504377172401,48.8339515729637,44.075333737574,-1.38413696243154,-25.941792718082,-7.7588061621873,-64.3881191582517,-4.34753456832657,-65.8034886683581,-34.6166847250131,-25.7824110591371,-36.5087755549781
61,61,738084.662355731,-0.16,0.335,-62.3679533207222,-8.43811978653522,48.8240124720067,44.207164401675,-1.43631714173843,-25.7754182340198,-6.2176467729367,-64.2255165932986,-2.81118612085328,-65.6356824616895,-33.0825888878367,-25.6167460250851,-34.9696118113136
62,62,738084.662355819,-0.16,0.35,-61.9468613956505,-5.0623756946644,44.3175109970103,48.8157518081474,0.0815400661112645,-25.5895008933552,-4.69230005179747,-64.0427380140568,-1.29065582405744,-65.4477949086683,-31.5637702936478,-25.4315859067468,-33.4458181760561
63,63,738084.662355926,-0.14,0.05,-57.1974102858535,-72.928951457267,38.7456583759435,49.3079082450202,0.905708644431084,-23.213887815796,-35.0606679211554,-61.4997501061267,-31.5729125853534,-63.0186724003918,-61.7135807243459,-23.0561897397603,-63.7107782130596
64,64,738084.662356018,-0.14,0.065,-57.661483472478,-69.9433000224834,39.2065052450116,49.2607321247885,0.881351465594224,-23.4427455163378,-33.75066312017,-61.7426617211597,-30.2659815591743,-63.256530316807,-60.417978690602,-23.2847117080931,-62.4102116718047
65,65,738084.662356107,-0.14,0.08,-58.0874649858791,-66.8838596003048,39.6584415177681,49.2157202002152,0.855669570038288,-23.6540892769173,-32.4043515443108,-61.9677290466933,-28.9228974266879,-63.4764404815981,-59.0859138192143,-23.4957700628004,-61.0730834797851
66,66,738084.662356197,-0.14,0.095,-58.4731589139026,-63.7543157405033,40.0999789675159,49.1729052029399,0.82857891350788,-23.8468359617328,-31.023386282563,-62.1738273698503,-27.5453116099262,-63.6772861667352,-57.7190027052191,-23.6882842136186,-59.701018003339
67,67,738084.662356285,-0.14,0.11,-58.8165264971311,-60.5588866457614,40.5296345975142,49.1323119787239,0.799992763721077,-24.0199756822068,-29.6096832839173,-62.3599060080408,-26.1351374206932,-63.8580255423429,-56.3191246887493,-23.8612465946072,-58.2959031684106
68,68,738084.662356372,-0.14,0.125,-59.115715822468,-57.3023066484782,40.9459486290902,49.0939572888505,0.76982271818408,-24.1725864288265,-28.1654141260217,-62.5250034209363,-24.6945428080532,-64.0177067358027,-54.8884150117725,-24.0137372586865,-56.8598835650282
69,69,738084.66235646,-0.14,0.14,-59.3690899467108,-53.9898001723582,41.3475031074348,49.0578497202483,0.737980114067182,-24.303847962625,-26.692994078191,-62.6682615852371,-23.2259384160343,-64.1554821367316,-53.4292532844866,-24.1449377342406,-55.3953488457294
70,70,738084.66235658,-0.14,0.155,-59.5752526375835,-50.6270462182106,41.7329406532768,49.0239897100307,0.704377908618189,-24.4130545724787,-25.195065466291,-62.7889392265121,-21.7319609601752,-64.270621542814,-51.9442472597312,-24.2541437509983,-53.9049174170281
71,71,738084.662356667,-0.14,0.17,-59.7330709798486,-47.2201337330683,42.1009828827853,48.9923696734983,0.668933112706964,-24.499626318352,-23.6744765063345,-62.8864235158571,-20.2154520903732,-64.3625237555713,-50.4362120723435,-24.3407764563138,-52.3914155821768
72,72,738084.662356755,-0.14,0.185,-59.8416941257899,-43.7755085446186,48.9629742414567,42.4504479592786,-0.939226478397958,-24.5631184125401,-22.1342559362677,-62.9602398711568,-18.6794330695494,-64.4307262677586,-48.908145262629,-24.4043917747907,-50.8578524562176
73,73,738084.662356843,-0.14,0.2,-59.9005675974727,-40.2999128692933,48.9357805894566,42.7802667906403,-0.978573245185819,-24.6032284403901,-20.5775839324495,-63.0100595527645,-17.1270757540692,-64.4749127346418,-47.3631980602089,-24.4446876134604,-49.3073911319176
74,74,738084.66235693,-0.14,0.215,-59.909442666017,-36.8003186824222,48.9107588521787,43.0894973920461,-1.01995328772577,-24.6198011868102,-19.007759939471,-63.0357048094853,-15.5616705034178,-64.4949179879318,-45.8046435471691,-24.4615086794143,-47.7433167182394
75,75,738084.662357018,-0.14,0.23,-59.8683804953313,-33.2838564785112,48.8878726100205,43.3773369988764,-1.06339607063263,-24.6128309123196,-17.4281681607715,-63.0371514098315,-13.9865917648166,-64.4907304305572,-44.2358424391984,-24.4548487539519,-46.1690019930186
76,76,738084.662357108,-0.14,0.245,-59.7777509099856,-29.7577411245058,48.8670794315039,43.6431315854113,-1.1089052156572,-24.5824610081766,-15.8422415454594,-63.0145284814578,-12.4052621659778,-64.4624917385887,-42.6602073127539,-24.4248503529202,-44.587871501083
77,77,738084.662357198,-0.14,0.26,-59.6382258354766,-26.2291966165505,48.8483314590749,43.8863825455704,-1.15645274110338,-24.5289810496507,-14.253425158661,-62.9681156736009,-10.8211160006268,-64.4104938885883,-41.0811661598894,-24.3718017921464,-43.0033649826111
78,78,738084.662357292,-0.14,0.275,-59.4507676322382,-22.705381572246,48.8315760211394,44.1067503892406,-1.20597346848594,-24.4528213547011,-12.6651398355399,-62.8983377481769,-9.23756300401171,-64.3351736193499,-39.5021261671511,-24.2961317648719,-41.4189010312223
79,79,738084.662357383,-0.14,0.29,-59.2166127175289,-19.1933172295647,48.8167562570996,44.3040554217885,-1.2573601245756,-24.3545452373435,-11.0807469926421,-62.8057567897938,-7.65795328892973,-64.2371045213857,-37.9264385905666,-24.1984016198679,-39.8378418566187
80,80,738084.662357473,-0.14,0.305,-58.9372510082761,-15.6998196066417,48.8038117436335,44.4782754752534,-1.31045977207852,-24.2348392163844,-9.5035154068408,-62.691062298851,-6.08554424942738,-64.1169870209849,-36.3573655374011,-24.0792956001292,-38.263459964913
81,81,738084.662357565,-0.14,0.32,-58.614401848222,-12.2314372635314,48.7926791065011,44.6295408722836,-1.36507224754638,-24.0945014975472,-7.93659067664745,-62.5550594914797,-4.52347014392272,-63.9756365848114,-34.79804937188,-23.9396093592523,-36.6989074758324
82,82,738084.66235767,-0.14,0.335,-58.2499871493171,-8.79439587370325,48.7832926125618,44.7581268785442,-1.42095122391128,-23.9344290878334,-6.38296795973185,-62.3986561727999,-2.9747149488291,-63.8139705131407,-33.251485342901,-23.7802371133198,-35.1471886762882
83,83,738084.662357773,-0.14,0.35,-57.8461025378657,-5.39455052124737,44.8644439769114,48.7755847314134,0.0929879947190444,-23.7556039241927,-4.84546844213469,-62.2228485746286,-1.44208893572087,-63.6329937139241,-31.7204978948948,-23.6021578092863,-33.611136272397
84,84,738084.662357883,-0.12,0.05,-52.972603866287,-73.6191840229829,49.2618455242779,39.1954802551529,-0.623725909185783,-21.3401792455036,-35.3979801731525,-59.6379133693588,-31.9079627612222,-61.1625738836721,-62.0521707733218,-21.186942201732,-64.0587971333484
85,85,738084.662357973,-0.12,0.065,-53.4172516385393,-70.6264077818939,39.6658882825186,49.2149886856088,0.923252883442183,-21.5589450147306,-34.0840392838627,-59.8709517354579,-30.5970925955466,-61.3905760799996,-60.7527668338872,-21.4054010499693,-62.7544646323319
86,86,738084.662358095,-0.12,0.08,-53.8256430944568,-67.5582329322121,40.1270509550789,49.1703166634391,0.898052721940967,-21.7610366799587,-32.732998779365,-60.0869756556048,-29.2492803090066,-61.6014553529097,-59.4161057852669,-21.6072343417174,-61.4127687979475
87,87,738084.662358183,-0.12,0.095,-54.1956490578119,-64.4183611099457,40.5774143034024,49.1278616875225,0.87137041480323,-21.9454050952118,-31.3465202345228,-60.2848929116638,-27.8661859119334,-61.7941273787169,-58.0438117680381,-21.7913953843025,-60.03534133924
88,88,738084.662358271,-0.12,0.11,-54.5252910412218,-61.2110450458304,41.0154297723765,49.0876479039081,0.843101147689083,-22.1110713846175,-29.9265371788625,-60.4636823670592,-26.4497403631283,-61.9675798244679,-56.6377807408285,-21.9569075366931,-58.6240866506424
89,89,738084.662358359,-0.12,0.125,-54.81277043949,-57.9410723655295,41.4395733266972,49.0496911870471,0.813135573850855,-22.2571413171251,-28.4752480177891,-60.622408847073,-25.0021384670231,-62.1208871772082,-55.200173805455,-22.1028785475362,-57.1811750883654
90,90,738084.662358447,-0.12,0.14,-55.0564962157195,-54.6137394164011,41.848365219326,49.0139990662188,0.781361020676207,-22.3828189717512,-26.9951040217041,-60.7602373132992,-23.5258268553726,-62.2532248495595,-53.7334056164384,-22.2285141861292,-55.7090313143881
91,91,738084.662358536,-0.12,0.155,-55.2551102873979,-51.2348151366077,42.2403899347273,48.9805707647448,0.747663262588447,-22.4874193007679,-25.4887923784523,-60.8764459269214,-22.0234870501473,-62.3638821569028,-52.2401278606726,-22.3331307747888,-54.2103176944638
92,92,738084.662358632,-0.12,0.17,-55.4075098323116,-47.8104953130768,42.614315751047,48.9493973565604,0.711928997427674,-22.5703792113768,-23.9592144738778,-60.9704376081064,-20.4980137731281,-62.4522737747815,-50.723207961543,-22.4161662441361,-52.6879129056623
93,93,738084.662358755,-0.12,0.185,-55.5128658163005,-44.3473479388211,42.9689133835366,48.9204620254621,0.674049171812334,-22.6312668177842,-22.4094597388103,-61.0417497302903,-18.9524888405993,-62.5179493171935,-49.1857033348858,-22.4771893641194,-51.1448860826624
94,94,738084.66235886,-0.12,0.2,-55.5706371378788,-40.852250710105,48.8937404228516,43.3030731576039,-0.936873034589781,-22.6697885646398,-20.8427755687614,-61.0900616378171,-17.3901511488698,-62.5606007267591,-47.6308316921914,-22.5159068524611,-49.5844670005466
95,95,738084.662358948,-0.12,0.215,-55.5805799119364,-37.3323220143202,48.8692011119847,43.6158202018377,-0.979331499643382,-22.685793987633,-19.2625339751223,-61.115199741575,-15.814363408213,-62.5800672343794,-46.0619380395408,-22.5321681268999,-48.0100129453848
96,96,738084.662359067,-0.12,0.23,-55.5427515822082,-33.7948470119019,48.8468060812028,43.9063272088529,-1.02418858887335,-22.6792779546092,-17.6721957543288,-61.1171400265949,-14.228576409848,-62.5763377257183,-44.482459149426,-22.5259675448942,-46.4249730528823
97,97,738084.662359156,-0.12,0.245,-55.4575097213334,-30.2472006153488,48.8265113145847,44.1739244038496,-1.07148226593354,-22.6503803166813,-16.0752730562799,-61.0960078940706,-12.6362917048987,-62.5495504405257,-42.8958863789358,-22.4974440603964,-44.8328509919284
98,98,738084.662359274,-0.12,0.26,-55.3255055616004,-26.6967692695811,48.8082674024041,44.4181064497638,-1.12121403150039,-22.5993829887327,-14.4752912894353,-61.0520753527281,-11.0410236298951,-62.4999900233812,-41.30572776572,-22.4468783169127,-43.2371669278199
99,99,738084.662359362,-0.12,0.275,-55.1476724833663,-23.1508734737146,48.7920201768444,44.6385361454776,-1.1733401988441,-22.5267045672745,-12.8757513141772,-60.9857556658931,-9.44626162730488,-62.4280820357133,-39.7154703494259,-22.3746872844252,-41.6414197161483
100,100,738084.662359449,-0.12,0.29,-54.9252098557345,-19.6166929211572,48.7777113536851,44.8350448853541,-1.22776356135575,-22.4328926757928,-11.2800928479798,-60.8975956455946,-7.8554337813038,-62.3343851237138,-38.1285436404597,-22.2814166297259,-40.049050252248
101,101,738084.662359537,-0.12,0.305,-54.6595627638698,-16.1011959965675,48.7652791762279,45.0076299660972,-1.28432643373661,-22.3186142991838,-9.69165993826338,-60.7882658591725,-6.27187242131894,-62.219581110469,-36.5482850924761,-22.1677310809289,-38.4634068352665
102,102,738084.662359657,-0.12,0.32,-54.3523982847084,-12.6110751596611,48.7546590362859,45.1564489395798,-1.34280623123528,-22.1846444258876,-8.11366925665858,-60.6585490733377,-4.69878254389466,-62.0844633396103,-34.9779083349987,-22.0344031038676,-36.8877133054608
103,103,738084.66235975,-0.12,0.335,-54.0055790459367,-9.15268948035664,48.7457840751192,45.2818112989965,-1.40291477606537,-22.0318533566627,-6.54918183914985,-60.5093273028976,-3.13921367437532,-61.9299236394722,-33.4204747951718,-21.882300248262,-35.3250405853759
104,104,738084.662359866,-0.12,0.35,-53.621134853708,-5.73201528870151,48.7385857477904,45.3841678672455,-1.46430231054373,-21.8611930613605,-5.00107874880004,-60.3415678553737,-1.59603564253873,-61.7569383001137,-31.8788691914653,-21.7123715439462,-33.7782821087921
105,105,738084.662359974,-0.1,0.05,-48.6352303270143,-74.2431032045577,49.2192953365677,39.6220946042831,-0.579938661797296,-19.41167748041,-35.7041581142725,-57.720513522278,-32.2120517310549,-59.2509075055811,-62.3590244459287,-19.2630462404216,-64.3751187886458
106,106,738084.662360063,-0.1,0.065,-49.0581385458192,-71.2456497927233,49.172780375234,40.1012834632022,-0.603018526657637,-19.6192139767129,-34.3873939831795,-57.9425182242757,-30.8983536991104,-59.467900113646,-61.0569087161086,-19.4703074516902,-63.068117645169
107,107,738084.662360151,-0.1,0.08,-49.4467947589023,-68.1713912895525,49.1284668838401,40.5709087420849,-0.627524842967623,-19.8109978341348,-33.0328365608696,-58.1484206799303,-29.5470233009575,-59.6686771975188,-59.7168412073025,-19.6618625763164,-61.7230511994614
108,108,738084.662360238,-0.1,0.095,-49.7991548283382,-65.0240379201021,41.0293555612442,49.0863864691411,0.917223348928952,-19.9860228954073,-31.6421525487768,-58.3371703063628,-28.1597257739334,-59.8521959463018,-58.3404503804822,-19.836707794896,-60.3415552388093
109,109,738084.662360358,-0.1,0.11,-50.1133178384574,-61.8078671975432,41.4750146849899,49.0465624868913,0.889509513788338,-20.1433498139116,-30.2172885932714,-58.507784169845,-26.7384052619318,-60.0174821453123,-56.9296444842693,-19.9939058858952,-58.925546255877
110,110,738084.662360447,-0.1,0.125,-50.38755446088,-58.5277080903917,41.9063026797143,49.0090098649987,0.859997879984791,-20.2821200068369,-28.7604643753357,-58.6593614678453,-25.2852778782599,-60.1636446093544,-55.4866050623448,-20.1326001431843,-57.4772149114648
111,111,738084.662360536,-0.1,0.14,-50.6203338848931,-55.188914804301,42.3216827749592,48.9737350435151,0.828548881127078,-20.4015689349552,-27.2741605670739,-58.7910973417317,-23.8028196526757,-60.2898889279585,-54.013775345271,-20.2520276225612,-55.9990143639151
112,112,738084.662360623,-0.1,0.155,-50.810348535175,-51.7973301721697,42.7196859015989,48.9407360374395,0.795016850926689,-20.5010383231525,-25.7611016385943,-58.9022956207451,-22.2937493474851,-60.3955301237836,-52.5138435001623,-20.3515313324396,-54.4936434391008
113,113,738084.662360711,-0.1,0.17,-50.9565358176509,-48.3592390004201,43.0989313363989,48.9100026131908,0.759252216819553,-20.5799869480616,-24.2242336771722,-58.9923801095721,-20.7610063054238,-60.4800038377372,-50.9897208890906,-20.4305709960362,-52.964024793031
114,114,738084.66236083,-0.1,0.185,-51.0580961970659,-44.8813120848592,43.4581463542741,48.8815165738173,0.721104761918253,-20.6379996496392,-22.6666975639779,-59.0609040623366,-19.2077236747252,-60.5428756855708,-49.4445156700498,-20.4887320427465,-51.4132784026597
115,115,738084.662360949,-0.1,0.2,-51.1145070070242,-41.3705419771285,43.7961843082483,48.8552521427562,0.680428222316083,-20.6747942715034,-21.0917980316216,-59.1075575346253,-17.6371975340994,-60.583848480092,-47.8815022522935,-20.5257325342685,-49.8446908990514
116,116,738084.662361039,-0.1,0.215,-51.1255315260756,-37.8341718977024,44.1120405865713,48.8311764350101,0.637086488557759,-20.6902262987191,-19.5029692877267,-59.1321723703638,-16.0528526015751,-60.6027670788849,-46.3040872803875,-20.541427794716,-48.2616814201234
117,117,738084.662361128,-0.1,0.23,-51.0912230070206,-34.2796194796514,48.8092499955567,44.4048659720322,-0.979834691989537,-20.684291038339,-17.9037380256239,-59.1347246589362,-14.4582053464121,-60.5996206963885,-44.715772958314,-20.535812590315,-46.6677647975127
118,118,738084.66236125,-0.1,0.245,-51.011923519653,-30.7143972160744,48.7894273959178,44.6739770084247,-1.02883244070244,-20.6571232730974,-16.2976847444009,-59.1153345855305,-12.8568254238094,-60.5745426070499,-43.1201186276306,-20.5090207891918,-45.066512995063
119,119,738084.662361344,-0.1,0.26,-50.888257654324,-27.1460316178898,48.7716578659481,44.918863103955,-1.08075290800227,-20.6089944076624,-14.6884043606619,-59.0742636894843,-11.2522964117908,-60.5278072581123,-41.5207015757506,-20.4613225204831,-43.4615157785653
120,120,738084.662361432,-0.1,0.275,-50.7211213058292,-23.5819831090894,48.7558859475033,45.1391902115169,-1.13559277085126,-20.5403072144065,-13.0794671098278,-59.0119096359526,-9.6481768448076,-60.4598249010811,-39.9210780681416,-20.3931189393128,-41.8563416140275
121,121,738084.66236152,-0.1,0.29,-50.5116659272061,-20.0295686311565,45.3348010627491,48.7420521550059,0.37751446378929,-20.4515883668456,-11.4743807055057,-58.9287986904955,-8.04796250905842,-60.3711339349002,-38.3247455712133,-20.304934785194,-40.2544997645123
122,122,738084.662361608,-0.1,0.305,-50.261278786731,-16.4958887800979,45.5057120573924,48.7300936266425,0.317125923803109,-20.3434790193021,-9.87655465385335,-58.8255761593804,-6.45505089296077,-60.2623912266603,-36.7351070634896,-20.1974089915827,-38.6594044860308
123,123,738084.662361721,-0.1,0.32,-49.9715598753969,-12.9877610736552,45.6521070265168,48.7199447574649,0.254277249909525,-20.2167237473165,-8.28926751186315,-58.7029951169809,-4.87270857828008,-60.1343607337629,-35.1554382268691,-20.0712836601959,-37.0743421166766
124,124,738084.662361819,-0.1,0.335,-49.6442961934536,-9.51166067808288,45.7743281860016,48.7115378017942,0.189302121652633,-20.0721582026366,-6.7156377416483,-58.5619037830564,-3.30404222091797,-59.9879007921744,-33.5888581748995,-19.9273917528605,-35.5024417177902
125,125,738084.662361907,-0.1,0.35,-49.2814341867878,-6.07366958960832,45.8728646818017,48.7048034398103,0.122626207869913,-19.9106958579869,-5.15859865653577,-58.4032319356717,-1.75197361441665,-59.8239504578051,-32.0383042203957,-19.766643875056,-33.9466497707171
126,126,738084.662362018,-0.08,0.05,-44.1963754431054,-74.7958896684384,49.1803310632698,40.0225582896648,-0.533696342413145,-17.4335132515267,-35.9768187230474,-55.7526078272484,-32.4828117912531,-57.2887083794899,-62.6317323007531,-17.2896207665534,-64.6572981535074
127,127,738084.662362152,-0.08,0.065,-44.5953690371793,-71.7962439455253,49.1341793222888,40.5096266188888,-0.555817261530567,-17.6287534056003,-34.6583637688212,-55.9624860496931,-31.1674168999538,-57.4936049623365,-61.3280127798771,-17.4846199058492,-63.3487431909249
128,128,738084.66236224,-0.08,0.08,-44.9622711180149,-68.7186113236107,49.0902415267663,40.9868332055387,-0.579388907987915,-17.8092380977997,-33.3015316304515,-56.1572507701261,-29.81380873638,-57.6832702352268,-59.9857570479377,-17.6649079348273,-62.0015313837983
129,129,738084.66236233,-0.08,0.095,-45.2951402616457,-65.5667033584433,49.0485485530822,41.4525082656247,-0.604541899363267,-17.9740128415558,-31.9079908879581,-56.3359018907839,-28.423654512128,-57.8567117196808,-58.6065947890032,-17.8295325669071,-60.6172994646366
130,130,738084.662362446,-0.08,0.11,-45.5921698814752,-62.3448125069148,41.9049879611895,49.0091228909027,0.939377210432117,-18.1221860527509,-30.4796967861177,-56.4975030804742,-26.998907037359,-58.0130016846136,-57.1924421755608,-17.9776042120849,-59.1979716192065
131,131,738084.662362536,-0.08,0.125,-45.8517154256162,-59.0577966789221,42.342635508218,48.9719784774665,0.910620199807249,-18.2529424181362,-29.0188844999925,-56.6411956924581,-25.5417979569801,-58.1512910180742,-55.745495563242,-18.1083093111981,-57.7457531411931
132,132,738084.662362642,-0.08,0.14,-46.0723202294934,-55.7110530577461,42.7638630216063,48.9371206574494,0.879815098124481,-18.3655556310297,-27.5280570968599,-56.7662120539979,-24.0548257011852,-58.2708224512313,-54.2682199004879,-18.2209230398119,-56.2631187831537
133,133,738084.662362749,-0.08,0.155,-46.2527392673096,-52.3104811628693,43.1671535534594,48.9045462630945,0.846781422070693,-18.4594001207479,-26.0099681668757,-56.8718877398174,-22.540738124132,-58.3709427473587,-52.7633318149974,-18.3148210091914,-54.7527957659579
134,134,738084.662362837,-0.08,0.17,-46.3919600653816,-48.8624354908597,43.5510827074331,48.8742438130222,0.811327903541087,-18.53396141357,-24.4675992809058,-56.9576724525077,-21.0025099900866,-58.4511134800199,-51.2337775239666,-18.3894896030838,-53.2177415947344
135,135,738084.662362926,-0.08,0.185,-46.4892201017035,-45.3736684579977,43.9143392006581,48.84619382102,0.773255100714103,-18.5888447920963,-22.9041326258413,-57.0231391620363,-19.4433156575267,-58.5109200545263,-49.6827059064741,-18.4445346180404,-51.661117021391
136,136,738084.662363048,-0.08,0.2,-46.5440201066446,-41.8512647530376,44.2557437532357,48.8203692044725,0.732359653882757,-18.6237819662781,-21.3229193543706,-57.0679912037183,-17.8664974976338,-58.5500786745604,-48.1134372630667,-18.4796879212383,-50.086254681078
137,137,738084.662363137,-0.08,0.215,-46.5561328151624,-38.3025685390713,44.5742657305475,48.7967357775094,0.6884406954224,-18.6386355312807,-19.7274443564052,-57.0920670973559,-16.2755307531238,-58.5684410198014,-46.529428458441,-18.4948119014926,-48.4966241013782
138,138,738084.662363225,-0.08,0.23,-46.525606857376,-34.7351052457312,48.775252816773,44.8690370236063,-0.929487369568939,-18.6334010617557,-18.1212883024606,-57.0953429267393,-14.673985685724,-58.5659964772919,-44.9342352873136,-18.4899015633249,-46.8957939276229
139,139,738084.662363345,-0.08,0.245,-46.4527656623517,-31.1564999005856,48.7558736743998,45.1393627688111,-0.979997257338813,-18.6082067749635,-16.508087916017,-57.0779322041841,-13.065487966747,-58.5428718550749,-43.3314730119726,-18.4650841965901,-45.2873923164273
140,140,738084.662363432,-0.08,0.26,-46.338201411099,-27.5743940764549,48.7385464313527,45.3847286075857,-1.03401097808982,-18.5633107817468,-14.8914954956187,-57.0400832343324,-11.4536783283998,-58.4993285962513,-41.7247760857123,-18.4206166405017,-43.6750665153819
141,141,738084.662363521,-0.08,0.275,-46.1827642566861,-23.9963635691774,45.6048043338078,48.7232145656437,0.479200956395563,-18.4990960295817,-13.275138724231,-56.9821740798319,-9.84217250989498,-58.4357575999477,-40.1177580954868,-18.3568802458416,-42.0624426658995
142,142,738084.66236361,-0.08,0.29,-45.9875471911523,-20.429838853536,45.7994439052161,48.7098176244694,0.41805960421861,-18.416063120852,-11.6625817730054,-56.9047053136672,-8.23452250185251,-58.3526718375677,-38.5139729291917,-18.2743737179197,-40.4530868381023
143,143,738084.66236373,-0.08,0.305,-45.753867074675,-16.8820302121884,45.968681937433,48.6982918849745,0.353477988396158,-18.3148212577966,-10.0572886318467,-56.8082908141922,-6.63418001768653,-58.2506970235758,-36.9168781006886,-18.1737040908983,-38.8504682339508
144,144,738084.662363823,-0.08,0.32,-45.4832424598704,-13.3598592044475,46.1127269155549,48.6885709893904,0.285695964708127,-18.1960776196964,-8.46258948605199,-56.6936469157892,-5.04446300770734,-58.1305606563784,-35.3298010549097,-18.0555761381497,-37.2579253835749
145,145,738084.662363912,-0.08,0.335,-45.1773689143495,-9.86989784270929,46.2319514699122,48.6805865520419,0.215090429615127,-18.0606255156161,-6.88165081500536,-56.5615802679875,-3.46852588866012,-57.9930797841769,-33.7559091341683,-17.9207805609279,-35.678636017952
146,146,738084.662364001,-0.08,0.35,-44.8380925922502,-6.41831651771787,46.3268801452429,48.6742687210902,0.142178438524253,-17.9093316762228,-5.31744972531554,-56.4129747777964,-1.90933399825348,-57.8391478718746,-32.1981837249079,-17.7701813178456,-34.1155911385805
147,147,738084.662364108,-0.06,0.05,-39.6686042076823,-75.2732909562446,49.145004761547,40.3941028519291,-0.485009201554244,-15.4115428071229,-36.2138498899833,-53.7399853126421,-32.7181447111935,-55.2817428550769,-62.8681616034784,-15.2725083178503,-64.9031654806941
148,148,738084.662364197,-0.06,0.065,-40.0416959068172,-72.2739572014032,49.0992360528757,40.8880364097276,-0.505929405196672,-15.5935137386291,-34.8948479057028,-53.9367360143277,-31.402195506873,-55.4735484956383,-61.5639562543422,-15.4542748863579,-63.59418099749
149,149,738084.662364293,-0.06,0.08,-40.3849969253864,-69.1956981604024,49.0556894257403,41.3718335349166,-0.528299126093511,-15.7617946774057,-33.5370038829439,-54.1194311817737,-30.0475706753274,-55.6511765872952,-60.2207497667095,-15.6223934224344,-62.2460678981309
150,150,738084.662364381,-0.06,0.095,-40.6966850879612,-66.0422197756969,49.0143949327779,41.8437766638963,-0.552262308151024,-15.9154909150746,-32.1419851763049,-54.2871295018176,-28.6559362909422,-55.8136932557785,-58.8401701085679,-15.7759712588256,-60.8604608901057
151,151,738084.662364469,-0.06,0.11,-40.9750638403773,-62.8178196294516,48.9753741374765,42.3021545697109,-0.577979227005759,-16.0537663319267,-30.7117511086532,-54.4389491381775,-27.2292493072974,-55.9602251135302,-57.4241370230155,-15.9141741191379,-59.4392874638486
152,152,738084.662364588,-0.06,0.125,-41.2185879619408,-59.5273718758178,48.9386399657125,42.7452842840423,-0.605627904951985,-16.1758560246097,-29.2485464113286,-54.5740809259253,-25.7697509658014,-56.0899724109385,-55.9748559064256,-16.036238713249,-57.9847617358346
153,153,738084.662364679,-0.06,0.14,-41.4258880313188,-56.176301180983,43.1715338076242,48.9041966801165,0.935391001330569,-16.2810783456399,-27.7548892255627,-54.6918009824179,-24.2799547840124,-56.2022215840595,-54.4948062671987,-16.1414847468593,-56.4993728528344
154,154,738084.662364812,-0.06,0.155,-41.5957929208058,-52.7705456068436,43.5793450117429,48.8720399800151,0.903268088140155,-16.3688459990733,-26.2335536274826,-54.7914823642274,-22.7626290875245,-56.2963568287289,-52.9867247166327,-16.2293259904451,-54.9858679090669
155,155,738084.662364901,-0.06,0.17,-41.7273496155198,-49.3165087665611,43.9672560885349,48.8421572200495,0.868563075919409,-16.4386758469797,-24.6875468312855,-54.8726054093488,-21.2207742410071,-56.3718703414618,-51.4535826347632,-16.2992800631686,-53.4472295199742
156,156,738084.66236499,-0.06,0.185,-41.8198397147627,-45.821001988306,44.3339228966938,48.8145277406708,0.831020567290699,-16.4901971088356,-23.120081423989,-54.9347664314704,-19.6575949319697,-56.4283708957944,-49.8985588522083,-16.3509766146635,-51.8866483952735
157,157,738084.662365094,-0.06,0.2,-41.8727920545239,-42.2911776031998,44.6781385443165,48.7891232982503,0.790369199155257,-16.5231576799978,-21.5345431788249,-54.97768447801,-18.0764680538594,-56.4655904682854,-48.325007882833,-16.3841636315265,-50.3074914483753
158,158,738084.662365182,-0.06,0.215,-41.8859910179759,-38.7344548417985,44.9988506083776,48.7659085802523,0.746327028114453,-16.5374283544591,-19.9344551714098,-55.0012059241232,-16.4809069112865,-56.4833886895531,-46.7364244196479,-16.3987116541825,-48.713266157462
159,159,738084.662365287,-0.06,0.23,-41.8594802426949,-35.1584401172868,45.2951754606744,48.7448417872653,0.698610473818883,-16.5330048081248,-18.3234390718365,-55.0053067481836,-14.8745226185388,-56.4817549694399,-45.1364049565967,-16.3946157606492,-47.1075820442335
160,160,738084.66236539,-0.06,0.245,-41.7935615925014,-31.5708437049405,48.7258752670394,45.5664092702793,-0.923848360261121,-16.5100072781042,-16.7051745972929,-54.9900924161479,-13.2609836732773,-56.4608082276577,-43.5286075119741,-16.3719952527146,-45.4941102497718
161,161,738084.662365478,-0.06,0.26,-41.6887894386717,-27.9793949524787,45.8120353858498,48.7089561801597,0.591099433785887,-16.4686779562409,-15.0833581765402,-54.9557953881929,-11.6439747535805,-56.4207942473399,-41.9167104981208,-16.3310910626041,-43.8765422560168
162,162,738084.662365567,-0.06,0.275,-41.5459604534946,-24.3917582067379,46.031727933561,48.6940271800432,0.530882438370969,-16.4093761966588,-13.4616618956359,-54.9027703457586,-10.0271558040821,-56.3620807536417,-40.3043718024277,-16.2722609794475,-42.2585488217227
163,163,738084.662365657,-0.06,0.29,-41.366099278695,-20.8154515609627,46.2253516198919,48.6810270944646,0.466204917344998,-16.3325717124478,-11.843693763153,-54.8314873159616,-8.41412244569409,-56.2851503980708,-38.6951891161576,-16.1959728701,-40.6437401730689
164,164,738084.662365745,-0.06,0.305,-41.1504405666091,-17.2577703826695,46.3929578629742,48.6698915879488,0.397102881326453,-16.2388360017832,-10.2329602559599,-54.7425229385801,-6.80836866613702,-56.1905918971048,-37.0926624729447,-16.1027961338127,-39.035628414072
165,165,738084.662365833,-0.06,0.32,-40.9004079900197,-13.7257173366751,46.5347775107453,48.6605538033347,0.323779066012435,-16.1288322952761,-8.63283198950474,-54.6365501751687,-5.21325263152023,-56.0790896274256,-35.5001598441103,-15.9933916816454,-37.4375930067421
166,166,738084.662365953,-0.06,0.335,-40.6175909019628,-10.2259403137465,46.651210514214,48.6529449610414,0.246635734473692,-16.0033043520489,-7.04651320809005,-54.5143267978485,-3.63196631111436,-55.9514120174643,-33.920886491665,-15.868500767145,-35.852850024087
167,167,738084.662366044,-0.06,0.35,-40.3037193517547,-6.76467932984534,46.7428130114436,48.6469949215301,0.16629256874794,-15.8630644509229,-5.47701562123484,-54.3766830159147,-2.0675094384227,-55.8083990948407,-32.3578586121667,-15.7289330136554,-34.2844257107023
168,168,738084.662366149,-0.04,0.05,-35.0658100311747,-75.671732228212,49.1133466244618,40.7342031322338,-0.433936201808378,-13.352276601222,-36.4134651987905,-51.6890970774576,-32.9162761665731,-53.236439227497,-63.0665118110688,-13.2182039046296,-65.1108824227301
169,169,738084.662366263,-0.04,0.065,-35.4112461546812,-72.6752165678663,49.0679790026543,41.2338868203021,-0.453398426808423,-13.5201220500623,-35.0950632456289,-51.8718337630975,-31.6009186244691,-53.4142732203995,-61.762940782709,-13.3858837124117,-63.8025943170792
170,170,738084.662366362,-0.04,0.08,-35.7293141367905,-69.5990959312002,49.0248371502197,41.7231860649754,-0.474277511327735,-13.6754024714368,-33.7374809980373,-52.0416333980883,-30.2465491739227,-53.5790443138581,-60.4200307581811,-13.5410378896239,-62.4548332349926
171,171,738084.66236645,-0.04,0.095,-36.0183259310471,-66.4470640736311,48.9839502168378,42.2003436661225,-0.496727164035108,-13.8172902182579,-32.3423816453642,-52.1976209499256,-28.8548298023328,-53.7298847093703,-59.0394052255579,-13.6828406525671,-61.0692290695616
172,172,738084.662366537,-0.04,0.11,-36.2767091733334,-63.2234140007731,48.9453388015012,42.6636092325655,-0.520921440219144,-13.9450115643716,-30.9117241133431,-52.3389762177049,-27.4277171269222,-53.8659824735337,-57.6229832020367,-13.8105199497992,-59.6477082889792
173,173,738084.662366626,-0.04,0.125,-36.5030311221559,-59.9330232809754,48.9090148165276,43.1112617929696,-0.547057371919289,-14.0578584486494,-29.4477566696625,-52.4649461565876,-25.9674559669093,-53.9865938224357,-56.1729732833461,-13.9233691762272,-58.1924879561362
174,174,738084.662366714,-0.04,0.14,-36.696021449561,-56.5813281657968,48.8749814787438,43.5416332096953,-0.575357714402864,-14.1551996787006,-27.9530049947196,-52.5748566666607,-24.476567399698,-54.0910548500117,-54.6918621782808,-14.0207583490722,-56.7060642132928
175,175,738084.662366802,-0.04,0.155,-36.8545932101679,-53.1742864424893,48.8432334264002,43.9531317852797,-0.606073653256027,-14.2364912615144,-26.430254671524,-52.6681234982301,-22.9578312566799,-54.1787923527041,-53.1823976713599,-14.1021444138807,-55.1911951748435
176,176,738084.66236689,-0.04,0.17,-36.9778613272853,-49.718329338664,44.3442653956452,48.8137569570033,0.931309124802289,-14.3012855376875,-24.8825282455163,-52.7442619343639,-21.4142632104037,-54.249333412285,-51.6475661523393,-14.167080358113,-53.6508783676467
177,177,738084.662367004,-0.04,0.185,-37.0651579894344,-46.2203032107876,44.7136634638155,48.786530376604,0.894883478249044,-14.3492388214137,-23.3130572087266,-52.8028949370819,-19.84908680782,-54.3023134249961,-50.0905650544077,-14.2152228352112,-52.0883230622708
178,178,738084.662367125,-0.04,0.2,-37.1160444367802,-42.6874021511571,45.0600971007189,48.7615244482926,0.855098569487373,-14.3801172895311,-21.7252494616681,-52.8437594855558,-18.2657010024805,-54.3374823079237,-48.5147707419316,-14.2463380430757,-50.5069180381965
179,179,738084.662367215,-0.04,0.215,-37.1303187270608,-39.1270930147175,45.3824967855329,48.7387029236831,0.811576840030554,-14.3938009182063,-20.1226529883802,-52.8667108915377,-16.6676439198101,-54.3547086709292,-46.923702571183,-14.2603056559414,-48.9101955092856
180,180,738084.662367303,-0.04,0.23,-37.1080192068774,-35.5470346778315,45.6799670347386,48.718023141453,0.763916596326352,-14.3902853323961,-18.5089166335654,-52.8717249461185,-15.0585537423394,-54.353981811882,-45.3209840022564,-14.2571206750582,-47.3017920910849
181,181,738084.66236739,-0.04,0.245,-37.0494235670116,-31.9549935745108,45.9517976216078,48.699436674045,0.711704266674639,-14.369681507597,-16.8877489857931,-52.8588978290465,-13.4421277161239,-54.3354114704289,-43.7103017571254,-14.2368931376852,-45.6854078086714
182,182,738084.662367478,-0.04,0.26,-36.955043520369,-28.3587576941843,46.1974710378788,48.6828900030067,0.65453517970621,-14.3322133410223,-15.2628764399025,-52.8284437928018,-11.8220803482087,-54.2992253565728,-42.0953640900849,-14.1998457013508,-44.0647642152487
183,183,738084.662367565,-0.04,0.275,-36.8256152941542,-24.7660512676224,46.4166660346837,48.6683252068092,0.592045625509286,-14.2782131858216,-13.638001530859,-52.780690713481,-10.2021018836879,-54.2457645502472,-40.4798592584391,-14.1463091965817,-42.4435627133334
184,184,738084.662367656,-0.04,0.29,-36.6620862787796,-21.184452294728,46.6092572328655,48.6556806468967,0.523958478117382,-14.2081155126486,-12.0167625998833,-52.716073674738,-8.5858181192923,-54.1754769419515,-38.8674152524708,-14.0767163118026,-40.8254441413688
185,185,738084.662367744,-0.04,0.305,-36.4655982946132,-17.6213149184865,46.7753109426109,48.6448916311192,0.450142802886378,-14.122448923897,-10.4026957748859,-52.6351268152898,-6.97675253157689,-54.0889089484281,-37.2615617675611,-13.9915936349807,-39.2139506121162
186,186,738084.662367831,-0.04,0.32,-36.2374680430757,-14.0836983932249,46.9150774610977,48.6358910525092,0.370683919736309,-14.0218267940688,-8.79920012730727,-52.5384737215512,-5.37829157804794,-53.9866957878181,-35.665695283867,-13.8915523246124,-37.6124904712292
187,187,738084.66236792,-0.04,0.335,-35.9791653734286,-10.5783040917849,47.0289802391109,48.628609985906,0.285954144960121,-13.9069368430049,-7.20950671548177,-52.4268166825648,-3.79365387784874,-53.8695506337361,-34.0830479691815,-13.7772777158388,-36.0243070940356
188,188,738084.662368039,-0.04,0.35,-35.69229003222,-7.11142164111648,47.1176023911897,48.6229782413531,0.196667103123536,-13.7785299660868,-5.63665205099447,-52.3009251435488,-2.22586380545368,-53.7382529861333,-32.5166609487373,-13.6495181848542,-34.4524520660395
189,189,738084.662368145,-0.02,0.05,-30.4030161193764,-75.9884122859042,49.085364891856,41.0406418469163,-0.380593175059436,-11.2627844519188,-36.5742515707425,-49.6069629093873,-33.07580307226,-51.1597947841135,-63.2253627557104,-11.1337603864335,-65.2789909112998
190,190,738084.662368234,-0.02,0.065,-30.71931721418,-72.9972057019713,49.0404144894766,41.544875360958,-0.398332197440289,-11.4157846406593,-35.2575921259048,-49.774933906694,-31.7621787327782,-51.3229108420254,-61.9235409026531,-11.2866353628834,-63.9725191187744
191,191,738084.662368323,-0.02,0.08,-31.0107733695273,-69.925984393368,48.9976890402625,42.0385060344329,-0.417418654413919,-11.5573942737869,-33.9015463101747,-49.9311369391265,-30.4093378290832,-51.4741296685771,-60.5821748457903,-11.4281564667809,-62.6263630527487
192,192,738084.662368443,-0.02,0.095,-31.2758434283655,-66.7784237323951,48.9572167331079,42.5197460174963,-0.438010638579522,-11.6868589968513,-32.5077703793842,-50.0747697159881,-29.0189354812503,-51.612655981344,-59.2028810086115,-11.5575710131494,-61.2421451878941
193,193,738084.662368532,-0.02,0.11,-31.5130913813057,-63.5588026607546,48.9190171817553,42.9868148477125,-0.460290012351786,-11.8034734133133,-31.0782184716344,-50.2050798358354,-27.5929235733336,-51.7377454385757,-57.7875734786718,-11.6741750963727,-59.8217867415551
194,194,738084.662368621,-0.02,0.125,-31.7212082790247,-60.2719893491438,48.8831013030567,43.4379625797288,-0.484466347793296,-11.9065918209278,-29.6151363619713,-50.3213761127224,-26.13354447326,-51.8487159286475,-56.3384582088624,-11.7773242991833,-58.367501850615
195,195,738084.662368709,-0.02,0.14,-31.8990331018278,-56.9234155562298,48.8494713245396,43.8714937297965,-0.510781426697253,-11.9956384581089,-28.1210496280771,-50.4230394171786,-24.6433191828166,-51.9449583535743,-54.8580216500469,-11.8664439138025,-56.8817861591722
196,196,738084.662368814,-0.02,0.155,-32.0455719681176,-53.5190395961395,48.8181209166886,44.2857914090274,-0.539514276294036,-12.0701169550593,-26.5987461746855,-50.5095327111556,-23.1250298671225,-52.0259465859718,-53.3490137516709,-11.9410383708471,-55.3673997535292
197,197,738084.662368934,-0.02,0.17,-32.1600150734746,-50.06529822516,48.7890354475502,44.6793409591218,-0.570986622603945,-12.1296186929143,-25.0512532637322,-50.5804099640015,-21.5816969116268,-52.0912462874942,-51.8144254652002,-12.0006995800071,-53.8273445799192
198,198,738084.662369022,-0.02,0.185,-32.2417508065702,-46.5690481767839,48.7621923472025,45.0507523866396,-0.605568477288551,-12.1738297974006,-23.4818094038241,-50.6353236598601,-20.0165508605306,-52.1405223008602,-50.2574610912711,-12.0451139096947,-52.264836687246
199,199,738084.662369112,-0.02,0.2,-32.2903765588503,-43.037498484794,48.7375615705796,45.3987809073895,-0.643683290700579,-12.2025365311999,-21.8938316546949,-50.6740306454791,-18.4329997918087,-52.1735443668886,-48.6815060134982,-12.0740675704017,-50.683273839888
200,200,738084.662369201,-0.02,0.215,-32.3057058521876,-39.4781351028047,45.7223449521226,48.7151061422688,0.884984681321186,-12.2156288999461,-20.2908790874308,-50.6963961197287,-16.8345928682953,-52.1901909709696,-47.0900905476345,-12.0874502170728,-49.0861992320559
201,201,738084.662369289,-0.02,0.23,-32.2877715326865,-35.8986396504136,46.0205410739476,48.6947827655636,0.838304576578048,-12.2131023479039,-18.6766132975511,-50.7023956296402,-15.2249809598662,-52.1904511873903,-45.486850792286,-12.0852566467561,-47.4772621932742
202,202,738084.662369376,-0.02,0.245,-32.2368249180051,-32.3068043517333,46.2926553080766,48.6765424778632,0.786482382082761,-12.1950574877072,-17.0547569854643,-50.6921150089655,-13.607875348427,-52.174424461522,-43.8754874865469,-12.0675865358962,-45.8601768941205
203,203,738084.662369496,-0.02,0.26,-32.1533309334094,-28.7104453758401,46.5381706715933,48.6603313313063,0.728891311869311,-12.1616978799066,-15.429051689597,-50.6657482699841,-11.9870055977051,-52.1423183447565,-42.259723952919,-12.0346422328062,-44.2386801346223
204,204,738084.662369586,-0.02,0.275,-32.0379594128069,-25.1173168304503,46.7567706392262,48.6460910861073,0.664899846898371,-12.1133259483052,-13.8032157775795,-50.6235935330442,-10.3660776894483,-52.0944442708101,-40.6432642264063,-11.9867246909131,-42.6164893202846
205,205,738084.662369705,-0.02,0.29,-31.8915728803178,-21.5350275949812,46.9483385911647,48.6337598920158,0.593926627858425,-12.0503371820499,-12.1809037695177,-50.566047146847,-8.74873349610735,-52.0312115303467,-39.0297524420437,-11.9242276931457,-40.9972617019393
206,206,738084.662369793,-0.02,0.305,-31.7152112360011,-17.9709630145097,47.1129533779124,48.6232729545349,0.515525378631122,-11.9732128314209,-10.5656679878961,-50.4935962118005,-7.13851258052063,-51.9531196597778,-37.4227344762369,-11.8476305737137,-39.3845558784216
207,207,738084.662369881,-0.02,0.32,-31.5100738643484,-14.4322132372852,47.250881287545,48.6145631651834,0.42950250222717,-11.8825113484364,-8.96092340735638,-50.4068097658944,-5.538817191997,-51.8607495066719,-35.8256227185109,-11.7574896875642,-37.7817964418515
208,208,738084.662369969,-0.02,0.335,-31.2774997479431,-10.925509651136,47.3625648170392,48.6075616939459,0.336059025176752,-11.7788588538144,-7.36991642365408,-50.3063289253553,-3.95288117455403,-51.7547532664118,-34.241664698563,-11.6544289081777,-36.1922424929613
209,209,738084.662370056,-0.02,0.35,-31.018946199021,-7.4571705254375,47.4486087410696,48.6021985325571,0.235929739930794,-11.6629389276359,-5.79569808516264,-50.1928562899624,-2.38374332759065,-51.635843801588,-32.6739161193544,-11.5391294501694,-34.618960579148
210,210,738084.662370167,0,0.05,-25.6961347692764,-76.2213797631836,49.0610461990223,41.3115667873569,-0.325159188811128,-9.15057993481872,-36.6952072493279,-47.5010569081282,-33.1957313079289,-49.0592618630294,-63.3437129723922,-9.02667313902387,-65.406452210768
211,211,738084.662370287,0,0.065,-25.9821290523146,-73.2379419677823,49.0165271257502,41.8190834262876,-0.340911915566408,-9.28816786596995,-35.3814207349824,-47.65366214092,-31.8849697871758,-49.2070648308802,-62.0447427845213,-9.16417758746783,-64.1029035730118
212,212,738084.662370378,0,0.08,-26.2458792928033,-70.1743564083662,48.9742276900734,42.3158110110982,-0.357902045821077,-9.41557826968693,-34.0281773402887,-47.7957082077934,-30.5349220388485,-49.3441764021975,-60.7061592158454,-9.29153835175014,-62.7595958741211
213,213,738084.662370467,0,0.095,-26.4860014732466,-67.0342742609408,48.9341750788211,42.799940689636,-0.376284917897584,-9.53213507287284,-32.6371237862858,-47.926470790326,-29.1472337006956,-49.4698790242836,-59.3295692112783,-9.40808082139384,-61.3781417436012
214,214,738084.662370556,0,0.11,-26.7012057280823,-63.8219511945396,48.8963879185079,43.2696716802107,-0.396241815914877,-9.63720596623308,-31.2102051495762,-48.045270283949,-27.7238476420147,-49.5835009215652,-57.9168778455917,-9.51317398215882,-59.9604530460097
215,215,738084.662370643,0,0.125,-26.8903160204007,-60.5422333375002,48.8608761681725,43.723234738592,-0.417985090949616,-9.73021203235701,-29.7496587444624,-48.1514820209929,-26.2669978101079,-49.6844262852162,-56.4702826517305,-9.6062400196166,-58.5087351902619
216,216,738084.662370763,0,0.14,-27.0522888882969,-57.2005319227314,48.8276411417655,44.1589164455614,-0.441764352981638,-9.81063693603812,-28.2580024054523,-48.2445460605828,-24.7791974963026,-49.7721050088299,-54.9922623699964,-9.68676348704944,-57.0254758389341
217,217,738084.662370851,0,0.155,-27.186230698759,-53.8027865114964,48.796675653355,44.575083669328,-0.467873915633433,-9.87803540285369,-26.7380171139148,-48.3239762556813,-23.2632219670068,-49.846061680532,-53.4855600507959,-9.75429976443442,-55.5134279499707
218,218,738084.662370938,0,0.17,-27.2914128707892,-50.3554170943599,48.7679642857219,44.9702075109238,-0.496661659767619,-9.9320407195326,-25.1927241124707,-48.389368314455,-21.7220856044569,-49.9059035495711,-51.9531606423728,-9.80848254274248,-53.9755872826685
219,219,738084.662371026,0,0.185,-27.3672845602707,-46.8652658006678,48.7414837673582,45.3428860179491,-0.528539402552481,-9.97237101046566,-23.6253568580244,-48.4404065940807,-20.1590139084022,-49.9513272071269,-50.3982634017216,-9.84903008851493,-52.4151647073654
220,220,738084.662371115,0,0.2,-27.4134823805911,-43.3395293407075,45.6918649624289,48.7172034441992,1.00680165128034,-9.99883407857653,-22.039328367338,-48.4768693998428,-18.577410912127,-49.9821237565488,-48.8242496698341,-9.87575007741552,-50.8355538620023
221,221,738084.662371226,0,0.215,-27.4298368147797,-39.7856836941233,46.0160560298244,48.6950858336585,0.96719291030209,-10.0113306442184,-20.43819469511,-48.4986326094665,-16.9808227514866,-49.9981822960505,-47.2346467391557,-9.88854283075904,-49.2402948861229
222,222,738084.66237133,0,0.23,-27.4163750961176,-36.2114028717445,46.3145518505552,48.6750872400895,0.922754008893518,-10.0098558707617,-18.8256154419514,-48.505671500012,-15.3728982822697,-49.9994915947202,-45.6330886997036,-9.88740284382244,-47.6330351221127
223,223,738084.66237142,0,0.245,-27.3733204540284,-32.6244738200468,46.5866374213268,48.6571584120303,0.872698146070573,-9.9944991267985,-17.2053123080011,-48.4980607188679,-13.757347758833,-49.9861399073945,-44.0232752704413,-9.87241855586395,-46.0174877940114
224,224,738084.662371508,0,0.26,-27.3010877577802,-29.0327096796149,46.8317976000618,48.641245227566,0.816127085136796,-9.9654419990536,-15.5810267796499,-48.4759724078856,-12.1379006581219,-49.9583129415832,-42.4089296963855,-9.84377037569949,-44.3973897484524
225,225,738084.662371597,0,0.275,-27.200275717066,-25.4438636587426,47.0497205135812,48.6272893815118,0.752046667877711,-9.92295463318026,-13.9564780576007,-48.4396725563886,-10.5182637535413,-49.9162900563376,-40.7937568151955,-9.80172703963646,-42.7764593656135
226,226,738084.662371684,0,0.29,-27.0716559184555,-21.8655457120807,47.2402968752219,48.6152290690669,0.679413301788092,-9.86739053792876,-12.3353223036784,-48.3895157206652,-8.90208051206047,-49.860438834657,-39.181402368828,-9.74664043670287,-41.1583557197961
227,227,738084.662371772,0,0.305,-26.9161590859766,-18.3051440567155,47.4036153657591,48.6049996417102,0.597231426259847,-9.799180038505,-10.721114204559,-48.3259383012588,-7.29289280870428,-49.791208224316,-37.575414559266,-9.6789390863301,-39.5466399924154
228,228,738084.66237186,0,0.32,-26.7348590250084,-14.769753313875,47.539954368877,48.5965342325263,0.504724568250185,-9.71882260455146,-9.11727172935827,-48.2494506119492,-5.69410583145875,-49.7091204840962,-35.9792087286159,-9.59912049314544,-37.9447400209621
229,229,738084.662371953,0,0.335,-26.5289547782088,-11.2661107403736,47.6497704741022,48.5897643367645,0.401593001887098,-9.62687830547416,-7.52704480389401,-48.1606280040467,-4.10895689583792,-49.6147622014522,-34.3960358919343,-9.50774263080751,-36.3559187150644
230,230,738084.662372072,0,0.35,-26.2997515379187,-7.80054166617635,47.7336842484247,48.5846203498205,0.288335852514789,-9.52395866002932,-5.95348844817971,-48.0601013255686,-2.54048871254156,-49.5087746629343,-32.8289556767484,-9.40541482096257,-34.7832468956548
231,231,738084.662372178,0.02,0.05,-20.961693132808,-76.3695852863962,49.0403563322715,41.5455375889334,-0.26787989837969,-7.023488172079,-36.7757680488395,-45.3791762108103,-33.2755017739315,-46.9426170014135,-63.4210060705745,-6.90474816262987,-65.4926740153166
232,232,738084.662372267,0.02,0.065,-21.2165410485683,-73.3963296532463,48.9962806403255,42.0550255308665,-0.281397644671805,-7.14526153526225,-35.4659658289151,-45.5159796259448,-31.9687137366783,-47.0746752383006,-62.1259710857352,-7.02648063629439,-64.1931356542641
233,233,738084.662372355,0.02,0.08,-21.4517991836358,-70.3430719522018,48.9544148327301,42.5535725282073,-0.29600070572032,-7.25809731724493,-34.1167728479007,-45.6434607939426,-30.6227058516176,-47.1972765161806,-60.7913906226762,-7.13930643299801,-62.853901060548
234,234,738084.662372445,0.02,0.095,-21.666248109859,-67.2134337079762,48.9147850702814,43.0393588091676,-0.311833170497435,-7.3614013299833,-32.729823843391,-45.7609772205614,-29.239111810706,-47.309784851349,-59.4188598859239,-7.24263261112137,-61.476570750649
235,235,738084.662372564,0.02,0.11,-21.8587512328564,-64.0116384422506,48.8774090076095,43.5105734501296,-0.329065344855153,-7.45461779206907,-31.3070506978211,-45.8679257847567,-27.8198613271065,-47.4116047022136,-58.0102709952273,-7.33590447984958,-60.0630432816249
236,236,738084.662372652,0.02,0.125,-22.0282720841932,-60.7424979000319,48.8422957004451,43.9654379953983,-0.347899635816685,-7.53723777504731,-29.8506764230519,-45.9637517805614,-26.3671740837324,-47.5021899810795,-56.5678074127286,-7.41861402407575,-58.6155096645184
237,237,738084.662372749,0.02,0.14,-22.1738907925009,-57.4113870227809,48.8094456394322,44.4022308855978,-0.368577963357289,-7.60880726557936,-28.3632035785466,-46.0479575791022,-24.8835481345101,-47.5810526653425,-55.0939328241256,-7.49030794712429,-57.1364422107393
238,238,738084.662372838,0.02,0.155,-22.2948192458255,-54.0242075603668,48.7788509092295,44.8193120462728,-0.391391123226576,-7.6689346033594,-26.8473970654228,-46.1201106549849,-23.3717427023964,-47.6477707523241,-53.5913744051663,-7.55059509189061,-55.628577742303
239,239,738084.662372927,0.02,0.17,-22.3904144672423,-50.5873406211274,45.2151469414993,48.7504954651219,1.15410569478302,-7.71729706139976,-25.3062614370377,-46.1798507272906,-21.8347555158643,-47.7019953087393,-52.0631006020723,-7.59915300759964,-54.0948952948486
240,240,738084.662373046,0.02,0.185,-22.460189763115,-47.1075888717828,45.5883293725521,48.7243555185939,1.12589263300556,-7.7536463534901,-23.7430130725751,-46.2268957837716,-20.275795030657,-47.7434563849238,-50.5122937597436,-7.63573344752565,-52.5385886483722
241,241,738084.662373165,0.02,0.2,-22.5038232680291,-43.5921095053335,45.9376023164993,48.7004000147506,1.09424431702389,-7.77781288331841,-22.1610477617262,-46.2610467873933,-18.6982480844592,-47.771967595249,-48.9423181332569,-7.66016661255495,-50.9630342230564
242,242,738084.662373257,0.02,0.215,-22.5211635840321,-40.0483394729896,46.2618761495352,48.6785911908723,1.05852120204867,-7.78970858954003,-20.5639044335665,-46.2821909058211,-17.1056437162679,-47.7874292082825,-47.3566840037092,-7.67236399517287,-49.371755063884
243,243,738084.662373353,0.02,0.23,-22.5122323223114,-36.4839147922222,46.5602436851271,48.6588851917163,1.01793762322757,-7.7893282892148,-18.955225919324,-46.2903031549789,-15.5016140381225,-47.7898296413131,-45.759008777299,-7.67231972637579,-47.7683817961435
244,244,738084.66237345,0.02,0.245,-22.477223450738,-32.9065859819031,46.8319915767046,48.6412327263357,0.971529140736102,-7.77674947567547,-17.3387177567259,-46.2854464043801,-13.889853164083,-47.7792453108715,-44.1529760662139,-7.66011038154969,-46.1566115541399
245,245,738084.662373575,0.02,0.26,-22.4164994816821,-29.3241318223144,47.0766077655847,48.6255797494733,0.918118347804214,-7.7521305830538,-15.7181061153833,-46.2677697514715,-12.2740752725909,-47.7558388505942,-42.5422938238494,-7.63589325730006,-44.5401659596692
246,246,738084.662373674,0.02,0.275,-22.3305846341956,-25.7442736828681,47.2937848190817,48.6118681460723,0.856286962022926,-7.71570778491381,-14.0970959439314,-46.2375053310181,-10.6579728991452,-47.7198557666125,-40.93065263059,-7.59990318632236,-42.9227492506674
247,247,738084.662373802,0.02,0.29,-22.2201552209413,-22.174592596584,47.4834191580699,48.6000364018915,0.784371857074898,-7.66779044552001,-12.4793304097144,-46.1949636802306,-9.04517652610622,-47.6716196551304,-39.3216851991047,-7.55244800831855,-41.3080076330722
248,248,738084.662373905,0.02,0.305,-22.0860275918769,-18.6224511027118,47.6456063271682,48.5900202576075,0.700520145877053,-7.6087553863334,-10.8683526237923,-46.1405278277328,-7.439216458352,-47.6115261539185,-37.7189280927331,-7.493902858949,-39.6994908533272
249,249,738084.662374001,0.02,0.32,-21.9291440475835,-15.094921636152,47.7806326074469,48.581753319019,0.602864160871166,-7.53904016504343,-9.26757052433282,-46.0746463121958,-5.84348785396091,-47.5400358366462,-36.1257865332821,-7.42470347343491,-38.1006168712518
250,250,738084.662374126,0.02,0.335,-21.7505571745805,-11.5987229302752,47.8889633837316,48.5751676302502,0.489900976140169,-7.45913558839003,-7.68022563887092,-45.997825362782,-4.26121962683852,-47.4576662847008,-34.5455030242223,-7.34533872532237,-36.514640362126
251,251,738084.662374253,0.02,0.35,-21.5514130917918,-8.14016553823117,47.9712287757763,48.5701941956444,0.361143681624968,-7.36957769251625,-6.10936627137555,-45.9106204878249,-2.69544776409266,-47.3649835847247,-32.9811303425082,-7.25634263342246,-34.9446256034296
252,252,738084.662374373,0.04,0.05,-16.2165363555854,-76.4329067114622,49.0232413362493,41.7415595985392,-0.209066706616288,-4.88950232366984,-36.8158204242571,-43.2492980779057,-33.3150033450536,-44.817818413209,-63.4571436965658,-4.77595892531715,-65.5375241042084
253,253,738084.662374469,0.04,0.065,-16.4397450389661,-73.4721863688336,48.9796190495129,42.2516847703614,-0.220128806557513,-4.99523043076082,-35.5110883177784,-43.3700351238894,-32.0132739905053,-44.9338712410461,-62.1671024286564,-4.88168914437933,-64.2430573357183
254,254,738084.662374589,0.04,0.08,-16.6460464993269,-70.4318856008315,48.9381925725145,42.7507530871155,-0.232083800862782,-5.09327579472708,-34.1671668937387,-43.4827029624551,-30.6725259055416,-45.0417181719198,-60.8377193419975,-4.97976451451274,-62.9090935046756
255,255,738084.662374689,0.04,0.095,-16.8343903666093,-67.3155911410606,48.8989870326512,43.2369441225384,-0.245055456463886,-5.1831282459233,-32.7856765892116,-43.5867433057637,-29.2943785039641,-45.1408071648934,-59.4705757659249,-5.06967589081724,-61.5372188802357
256,256,738084.662374786,0.04,0.11,-17.0037976106852,-64.1274858632129,48.8620191432032,43.7084471605383,-0.259191633841429,-5.26431057122523,-31.3685321194313,-43.681631803121,-27.8807443605704,-45.2306211845043,-58.0675470779887,-5.15094694142954,-60.129314918611
257,257,738084.662374882,0.04,0.125,-17.1533753556231,-60.87233521603,48.8272971243595,44.1634847752638,-0.274670232269758,-5.33638573454126,-29.9179365386842,-43.7668858530845,-26.4338232361507,-45.3106859860195,-56.6307972007437,-5.22314134981678,-58.6875527510795
258,258,738084.662374977,0.04,0.14,-17.2823309876868,-57.5554625608985,48.794820747498,44.6003372002789,-0.291706908897439,-5.39896376743021,-28.4363698108601,-43.8420720895859,-24.9560906311024,-45.3805775541992,-55.162767628287,-5.285869689079,-57.2143821807291
259,259,738084.662375093,0.04,0.155,-17.3899851372164,-54.1827132998108,48.7645815039424,45.0173668325109,-0.310565187500639,-5.45170812541035,-26.9265718329798,-43.9068133220581,-23.4502808127001,-45.4399289754819,-53.6661609151206,-5.33879576438989,-55.7125151199453
260,260,738084.662375196,0.04,0.17,-17.4757831302871,-50.7604080942225,45.413042191119,48.7365628875651,1.23922651517497,-5.49434131121687,-25.3915200498946,-43.9607947146745,-21.9193644552651,-45.4884365293623,-52.1439187537133,-5.38164222535343,-54.1849035951666
261,261,738084.662375291,0.04,0.185,-17.5393045332823,-47.2952858663413,45.7859606067545,48.7107407837441,1.21567179705297,-5.52664958189645,-23.8344020005525,-44.0037690055327,-20.3665212339749,-45.5258648012273,-50.5991949687881,-5.41419526561065,-52.6347126479062
262,262,738084.662375388,0.04,0.2,-17.58027046895,-43.7944376853523,46.1348689452155,48.6870839489689,1.18906036851988,-5.5484865818635,-22.2585833343047,-44.0355605927643,-18.7951079103354,-45.5520506457901,-49.0353239544436,-5.43630825213685,-51.0652886598801
263,263,738084.662375484,0.04,0.215,-17.5985484486346,-40.2652330057691,46.4586817153844,48.6655545677182,1.15875054982511,-5.55977577791639,-20.6675720175438,-44.0560683500573,-17.2086226283227,-45.5669058664695,-47.4557852625992,-5.44790416044867,-49.4801238132241
264,264,738084.662375579,0.04,0.23,-17.5941545551243,-36.7152400381432,46.7564959989062,48.6461088632678,1.12392206415919,-5.56051161315044,-19.0649796050064,-44.0652670773815,-15.6106662935149,-45.5704185198952,-45.864165206471,-5.44897673272061,-47.8828175526507
265,265,738084.662375708,0.04,0.245,-17.5672528949141,-33.1521422694352,47.0276027508818,48.6286977515509,1.08351740545168,-5.55075934226451,-17.4544805663063,-44.0632075411955,-14.0049020230188,-45.5626528036408,-44.2641164606732,-5.43959032123654,-46.2770360347763
266,266,738084.662375864,0.04,0.26,-17.5181523494647,-29.5836532937822,47.2714941637283,48.6132675109708,1.03616407361394,-5.53065355853582,-15.8397707292597,-44.0500151094803,-12.3950137244773,-45.5437475365659,-42.6593167126754,-5.41987842722285,-44.6664706233649
267,267,738084.662375959,0.04,0.275,-17.4473007387102,-26.0174321594618,47.4878669358497,48.5997604591383,0.98007530285201,-5.5003954696409,-14.2245259230657,-44.0258870374166,-10.7846648834813,-45.5139132916807,-41.0534274442325,-5.39004099188376,-43.0547965132409
268,268,738084.662376053,0.04,0.29,-17.3552766089826,-22.4610013803529,47.6766214486615,48.5881156140682,0.912934252928064,-5.46024902295594,-12.6123618757283,-43.9910885064922,-9.17745860984697,-45.4734282882445,-39.4500538953221,-5.35034053981681,-41.4456325395408
269,269,738084.662376148,0.04,0.305,-17.2427789320856,-18.9216696017485,47.8378570061049,48.5782693347125,0.83178864351243,-5.41053601846476,-11.0067963442826,-43.9459475606433,-7.57689991730052,-45.4226331903217,-37.8527071898683,-5.3010973123699,-39.8425031554555
270,270,738084.662376244,0.04,0.32,-17.1106150615734,-15.406460680249,47.9718634340453,48.5701559189829,0.733038081792439,-5.35163037699483,-9.41121433944867,-43.8908491155579,-5.98636109437145,-45.3619249910455,-36.264769488035,-5.24268355803674,-38.2488034467433
271,271,738084.662376341,0.04,0.335,-16.9596873362585,-11.9220506227428,48.0791094498788,48.5637081675375,0.612712495562301,-5.28395175194845,-7.82883715720831,-43.8262282401001,-4.4090508754253,-45.2917501840819,-34.6894628829056,-5.1755171674227,-36.6677679037982
272,272,738084.662376436,0.04,0.35,-16.7909787447297,-8.47471349068106,48.1602283101481,48.5588578903077,0.467415084985851,-5.20795868342952,-6.26269575871589,-43.7525629213099,-2.84798795016028,-45.2125974356214,-33.1298225900684,-5.1000548510271,-35.1024435021177
273,273,738084.662376551,0.06,0.05,-11.4775205317935,-76.4121460729468,49.00962892012,41.8991030805816,-0.149090867394941,-2.75663485988139,-36.8157006863281,-41.1194313900386,-33.3145720519686,-42.6928578294468,-63.4524844135515,-2.64829800557999,-65.5413298514249
274,274,738084.662376664,0.06,0.065,-11.6689475777746,-73.4662412094206,48.9664681162506,42.4085326649578,-0.157518301363001,-2.84626031945122,-35.5170930143526,-41.2240112367806,-32.0189551313431,-42.7928177381144,-62.168464797157,-2.73796852742046,-64.25296463902
275,275,738084.662376762,0.06,0.08,-11.8461530833652,-70.441446013965,48.9254848948763,42.9068265854992,-0.166611231151568,-2.92946066452639,-34.179629176318,-41.3217789445151,-30.6846517278883,-42.8858273558123,-60.8454391388048,-2.82123877695784,-62.9254342737797
276,276,738084.662376891,0.06,0.095,-12.0082571739302,-67.341307557736,48.8867033559369,43.3921739554834,-0.176464541989623,-3.00581038296754,-32.8049130992126,-41.4122613146894,-29.3132647525494,-42.9714194628243,-59.4849728568455,-2.89768404358463,-61.560308748352
277,277,738084.66237701,0.06,0.11,-12.1544397889695,-64.1699599690273,48.8501393146723,43.8627745258139,-0.187192557280896,-3.07491144661026,-31.3948385317116,-41.4950136246274,-27.9066858331923,-43.0491563769741,-58.0889209644827,-2.96690696996442,-60.1594487958144
278,278,738084.662377106,0.06,0.125,-12.2839529891148,-60.9321110283254,48.8158002344999,44.31686203786,-0.198934168427917,-3.1363992918928,-29.9515831562988,-41.5696261914235,-26.4670893914853,-43.1186364937422,-56.659422608187,-3.02854351771666,-58.7250004239057
279,279,738084.662377201,0.06,0.14,-12.3961326685257,-57.6330179008136,48.7836852791711,44.7527283297175,-0.211859642127618,-3.18994852508125,-28.4775973277478,-41.6357306637719,-24.9969213647879,-43.1795005341939,-55.1988902520399,-3.08226865947077,-57.2593840743572
280,280,738084.662377296,0.06,0.155,-12.4904093288963,-54.278451902633,48.7537854890869,45.1687475569776,-0.22617976597682,-3.23527818375857,-26.9755873846615,-41.6930058581594,-23.4988825214241,-43.2314373170055,-53.7099934442597,-3.12780162943391,-55.7652783428691
281,281,738084.662377415,0.06,0.17,-12.5663175785164,-50.8746525951521,45.5633998525682,48.7260840653796,1.32863802267295,-3.27215639112079,-25.4484936702907,-41.7411829601228,-21.9759065065888,-43.2741888758439,-52.1956372906378,-3.16491056942934,-54.2455983845109
282,282,738084.662377527,0.06,0.185,-12.6235040493727,-47.4282718810101,45.9352937190322,48.7005567592542,1.31066711812796,-3.30040425251598,-23.8994635954297,-41.7800499242936,-20.4311329520088,-43.3075547571762,-50.6589359556893,-3.19341642018643,-52.7034693261593
283,283,738084.662377643,0.06,0.2,-12.6617334659034,-43.9463091803837,46.2831864654239,48.677172349039,1.29027555367776,-3.31989886444841,-22.3318202686385,-41.8094549286584,-18.8678761741745,-43.3313953559678,-49.1031817047553,-3.21319592837175,-51.1421952008218
284,284,738084.662377739,0.06,0.215,-12.6808926564115,-40.4360391131952,46.6060020565292,48.6558931895561,1.2669062420718,-3.33057533414074,-20.7490273957883,-41.8293087679425,-17.2895901618909,-43.3456341768755,-47.5318101775636,-3.22418366758775,-49.5652240967073
285,285,738084.662377834,0.06,0.23,-12.6809923686015,-36.9049334239142,46.9028458189467,48.6366758161349,1.23982332329242,-3.33242774131295,-19.1546513006717,-41.8395861068832,-15.6998307028994,-43.3502589450132,-45.9483627346848,-3.22637300503106,-47.9761103654754
286,286,738084.662378018,0.06,0.245,-12.6621668263026,-33.3605791130615,47.1730155645679,48.61947158697,1.20803842821742,-3.32550901127503,-17.5523210316465,-41.8403255544536,-14.1022156118595,-43.3453215310109,-44.3564468330882,-3.21981598280417,-46.3784748494319
287,287,738084.66237812,0.06,0.26,-12.6246710483777,-29.8105948801969,47.4160088309809,48.6042273417943,1.17020017475903,-3.30992970757581,-15.9456875886802,-41.8316285625138,-12.5003840908604,-43.3309366977657,-42.759695458501,-3.20462212190046,-44.7759641592823
288,288,738084.662378215,0.06,0.275,-12.5688760232216,-26.2625480306434,47.6315260838994,48.5908860635766,1.12442657054405,-3.28585579097294,-14.3383833266809,-41.8136571942886,-10.8979562746725,-43.3072797183109,-41.16172666608,-3.18095619529459,-43.1722100580362
289,289,738084.66237831,0.06,0.29,-12.4952619173881,-22.7238739383452,47.8194698843742,48.5793875292839,1.06805004525997,-3.25350542716208,-12.7339825638948,-41.7866308472494,-9.29849398568477,-43.2745829532157,-39.5661042563106,-3.14903505216271,-41.5707899820893
290,290,738084.662378405,0.06,0.305,-12.4044095463735,-19.201800015626,47.9799401751752,48.5696689331709,0.997236481030073,-3.2131449565316,-11.1359643512491,-41.7508220489954,-7.70546365049138,-43.2331315096848,-37.9763005426334,-3.10912360598292,-39.9751896598775
291,291,738084.6623785,0.06,0.32,-12.2969904012943,-15.7032759053745,48.1132259755843,48.5616654720293,0.906455216784964,-3.16508416359139,-9.54767824580065,-41.7065514720086,-6.12220221750215,-43.1832581313644,-36.3956620569587,-3.06153012364372,-38.3887686777813
292,292,738084.662378611,0.06,0.335,-12.173755546678,-12.2349113170036,48.2197938895098,48.555310894622,0.787903652568376,-3.10967100063817,-7.97231378715964,-41.6541823323917,-4.55188677098736,-43.1253374864942,-34.8273788970163,-3.00660096954382,-36.81472970029
293,293,738084.662378708,0.06,0.35,-12.0355237324004,-8.80292259481543,48.3002739242883,48.5505379956844,0.631498058294558,-3.04728592921578,-6.41287421010756,-41.5941143484145,-2.99750837170573,-43.059780032155,-33.2744582556019,-2.94471496769293,-35.2560918868921
294,294,738084.662378853,0.08,0.05,-6.76120857219785,-76.3089985944126,42.0181069811663,48.9994300936644,1.48242406898325,-0.632770008448429,-36.7761805129184,-38.9974689424968,-33.2749766423581,-40.5756130736477,-63.4078286668621,-0.529629911463361,-65.5048637303548
295,295,738084.662378971,0.08,0.065,-6.92105514294428,-73.3801049655137,42.5255325486128,48.9567370305928,1.47675665374222,-0.706405165792608,-35.4847146743684,-39.0859714466766,-31.9864890056199,-40.6595626865588,-62.1308229988922,-0.6033525804105,-64.2235936577618
296,296,738084.662379067,0.08,0.08,-7.06934434647924,-70.3732676456682,43.0217813015036,48.916199383495,1.4706772313034,-0.774863761937967,-34.1548517461057,-39.1689110337218,-30.659772499076,-40.7378102857958,-60.8152733721998,-0.671920465521689,-62.9036172968376
297,297,738084.662379162,0.08,0.095,-7.20536527968302,-67.2919893931102,48.8778402444789,43.5050617680625,-0.106669694662289,-0.837804124573771,-32.7881770196111,-39.2458990098439,-29.2964113910181,-40.8099728876206,-59.4627273304819,-0.734992475113271,-61.5464864121008
298,298,738084.662379256,0.08,0.11,-7.32845544017601,-64.1403479208529,43.9735940831703,48.8416745832641,1.45703309921657,-0.894906639475245,-31.3865596628518,-39.3165697394367,-27.8982727394939,-40.8756916156739,-58.0750160733407,-0.792249457960319,-60.154037569606
299,299,738084.662379361,0.08,0.125,-7.43801055120833,-60.9229826065567,48.8077091914336,44.4256329321568,-0.121487509521296,-0.945878506375006,-29.9521468616161,-39.3805859717379,-26.4675004995272,-40.934637006707,-56.6542490116557,-0.843398947468844,-58.7283866922728
300,300,738084.662379493,0.08,0.14,-7.53349390860771,-57.6450706524573,48.7759427412016,44.8594912059662,-0.129951082597537,-0.990458273483072,-28.4873527412054,-39.4376439488254,-25.0065044289221,-40.986514078069,-55.2028031221795,-0.888179686133468,-57.2719183939211
301,301,738084.662379601,0.08,0.155,-7.61444496993173,-54.3122926009492,48.7463659646191,45.2735637436722,-0.139289591394219,-1.0284200179181,-26.9948420206519,-39.4874781474452,-23.5179437463935,-41.0310670092087,-53.7233070434195,-0.926365797948877,-55.7872700332918
302,302,738084.662379696,0.08,0.17,-7.68048692384679,-50.9307874950717,45.6663505055493,48.7189619380219,1.42112169127118,-1.05957704331801,-25.4775085340831,-39.5298655105433,-22.0047056776752,-41.0680832935692,-52.2186200364183,-0.957770480345676,-54.2773106116105
303,303,738084.662379798,0.08,0.185,-7.73133299900529,-47.5070983417865,46.0364784874906,48.6937064659408,1.40947003522323,-1.0837849761029,-23.9384489430368,-39.5646290348004,-20.4698792136922,-41.097397228393,-50.6918061226761,-0.982249097398292,-52.7451148265986
304,304,738084.662379895,0.08,0.2,-7.76679129775286,-44.048108917369,46.3827217137425,48.6705685511831,1.39626513559497,-1.10094415827315,-22.3809321485276,-39.5916405977147,-18.9167245891677,-41.1188926278887,-49.1461038964484,-0.999701572366154,-51.193932781651
305,305,738084.662380021,0.08,0.215,-7.78676799425473,-40.5609732985451,46.7040186886507,48.6495109338688,1.38112709926574,-1.11100125658824,-20.8083650815511,-39.6108229313274,-17.3486391591488,-41.1325046694381,-47.5848926791026,-1.01007399949171,-49.6271560200572
306,306,738084.662380136,0.08,0.23,-7.79126878594057,-37.0530397928221,46.999486773426,48.6304906830259,1.36354229137109,-1.1139500342679,-19.2242556947172,-39.6221506782288,-15.7691204942132,-41.1382208115837,-46.0116558282306,-1.01335942119675,-48.0482806998333
307,307,738084.662380248,0.08,0.245,-7.78039854977472,-33.5317711648074,47.2684330623271,48.6134598229451,1.34280017374669,-1.1098312608256,-17.6321740867294,-39.6256504976673,-14.1817276234724,-41.1360807551627,-44.4299421248228,-1.00959774613393,-46.4608688358704
308,308,738084.662380347,0.08,0.26,-7.75435921828787,-30.0046631928282,47.5103614632372,48.5983659777165,1.31789147902903,-1.09873176627649,-16.0357127585141,-39.6214002234087,-12.5900414210766,-41.1261754530202,-42.8433262308415,-0.998874814174247,-44.8685086055494
309,309,738084.662380444,0.08,0.275,-7.71344595124795,-26.4791636332185,47.7249758362821,48.5851530154942,1.28733788773393,-1.08078267627822,-14.4384470210922,-39.6095271085686,-10.9976251527548,-41.1086452073785,-41.2553692329865,-0.981320644510763,-43.2747747375942
310,310,738084.662380539,0.08,0.29,-7.6580417424848,-22.962593616555,47.9121791917077,48.5737616818633,1.24889512251251,-1.056156892754,-12.8438965499495,-39.5902052240186,-9.40798617345644,-41.0836769252355,-39.6695802655856,-0.957106931105029,-41.6831899811555
311,311,738084.662380658,0.08,0.305,-7.58861064035191,-19.4620733647916,48.0720690949486,48.5641302077631,1.19901152223581,-1.02506590879729,-11.255489011531,-39.5636521043125,-7.82453969786694,-41.0515006292269,-38.0893801386953,-0.926443873817785,-40.0971885850516
312,312,738084.662380793,0.08,0.32,-7.50568981638828,-15.9844538931038,48.2049295607628,48.5561948799018,1.13179437094896,-0.987756065953408,-9.67652657990264,-39.530124757148,-6.25057545823518,-41.0123853430431,-36.5180677922817,-0.889576452851953,-38.5200826115953
313,313,738084.662380899,0.08,0.335,-7.40988072685513,-12.5362560835593,48.3112198280539,48.5498905715029,1.03696439519036,-0.944504375348184,-8.11015602376714,-39.4899151680308,-4.68922792626252,-40.9666344856161,-34.958790261428,-0.84678026751186,-36.9550317730176
314,314,738084.662380995,0.08,0.35,-7.30183964239853,-9.12361818983789,48.3915604956385,48.5451512272054,0.895858588112311,-0.895614031403672,-6.55934288520516,-39.4433454407446,-3.14345061749974,-40.9145809166203,-33.4145166804785,-0.798357067550375,-35.4050173208934
315,315,738084.662381185,0.1,0.05,-2.08358169788733,-76.1259957363879,42.0989674177274,48.9925409672768,1.54343298495799,1.47447640502004,-36.6984397144708,-36.891046771868,-33.197391475493,-38.473707596431,-63.3243908211077,1.57244872098616,-65.4293157790737
316,316,738084.662381284,0.1,0.065,-2.21237563418875,-73.2162143410262,42.603126724604,48.9503202395711,1.54058850091263,1.41655793011258,-35.4150912756685,-36.9637144998655,-31.917008133949,-38.5418917071209,-62.0553511714777,1.51440121308114,-64.156093510672
317,317,738084.662381447,0.1,0.08,-2.3322313635581,-70.2296765917355,43.096105701692,48.9102290763148,1.53759989612125,1.36258787556157,-34.0939230238772,-37.0320493216909,-30.5989712037339,-38.6056033821212,-60.7483481967475,1.46028339735899,-62.8447430314398
318,318,738084.662381542,0.1,0.095,-2.44260266105192,-67.1698364661369,43.576141620831,48.8722895901333,1.5344477668101,1.31282625424495,-32.7364995544741,-37.0957450855147,-29.2448442368,-38.6645419134573,-59.4049096521013,1.41035492103332,-61.4967959805484
319,319,738084.662381669,0.1,0.11,-2.54298053312628,-64.0407080391856,44.041484341683,48.8365159649533,1.53110836437339,1.26751633408573,-31.3446620365574,-37.1545133893724,-27.856466295371,-38.7184253743196,-58.0268396548674,1.36485879078301,-60.1140614985413
320,320,738084.662381814,0.1,0.125,-2.632900647062,-60.8468522757369,44.4904186815865,48.8029144081286,1.52755236045812,1.22688106497616,-29.920522366162,-37.2080877087605,-26.4359460725847,-38.7669947283492,-56.6162132371884,1.32401780823974,-58.6986207835612
321,321,738084.662381945,0.1,0.14,-2.71195038952217,-57.5933536472139,44.921287442419,48.7714832164747,1.52374317738175,1.1911196739992,-28.4664522869085,-37.2562273579457,-24.9856509982621,-38.810017753682,-55.1753658841029,1.28803117225657,-57.2528166129313
322,322,738084.662382042,0.1,0.155,-2.77977534899966,-54.2857865010206,45.3325145004905,48.7422129530884,1.51963469242018,1.16040452755649,-26.9850674373481,-37.2987211721174,-23.5081912905312,-38.8472926686328,-53.7068780066545,1.25707134627657,-55.7792377788743
323,323,738084.662382169,0.1,0.17,-2.83608502345836,-50.9301714602254,45.7226273176101,48.7150867302533,1.5151680241612,1.1348783559803,-25.4792064583528,-37.3353908000687,-22.0063990876306,-38.8786513491356,-52.2135544728846,1.23128128614049,-54.2806985610418
324,324,738084.662382273,0.1,0.185,-2.88065757591571,-47.532922494637,46.0902782178035,48.6900805841031,1.51026693985372,1.11465192852307,-23.9519054740209,-37.3660935049543,-20.4833029736455,-38.9039620365661,-50.6983994991583,1.21077211604768,-52.7602135388916
325,325,738084.662382368,0.1,0.2,-2.9133434776338,-44.1007856624092,46.4342637875455,48.6671639337937,1.50483114061089,1.09980225439701,-22.4063684356578,-37.3907243836945,-18.9420983872729,-38.9231314483485,-49.1645873803863,1.19562132824887,-51.2209682237691
326,326,738084.662382466,0.1,0.215,-2.93406791993791,-40.640770848042,46.7535418088012,48.6463001058529,1.49872618283416,1.09037136933828,-20.8459339798688,-37.4092179333976,-17.38611456353,-38.9361062220724,-47.6154296996501,1.18587156588474,-49.6662861532973
327,327,738084.662382561,0.1,0.23,-2.94283191281669,-37.1600781006474,47.0472452107721,48.6274469089739,1.49176789011807,1.08636574762534,-19.2740395888228,-37.4215489147683,-15.8187787945718,-38.9428736460832,-46.0543397958013,1.18153002898834,-48.0995932293002
328,328,738084.662382661,0.1,0.245,-2.93971203383268,-33.6660203881804,47.3146926320485,48.6105572420918,1.48369739250901,1.08775635780784,-17.6941839445478,-37.4277324868223,-14.2435788990139,-38.9434616542002,-44.4847953728233,1.18256852202676,-46.5243801863277
329,329,738084.662382793,0.1,0.26,-2.92485883868957,-30.165944714022,47.5553953112637,48.5955797191652,1.47413949586033,1.09447935770156,-16.1098884332976,-37.4278236129291,-12.6640248528001,-38.9379380881809,-42.9103002007638,1.18892413874992,-44.9441641442436
330,330,738084.662382888,0.1,0.275,-2.89849399074887,-26.6671535851809,47.7690601637217,48.5824592948359,1.46252980019649,1.10643740185431,-14.5246587767942,-37.4219157636828,-11.0836105550311,-38.9264092571839,-41.3343458809395,1.20050055784287,-43.3624502214246
331,331,738084.662382983,0.1,0.29,-2.86090621052028,-23.1768287743677,47.9555890448383,48.5711378777007,1.44797939130326,1.12350151395904,-12.9419477438823,-37.4101389660636,-9.50577667870432,-38.9090178472698,-39.7603746270436,1.21716990218311,-41.7826941641551
332,332,738084.662383101,0.1,0.305,-2.81244618276974,-19.7019591864718,48.1150743410945,48.5615549189362,1.42900469643585,1.14551345868641,-11.365119831171,-37.3926572692883,-7.93387549130491,-38.885940254752,-38.1917439511291,1.23877509656456,-40.2082668849903
333,333,738084.662383205,0.1,0.32,-2.75352058951198,-16.2492744330393,48.2477911561322,48.5536479676416,1.40293592152723,1.17228853312701,-9.79741869988319,-37.3696657147368,-6.37113842892395,-38.8573834338058,-36.6316940442446,1.26513264443362,-38.6424217033547
334,334,738084.6623833,0.1,0.335,-2.68458545615396,-12.8251854536345,48.3541864678112,48.5473531842462,1.36445418274439,1.20361868790348,-8.24193802572575,-37.3413869096107,-4.82064707747093,-38.8235813604757,-35.0833185129723,1.29603573413132,-37.0882649527155
335,335,738084.662383415,0.1,0.35,-2.60613901428378,-9.43573321128794,48.4348657160914,48.5426058124048,1.30131586330217,1.23927588256197,-6.70159626806096,-37.3080673110442,-3.28530806438235,-38.7847912217798,-33.5495389842645,1.33125757959788,-35.5487304692717
336,336,738084.662383528,0.12,0.05,2.54022202857558,-75.8664257029909,42.1425120100578,48.9888446526335,-1.53732600889621,3.5578841412906,-36.584027920709,-34.8074161330042,-33.0833584088351,-36.3943825818168,-63.2037599746444,3.65073598248816,-65.3162547178558
337,337,738084.662383667,0.12,0.065,2.44165188435453,-72.9777535920085,42.6422086158341,48.9470993659004,-1.53735132045714,3.51526021902017,-35.3097262033481,-34.8646420241878,-31.8120080999725,-36.4471958423915,-61.9435940409392,3.6079428264152,-64.0519879181567
338,338,738084.662383764,0.12,0.08,2.34946763360831,-70.0137339566656,43.1307584169597,48.9074543940773,-1.53725167500289,3.47538753419789,-33.9982907748679,-34.9187352196578,-30.5036878112971,-36.496736941924,-60.6461545561518,3.5678851860255,-62.7502807907577
339,339,738084.66238386,0.12,0.095,2.26405760123434,-66.9777676790463,43.6064360115584,48.8699309051154,-1.53700607179308,3.43844784102626,-32.651263526044,-34.9694689066411,-29.1599383585702,-36.5427842506861,-59.3129476078601,3.53074465562165,-61.4126429906641
340,340,738084.662384018,0.12,0.11,2.18578367922519,-63.8737984432396,44.0675295495716,48.8345423592085,-1.53658932605751,3.40461128764262,-31.270454416295,-35.0166288844901,-27.7825675907607,-36.5851297595587,-57.9457471519798,3.49669131468183,-60.0408531679408
341,341,738084.662384109,0.12,0.125,2.11497616227553,-60.7062995865365,44.5123623796886,48.801294468027,-1.53597092832296,3.37403396049953,-29.8579356273106,-35.0600165552513,-26.3736445130284,-36.6235820546219,-56.5465895493169,3.46588127783551,-58.6369535108331
342,342,738084.662384223,0.12,0.14,2.05192884877467,-57.4802512080309,44.9393152945803,48.7701852635799,-1.53511349922945,3.34685554553522,-28.4160308992952,-35.0994517987056,-24.93548860932,-36.6579691580131,-55.1177633016542,3.43845436023603,-57.2032394689825
343,343,738084.662384318,0.12,0.155,1.99689454699341,-54.2011074823676,45.3468488097576,48.7412052734082,-1.53397066260986,3.32319717300168,-26.947300017396,-35.1347756514324,-23.4706543336083,-36.6881411543225,-53.6617939458822,3.41453192501204,-55.7422446143273
344,344,738084.662384409,0.12,0.17,1.95008112105105,-50.8747544523533,45.7335248637128,48.7143377952367,-1.53248406523704,3.30315951066157,-25.4545185805242,-35.1658527111539,-21.9819109028037,-36.7139725241609,-52.1814242284094,3.39421497735211,-54.2567207616864
345,345,738084.6623845,0.12,0.185,1.911648200036,-47.5074589184467,46.0980273126826,48.6895592619874,-1.53057911700692,3.2868211648265,-23.9406533545517,-35.1925731930661,-20.4722176936304,-36.7353641125763,-50.6795898514772,3.37758256459228,-52.7496136411227
346,346,738084.662384618,0.12,0.2,1.88170465540083,-44.1058093787621,46.4391806131291,48.6668396856777,-1.52815876374425,3.27423744042777,-22.4088336777901,-35.2148545739398,-18.9446957108973,-36.7522446697841,-49.159391248879,3.36469053344978,-51.2240345807606
347,347,738084.662384709,0.12,0.215,1.86030693135172,-40.6766502838786,46.7559661279523,48.6461431627446,-1.52509414786932,3.26543950036272,-20.8623195386152,-35.2326427721989,-17.4025957459404,-36.7645719146368,-47.6240620010163,3.35557068467143,-49.6832288118948
348,348,738084.662384799,0.12,0.23,1.84745827984904,-37.2270111277993,47.0475355701771,48.6274284294247,-1.52121018473211,3.2604339512036,-19.3044670740481,-35.2459128273175,-15.8492639722508,-36.7723330869677,-46.0769346291177,3.35023035227797,-48.1305411387412
349,349,738084.66238489,0.12,0.245,1.84310892748024,-33.764032101085,47.3132211945846,48.6106494479353,-1.5162625121977,3.25920286777189,-17.7386923359373,-35.2546690590187,-14.2881058225894,-36.7755449724115,-44.5214046076157,3.34865242004879,-46.5693798149108
350,350,738084.662384981,0.12,0.26,1.84715716493661,-30.2948881519651,47.5525424702454,48.5957560087264,-1.50989914787572,3.26170425379825,-16.1684342320873,-35.2589447047868,-12.7225490520599,-36.7742534016797,-42.96089349611,3.35079577267792,-45.0031795314943
351,351,738084.662385072,0.12,0.275,1.85945132038002,-26.8267133445336,47.7652090966429,48.5826943341887,-1.50159358739812,3.2678729208513,-14.5971175697836,-35.2588010523204,-11.1560069113968,-36.7685322443917,-41.3988121143708,3.35659616404259,-43.4353644439434
352,352,738084.662385189,0.12,0.29,1.87979254793546,-23.3665273601302,47.9511203626965,48.5714076702851,-1.49052111454314,3.27762175372278,-13.028117107969,-35.2543261004578,-9.59184233328335,-36.758481934515,-39.8385246647966,3.36596747106247,-41.8693121459473
353,353,738084.662385278,0.12,0.305,1.90793833749422,-19.9211658655153,48.1103609798901,48.5618368551427,-1.47531313244877,3.29084331832682,-11.4647234640778,-35.2456327971685,-8.03333397426713,-36.744227579209,-38.2833146485648,3.37880328951476,-40.3083194402395
354,354,738084.662385371,0.12,0.32,1.94360663164766,-16.4972162787818,48.243193641373,48.5539208558283,-1.45352270847798,3.30741175838667,-9.91011162701061,-35.2328569153887,-6.4836448603642,-36.7259167148129,-36.7363533292461,3.3949788184078,-38.7555706635583
355,355,738084.66238546,0.12,0.335,1.98648041996322,-13.1009602160228,48.3500486616868,48.5475972653593,-1.42031398634145,3.32718492037031,-8.36731270567497,-35.216154636464,-4.9457942626717,-36.7037167821936,-35.2006713774102,3.41435297267045,-37.2141092023204
356,356,738084.662385577,0.12,0.35,2.03621267749008,-9.73832360987505,48.4315111319416,48.5428027602402,-1.36467323925975,3.35000664218796,-6.83918940137421,-35.1956999163854,-3.42263328852694,-36.6778123985568,-33.6791341901337,3.43677065998185,-35.6868126954816
357,357,738084.662385686,0.14,0.05,7.09613282130024,-75.5342359473602,42.1499619686809,48.9882132075617,-1.47712534224367,5.61073819316084,-36.4348174044905,-32.7533327424637,-32.9347398803329,-34.344386240448,-63.0478518118486,5.69853404745387,-65.1675799735289
358,358,738084.66238578,0.14,0.065,7.02668945075384,-72.6685581447081,42.6440819998728,48.9469451597165,-1.47440096705441,5.58285444393392,-35.1704415645243,-32.7956442062291,-31.6733011286005,-34.3823572929665,-61.7974192040761,5.67044253311712,-63.9131276674576
359,359,738084.662385902,0.14,0.08,6.96116622321078,-69.729141268907,43.1271246473686,48.9077450893915,-1.47129448811156,5.55656523936547,-33.8697162511958,-32.8359837926266,-30.3756736856452,-34.4182175423737,-60.5105012331735,5.64393278010856,-62.6220219875303
360,360,738084.662385992,0.14,0.095,6.89980246291202,-66.7193289329295,48.870633259842,43.5974095119022,0.103049026875243,5.53197851675959,-32.5341586896079,-32.8741997610337,-29.0433736606612,-34.4518201779373,-59.1885804684935,5.61911275959654,-61.2957487768853
361,361,738084.66238608,0.14,0.11,6.84282137623083,-63.6429881709221,44.0532706652828,48.8356224702264,-1.46368893595198,5.50919551652774,-31.1655446387334,-32.9101480710581,-27.6781746934729,-34.4830270704671,-57.8333978259969,5.59608382411084,-59.9360533338166
362,362,738084.662386173,0.14,0.125,6.79042698187921,-60.5044963347644,44.4930774434251,48.8027180209391,-1.45903387778829,5.48830935959964,-29.7659025404679,-32.9436943177162,-26.2821020751344,-34.5117106935588,-56.4469470821008,5.57493928778575,-58.5449349346356
363,363,738084.662386294,0.14,0.14,6.74280120646941,-57.3087187308162,48.7719177832687,44.9152557802895,0.117119054091338,5.46940369227226,-28.3375030891367,-32.9747155996768,-24.8574223052611,-34.5377559605268,-55.0314648237882,5.55576307279309,-57.1246367740562
364,364,738084.662386385,0.14,0.155,6.70010122338334,-54.0609769609621,48.7432123708084,45.3183095435189,0.12330722662158,5.45255143659696,-26.8828441982003,-33.0031022696384,-23.4066280641349,-34.5610619258241,-53.5894158031967,5.53862845995178,-55.6776312903694
365,365,738084.662386475,0.14,0.17,6.66245711596308,-50.7670082381636,45.700841296861,48.7165854034008,-1.44030609493517,5.43781368311751,-25.4046314950276,-33.0287595168084,-21.9324187312822,-34.5815433011976,-52.123473818251,5.52359698025077,-54.2066009966976
366,366,738084.662386564,0.14,0.185,6.62996993253834,-47.4329162705569,46.0615718947351,48.6920138591467,-1.4319203625552,5.42523875980936,-23.9057546333408,-33.0516087346284,-20.4376767403287,-34.5991317406447,-50.63649839923,5.51071748109755,-52.7144150985678
367,367,738084.662386652,0.14,0.2,6.60271019610464,-44.0651146178375,46.3993583413126,48.6694685000686,-1.42206300806441,5.41486150635059,-22.389259867629,-33.0715886323821,-18.9254402139888,-34.6137768543074,-49.1315077358147,5.50002539643099,-51.2041023334265
368,368,738084.66238677,0.14,0.215,6.58071691762111,-40.6702637164668,46.7132093811389,48.6489143562533,-1.41038006149613,5.40670277667042,-20.8583194754365,-33.088656056878,-17.398872464064,-34.625446919584,-47.611648421259,5.49154224372355,-49.6788206104728
369,369,738084.662386869,0.14,0.23,6.56399714015463,-37.2552030080384,47.0022983641682,48.6303112582703,-1.39639617887809,5.40076918529893,-19.3161987336252,-33.1027864997108,-15.8612290608283,-34.6341292675307,-46.0801627113279,5.48527536351155,-48.1418241508018
370,370,738084.66238696,0.14,0.245,6.55252603058588,-33.8268797945769,47.2659730209969,48.6136143985169,-1.37945834140428,5.39705310482999,-17.7662212458946,-33.1139742761703,-14.3158232668851,-34.6398303335735,-44.5403540881227,5.48121790891688,-46.5964289208702
371,371,738084.662387082,0.14,0.26,6.54624751335344,-30.3922765606932,47.5037618924578,48.5987749092545,-1.35864569631313,5.39553291316429,-16.2117334757662,-33.122232373121,-12.7659906869813,-34.6425753730586,-42.9955519773703,5.47934908403342,-45.0459772111467
372,372,738084.66238717,0.14,0.275,6.54507542175771,-26.9583385408289,47.715377285654,48.5857404406584,-1.33261986276916,5.39617348073442,-14.6560693584043,-33.1275919744628,-11.2150540041423,-34.64240785358,-41.4490764887685,5.47963462161712,-43.4938022330601
373,373,738084.662387262,0.14,0.29,6.54889513143188,-23.5319032701774,47.9007147520402,48.5744557301904,-1.29936605112965,5.39892687998557,-13.1025158456636,-33.130101683497,-9.66628865328382,-34.6393885466956,-39.904204031928,5.48202748258924,-41.9431935904272
374,374,738084.662387351,0.14,0.305,6.55756561428703,-20.1196337501876,48.0598492079851,48.5648631504433,-1.25572470050344,5.40373329250065,-11.5542801834166,-33.1298264710733,-8.12289022809082,-34.6335943510062,-38.3641346070767,5.48646875300792,-40.3973644280819
375,375,738084.662387439,0.14,0.32,6.57092185591712,-16.7279566765017,48.1930279327935,48.5569032245039,-1.19650286819885,5.41052208358209,-10.0144596329915,-33.126846386315,-6.58794432980349,-34.6251168861953,-36.8319614843623,5.49288870856845,-38.8594209748932
376,376,738084.662387528,0.14,0.335,6.58877755331758,-13.3630069505254,48.3006607734017,48.5505151073814,-1.11271531231563,5.41921301016159,-8.48601423551917,-33.1212550726154,-5.06439945375553,-34.6140609031393,-35.3106438742769,5.5012080127463,-37.3323350866608
377,377,738084.662387616,0.14,0.35,6.61092802061623,-10.0305794251702,48.3833079627299,48.5456370278727,-0.98806626350949,5.4297175255746,-6.97174308690144,-33.1131581354055,-3.55504337876733,-34.6005425584646,-33.8029830620445,5.51133901233684,-35.8189202642962
378,378,738084.662387723,0.16,0.05,11.5713312491106,-75.1339229220657,48.9905095771528,42.1228844575832,0.15280880735618,7.62691761161113,-36.2529496061565,-30.7349666338748,-32.7536657350079,-32.3298836388128,-62.8588541036357,7.70973776126606,-64.9854672230429
379,379,738084.662387813,0.16,0.065,11.5296875260651,-72.2930054557858,48.9497194340026,42.6104100502383,0.158153583332027,7.6131062243574,-34.9993252081218,-30.763007009595,-31.5029634138028,-32.3536566162249,-61.6189630607906,7.6956820453261,-63.7416365942917
380,380,738084.662387922,0.16,0.08,11.4896020063101,-69.3801331896799,48.9109621705894,43.0869619237715,0.164114194910279,7.59978152541618,-33.7102220692839,-30.7901885151109,-30.2169397748658,-32.3764327846362,-60.343461576718,7.68210308207591,-62.462026917665
381,381,738084.662388016,0.16,0.095,11.4511756225446,-66.3985884422402,48.8742571873403,43.5509113377679,0.170781181926809,7.58698291441017,-32.3871308391859,-30.8164293523821,-28.8970843038793,-32.398135032128,-59.0338068832927,7.66904048450751,-61.1480984297364
382,382,738084.662388138,0.16,0.11,11.4145029214293,-63.3521558568928,48.8396166830429,44.000644867505,0.178262872766712,7.57474772524975,-31.0317903197584,-30.8416507856936,-27.5451336714257,-32.4186902595133,-57.6917041918045,7.65653186549642,-59.8015604317474
383,383,738084.662388227,0.16,0.125,11.3796708904073,-60.2451093459948,48.8070456257504,44.4345842383312,0.186689957876177,7.56311073786395,-29.6461816113251,-30.8657781179223,-26.1630658529413,-32.4380303444122,-56.319101184439,7.64461234986569,-58.4243657919875
384,384,738084.662388314,0.16,0.14,11.3467578548679,-57.082190293774,48.7765418201554,44.851206644071,0.1962215352172,7.55210371074227,-28.2325179340144,-30.88874164576,-24.7530899395463,-32.4560930678242,-54.9181781957999,7.63331410615098,-57.0187011202394
385,385,738084.662388403,0.16,0.155,11.3158324686362,-53.8685769951553,48.7480960733098,45.249065032952,0.207053200666605,7.54175494702079,-26.7932301107676,-30.9104775691168,-23.317631627141,-32.4728229781335,-53.4913340627297,7.62266591075948,-55.5869725916471
386,386,738084.66238851,0.16,0.17,11.2869528302902,-50.609845602904,45.6268078309641,48.7216924483747,-1.35136830820522,7.53208890645129,-25.3309478413267,-30.9309288300554,-21.8593145138714,-32.4881721681258,-52.0411677631328,7.61269275685517,-54.13178754035
387,387,738084.66238861,0.16,0.185,11.2601657507769,-47.3119231459843,45.9831975448778,48.6973085981948,-1.33714471598604,7.52312587463799,-23.8484770434931,-30.9500458577028,-20.3809374824296,-32.502100942301,-50.5704561111074,7.60341551937232,-52.6559320904847
388,388,738084.662388699,0.16,0.2,11.2355061904466,-43.9810334741756,46.3171277140802,48.6749161707769,-1.32068310128076,7.51488169940935,-22.3487736809384,-30.9677871979145,-18.8854485860671,-32.5145783546132,-49.08212791861,7.5948506860915,-51.1623452357378
389,389,738084.662388821,0.16,0.215,11.2129968851783,-40.6236372515981,46.6276377148017,48.6544812717315,-1.30148069294567,7.50736760214272,-20.8349146276194,-30.9841200097311,-17.375915987333,-32.5255826006217,-47.5792351651039,7.58701016271143,-49.6540899104439
390,390,738084.662388909,0.16,0.23,11.1926481703042,-37.2463673399341,46.9139249952948,48.635964969389,-1.27887805336774,7.50059006949159,-19.3100662296638,-30.9990204148459,-15.8554966088427,-32.5351012526084,-46.0649218281904,7.57990115748706,-48.1343217074698
391,391,738084.662388998,0.16,0.245,11.1744580082772,-33.8559610938611,47.1753543933146,48.6193238299442,-1.25199573868563,7.49455082823883,-17.7774513099374,-31.0124736911663,-14.3274032391862,-32.5431313315142,-44.5423911137598,7.57352614833752,-46.6062559840414
392,392,738084.662389086,0.16,0.26,11.1584122150146,-30.4591911883162,47.4114643047108,48.604510469821,-1.21963974440905,7.48924690318239,-16.2403154132131,-31.0244743068046,-12.7948708893676,-32.5496792150009,-43.0148718782968,7.56788293252342,-45.0731341512626
393,393,738084.662389174,0.16,0.275,11.1444848794576,-27.0627966429278,47.621969578029,48.5914741053627,-1.18015830923422,7.48467075517808,-14.7018931080764,-31.0350257962231,-11.2611232130939,-32.5547603864723,-41.4855850558861,7.56296475622073,-43.5381899631888
394,394,738084.662389263,0.16,0.29,11.1326389603443,-23.6734156683042,47.8067611273914,48.580161099978,-1.13122324659245,7.48081049384237,-13.165375144815,-31.0441404854569,-9.7293397871397,-32.5583990350731,-39.9577108873468,7.55876051869507,-42.0046166063371
395,395,738084.662389352,0.16,0.305,11.1228270373711,-20.2975218636078,47.9659023753779,48.57051548756,-1.0694980649691,7.47765015713347,-11.633877218317,-31.0518390780918,-8.20262499774457,-32.5606275212691,-38.4343577004976,7.55525504352167,-40.4755353420184
396,396,738084.662389472,0.16,0.32,11.1149921991391,-16.9413651269489,48.0996227385428,48.5624794668244,-0.99015462544607,7.47517004815438,-10.11041100524,-31.0581501177363,-6.68397919932912,-32.5614857264336,-36.9185329125692,7.55242940736897,-38.9539663757336
397,397,738084.662389561,0.16,0.335,11.1090690352443,-13.6109184290258,48.2083084595649,48.5559938687235,-0.886262267771313,7.47334711818017,-8.59785804113308,-31.0631093458935,-5.17627270842698,-32.5610203076347,-35.4131168237313,7.55026131552777,-37.4428025255092
398,398,738084.662389651,0.16,0.35,11.1049847068688,-10.3118313599361,48.2924911644095,48.5509985785482,-0.748380942147462,7.47215538409308,-7.09894688253102,-31.066758976368,-3.68222307539101,-32.559283880624,-33.9208396514258,7.54872551252463,-35.9447861413351
399,399,738084.662389757,0.18,0.05,15.9543834721332,-74.6704145837341,48.9955894908435,42.0631381002699,0.210498889418436,9.60096163879523,-36.0407780533916,-28.757834569427,-32.5424764749078,-30.3563890161339,-62.6391685972057,9.67890058986598,-64.7723102061745
400,400,738084.662389851,0.18,0.065,15.9390234577506,-71.8558986526936,48.9552769493218,42.5431572776052,0.21828492963915,9.60046175880293,-34.798674156973,-28.7723429342498,-31.3032788868306,-30.3667033952152,-61.4105731530872,9.67812202860416,-63.5398538468373
401,401,738084.66238994,0.18,0.08,15.9229780585694,-68.9713630377569,48.9169597652179,43.0123385427892,0.2268884562269,9.59939658852487,-33.5220365214191,-28.7870504997932,-30.0297012634473,-30.3770804374249,-60.1473166580592,9.67677097849619,-62.2725678446797
402,402,738084.662390034,0.18,0.095,15.9062216964358,-66.0200249059923,48.8806565187859,43.46911037879,0.236424389153229,9.59774289178365,-32.212327373509,-28.801939631929,-28.7232046149934,-30.3875069616038,-58.8508292299782,9.674824580273,-60.9718850784424
403,403,738084.662390125,0.18,0.11,15.8887314751053,-63.0055813163562,48.8463788653966,43.9119173296156,0.247029133989285,9.59547967975988,-30.8712460507384,-28.8169914350186,-27.3854861335835,-30.3979694414724,-57.5227779394484,9.67226227543911,-59.6394764370616
404,404,738084.662390225,0.18,0.125,15.8704876873935,-59.932196226116,48.8141315103949,44.3392387982922,0.258865738392571,9.59258854895261,-29.5007231519008,-28.8321858757048,-26.0184733202825,-30.4084541187125,-56.1650612857835,9.66906614234108,-58.2772453078634
405,405,738084.662390333,0.18,0.14,15.8514742976793,-56.804479297072,48.7839122755679,44.7496082660257,0.272130562159844,9.5890539965759,-28.1029106295825,-28.8475019283212,-24.6243140686997,-30.418947122159,-54.7797996283102,9.66522120870506,-56.8873180029905
406,406,738084.66239042,0.18,0.155,15.8316793895234,-53.6274564947045,48.7557122552434,45.1416324535466,0.287061980082496,9.58486370439777,-26.6801678201814,-28.8629177397398,-23.2053627017937,-30.4294345906308,-53.3693215612752,9.66071573168361,-55.4720301114134
407,407,738084.662390509,0.18,0.17,15.811095559441,-50.4065327499077,45.5140099312175,48.729516056791,-1.26684448967293,9.58000878254733,-25.2350435388391,-28.8784108107165,-21.7641620899379,-30.4399027966646,-51.9361463517785,9.65554143694678,-54.0339088956052
408,408,738084.662390597,0.18,0.185,15.789720246242,-47.1474472170587,45.8655486615854,48.7053021172684,-1.24763566955688,9.57448396555809,-23.7702545016769,-28.8939581902169,-20.3034221127538,-30.450338268363,-50.4829626948082,9.64969370921484,-52.5756519871431
409,409,738084.662390684,0.18,0.2,15.7675559819785,-43.8562219313267,46.1951819845901,48.6830430860822,-1.22565832852102,9.56828775421121,-22.2886604686458,-28.9095366786665,-18.8259948576227,-30.4607279065622,-49.0126041703796,9.64317172784312,-51.100102767112
410,410,738084.662390773,0.18,0.215,15.7446105573215,-40.5391049107168,46.5019825877398,48.6627062612471,-1.20034644432798,9.56142249820388,-20.7932366199542,-28.9251230357332,-17.3348470668782,-30.4710590946727,-47.5280219078001,9.63597854267183,-49.6102229377431
411,411,738084.66239086,0.18,0.23,15.7208970908061,-37.2025089532598,46.7851740664549,48.6442540692937,-1.17098039895512,9.55389441654684,-19.2870437804039,-28.940694188054,-15.8330304465313,-30.4813197987733,-46.0322550641438,9.62812108715972,-48.1090628943937
412,412,738084.662390955,0.18,0.245,15.6964340034531,-33.8529475365776,47.0441397604045,48.6276445703765,-1.13663670052343,9.54571355450785,-17.7731971831571,-28.9562274323313,-14.3236505260906,-30.4914986559242,-44.5283998022649,9.61961012782385,-46.5997305856468
413,413,738084.662391098,0.18,0.26,15.6712448917489,-30.49696932633,47.2784286443145,48.612831982808,-1.09612042386568,9.53689367801705,-16.2548345128734,-28.9717006294015,-12.8098348070979,-30.5015850490432,-43.0195775033847,9.6104601510603,-45.0853595994595
414,414,738084.662391195,0.18,0.275,15.6453583098715,-27.1410928354602,47.4877581571104,48.5997672069933,-1.04787646351925,9.52745210843044,-14.7350839853015,-28.987092385247,-11.2947009548088,-30.5115691672143,-41.5089029679277,9.60068919043483,-43.5690772321326
415,415,738084.662391291,0.18,0.29,15.618807459907,-23.7917427466031,47.6720139610705,48.5883983431563,-0.989879102755474,9.51740950243043,-13.2170332055595,-29.0023822154448,-9.78132577248478,-30.5214420507959,-39.9994533450871,9.59031859939699,-42.0539732838129
416,416,738084.662391386,0.18,0.305,15.5916298052084,-20.4551893147701,47.8312467272237,48.5786711942549,-0.919511664905807,9.50678958345281,-11.7036995021578,-29.0175506901532,-8.27271565247738,-30.531195621186,-38.4942384880189,9.57937277596451,-40.5430702806658
417,417,738084.662391481,0.18,0.32,15.5638666164277,-17.1374921263914,47.9656661418166,48.5705297396164,-0.833482176260161,9.4956188323493,-10.1980023616473,-29.0325795574951,-6.77177912623164,-30.5408226956244,-36.9961733610191,9.56787884723498,-39.0392957531155
418,418,738084.662391606,0.18,0.335,15.5355624617693,-13.8444492947138,48.0756324102479,48.5639165804251,-0.727901616126348,9.48392614592156,-8.70273849463941,-29.0474518439126,-5.28130204135147,-30.5503169878182,-35.5080530323605,9.55586632246323,-37.54545710663
419,419,738084.662391744,0.18,0.35,15.5067646594586,-10.5815529462552,48.161645603352,48.5587733507732,-0.598804381948644,9.47174247249998,-7.2205599539655,-29.0621519308753,-3.80392578418316,-30.5596730955473,-34.0325306776825,9.54336672398831,-36.0642195123663
420,420,738084.66239186,0.2,0.05,20.2353286930934,-74.1489510093278,49.0033032840807,41.9728146020051,0.266413814996596,11.5281126685517,-35.8008102983153,-26.8267555577008,-32.3036655382353,-28.4287211495408,-62.3913519584462,11.6012774544367,-64.5306614853638
421,421,738084.662391985,0.2,0.065,20.2445901926228,-71.3623483270415,48.9634672175635,42.4445275565547,0.276424629204846,11.5400913905271,-34.5709370832147,-26.8285458473731,-31.0766820394561,-28.4263909186908,-61.1747495864026,11.6129455401403,-63.3102751227797
422,422,738084.662392109,0.2,0.08,20.2510527720023,-68.5077864808652,48.925586899394,42.9055680688694,0.287417253028952,11.5505143927187,-33.3075369430269,-26.831532708866,-29.8163212917219,-28.4251225006249,-59.9244975254398,11.6230533170781,-62.0560710697189
423,423,738084.662392205,0.2,0.095,20.2545770628704,-65.5884138311455,48.8896801303017,43.3544262916383,0.299522685719798,11.5593021139544,-32.0120419149929,-26.8357564576837,-28.524014060583,-28.4249604420279,-58.6419970637554,11.631521747435,-60.7694531566219
424,424,738084.662392301,0.2,0.11,20.2550347178772,-62.6078352327855,48.8557580748928,43.7896090654933,0.312894845873992,11.5663812040242,-30.6861096289667,-26.8412521694727,-27.2014158162697,-28.4259449296418,-57.3288749394512,11.6382780461864,-59.4520516896047
425,425,738084.662392396,0.2,0.125,20.252310370392,-59.5700991309162,48.8238252377349,44.2096576248728,0.327715584297072,11.5716855751357,-29.3316174754743,-26.8480490629786,-25.8504008808416,-28.4281111637357,-55.9869778134646,11.6432567287245,-58.1057179364624
426,426,738084.662392491,0.2,0.14,20.2463034850742,-56.4796770073479,48.7938795268118,44.6131656643779,0.344200987124083,11.5751573910851,-27.9506529885352,-26.8561699436694,-24.4730528037992,-28.4314887777295,-54.6183629694689,11.6464005953962,-56.7325148234438
427,427,738084.662392616,0.2,0.155,20.2369300535592,-53.3414351900443,48.7659124012938,44.998797323433,0.362609331330108,11.5767479672617,-26.5455004477212,-26.8656307246603,-23.0716509716413,-28.4361013202862,-53.2252852384982,11.6476616261087,-55.3347038396828
428,428,738084.66239274,0.2,0.17,20.2241240839323,-50.1605992902617,45.3653046354774,48.7399090967928,-1.18754517230077,11.5764185557316,-25.1186238244777,-26.8764400401506,-21.6486535769135,-28.4419658152922,-51.8101802660027,11.6470017593624,-53.9147282666045
429,429,738084.662392835,0.2,0.185,20.2078388384874,-46.9427117705961,45.7115439682264,48.7158489225753,-1.1642943149297,11.5741409920879,-23.6726463205764,-26.8885989644031,-20.2066771947478,-28.4490924133889,-50.3756443616299,11.6443935324954,-52.4751929727894
430,430,738084.66239293,0.2,0.2,20.1880477804109,-43.6935833953449,46.0364910033438,48.6937056212762,-1.13797772217906,11.5698981842065,-22.2103268656189,-26.9021008464861,-18.7484733333907,-28.4574841464207,-48.9244112910423,11.6398205634296,-51.0188411343279
431,431,738084.662393117,0.2,0.215,20.1647452002178,-40.4192395292014,46.339253840298,48.6734477782815,-1.1080372944089,11.5636844275186,-20.7345340490067,-26.9169312675968,-17.2769024332312,-28.4671367932026,-47.4593264779091,11.6332778586897,-49.5485283501156
432,432,738084.662393216,0.2,0.23,20.1379464960156,-37.1258624418348,46.6190838596292,48.6550392736635,-1.07378847980756,11.5555055366827,-19.2482180537385,-26.9330681240358,-15.7949058803392,-28.4780388616663,-45.9833191768381,11.6247719377317,-48.0671947146697
433,433,738084.662393312,0.2,0.245,20.1076881050057,-33.8197309146303,46.8753840571325,48.6384397580527,-1.03439016618578,11.5453787892779,-17.7543812294404,-26.9504818349091,-14.3054766700819,-28.4901716887568,-44.499373248903,11.6143207694011,-46.5778354824117
434,434,738084.662393415,0.2,0.26,20.0740270797806,-30.5071585367254,47.1077146460567,48.6236051471555,-0.988810500804243,11.5333326831885,-16.2560479861769,-26.9691356696795,-12.8116294002342,-28.5035096557595,-43.0104972168207,11.6019535223285,-45.0834710030943
435,435,738084.662393512,0.2,0.275,20.0370403267104,-27.1944321123202,47.3157958174895,48.6104881172936,-0.935792525539084,11.5194065152238,-14.7562347064916,-26.9889861869214,-11.3163702886095,-28.5180205130348,-41.519694294014,11.5877101370058,-43.5871166255141
436,436,738084.662393607,0.2,0.29,19.9968235292969,-23.8877515699029,47.4995076472781,48.5990385998461,-0.873829695783521,11.5036497940598,-13.2579203602951,-27.0099837722654,-9.82266789723375,-28.5336658048559,-40.0299330704737,11.571640732743,-42.0917532554429
437,437,738084.662393704,0.2,0.305,19.9534897885895,-20.5931726903562,47.6588872361724,48.589204253805,-0.801173317228587,11.4861215054343,-11.7640184669219,-27.0320732607791,-8.33342520477447,-28.550401382118,-38.5441194994735,11.5538048675659,-40.6002992148391
438,438,738084.662393851,0.2,0.32,19.9071680208452,-17.3165538300501,47.7941232534955,48.5809309243151,-0.715914415731145,11.4668892514338,-10.2773509839088,-27.0551946268865,-6.85145360422308,-28.5681779884243,-37.0650707659437,11.5342706730114,-39.1155839860482
439,439,738084.662394001,0.2,0.335,19.8580011628253,-14.0635076494104,47.9055481376901,48.5741630642472,-0.616210534533372,11.446028288656,-8.80062461733525,-27.0792837236418,-5.37944931823719,-28.5869419034168,-35.5954915338201,11.5131138886324,-37.6403243409706
440,440,738084.662394119,0.2,0.35,19.806144230092,-10.839358647991,47.993628262166,48.5688441340843,-0.500746772068156,11.4236204917045,-7.33640994905169,-27.1042730526298,-3.91997262534968,-28.6066356263738,-34.1379529714198,11.4904168227472,-36.1771032565685
