frame_no,target_no,time_stamp,target_x,target_y,pupil_x,pupil_y,ellipse_min_axis,ellipse_max_axis,ellipse_angle,glint_1_x,glint_1_y,glint_2_x,glint_2_y,glint_3_x,glint_3_y,glint_4_x,glint_4_y
0,0,738084.800686265,-0.2,0.05,-36.6545731106627,-5.26609591627831,17.5308935235115,21.2127310755124,0.142691783447378,-19.0687238160827,10.2076063166167,-35.9976629363476,9.22053440926315,-35.3032415457669,-4.22587891013456,-19.0047552874593,-2.23944693122957
1,1,738084.800686365,-0.2,0.065,-36.938902726831,-3.83253536931393,17.5104327340311,21.215364041168,0.103383455492543,-19.1948263991036,10.8515890808335,-36.1251399451598,9.86295964646346,-35.4288219045944,-3.58376466595807,-19.1307420133659,-1.59574667404399
2,2,738084.800686462,-0.2,0.08,-37.2021443158076,-2.37966112203462,17.483166247214,21.218882223197,0.0638786704629371,-19.3108918536696,11.5040606767283,-36.242466007072,10.5138378720863,-35.5442155344567,-2.93307538358093,-19.2466773714185,-0.943468920102325
3,3,738084.800686558,-0.2,0.095,-37.4430974175015,-0.909647883138152,17.4489406459229,21.2233136589628,0.0242893630433158,-19.4163575017155,12.1639755110534,-36.3490721694633,11.1721255711532,-35.64885631344,-2.27485023143972,-19.3519984911605,-0.283656010322817
4,4,738084.800686655,-0.2,0.11,-37.6606452301265,0.5751698773307,17.4076391596578,21.2286840877838,-0.0152712509574736,-19.5107019922093,12.8302133156155,-36.4444312784766,11.8367048109143,-35.7422201964545,-1.61020336600276,-19.4461839046769,0.382574629233588
5,5,738084.800686752,-0.2,0.125,-37.8537695491318,2.07231342800302,17.3591845927269,21.235016654652,-0.0546906397442332,-19.5934525004151,13.5015868785036,-36.5280652592333,12.5063909607411,-35.8238324769709,-0.940316277001274,-19.5287607505951,1.05403817064754
6,6,738084.800686867,-0.2,0.14,-38.0215648558984,3.57917824584018,17.3035417247229,21.2423316278456,-0.0938588887009618,-19.6641914955931,14.1768512043,-36.5995519595416,13.1799418365242,-35.8932746071759,-0.2664287011096,-19.5993115454577,1.72949150142879
7,7,738084.800687,-0.2,0.155,-38.163251182928,5.09305519807613,17.2407190953005,21.2506461377082,-0.132670518710399,-19.7225628939505,14.8547139709988,-36.6585313718195,13.8560681374108,-35.9501903915447,0.410171765537269,-19.6574803391304,2.40764364482784
8,8,738084.800687099,-0.2,0.17,-38.2781853962848,6.61115407443698,21.2599739398801,17.1707700982511,1.39977020950466,-19.7682774226397,15.5338471027388,-36.7047110570655,14.5334449942405,-35.9942913780995,1.08816117694072,-19.7029780799226,3.08716730344127
9,9,738084.800687194,-0.2,0.185,-38.3658705743858,8.13062902409102,21.2703252108595,17.0937933332185,1.36196260429753,-19.8011170375089,16.2128992333813,-36.7378706118265,15.2107244051259,-36.0253612888885,1.76619164572262,-19.735587032061,3.7667113021325
10,10,738084.800687291,-0.2,0.2,-38.4259632066734,9.64860537099669,21.2817063815393,17.009932182524,1.32478640758719,-19.8209382616906,16.8905087990592,-36.7578650437295,15.8865482968218,-36.043259355999,2.44290439015314,-19.7551641125395,4.44491366913455
11,11,738084.800687388,-0.2,0.215,-38.4582779986657,11.1622072214571,21.2941200094883,16.9193736078425,1.28831569982452,-19.8276743430086,17.5653174703265,-36.7646269524361,16.5595619231845,-36.0479224608226,3.11694313164769,-19.7616430453652,5.12041506645443
12,12,738084.800687484,-0.2,0.23,-38.4627901438697,12.6685852484964,21.3075646977777,16.8223461869542,1.25261475036192,-19.8213361642965,18.2359836183486,-36.7581674493623,17.228427295895,-36.0393660108626,3.78696753811232,-19.7550352673132,5.79187226417076
13,13,738084.800687579,-0.2,0.245,-38.4396349997545,14.1649440201198,21.3220350591882,16.7191174360643,1.21773783662836,-19.8020118800917,18.9011955056783,-36.7385757893682,17.8918363388166,-36.0176835282654,4.45166640427054,-19.7354295587909,6.45797134904979
14,14,738084.800687674,-0.2,0.26,-38.3891051899158,15.6485682604853,21.3375217301989,16.6099904871572,1.18372933132544,-19.7698652939669,19.5596839010457,-36.7060177288182,18.5485234662402,-35.9830449655102,5.10977026858298,-19.7029904141852,7.11744036643272
15,15,738084.800687769,-0.2,0.275,-38.3116452358655,17.1168474675159,21.3540114309972,16.4953002141494,1.1506240189866,-19.7251330306265,20.2102338386636,-36.6607326648252,19.1972773063858,-35.9356938039994,5.76006318704965,-19.6579552060177,7.76906111517247
16,16,738084.800687864,-0.2,0.29,-38.2078438895324,18.567298375776,21.3714870775578,16.3754089041222,1.11844759889673,-19.668120593962,20.8516952746828,-36.60302964786,19.8369513235642,-35.8759430286621,6.40139341591238,-19.600630234293,8.41167984723395
17,17,738084.800687959,-0.2,0.305,-38.0784244182566,19.9975848330822,21.3899279340084,16.2507016050907,1.08721732870735,-19.5991974344938,21.4829924345818,-36.5332823926212,20.466473133545,-35.8041701042166,7.03268279609843,-19.5313857846948,9.0442166645519
18,18,738084.8006881,-0.2,0.32,-37.924233132912,21.4055347574027,21.4093098100513,16.1215812654293,1.05694276572485,-19.5187911756931,22.1031316931496,-36.4519234383455,21.0848523544069,-35.7208111049465,7.65293467980303,-19.4506503453625,9.66567345343879
19,19,738084.800688235,-0.2,0.335,-37.7462264964806,22.7891539353549,21.4296052936313,15.9884637888215,1.02762656488681,-19.4273811674826,22.7112078805003,-36.3594376287556,21.6911868868304,-35.6263541686891,8.26124029116131,-19.3589041507505,10.2751402485298
20,20,738084.800688338,-0.2,0.35,-37.5454571749988,24.1466365440226,15.8517731304224,21.4507840184077,-0.57153102696077,-19.3254915462007,23.3064089604698,-36.2563550930212,22.2846675705822,-35.5213324567065,8.85678346571119,-19.2566722321132,10.871799971157
21,21,738084.800688461,-0.18,0.05,-35.1323447934286,-5.09652493885353,21.1765192838692,17.8171622438321,-1.42673481290473,-18.407975169332,10.2843572619945,-35.3407154735838,9.29499504920453,-34.6454345927082,-4.15327461869741,-18.3432734258999,-2.16634829198568
22,22,738084.800688559,-0.18,0.065,-35.4116336854845,-3.65089859095308,17.7990768228377,21.1787729102364,0.102735866788337,-18.5322698191377,10.9346330966959,-35.4664375342112,9.94368530488156,-34.769238494141,-3.50492517680262,-18.4674478777552,-1.51639272852832
23,23,738084.800688686,-0.18,0.08,-35.6702433000137,-2.18557678853812,17.7738591331026,21.1819228762118,0.0611952058970321,-18.6467115476331,11.5935914129824,-35.5821887651248,10.6010225874245,-34.883035353357,-2.84780335334348,-18.5817552864013,-0.85766235429318
24,24,738084.800688788,-0.18,0.095,-35.9069704918667,-0.702794343930614,17.7413366444408,21.1859983867174,0.0195701449720517,-18.7507348814792,12.2601562057473,-35.6873970387339,11.2659330896203,-34.9862559690294,-2.18297834623855,-18.6856299948099,-0.191229654544679
25,25,738084.800688888,-0.18,0.11,-36.1206952111998,0.795047084036387,17.7013758120218,21.1910263186276,-0.0220072931181457,-18.8438154099439,12.9331732682546,-35.7815317848558,11.9372650663418,-35.0783729863759,-1.51159788547202,-18.7785474852414,0.481754251176739
26,26,738084.800688986,-0.18,0.125,-36.3103957858399,2.30539519440354,17.6538853714137,21.1970309096907,-0.0634062178699471,-18.9254771645607,13.6114182805033,-35.8641114579634,12.613796910312,-35.1589083449314,-0.834880227541947,-18.8600317637061,1.16006764477802
27,27,738084.800689082,-0.18,0.14,-36.475163355954,3.82556642076914,17.5988190659071,21.2040334636069,-0.104499355459355,-18.9952995681556,14.2936064269888,-35.9347105685864,13.2942467525433,-35.2274402850573,-0.154104617813921,-18.9296623126759,1.84242778007113
28,28,738084.800689179,-0.18,0.155,-36.6142150666923,5.3527682049055,17.5361777029049,21.2120520727852,-0.145165359118685,-19.0529237615884,14.9784034034413,-35.9929660848976,13.9772834471558,-35.2836097195545,0.529399640890407,-18.9870804202566,2.52750184900297
29,29,738084.80068928,-0.18,0.17,-36.7269056492335,6.88412378290058,21.2211013701064,17.466010457241,1.38550548250115,-19.0980581255101,15.6644376189516,-36.0385830196468,14.6615387472929,-35.3271257859589,1.21426532192409,-19.0319947029913,3.21391915137448
30,30,738084.800689375,-0.18,0.185,-36.8127370489437,8.41669900295738,21.2311923116533,17.388415357504,1.34602425709815,-19.1304828318443,16.3503133516291,-36.0713390351513,15.3456204307174,-35.3577704129163,1.89910037073718,-19.0641856569279,3.9002842273041
31,31,738084.800689471,-0.18,0.2,-36.871365810639,9.9475306060881,21.2423319981659,17.3035389166417,1.30728011196551,-19.1500532850697,17.0346245754769,-36.0910879247732,16.0281260933696,-35.3754017598376,2.58250168248725,-19.0835090969803,4.58519067097563
32,32,738084.800689567,-0.18,0.215,-36.9026079997855,11.4736553416048,21.2545235380941,17.2115748999491,1.2693540942469,-19.1567023458373,17.715969146123,-36.0977618621532,16.7076572992512,-35.3799564220482,3.26306925039804,-19.0898983771456,5.26723531385415
33,33,738084.800689665,-0.18,0.23,-36.9064415103934,12.9921392511134,21.2677659586559,17.1127622494352,1.23231504245872,-19.1504412674264,18.3929630153801,-36.091372347877,17.3828337574141,-35.3714503321261,3.93942035589186,-19.0833653221248,5.94503244754864
34,34,738084.800689762,-0.18,0.245,-36.8830056957869,14.5001064381085,21.2820541641037,17.0073822138752,1.19621953728624,-19.1313593171487,19.0642541406184,-36.0720098253693,18.0523071929205,-35.3499783303041,4.61020346711333,-19.0639998425787,6.61722775216005
35,35,738084.800689864,-0.18,0.26,-36.8325983462201,15.9947666670554,21.2973789465674,16.8957547617279,1.16111219073208,-19.0996220978134,19.7285357649545,-36.0398419813407,18.7147745886954,-35.3157124203263,5.27411152204855,-19.0319682492752,7.28251160562516
36,36,738084.800689959,-0.18,0.275,-36.7556701205169,17.4734411701173,21.3137270456159,16.778234375659,1.12702621294228,-19.0554686264905,20.3845587677894,-35.9951107887183,19.3689904986946,-35.2688987697433,5.92989429551256,-18.9875103235644,7.9396314727676
37,37,738084.800690054,-0.18,0.29,-36.652816620281,18.9335861186537,21.3310812588956,16.6552053481203,1.09398419329887,-18.9992072668097,21.0311428208371,-35.9381283894653,20.0137781683791,-35.2098535529963,6.57636958445023,-18.9309352406207,8.58740310808278
38,38,738084.80069015,-0.18,0.305,-36.5247683632973,20.3728133015955,21.3494206008299,16.5270767101066,1.06199903168283,-18.9312106448777,21.6671861302596,-35.8692719489521,20.6480392438882,-35.1389577697972,7.21243299109716,-18.8626164757923,9.2247203515442
39,39,738084.800690246,-0.18,0.32,-36.3723789674732,21.788907653234,21.3687205041643,16.3942769284297,1.03107496012932,-18.8519097061037,22.2916735982392,-35.7889776410613,21.2707619038925,-35.0566511986599,7.83706613590976,-18.7829858515615,9.85056334924051
40,40,738084.800690342,-0.18,0.335,-36.1966118988557,23.1798413978362,21.388953062467,16.2572485140148,1.00120860477807,-18.7617870895807,22.9036832940855,-35.6977339428031,21.8810273047561,-34.9634256648839,8.44934318870035,-18.692526902033,10.4640050873464
41,41,738084.800690438,-0.18,0.35,-35.9985261607153,24.5437846790302,16.1164426714285,21.4100873047112,-0.598406283216569,-18.6613700077622,23.5023911827875,-35.5960744284333,22.4780142872974,-34.8598178133091,9.04843566404596,-18.5917677429,11.064216185698
42,42,738084.800690626,-0.16,0.05,-33.5493899754539,-4.92075731608935,21.1420417648274,18.0984673322989,-1.42516269042021,-17.7172846318655,10.3641221186045,-34.6536710321542,9.37240222629925,-33.957494044309,-4.07754386618701,-17.6518158858712,-2.09014140641531
43,43,738084.800690724,-0.16,0.065,-33.8225468013391,-3.46419489147333,18.0827967592824,21.1439343171967,0.102066736597687,-17.8392457001341,11.02016473244,-34.7771104995547,10.0268314781455,-34.0789950464507,-3.42348359110669,-17.773652055417,-1.43445639088323
44,44,738084.800690822,-0.16,0.08,-34.075515840561,-1.98759813357737,18.0596738184323,21.1467328792709,0.058263199904576,-17.9515789985406,11.6850638716362,-34.8908003734446,10.6900823279335,-34.1907099134384,-2.76047329986645,-17.8858465035103,-0.769818972002218
45,45,738084.800690918,-0.16,0.095,-34.3070987668059,-0.493258182780731,18.0289064850911,21.1504677287346,0.0143767388132666,-18.0537199054395,12.3577149475764,-34.9941690076332,11.3610525081893,-34.2920700183353,-2.08961039871518,-17.9878344367507,-0.0973299523663185
46,46,738084.800691013,-0.16,0.11,-34.5161793081855,1.01636031713664,17.9903440150689,21.1551667915733,-0.0294374041753387,-18.1451443561913,13.0369318419391,-35.086685829857,12.0385584909425,-34.3825481074659,-1.41207417094147,-18.0790916962581,0.581827881347518
47,47,738084.800691109,-0.16,0.125,-34.7017387546763,2.53863609661724,17.9438806167885,21.160855318681,-0.0730257887327603,-18.2253763455888,13.7214553365417,-35.1678689383665,12.7213439036023,-34.4616658765215,-0.729117436179649,-18.1591422648893,1.26639813083698
48,48,738084.800691205,-0.16,0.14,-34.862870626041,4.07081150658527,21.1675555771299,17.8894585172474,1.45455631801139,-18.2939950036974,14.4099631698408,-35.2372922664631,13.4080895665343,-34.5290011088927,-0.0420565802367861,-18.2275653467427,1.95506079094772
49,49,738084.8006913,-0.16,0.155,-34.998794091388,5.61001583861877,17.8270703024398,21.1752865614503,-0.158939657967652,-18.3506410466576,15.1010815717984,-35.2945921140044,14.0974250042037,-34.5841941755775,0.647739898554987,-18.2840018203142,2.64644374007135
50,50,738084.800691395,-0.16,0.17,-35.1088657587622,7.15329131696666,21.1840637321321,17.756760442024,1.36980144263051,-18.3950224127697,15.7933980711118,-35.3394728538242,14.7879412242219,-34.6269537051065,1.3388641227156,-18.3281598755105,3.33913551162415
51,51,738084.80069149,-0.16,0.185,-35.1925894772597,8.6976212398658,21.1938987874492,17.6786259201676,1.3285078956969,-18.4269189119344,16.485475316393,-35.371711638981,15.4782045063839,-34.6570612500814,2.02988259242414,-18.3598196625151,4.03169908943539
52,52,738084.800691586,-0.16,0.2,-35.2496238543091,10.2399596693256,21.2047994736872,17.5928159305585,1.28807922099735,-18.4461857427021,17.1758656089173,-35.3911619632413,16.1667708999656,-34.6743748036164,2.71935066526834,-18.3788368067188,4.72268642562852
53,53,738084.800691685,-0.16,0.215,-35.279787255022,11.7772619921858,21.2167694398246,17.499530623143,1.24860366890977,-18.4527557648778,17.8631258119674,-35.3977559613664,16.8522010950923,-34.6788310532178,3.40582742551024,-18.3851446776747,5.41065334662691
54,54,738084.800691781,-0.16,0.23,-35.2830601288971,13.3065156349937,21.2298081392048,17.3990189200605,1.21015422920607,-18.4466404551921,18.5458322827304,-35.3915053757898,17.5330753150231,-34.6704462998331,4.08789059000036,-18.3787553396683,6.0941744935078
55,55,738084.800691875,-0.16,0.245,-35.2595846011734,14.8247702113822,21.2439107839673,17.2915754575314,1.17278881730002,-18.4279295169783,19.2225954686341,-35.3725011602996,18.2080078721833,-34.6493160137923,4.76415109330377,-18.3597591549477,6.77185793842115
56,56,738084.800691971,-0.16,0.26,-35.2096613506115,16.3291663882168,21.2590683501753,17.1775367335233,1.13655088209768,-18.396789159716,19.8920738212354,-35.3409117367971,18.8756610420341,-34.6156130448979,5.43326700536316,-18.3283230556477,7.44235912966936
57,57,738084.800692068,-0.16,0.275,-35.1337438895605,17.8169628187705,21.2752676378431,17.0572765731257,1.10147034466636,-18.3534591082983,20.5529867067997,-35.2969799657674,19.5347579348663,-34.5695845483868,6.09395646052841,-18.2846875444555,8.1043938436681
58,58,738084.800692163,-0.16,0.29,-35.0324304413126,19.2855605564282,21.2924913810667,16.9312010407585,1.0675647720429,-18.2982484424831,21.2041260318086,-35.2410189322116,20.1840940846585,-34.5115477295478,6.74500931542233,-18.2291625247096,8.75674986082436
59,59,738084.800692289,-0.16,0.305,-34.9064536837898,20.7325244706341,21.3107184085639,16.7997429463974,1.03484069841845,-18.2315304022009,21.8443663515049,-35.1734066844611,20.8225475239024,-34.4418845452763,7.38529730253068,-18.1621220958631,9.39829713195326
60,60,738084.800692385,-0.16,0.32,-34.7566686847863,22.1556012946091,21.3299238526474,16.663356097682,1.00329501465932,-18.1537363224488,22.4726732870717,-35.0945800916749,21.4490871706722,-34.3610355290932,8.01378250355125,-18.0839984782799,10.0279962591752
61,61,738084.80069248,-0.16,0.335,-34.584039394678,23.5527340591503,16.5225094537446,21.3500793948413,-0.597879965133254,-18.0653488813157,23.0881101388413,-35.0050280059039,22.0627794158553,-34.2694929260445,8.62952402803623,-17.9952752511537,10.6449051769163
62,62,738084.800692575,-0.16,0.35,-34.3896240866925,24.9220727924584,16.3776813232481,21.3711535528425,-0.627109849886593,-17.9668948557089,23.68984264552,-34.9052839257842,22.6627928609145,-34.1677933348485,9.23168284528729,-17.8964800983825,11.2481839812093
63,63,738084.800692699,-0.14,0.05,-31.9076960719268,-4.73908493571474,21.1093784761677,18.3732629491597,-1.42334940561747,-16.9974846952454,10.4467579053952,-33.9373389760943,9.45261805400961,-33.2402305777136,-3.99880747663314,-16.9312160768344,-2.01095004216636
64,64,738084.800692796,-0.14,0.065,-32.173617061967,-3.2728231456908,18.3600181094504,21.1109303654077,0.101375109402197,-17.1165769948228,11.1079867814678,-34.0579580430671,10.1122062493461,-33.358892242711,-3.33961433040581,-17.0501784272456,-1.35011522479747
65,65,738084.800692892,-0.14,0.08,-32.4199245725961,-1.78623685648887,18.3390107588074,21.1133963913849,0.055041234360386,-17.2263077399382,11.7782237096346,-34.1690900349114,10.7807682389478,-33.4680300724806,-2.67131618964009,-17.1597654961158,-0.680173081571642
66,66,738084.800692987,-0.14,0.095,-32.6454330651926,-0.28166904946878,18.3100293037117,21.116807793913,0.0086279161834527,-17.3261170520483,12.4563377058468,-34.2701676937268,11.4571754857427,-33.5670799178484,-1.99503649382238,-17.259417248449,-0.0022505498497295
67,67,738084.800693082,-0.14,0.11,-32.8490375255683,1.23835768755313,18.2729056466566,21.1211934442404,-0.037680603163576,-17.4154848587653,13.1411131900137,-34.360664105564,12.1402151301202,-33.6555182820368,-1.31198364206461,-17.3486135333615,0.682440361861293
68,68,738084.800693177,-0.14,0.125,-33.029729067008,2.7711586720922,18.2275192425222,21.1265795109774,-0.083702893923087,-17.493938454094,13.831258736647,-34.4401003612087,12.8285987251454,-33.7328699599579,-0.623442337815852,-17.426881649057,1.37261126248327
69,69,738084.800693306,-0.14,0.14,-33.1866097038408,4.31390818888392,18.1738005064337,21.1329891399831,-0.129264601160354,-17.5610596392662,14.5254175441474,-34.5080527918544,13.5209726852415,-33.7987152464021,0.0692367880081232,-17.4938034872296,2.06690779153322
70,70,738084.800693404,-0.14,0.155,-33.3189058850256,5.86366379817295,21.1404421536394,18.1117334493381,1.39659403737656,-17.6164912408338,15.2221794669292,-34.5641595736118,14.2159302927401,-33.8526965073841,0.764649122160358,-17.5490220533869,2.76392160283844
71,71,738084.800693499,-0.14,0.17,-33.4259803862928,7.41739345755432,21.1489547795424,18.0413574270331,1.35242965884726,-17.6599428112776,15.9200943925277,-34.6081265034966,14.9120250448112,-33.8945239178324,1.46134936706131,-17.5922471682381,3.46220370255182
72,72,738084.800693595,-0.14,0.185,-33.5073422051473,8.97200491115094,21.1585394098954,17.9627679280995,1.30917126737472,-17.6911953352457,16.6176866893663,-34.6397317676569,15.6077850670088,-33.9239801871206,2.15786591965068,-17.6232601731609,4.1602788685209
73,73,738084.80069369,-0.14,0.2,-33.5626541426154,10.5243767007466,21.1692044035771,17.8761163383355,1.26693328252819,-17.7101047912969,17.3134704035424,-34.65882954973,16.3017282725098,-33.9409241212564,2.8527160115182,-17.641917489608,4.85666083043365
74,74,738084.800693786,-0.14,0.215,-33.5917378393211,12.0713900807851,21.1809539313573,17.7816086747509,1.2258110413453,-17.7166044536183,18.0059648479366,-34.6653523622508,16.9923779111917,-33.9452929057079,3.54442125530448,-17.6481529169374,5.54986785474448
75,75,738084.800693912,-0.14,0.23,-33.5945761049201,13.6099610763693,21.1937878710603,17.679503303206,1.18588073180608,-17.7107058589449,18.6937102065714,-34.6593120253678,17.6782781324365,-33.9371030343102,4.23152322157146,-17.6419785939625,6.2384383575861
76,76,738084.800694039,-0.14,0.245,-33.5713124735481,15.1370719082011,21.2077017546462,17.5701076952632,1.14719997703742,-17.6924984087287,19.3752827730171,-34.640799262531,18.3580091814708,-33.9164498551353,4.9125986656813,-17.6234845944052,6.92094616431936
77,77,738084.800694136,-0.14,0.26,-33.5222480143344,16.6498010397351,21.2226867711861,17.4537743186413,1.10980893979865,-17.6621476230041,20.0493094541396,-34.6099819298476,19.0302018615673,-33.883505751248,5.58627403618628,-17.5928371728728,7.59601504644212
78,78,738084.800694232,-0.14,0.275,-33.4478355124296,18.1453511434079,21.2387298230833,17.3308957764588,1.07373180407829,-17.6198921077902,20.7144811989314,-34.5671019417836,19.693550922858,-33.8385170202046,6.25123892412947,-17.5502757233937,8.26233219461217
79,79,738084.800694327,-0.14,0.29,-33.3486712253076,19.6210743787535,21.2558136379254,17.2018993415579,1.03897849901913,-17.566039339727,21.3695650547929,-34.5124709983463,20.3468270810587,-33.78179955849,6.90625815475155,-17.4961085544715,8.91866032883338
80,80,738084.800694434,-0.14,0.305,-33.2254844900618,21.0744944707726,21.2739169302327,17.0672410429596,1.00554654211221,-17.5009604078251,22.0134146077201,-34.4464652554979,20.9888874233905,-33.7137334935718,7.5501822767251,-17.4307076207772,9.56384820064402
81,81,738084.800694551,-0.14,0.32,-33.0791255175804,22.5033252103905,16.9273994754794,21.2930146121312,-0.597373425051074,-17.4250838808728,22.6449786250928,-34.3695191096292,21.6186840210693,-33.6347569351447,8.1819562658701,-17.354502380283,10.196839304185
82,82,738084.800694701,-0.14,0.335,-32.9105517502106,23.9054851262286,16.7828694993561,21.3130780481329,-0.628210526357982,-17.3388889890947,23.2633077863583,-34.2821182872502,22.2352706341984,-33.5453590372393,8.80062632661483,-17.2679729657084,10.8166786795237
83,83,738084.800694814,-0.14,0.35,-32.720813182594,25.2791082101658,16.6341559927764,21.3340753455622,-0.657789924613754,-17.2428983195689,23.867559454162,-34.1847924420512,22.837807461947,-33.4460725737077,9.40534474152066,-17.1716428699936,11.4225177588136
84,84,738084.800694953,-0.12,0.05,-30.2099335498237,-4.55187545966115,21.0786001969248,18.6399683151656,-1.42124650114152,-16.249746611191,10.5320837791035,-33.1928678419,9.53546771896175,-32.4947944797682,-3.91722416494627,-16.1826465542417,-1.92893582249481
85,85,738084.800695111,-0.12,0.065,-30.4675208807291,-3.07725312522908,18.6291288468766,21.0798338021337,0.100659742120462,-16.3654344184499,11.1978663698559,-33.3101275340356,10.1995829885064,-32.6100793699477,-3.25352749906691,-16.2981990313871,-1.26358243600296
86,86,738084.800695212,-0.12,0.08,-30.7061506207046,-1.58207034833682,18.6102302803816,21.0819880518309,0.0514773950740896,-16.4720674142368,11.872783259049,-33.418203458531,10.8727991120023,-32.7161436328885,-2.58059631690629,-16.4046832493073,-0.588992272642275
87,87,738084.80069531,-0.12,0.095,-30.9246582866222,-0.0687167637025147,18.5830417192846,21.0850950233415,0.00222206661816696,-16.5690945191106,12.555679610724,-33.5165368236053,11.5539638276193,-32.812431670486,-1.89957756674947,-16.5015479908188,0.0936841289671823
88,88,738084.800695405,-0.12,0.11,-31.1219579043965,1.4602329666878,18.5473778679472,21.0891844162219,-0.0468853160589384,-16.6560034644189,13.2453132515074,-33.6046082053987,12.2418378125695,-32.8984275688048,-1.21170591329145,-16.5882809275254,0.783208398272306
89,89,738084.8006955,-0.12,0.125,-31.2970575625287,3.00203724655324,18.5031034665205,21.0942832079399,-0.0956281815885845,-16.7323283395169,13.9403637163138,-33.6819452017925,12.9351037118324,-32.9736627294407,-0.518294793229276,-16.6644161716472,1.47826331188625
90,90,738084.800695597,-0.12,0.14,-31.4490741559827,4.55380935902005,18.4501370415657,21.1004153243145,-0.143800018183012,-16.7976567298039,14.6394430971624,-33.7481296711358,13.632376964643,-33.0377230795134,0.179274335306523,-16.7295414174721,2.17746358202255
91,91,738084.800695692,-0.12,0.155,-31.5772469023627,6.11254267921765,21.1076013303044,18.3884538325744,1.37958691407722,-16.8516362395874,15.3411085323047,-33.8028043469419,14.3322182661554,-33.0902556517127,0.879564389352466,-16.7833044662802,2.87936829337554
92,92,738084.800695792,-0.12,0.17,-31.6809492304982,7.6751388361214,21.1158581470544,18.3180877756408,1.33311218940764,-16.8939802021076,16.0438761067107,-33.8456786281042,15.0331474357711,-33.1309743345176,1.58109647745727,-16.8254189369425,3.58249476124938
93,93,738084.800695927,-0.12,0.185,-31.7596986689757,9.23843824200612,21.1251988039126,18.2391324459597,1.28772222173354,-16.9244723969097,16.7462358747497,-33.8765333622482,15.73365840356,-33.159664610994,2.28236484909854,-16.8556689823146,4.28533352327989
94,94,738084.800696037,-0.12,0.2,-31.813164425462,10.799252312585,21.1356322303347,18.1517409041269,1.24354319796702,-16.9429706217398,17.4466676654,-33.8952244672604,16.432234975897,-33.1761871321803,2.98185263973517,-16.8739128585507,4.986364126247
95,95,738084.800696133,-0.12,0.215,-31.841172411456,12.3543966172102,21.1471630936456,18.056124423417,1.2006767947809,-16.9494090012631,18.143657293004,-33.9016852716239,17.1273670042428,-33.1804800068371,3.67804803635699,-16.8800852296993,5.6840713317816
96,96,738084.800696229,-0.12,0.23,-31.8437075542729,13.900724157006,21.1597916874223,17.9525501173235,1.15920058968234,-16.9437989563981,18.8357127750256,-33.8959274962959,17.8175665595428,-33.1725597315321,4.36946046633538,-16.8741981314151,6.37696134272891
97,97,738084.800696326,-0.12,0.245,-31.8209133257068,15.4351579508109,21.1735138738023,17.8413375241551,1.1191693030984,-16.9262288037504,19.5213801541289,-33.8780408472027,18.5013837106453,-33.1525207314242,5.05463640770268,-16.856340563445,7.06357764735614
98,98,738084.800696422,-0.12,0.26,-31.773088519045,16.9547221424922,21.1883210806837,17.7228542501016,1.08061666085877,-16.8968620019756,20.1992585356438,-33.8481912354342,19.1774215188857,-33.1205335301435,5.73217443213512,-16.8266767278608,7.74251609183975
99,99,738084.800696519,-0.12,0.275,-31.700681392637,18.4565708946511,21.204200357121,17.5975107953751,1.04355766224645,-16.8559341081452,20.868013982294,-33.8066176891592,19.8443498917721,-33.0768416139995,6.40073912212981,-16.7854429763748,8.41243882187504
100,100,738084.800696615,-0.12,0.29,-31.6042813870862,19.9380144276174,21.2211344828448,17.4657547199107,1.00799106126832,-16.8037485498903,21.5263919540534,-33.7536280645401,20.5009179845995,-33.0217570989252,7.05907354927909,-16.7329435727129,9.07208677981587
101,101,738084.800696711,-0.12,0.305,-31.4846087011482,21.3965416780285,21.2391021323276,17.3280643251807,0.973901898487092,-16.7406713557448,22.1732280391186,-33.6895937001426,21.1459648968277,-32.9556553456082,7.70601005817117,-16.6695454127734,9.72029050161059
102,102,738084.800696808,-0.12,0.32,-31.3425020645916,22.8298391780454,17.1849420304162,21.2580780873099,-0.62953236861823,-16.6671250151689,22.8074567887081,-33.6149431887574,21.7784284766197,-32.878968697488,8.34047916672024,-16.595671874292,10.3559790242673
103,103,738084.800696902,-0.12,0.335,-31.1789050926944,24.2358059074023,17.0369076313948,21.2780334947687,-0.660754264091065,-16.5835816597475,23.4281185395377,-33.5301554609113,22.3973521179157,-32.7921795364324,8.9615164645789,-16.5117959877804,10.9781867856179
104,104,738084.800697052,-0.12,0.35,-30.9948516258342,25.612564008042,16.8844916162248,21.2989361634732,-0.690602178745092,-16.4905557677866,24.0343641794314,-33.4357523851222,23.0018895058045,-32.695812861488,9.56826746265205,-16.4184331311958,11.5860584697236
105,105,738084.800697174,-0.1,0.05,-28.4594671823814,-4.35957212245075,21.0497673014289,18.8969971298357,-1.41879263284201,-15.4755875804419,10.6198812586603,-32.4217529922759,9.62073967164738,-31.7226833052397,-3.83299073372969,-15.4076262172336,-1.8442983648723
106,106,738084.80069727,-0.1,0.065,-28.7076489807265,-2.87802295727092,18.8885095729341,21.0507067411364,0.0999189696604981,-15.5873445059499,11.2895363652222,-32.5351230488232,10.2887017247724,-31.8340628620852,-3.16546791339642,-15.5192421297566,-1.17510583821649
107,107,738084.800697396,-0.1,0.08,-28.937608037988,-1.37573662189969,18.8716835096407,21.0525716545182,0.0475057076990986,-15.69039266208,11.9684242144155,-32.6396522478188,10.965864032296,-31.9365647280625,-2.48860907018584,-15.6221361590287,-0.496575114493242
108,108,738084.80069752,-0.1,0.095,-29.148209304299,0.144856456810039,18.8462693767542,21.055394820333,-0.00496961111969166,-15.7841938944373,12.6553690036838,-32.7347944177688,11.6510534927689,-32.0296460047142,-1.80358180118041,-15.7157700349876,0.190122537057022
109,109,738084.800697616,-0.1,0.11,-29.3383937482119,1.68113620559585,18.8120651708275,21.0592066362767,-0.0572389834788601,-15.8682476252095,13.3491052375753,-32.8200415384124,12.3430075897862,-32.1128022673904,-1.11164378973642,-15.7996431417606,0.883725641965677
110,110,738084.800697795,-0.1,0.125,-29.5071937090092,3.23031152076718,18.768921248385,21.0640347680113,-0.109041158539821,-15.9420983126161,14.048287037791,-32.8949313123694,13.0403836834605,-32.1855751134838,-0.41413360226845,-15.8732999815376,1.58289175970847
111,111,738084.8006979,-0.1,0.14,-29.6537474650524,4.78944275095748,18.7167444098193,21.0699038122864,-0.160129392313132,-16.0053425142196,14.7514993310671,-32.9590543345283,13.7417701742099,-32.2475593019047,0.287540395936795,-15.9363372410787,2.28620860717163
112,112,738084.800698046,-0.1,0.155,-29.7773126011702,6.35546771767496,21.0768349784284,18.6555011138247,1.36051820328036,-16.0576353479573,15.4572707457283,-33.0120606499301,14.4456993699736,-32.2984092749318,0.991912839585516,-15.98841025458,2.99220689931666
113,113,738084.800698167,-0.1,0.17,-29.8772777680127,7.92523079750398,21.0848457990153,18.5852196858077,1.31150816968035,-16.0986961527077,16.1640879779015,-33.0536654989601,15.1506618183178,-32.3378448618503,1.69747564075365,-16.0292386645794,3.69937466993051
114,114,738084.800698262,-0.1,0.185,-29.9531724706184,9.49551446471212,21.0939498728494,18.5059914236286,1.26380619807563,-16.1283131678618,16.8704113247731,-33.0836540666031,15.8551218014787,-32.3656559819474,2.40269344482459,-16.0586111002939,4.40617277146543
115,115,738084.800698358,-0.1,0.2,-30.0046745654169,11.0630725787592,21.1041566500882,18.4179705248462,1.21755010997914,-16.1463470782958,17.5746910289525,-33.1018850798464,16.5575336392456,-32.3817061920075,3.10601991145034,-16.0763887197817,5.11105119931652
116,116,738084.800698453,-0.1,0.215,-30.0316152268883,12.624664624434,21.1154712628754,18.3213728188792,1.17284608936208,-16.1527333063454,18.2753840386496,-33.1082931330491,17.2563584053621,-32.3859349592994,3.80591442719914,-16.0825074975343,5.81246584607992
117,117,738084.800698548,-0.1,0.23,-30.0339812190064,14.1770900580025,21.1278944074516,18.2164733126451,1.12976994987838,-16.1474829740824,18.970970765785,-33.1028896634618,17.9500806406615,-32.3783585835533,4.50085883347039,-16.076979180924,6.50889526828371
118,118,738084.800698644,-0.1,0.245,-30.0119144091425,15.7172219092111,21.1414222810532,18.1036026213553,1.08836944063703,-16.1306825051999,19.6599714201018,-33.0857625457387,18.6372246421231,-32.3590697381204,5.18937374858124,-16.0598908849248,7.19885704350335
119,119,738084.80069874,-0.1,0.26,-29.9657085488752,17.2420388091032,21.1560465754764,17.9831423803449,1.04866725188318,-16.1024918834521,20.3409615122543,-33.05707432269,19.3163699219719,-32.3282356489277,5.87003407723076,-16.0314033422521,7.88092331019469
120,120,738084.800698834,-0.1,0.275,-29.8958034427997,18.7486546795783,21.1717545288227,17.8555197740339,1.01066440419888,-16.063141631185,21.0125861519156,-33.0170591367953,19.9861654639517,-32.2860949770271,6.54148333294601,-15.9917478726964,8.55373511516544
121,121,738084.800698973,-0.1,0.29,-29.802776720085,20.2343454207752,21.188529034379,17.7212013577588,0.974343755009762,-16.0129286143857,21.6735728160091,-32.9660184705453,20.6453424528669,-32.2329535139615,7.20244644756807,-15.9412221783098,9.21601524224777
122,122,738084.800699101,-0.1,0.305,-29.6873334882539,21.6965720473109,17.5806863522801,21.2063488033586,-0.631122911505863,-15.9522108174637,22.3227423240343,-32.9043158410321,21.2927252152243,-32.1691788363586,7.85174080317098,-15.8801851079499,9.86657925728354
123,123,738084.800699202,-0.1,0.32,-29.5502942129848,23.1329998734067,17.434499611449,21.2251885798543,-0.664186394647127,-15.8814012599832,22.9590178282517,-32.8323706236167,21.9272401794188,-32.0951940953632,8.48828529211901,-15.8090505636502,10.5043445750752
124,124,738084.800699298,-0.1,0.335,-29.3925812101859,24.541513485077,17.2831844592755,21.2450194003256,-0.695695180603317,-15.8009612474254,23.5814317017848,-32.7506511997123,22.5479227390253,-32.0114711364832,9.11110728594695,-15.7282807411695,11.12833742913
125,125,738084.800699393,-0.1,0.35,-29.2152041512412,25.9202274076428,17.1272955890638,21.2658088945319,-0.725707644323635,-15.7113931584181,24.1891302831881,-32.659667634172,23.1539219780338,-31.9185231556524,9.71934746900423,-15.6383789073944,11.7376977004816
126,126,738084.800699544,-0.08,0.05,-26.6603483981547,-4.16269131285465,21.0229287124925,19.1427900262405,-1.41590899681635,-14.6768685173304,10.7098955800889,-31.6258348617152,9.70818691799577,-30.9257401142279,-3.74634116441644,-14.6080180712641,-1.75727431138957
127,127,738084.800699642,-0.08,0.065,-26.8980996966204,-2.67573433196891,19.1365669482245,21.0235995715597,0.0991505119589449,-14.784187911939,11.3826979377793,-31.7348041710111,10.379271640037,-31.0327050884674,-3.07571300515889,-14.7151905062093,-1.08496569079115
128,128,738084.80069974,-0.08,0.08,-27.1184380368234,-1.16792695624622,19.1217466858975,21.025199013511,0.0430410357424198,-14.883181944167,12.0648014944318,-31.8353132407725,11.0596261686843,-31.1311731469607,-2.39567755276545,-14.8140248521663,-0.403247705447432
129,129,738084.800699866,-0.08,0.095,-27.3202660761077,0.358266081234088,19.0980620285632,21.0277603721055,-0.0131128132525656,-14.9733294745976,12.7550126844241,-31.9268326441448,11.7480597645339,-31.2206182085959,-1.70741988102113,-14.9039998793199,0.286690828976162
130,130,738084.800699963,-0.08,0.11,-27.5025595447091,1.90018669674057,19.0652951051175,21.0313146037871,-0.0689816431632612,-15.0541454779958,13.4520463357098,-32.0088696585653,12.443290359619,-31.3005512237883,-1.01221707668821,-14.9846305488272,0.98356896212551
131,131,738084.80070006,-0.08,0.125,-27.6643822425706,3.45500252350459,19.0232825282272,21.0358899324807,-0.124246607990827,-15.1251883385711,14.1545352087623,-32.0809756781905,13.1439540761364,-31.3705275625876,-0.311428812403343,-15.0554753122273,1.68602307311112
132,132,738084.800700163,-0.08,0.14,-27.8049002844627,5.01972997123461,21.0415115054585,18.971919792523,1.39218619178363,-15.1860667647601,14.8610414761989,-32.1427532395614,13.8486166802156,-31.4301540093488,0.393514024334552,-15.1161430291535,2.39261828202061
133,133,738084.800700317,-0.08,0.155,-27.9233951768946,6.59126093565228,21.0482010705869,18.9111647609439,1.33899146735881,-15.2364461198359,15.5700699683098,-32.1938624535298,14.5557867962733,-31.4790951573652,1.10112247434736,-15.1662992994935,3.10186163621145
134,134,738084.800700413,-0.08,0.17,-28.0192753303024,8.16639266660746,21.0559766795284,18.8410400943193,1.28719615673154,-15.2760539722207,16.2800829367174,-32.2340266441593,15.2639306346979,-31.5170790048184,1.80986417735749,-15.2056720137626,3.81221682563248
135,135,738084.800700503,-0.08,0.185,-28.0920856402055,9.74186016802498,21.0648524256557,18.761634510432,1.23699022408854,-15.304684686626,16.9895160218609,-32.2630370128417,15.9714879192814,-31.5439015711575,2.5181792585099,-15.2340559427438,4.52212011461432
136,136,738084.800700626,-0.08,0.2,-28.1415148267578,11.3143703878207,21.0748382222251,18.6731027989618,1.1885216841311,-15.3222029036673,17.696795054286,-32.2807561728482,16.6768886452778,-31.5594303801964,3.22449706333894,-15.2513162140363,5.22999712148345
137,137,738084.800700717,-0.08,0.215,-28.1674002911906,12.8806373730021,21.0859396275434,18.575664563365,1.14189756986807,-15.3285457904652,18.4003532786726,-32.2871204349121,17.3785702580483,-31.5636066917863,3.92725333219339,-15.2573905580511,5.93428003583586
138,138,738084.800700805,-0.08,0.23,-28.1697303279738,14.437417511003,21.0981577222896,18.4696017015602,1.09718668800323,-15.3237239860561,19.0986485661002,-32.2821407665044,18.0749948189482,-31.556446406071,4.62490738116567,-15.2522902473809,6.63342483938075
139,139,738084.800700893,-0.08,0.245,-28.1486436320225,15.9815439742339,21.1114890400553,18.355254699035,1.0544236120474,-15.3078212111258,19.790180176148,-32.26590239381,18.7646657212167,-31.5380396107536,5.3159588519988,-15.2360996992115,7.32592809180242
140,140,738084.800700981,-0.08,0.26,-28.1044261213607,17.5099595045889,21.1259255584567,18.2330178291288,1.01361338542234,-15.2809925588994,20.4735046464311,-32.2385630635729,19.446143534668,-31.5085487899468,5.99896360881052,-15.2089747577944,8.01034285856316
141,141,738084.800701069,-0.08,0.275,-28.0375052047389,19.0197467548862,21.1414547469258,18.103333419515,0.974736479132787,-15.2434615302732,21.147250422239,-32.2003500289268,20.118060592962,-31.4682057600385,6.67254839381172,-15.171139720307,8.6852933921336
142,142,738084.800701156,-0.08,0.29,-27.9484416963425,20.5081554910548,17.9666853530156,21.1580596724634,-0.633042676349683,-15.195515918815,21.8101308907534,-32.1515558665853,20.7791339889358,-31.4173074411597,7.33542390538763,-15.1228832119722,9.34948822948962
143,143,738084.800701246,-0.08,0.305,-27.8379196657384,21.9726261030079,17.8235920102793,21.1757191622652,-0.668185868453826,-15.137502687694,22.4609555494667,-32.0925332697836,21.42817670849,-31.3562106096286,7.98639602645344,-15.0645530527803,10.0017314335284
144,144,738084.800701336,-0.08,0.32,-27.7067345544757,23.4108090058443,17.6745988549311,21.1944080182436,-0.70155504000767,-15.0698220091998,23.0986391127736,-32.0236889903999,22.0641067076617,-31.2853258056203,8.62437500487788,-14.9965502867372,10.6409317801377
145,145,738084.800701424,-0.08,0.335,-27.5557799494859,24.8205796830879,17.5202708851239,21.214097277386,-0.733223519726926,-14.9929206569755,23.7222084395855,-31.9454771235084,22.6859538162225,-31.2051105898178,9.24838246628122,-14.9193225640249,11.2661097713993
146,146,738084.800701514,-0.08,0.35,-27.3860334067048,26.2000492692542,17.3611851437443,21.2347545137056,-0.763269459681831,-14.9072849510642,24.3308072436855,-31.8583919376821,23.2928644297657,-31.1160623526931,9.8575562181615,-14.8333570764029,11.8764024342414
147,147,738084.800701623,-0.06,0.05,-24.8172870129595,-3.96181780845034,20.9981210715687,19.3758488884823,-1.41249264414435,-13.8557814938748,10.8018382406386,-30.8072868782454,9.79752947020176,-30.1061413721217,-3.65754452700796,-13.7860166583777,-1.66813517763879
148,148,738084.800701711,-0.06,0.065,-25.0436508515842,-2.47104543049193,19.3717691261846,20.9985500909206,0.0983511894599692,-13.9581869866637,11.4770242817957,-30.9113740647336,10.4709746919199,-30.2082124016578,-2.98456957343112,-13.8882690283904,-0.993471384637274
149,149,738084.800701828,-0.06,0.08,-25.2534810335337,-0.959376340151873,19.3588576061503,20.9999090593226,0.0379716049575342,-14.0526852605473,12.161548230218,-31.0074167451455,11.1537276581849,-30.3022025398382,-2.30214808623925,-13.9826018914143,-0.309359105348296
150,150,738084.800701917,-0.06,0.095,-25.4457258685363,0.570697467200615,19.3368308716181,21.002231712312,-0.0224242691230946,-14.1387761325973,12.854202245374,-31.0949062189539,11.8445834760851,-30.3876064968542,-1.61147916498664,-14.0685150023247,0.382998762491316
151,151,738084.800702006,-0.06,0.11,-25.6194033679742,2.11648795222956,19.3054563757898,21.00554941856,-0.0824255207531303,-14.2159938588352,13.5536854573251,-31.1733688278635,12.5422444994477,-30.4639543552197,-0.913855356987648,-14.1455426304754,1.08230574967029
152,152,738084.800702093,-0.06,0.125,-25.7736157361975,3.67513047127045,21.0098908216216,19.2645579375417,1.42915839718772,-14.2839141898121,14.2586136947742,-31.2423731327548,13.2453300350155,-30.53081872156,-0.210653045455551,-14.2132606190938,1.78718146531786
153,153,738084.80070218,-0.06,0.14,-25.9075631428559,5.24360730692916,21.0152814928384,19.2140204278738,1.37109723849259,-14.3421610636889,14.967531202847,-31.3015367217383,13.952388032655,-30.5878215026851,0.496679155414425,-14.2712930809538,2.49617324331089
154,154,738084.800702266,-0.06,0.155,-26.0205563743064,6.81877493394151,21.0217436042887,19.1537935063626,1.31450586443568,-14.3904127382418,15.678924171111,-31.3505324472643,14.6619085804361,-30.6346401043039,1.20663382207814,-14.3193185316043,3.20776960809294
155,155,738084.800702353,-0.06,0.17,-26.1120279740708,8.39739451655134,21.0292956281629,19.0838942542486,1.25965078856587,-14.428407170337,16.3912358167801,-31.3890938975515,15.3723389501193,-30.6710128583191,1.91765970811998,-14.3570752685928,3.92041530698981
156,156,738084.80070244,-0.06,0.185,-26.1815415167961,9.97616499089384,21.0379520701287,19.0044085815154,1.20674251155127,-14.455946468081,17.1028826992415,-31.4170199245217,16.0820998699517,-30.6967435017688,2.62817797466655,-14.3843658218292,4.63252758700455
157,157,738084.800702528,-0.06,0.2,-26.2287987115121,11.5517579678651,21.0477232430567,18.9154913270592,1.15593538075183,-14.4729002666781,17.8122718844169,-31.4341780767083,16.789602644243,-30.7117045570235,3.33659928591989,-14.4010603261189,5.34251333606324
158,158,738084.800702618,-0.06,0.215,-26.2536440975859,13.120853606406,21.0586150876479,18.8173650179353,1.10733060446722,-14.4792079130017,18.5178185351261,-31.4405068201745,17.4932666969729,-30.7158394975596,4.04134134815322,-14.4070987009099,6.0487866658434
159,159,738084.80070271,-0.06,0.23,-26.2560671792745,14.6801765510127,21.0706290445603,18.7103173024782,1.06098152891288,-14.4748793843206,19.217963479604,-31.4360164716198,18.1915370927706,-30.7091636248899,4.74084644592858,-14.4024915628132,6.74978648878269
160,160,738084.800702829,-0.06,0.245,-26.2362019332051,16.2265310250507,21.0837619818551,18.5946971231821,1.01690026446845,-14.459994911295,19.9111903065904,-31.4207888133119,18.8829015849223,-30.6917636277368,5.43359852488913,-14.3873198411546,7.44399363754243
161,161,738084.800702918,-0.06,0.26,-26.1943237170877,17.7568341929977,21.0980061811862,18.4709097406475,0.975064857707121,-14.4347033217011,20.5960415524287,-31.3949754066003,19.5659067570318,-30.663795841668,6.11813938677564,-14.3617331132266,8.12994709165839
162,162,738084.800703009,-0.06,0.275,-26.1308436999416,19.2681469845486,18.339410763744,21.1133493823687,-0.635369944924118,-14.3992191666063,21.2711335823459,-31.3587946668596,20.2391728616731,-30.6254832733781,6.79308359834151,-14.3259467211831,8.80625891230998
163,163,738084.800703097,-0.06,0.29,-26.046301019094,20.7577016760756,18.2006993751685,21.1297748866953,-0.672880813971757,-14.3538187323025,21.9351698222013,-31.3125278049802,20.9014070133209,-30.5771114959636,7.45713176925358,-14.2802377741677,9.47162753980188
164,164,738084.800703185,-0.06,0.305,-25.9413529355108,22.222925655147,18.0553109552273,21.1472617161747,-0.708347991687187,-14.2988350769222,22.5869520648495,-31.2565137767659,21.5514144605649,-30.5190235575688,8.10908192132879,-14.2249401748286,10.1248491758053
165,165,738084.800703274,-0.06,0.32,-25.8167633238702,23.6614609580799,17.9038093345287,21.1657848266563,-0.741865059671813,-14.2346522584544,23.2253896525147,-31.1911434098882,22.1881077396631,-30.45161407385,8.74783874819894,-14.1604388372495,10.7648270494319
166,166,738084.800703363,-0.06,0.335,-25.6733898679604,25.0711793209425,17.7467788944591,21.1853153683595,-0.773531232915709,-14.1616989397949,23.8495064183699,-31.1168528972565,22.8105135930711,-30.3753226936394,9.37242064592076,-14.087163282154,11.3905784478346
167,167,738084.800703452,-0.06,0.35,-25.5121703499353,26.450192659374,17.5848167322429,21.2058209869589,-0.803448159255751,-14.0804415659343,24.4584453520796,-31.0341168553094,23.4177776179254,-30.2906271366097,9.98196447638095,-14.0055808047199,12.0012394735758
168,168,738084.800703557,-0.04,0.05,-22.9356016422357,-3.75759765131119,19.5947715942223,20.9753681601111,0.162389878414284,-13.0148264767856,10.8953907267343,-29.9685926533686,9.88845795279946,-29.2663741038545,-3.56690169449508,-12.9441247680701,-1.57718400883082
169,169,738084.800703646,-0.04,0.065,-23.1497094128114,-2.26466166880104,20.975582898666,19.5926816894397,-1.47327983109018,-13.1118821935443,11.5721654368427,-30.0673563643659,10.5634703070367,-29.3631119875741,-2.89236942503061,-13.0410210383697,-0.900957019615676
170,170,738084.800703762,-0.04,0.08,-23.3482256241664,-0.750851928167174,19.5815526524536,20.9767272053436,0.0321477640194393,-13.2014802865193,12.2582817584892,-30.1585231646216,11.2477954650759,-29.4522170007601,-2.2083846973893,-13.1304478835239,-0.215275754607709
171,171,738084.800703851,-0.04,0.095,-23.5301516278015,0.781319829379517,19.5610865459562,20.9788350596183,-0.0331928530247775,-13.2831452092627,12.9525213057828,-30.2416088051638,11.9402181043895,-29.5332083613789,-1.5161569497586,-13.2119297256425,0.478646508046929
172,172,738084.80070394,-0.04,0.11,-23.6945547199901,2.32914421033442,20.9819380915548,19.5310376746248,1.47281240003411,-13.3564339859269,13.6535717696895,-30.3161622215736,12.6394292520584,-29.6056388029841,-0.81698997210451,-13.2850236312733,1.17950201353939
173,173,738084.800704028,-0.04,0.125,-23.8405819818677,3.88973389728243,20.986065221449,19.491218314176,1.40906536948641,-13.4209429552507,14.360036791586,-30.3817724026874,13.3440361348372,-29.6691014175045,-0.112272152357499,-13.3493260588009,1.88589832283636
174,174,738084.800704115,-0.04,0.14,-23.9674734399008,5.46004753137973,20.991242312696,19.4415036485026,1.34680821047993,-13.4763141720677,15.0704478602407,-30.4380749103007,14.052574046904,-29.7232361421198,0.596535304219703,-13.4044792621613,2.5963701355564
175,175,738084.80070423,-0.04,0.155,-24.0745741597118,7.03691738912995,20.9974918427024,19.381835727653,1.28642172286513,-13.5222412754427,15.7832780489756,-30.484757855425,14.7635200524437,-29.7677356962005,1.30791200252364,-13.4501771598327,3.30939296243682
176,176,738084.800704322,-0.04,0.17,-24.1613448986662,8.61708033662333,21.0048325999909,19.3122262827955,1.22821188370297,-13.5584746392052,16.4969573324002,-30.5215671434456,15.4753082630829,-29.8023507813685,2.02029357464194,-13.4861704847784,4.0233983890251
177,177,738084.800704409,-0.04,0.185,-24.2273709749518,10.1972114009234,21.0132794154885,19.2327582678015,1.17240665743904,-13.5848256365665,17.2098891516846,-30.5483108167393,16.1863463599557,-29.8268943741511,2.73208815846928,-13.5122710469742,4.73679060148284
178,178,738084.800704496,-0.04,0.2,-24.2723690599099,11.7739591778365,21.0228429325769,19.143586041782,1.11915852413059,-13.601169875272,17.9204678384194,-30.5648623485611,16.8950329714592,-29.8412449662059,3.44169375071522,-13.5283549649781,5.44796378608205
179,179,738084.800704584,-0.04,0.215,-24.2961916665175,13.3439822053478,21.0335294257522,19.044934152197,1.06855128183355,-13.60744929242,18.6270964638964,-30.5711627752904,17.5997754746714,-29.8453486405099,4.14751600340598,-13.5343647557319,6.15531997025202
180,180,738084.800704671,-0.04,0.23,-24.2988291852714,14.9039853812259,21.0453406677998,18.9370947346025,1.02060950929078,-13.603673037029,19.3282046563178,-30.5672215937998,18.2990077641535,-29.8392199117476,4.84798600804796,-13.5303102107853,6.85728684814894
181,181,738084.800704757,-0.04,0.245,-24.280409404493,16.4507554928322,18.8204235944079,21.0582738545493,-0.595487116424875,-13.5899171114962,20.0222659249504,-30.5531163945903,18.9912075284258,-29.8229413029933,5.5415776074258,-13.5162680302405,7.55233512962809
182,182,738084.800704845,-0.04,0.26,-24.2411945429392,17.9811949604387,18.6953350862579,21.072321586693,-0.638207854580074,-13.5663227877454,20.707814048062,-30.5289912468317,19.6749125921838,-29.7966616763145,6.22682379210308,-13.4923802304334,8.23899496874452
183,183,738084.800704932,-0.04,0.275,-24.1815759111343,19.492352969444,18.5622959522756,21.0874719105985,-0.678438990601984,-13.5330938575405,21.3834581195877,-30.4950538959011,20.3487359203438,-29.760593379271,6.90233177601883,-13.4588513850393,8.91587106543021
184,184,738084.80070502,-0.04,0.29,-24.1020663952107,20.9814532753906,18.4218183096531,21.1037084190105,-0.716289904065965,-13.4904928164667,22.0478959052982,-30.4515718748435,21.0113789357208,-29.7150083099518,7.56679640072163,-13.4159447993853,9.58165608936979
185,185,738084.800705111,-0.04,0.305,-24.0032910341155,22.4459181082996,18.2744520151481,21.12101040605,-0.751882205458995,-13.4388361153833,22.6999252291624,-30.3988676660629,21.6616428718609,-29.6602330378903,8.2190115870366,-13.3639777520184,10.2351421445982
186,186,738084.800705213,-0.04,0.32,-23.8859760054794,23.8833877523065,18.1207766284797,21.1393530778018,-0.785343981140164,-13.3784886398532,23.3384531899916,-30.3373130767757,22.2984379617498,-29.5966431451852,8.85787963185922,-13.3033159643081,10.875230072477
187,187,738084.800705322,-0.04,0.335,-23.7509363811225,25.2917355571584,17.9613932199783,21.1587078091477,-0.816805353527615,-13.3098575961497,23.9625030923861,-30.2673230101765,22.9207903468318,-29.5246569702938,9.48241823130396,-13.2343674769184,11.5009364744855
188,188,738084.800705411,-0.04,0.35,-23.599063024106,26.6690782874568,17.7969162326282,21.1790424451774,-0.846395183869327,-13.2333859913886,24.5712190594954,-30.189348823381,23.5278466740281,-29.4447289458349,10.0917651947021,-13.157576120932,12.1113984197226
189,189,738084.800705514,-0.02,0.05,-21.0211492853498,-3.55072879372463,19.7982855840042,20.9546805941098,0.167332732146212,-12.1567775701044,10.9902093492083,-29.1125126310823,9.98063829068043,-28.4092024938779,-3.47474091810284,-12.0851196416631,-1.4847509020614
190,190,738084.800705603,-0.02,0.065,-21.2222393875928,-2.05732449620839,19.7980024187168,20.9547090736947,0.0966399363248415,-12.2480975639249,11.6677540761564,-29.2055610531431,10.6564010153783,-28.5002176911948,-2.79946401465691,-12.1762737679145,-0.807775987565465
191,191,738084.800705718,-0.02,0.08,-21.4087349193866,-0.543139869422282,19.7885026625808,20.9556650077714,0.0253645714471156,-12.3324371032156,12.3546104251934,-29.2914881697923,11.3414480238752,-28.5840761816947,-2.11476276019506,-12.2604361692325,-0.121375054942499
192,192,738084.800705806,-0.02,0.095,-21.5796968945199,0.98930148400173,19.7694759905406,20.9575824609311,-0.0458120100735424,-12.4093485890575,13.0495533840709,-29.369837544008,12.0345574753896,-28.6603250417826,-1.4218530593261,-12.3371592480915,0.573232124855985
193,193,738084.800705895,-0.02,0.11,-21.7342481743692,2.53727783906183,19.7406653916524,20.960493171592,-0.116214960203441,-12.4784149551751,13.7512636796353,-29.4401838933812,12.7344135359149,-28.7285428324952,-0.722045514823569,-12.4060260113327,1.27473095752796
194,194,738084.800706013,-0.02,0.125,-21.8715865256715,4.09788927258462,19.7018731219882,20.9644261924991,-0.185213974347349,-12.5392560346365,14.4583377501686,-29.5021395839133,13.4396163255196,-28.7883460667096,-0.0167355776963126,-12.4666564398258,1.98172191441525
195,195,738084.800706108,-0.02,0.14,-21.9909970406211,5.66808177287396,19.6529658499996,20.9694075447789,-0.252255208722155,-12.5915346058386,15.1692997583542,-29.5553607964926,14.1486939005416,-28.8393953420829,0.692608346820348,-12.5187135362297,2.69273246923929
196,196,738084.800706198,-0.02,0.155,-22.0918635534185,7.244675170159,19.5938787992096,20.9754598893824,-0.316883390027325,-12.6349619369153,15.8826154589092,-29.5995531815494,14.860116085157,-28.8814009556903,1.40445865478796,-12.5619088698503,3.406230899092
197,197,738084.800706286,-0.02,0.17,-22.1736786979505,8.82439436298876,19.5246187175595,20.9826022243812,-0.378752639978173,-12.6693026539767,16.5967076566153,-29.6344768238053,15.5723098887273,-28.914127822959,2.11724389968633,-12.5960074439265,4.1206416877272
198,198,738084.800706374,-0.02,0.185,-22.2360522825518,10.4039031723417,20.9908496150361,19.4452655364375,1.13316962622535,-12.6943787735365,17.3099729191553,-29.6599503542787,16.2836761742006,-28.9373995390391,2.82936541672357,-12.6208317256552,4.8343621975452
199,199,738084.800706461,-0.02,0.2,-22.278717703705,11.9798400299588,21.0002129638311,19.3559726284314,1.07742554329301,-12.7100727629381,18.020799149621,-29.6758540706358,16.9926071834686,-28.9511014448709,3.53921482301937,-12.6362647028011,5.54578021673031
200,200,738084.800706561,-0.02,0.215,-22.301536183311,13.5488546226459,21.0106988254537,19.2569656212122,1.02485837357969,-12.7163295235584,18.7275835799694,-29.682131958578,17.6975044821407,-28.9551825919793,4.24519195726657,-12.6422518616922,6.25329194386331
201,201,738084.800706666,-0.02,0.23,-22.3044986883196,15.1076445566613,21.0223092734148,19.1485397803516,0.975443446656065,-12.7131572284559,19.4287507223165,-29.6787925445982,18.3967968618725,-28.949656537795,4.94572279746016,-12.6388020184394,6.95531994740952
202,202,738084.800706754,-0.02,0.245,-22.28772547388,16.6529911015889,21.0350418205882,19.0310560281344,0.929101069257315,-12.700626987024,20.122769811777,-29.6659085521411,19.0889577352475,-28.9346009450388,5.63927689138927,-12.6259869760538,7.650330633647
203,203,738084.800706841,-0.02,0.26,-22.2514632757835,18.1817931059613,18.9049357162798,21.0488893979745,-0.685084447620691,-12.6788713515715,20.8081712930112,-29.6436153764313,19.7725215766048,-28.9101560019167,6.32438385226273,-12.60394002263,8.33685077447515
204,204,738084.800706928,-0.02,0.275,-22.1960802627345,19.691098252524,18.770654317324,21.0638403918384,-0.725666230828571,-12.6480817221729,21.4835619416453,-29.6121084354858,20.4460990011403,-28.8765217220232,6.99964851007563,-12.5728533271266,9.01348268494033
205,205,738084.800707016,-0.02,0.29,-22.122058934711,21.1781309332566,18.6287342342748,21.0798787390479,-0.763601988356035,-12.6085047441233,22.1476382687229,-29.5716394935782,21.1083901314381,-28.8339542214706,7.66376436559084,-12.5329743273841,9.6789176968485
206,206,738084.800707104,-0.02,0.305,-22.0299872187726,22.6403161658214,18.4797369543747,21.0969840800213,-0.799060281794812,-12.5604378248595,22.7991979275341,-29.5225120866034,21.7581959715994,-28.7827611036886,8.31552506432322,-12.4846012374362,10.3319476455697
207,207,738084.800707192,-0.02,0.32,-21.9205480684006,24.0752991320754,18.3242547891716,21.1151319634624,-0.832210582050538,-12.5042239224548,23.4371489228672,-29.4650762045452,22.3944275896166,-28.7232961079093,8.95383368811631,-12.4280778265323,10.9714741676016
208,208,738084.80070728,-0.02,0.335,-21.7945079028331,25.480960092843,18.1629024407144,21.1342941000001,-0.863218808220717,-12.4402457749412,24.0605165079474,-29.3997224037224,23.0161129936291,-28.6559531944973,9.57770974668471,-12.363787639317,11.5965156914808
209,209,738084.800707368,-0.02,0.35,-21.6527042427709,26.8554245991925,17.9963086285324,21.1544386583323,-0.892244317637677,-12.3689197480802,24.6684477389216,-29.3268755300376,23.6224016720618,-28.5811602486146,10.1862938358931,-12.2921478350171,12.2062120892267
210,210,738084.800707477,0,0.05,-19.0802358472541,-3.34194978520457,19.9852786120122,20.9360558010821,0.173393568837325,-11.2846396165548,11.0859310373729,-28.242041028432,10.0737173356118,-27.5376247656707,-3.38141239184826,-11.2120095242343,-1.39118752585689
211,211,738084.800707592,0,0.065,-19.2676697642176,-1.84979862326019,19.9865931713995,20.9359261460269,0.0957119703314942,-11.3698960604987,11.7634120609997,-28.3290401803974,10.7493988299999,-27.6225856691395,-2.70621826474059,-11.2970936508468,-0.71429474388791
212,212,738084.800707683,0,0.08,-19.4415520813148,-0.337030997139926,19.9785458482107,20.9367201310756,0.0173338651626295,-11.4486724106986,12.4501409409799,-28.4094172788769,11.4343024132244,-27.7008898048868,-2.02166202940311,-11.3756869837331,-0.0280383513947629
213,213,738084.800707772,0,0.095,-19.6010091358576,1.19382576405929,19.9608162988756,20.9384717493024,-0.0608311967119061,-11.5205518624242,13.1448900879518,-28.4827465977679,12.1272037659061,-27.7721149961526,-1.32896205775295,-11.4473727539113,0.666359402932927
214,214,738084.800707861,0,0.11,-19.745224728269,2.74004690153149,19.9331382880186,20.9412126958815,-0.137889485524721,-11.5851459626715,13.8463378830681,-28.5486313899148,12.8267848001582,-27.8358683721376,-0.629431195306856,-11.5117626133417,1.36758167221769
215,215,738084.800707949,0,0.125,-19.8734522835978,4.29873024965723,19.8953058094571,20.9449720123545,-0.213023318191487,-11.6421005425204,14.5530787001256,-28.6067099479024,13.531643655224,-27.8917924016516,0.0755331368229014,-11.5685025697528,2.07422694865483
216,216,738084.800708037,0,0.14,-19.9850264198219,5.8668204414146,19.8471783905105,20.9497757436863,-0.285538856879563,-11.6911013519223,15.263634968345,-28.6566613606189,14.2403067280916,-27.9395706155979,0.784460884097,-11.617278622729,2.78482104859918
217,217,738084.800708125,0,0.155,-20.0793735829493,7.44113692864101,19.7886853771351,20.9556466126757,-0.354895353431932,-11.7318792282282,15.9764710882984,-28.6982107932246,14.9512425520738,-27.9789328464367,1.49582316083882,-11.6578219322699,3.49783096051607
218,218,738084.800708213,0,0.17,-20.1560214170068,9.01840528819771,19.7198290252666,20.9626037190475,-0.420714518322129,-11.7642146355691,16.6900089350213,-28.7311341240831,15.6628772580918,-28.0096598188695,2.20804765007418,-11.689913356837,4.21168029216375
219,219,738084.800708331,0,0.185,-20.2146065666747,10.5952911430032,19.6406862559575,20.9706622709758,-0.482772865293386,-11.7879414260901,17.4026446109543,-28.7552617864493,16.3736112822208,-28.0315869405356,2.91953526680385,-11.7133872118835,4.92476598170226
220,220,738084.80070842,0,0.2,-20.2548806532551,12.1684359004911,20.9798333551419,19.5514089800375,1.02981406198458,-11.8029496959156,18.1127660518514,-28.7704816850181,17.0818369237069,-28.0446071640061,3.62867769070719,-11.728134121758,5.63547587747775
221,221,738084.800708538,0,0.215,-20.2767142227875,13.7344934267062,20.9901237520263,19.4522229464821,0.975431928239689,-11.8091876375595,18.818771045333,-28.7767410869465,17.7859563143353,-28.048672821047,4.33387533031219,-11.7341028667803,6.3422067472527
222,222,738084.800708628,0,0.23,-20.2800985350191,15.2901667186751,21.001535800421,19.3434251264018,0.924772434059434,-11.806662324955,19.5190851976168,-28.7740474221604,18.4843993359639,-28.0437963654287,5.03355525589684,-11.7313011617694,7.04338225292239
223,223,738084.800708717,0,0.245,-20.2651451376227,16.8322436322257,19.2253796989911,21.0140673161637,-0.693123402648137,-11.7954394053828,20.2121793811154,-28.7624679667044,19.1756410201913,-28.0300499995477,5.72618863479116,-11.7197953404774,7.73747042328546
224,224,738084.800708804,0,0.26,-20.2320832506479,18.3576307562423,19.0985127590936,21.027711567752,-0.736862422256333,-11.775641712127,20.8965862144361,-28.7421284233081,19.8582179829517,-28.0075642005177,6.41030722084241,-11.6997089599748,8.42300017567253
225,225,738084.800708901,0,0.275,-20.1812550635187,19.8633846024954,18.9633059127526,21.0424573094011,-0.777460427208857,-11.7474468503509,21.5709151658166,-28.7132104528377,20.530743486191,-27.9765252007834,7.08451848848551,-11.6712203776754,9.09857647612323
226,226,738084.800708997,0,0.29,-20.11310911874,21.346739391001,18.8202889650873,21.0582888722898,-0.815144205525717,-11.7110838441314,22.233865928478,-28.6759482465431,21.1919207761119,-27.9371715143884,7.74751905859881,-11.6345593892121,9.76289378477325
227,227,738084.800709093,0,0.305,-20.0281920182245,22.8051308566091,18.6700319319123,21.0751863115164,-0.850138833916614,-11.6668289629189,22.8842397880399,-28.6306242599767,21.8405544189062,-27.8897896307889,8.39810613429446,-11.5900030456652,10.4147475043354
228,228,738084.800709201,0,0.32,-19.9271387345426,24.2362156596351,18.5131366186245,21.093125606271,-0.882661611689243,-11.6150008692934,23.5209487832865,-28.5775642535935,22.4755594358435,-27.8347090219833,9.03518674542089,-11.5378707922543,11.0530432304264
229,229,738084.800709311,0,0.335,-19.8106618431346,25.6378861569325,18.3502280138916,21.1120789080236,-0.912918272184669,-11.5559552458251,24.1430225471067,-28.5171318012905,23.0959681248639,-27.7722966247222,9.65778468567996,-11.4785190865249,11.6768036878647
230,230,738084.800709409,0,0.35,-19.679540009887,27.0082804609791,21.1320148304378,18.1819457413336,0.629695454003018,-11.4900790666777,24.74961279932,-28.4497224361831,23.7009345404898,-27.7029509673041,10.2650451109012,-11.4123356618561,12.2851733219071
231,231,738084.800709546,0.02,0.05,-17.1195105940775,-3.1320269054742,20.1548251177207,20.9194782749671,0.18094958437173,-10.401596632692,11.1821798779042,-27.3603545250104,10.1673292237164,-26.6548218003802,-3.28728200252615,-10.327982040862,-1.29686083543954
232,232,738084.800709672,0.02,0.065,-17.2927856088122,-1.64285816866429,20.1575072296038,20.9192183578998,0.0947182410049378,-10.4805263794058,11.8587575023246,-27.4410349287334,10.8420921202149,-26.7334613827656,-2.61300380476419,-10.4067330642562,-0.62088600996022
233,233,738084.800709767,0.02,0.08,-17.4535882772289,-0.133305961646954,20.1507160483288,20.9198766146455,0.00763759101668927,-10.5534948048387,12.5444859816047,-27.5156114098094,11.5259817610545,-26.8059631377302,-1.92945935259384,-10.4795126707931,0.0643563946723479
234,234,738084.800709864,0.02,0.095,-17.6011148081701,1.39410691787668,20.1341237927761,20.9214868149192,-0.0790405911641231,-10.6201182029397,13.2381392641787,-27.5836913115358,12.2177754517542,-26.8719379825398,-1.23786542262082,-10.5459372254255,0.757645730859594
235,235,738084.800709959,0.02,0.11,-17.734614260335,2.93666209338104,20.1074572928143,20.9240804630888,-0.16410023131222,-10.6800389245954,13.9383980684548,-27.6449086637754,12.9161575205349,-26.9310238430915,-0.539532470580938,-10.6056492163913,1.45766754877141
236,236,738084.800710054,0.02,0.125,-17.8533997136575,4.49146563076505,20.0705042193802,20.9276864494965,-0.246460286655186,-10.7329308291552,14.6438599043477,-27.6989297631901,13.6197293120466,-26.9828912065537,0.1641452653494,-10.6583227086797,2.16302353223449
237,237,738084.800710148,0.02,0.14,-17.956858896133,6.05547220565336,20.0231184926514,20.9323307125005,-0.325247478814174,-10.7785044626392,15.3530511182417,-27.7454584734508,14.3270211989574,-27.0272483871606,0.87170168825549,-10.7036685230534,2.87224346525745
238,238,738084.800710242,0.02,0.155,-18.0444639523595,7.62551304656831,19.9652246643188,20.9380359168415,-0.399832430508815,-10.8165118078232,16.0644407735194,-27.7842410869811,15.0365064240837,-27.0638463471777,1.5816126087977,-10.7414389857131,3.58379904387589
239,239,738084.800710336,0.02,0.17,-18.1157800506298,9.19832712547717,19.8968210936116,20.9448211579545,-0.469830116612146,-10.8467504567217,16.776456101045,-27.8150705951681,15.7466165081666,-27.0924829207321,2.29231109193941,-10.7714320990778,4.29611927006893
240,240,738084.80071043,0.02,0.185,-18.1704725503419,10.7705949271909,19.8179817754118,20.9527016951978,-0.535073490438298,-10.8690670687365,17.4874991833293,-27.8377902271083,16.4557578879852,-27.1130063015351,3.00220405106731,-10.7934949969272,5.00760709353277
241,241,738084.800710524,0.02,0.2,-18.2083124917437,12.3389740047155,19.7288567200422,20.9616887256407,-0.595572133463246,-10.8833599977995,18.1959644773209,-27.8522961374457,17.1623293908327,-27.1253176762575,3.70968969731048,-10.8075265672753,5.71665690788127
242,242,738084.800710617,0.02,0.215,-18.2291802251139,13.9001354410657,20.971789198618,19.6296708400854,0.919329726264856,-10.8895809982729,18.9002567379215,-27.8585391509596,17.8647401086838,-27.1293729125699,4.4131754085373,-10.8134791528192,6.42167246448796
243,243,738084.800710711,0.02,0.23,-18.2330670563464,15.4508002889263,19.5207213528329,20.9830056812537,-0.702985861060526,-10.8877359509741,19.5988088807242,-27.8565255039045,18.5614272118251,-27.1251832433067,5.11109555824423,-10.8113592704459,7.12108474297232
244,244,738084.800710804,0.02,0.245,-18.2200748601236,16.9877750516282,19.4023737642561,20.9953362750435,-0.750411733587156,-10.877884585616,20.2900993199586,-27.8463165578744,19.2508732392264,-27.1128149240308,5.80192884132202,-10.8012273262746,7.81336931421673
245,245,738084.800710898,0.02,0.26,-18.1904136823355,18.5079853030407,19.2750565546334,21.0087745889793,-0.794051502601853,-10.8601392122351,20.9726683366842,-27.828027499106,19.9316224219217,-27.0923878783788,6.48421465194269,-10.7831963389888,8.49706275020542
246,246,738084.800710994,0.02,0.275,-18.1443974260544,20.0085066229562,19.1392547329434,21.0233097690121,-0.834218247632019,-10.8346625096308,21.6451330717324,-27.8018250724236,20.6022956350207,-27.0640733817473,7.15656810748747,-10.7574297197055,9.17077767386714
247,247,738084.800711087,0.02,0.29,-18.0824377800861,21.486592137569,18.9955024650971,21.0389265840383,-0.871217630823774,-10.8016644513474,22.3062007951701,-27.7679244323224,21.2616036310771,-27.0280908670432,7.81769336896216,-10.7241381891549,9.83321609884499
248,248,738084.800711181,0.02,0.305,-18.0050366066827,22.9396960934586,18.8443750086551,21.0556055677989,-0.905339683386883,-10.7613984775753,22.9546801753558,-27.7265852221944,21.9083582786523,-26.9847039644713,8.46639497897743,-10.6835759407799,10.4831807800176
249,249,738084.800711278,0.02,0.32,-17.9127770486168,24.3654930571253,18.6864802037295,21.0733232115799,-0.936854239521436,-10.7141570430348,23.5894903513249,-27.678107014861,22.5414816103221,-26.9342159092838,9.10158701848601,-10.6360361800276,11.1195843759367
250,250,738084.800711372,0.02,0.335,-17.8063136438789,25.7618924999303,21.0920522055291,18.522449767895,0.604787425584045,-10.6602666855119,24.2096676971856,-27.6228242625929,23.1600125691241,-26.876964466151,9.72229996804327,-10.5818461847418,11.7414563091732
251,251,738084.800711467,0.02,0.35,-17.6863617526176,27.1270486945324,21.111761722525,18.3529306343204,0.577767650237205,-10.6000827670083,24.8143702514933,-27.5611009121867,23.7631114264519,-26.8133165259127,10.3276852433567,-10.5213620387589,12.3479472947613
252,252,738084.800711579,0.04,0.05,-15.1458486143818,-2.92174025479128,20.3062068720082,20.9049200952791,0.190566160240368,-9.51095409394241,11.2785741321313,-26.4707547042867,10.2611022050725,-25.7640995003211,-3.19272451717986,-9.4363464156088,-1.20214623753439
253,253,738084.80071172,0.04,0.065,-15.3046065660289,-1.43727230243319,20.3100107053653,20.9045571996441,0.0936364664615878,-9.58336329513286,11.9534120308251,-26.5449161213164,10.9341126873538,-25.8362200250254,-2.52019191379365,-9.50857060512324,-0.527921692050359
254,254,738084.80071184,0.04,0.08,-15.4519974662962,0.0672795498474704,20.3042648422516,20.9051054245511,-0.00435407301639248,-9.65034330516272,12.637271700097,-26.6135055762133,11.6161225562368,-25.9027356058646,-1.83852137798601,-9.57535614024348,0.155441922309013
255,255,738084.800711964,0.04,0.095,-15.587290722412,1.58940528226522,20.2886367810849,20.9065981703124,-0.101616812041423,-9.71154522340093,13.3289327391093,-26.6761652427299,12.3059148420333,-25.9632920033529,-1.14892403127741,-9.63635422684625,0.846729634938592
256,256,738084.800712088,0.04,0.11,-15.7098038094075,3.12640227121754,20.2628488367245,20.9090666105239,-0.196443101651677,-9.76664382821698,14.0270828689004,-26.7325616027812,13.0021809399786,-26.0175596014231,-0.452703325483581,-9.69123981296889,1.54463402418895
257,257,738084.800712227,0.04,0.125,-15.8189123837164,4.67539520851361,20.2266844171553,20.912539350764,-0.287375965816748,-9.81534251320301,14.7303279025538,-26.7823905105621,13.7035305514565,-26.0652384436445,0.248754802920137,-9.73971652642377,2.24776510188622
258,258,738084.800712321,0.04,0.14,-15.9140599013612,6.23336009693625,20.1799934792989,20.9170420967983,-0.373321138627969,-9.85737797512218,15.437203704794,-26.8253820016981,14.4085036092377,-26.1060630077919,0.953993771493099,-9.78152136306364,2.95466219446704
259,259,738084.800712416,0.04,0.155,-15.994766457948,7.79715194882996,20.1226969583987,20.9225973412624,-0.4535827081411,-9.89252451395775,16.1461899540056,-26.8613047041738,15.1155840002955,-26.1398065759923,1.66150000002213,-9.81642898596558,3.66380763626584
260,260,738084.80071251,0.04,0.17,-16.0606365766483,9.36353566989466,20.0547899919105,20.9292240719146,-0.527834283401123,-9.92059781023265,16.8557254434401,-26.8899697126932,15.8232148237319,-26.1662850628475,2.36971810838307,-9.84425550067572,4.3736420140725
261,261,738084.800712605,0.04,0.185,-16.1113656941625,10.9292194610327,19.9763437928231,20.9369375112067,-0.596050678618465,-9.94145805635751,17.5642245892687,-26.911233800049,16.5298148524384,-26.1853601760764,3.0770673349378,-9.86486158328012,5.08258063267539
262,262,738084.8007127,0.04,0.2,-16.1467451295721,12.4908899599197,19.8875060735699,20.9457488927209,-0.658425825226033,-9.95501233680531,18.2700947556788,-26.9250018575384,17.233795809788,-26.1969418029306,3.78195878852118,-9.87815485611499,5.78903081319554
263,263,738084.800712795,0.04,0.215,-16.1666653708223,14.045248255192,19.7884999728894,20.9556652784634,-0.715295328047347,-9.96121617573555,18.9717539655099,-26.9312284810097,17.9335800310935,-26.2009895402739,4.48281310486819,-9.88409142986842,6.49140959383649
264,264,738084.800712888,0.04,0.23,-16.1711175697871,15.5890458573423,19.6796214931676,20.966689425297,-0.767073114225882,-9.96007419917016,19.6676485420902,-26.929918648254,18.6276180567605,-26.1975133154989,5.1780780548373,-9.88267655926409,7.18816137921074
265,265,738084.800712981,0.04,0.245,-16.160193199245,17.1191197073569,19.5612355140796,20.9788197007374,-0.814204685128684,-9.95163989022615,20.3562702257933,-26.9211274657556,19.3144057019291,-26.1865730777709,5.86624564895285,-9.87396439103141,7.87777508167354
266,266,738084.800713075,0.04,0.26,-16.1340818933847,18.6324253345286,19.4337705003901,20.9920500534651,-0.857135489743935,-9.9360144486068,21.0361723278403,-26.9049589963249,19.9925001663352,-26.1682775725579,6.54586830097632,-9.85805681553933,8.55880031645108
267,267,738084.800713168,0.04,0.275,-16.0930675544255,20.1260673566132,19.2977120693008,21.0063700399606,-0.896291330263273,-9.91334479743898,21.7059845228385,-26.8815642118818,20.6605347869749,-26.1427822450542,7.21557365142908,-9.83510146539233,9.22986225074505
268,268,738084.80071327,0.04,0.29,-16.0375228714758,21.5973266219434,19.1535956229552,21.0217649046828,-0.932067519551772,-9.8838208098664,22.3644259379702,-26.8511381457402,21.3172320924071,-26.1102863480193,7.87407770765527,-9.80528893363997,9.88967476290482
269,269,738084.800713404,0.04,0.305,-15.9679024431912,23.0436834356984,21.0382157158048,19.0019982774577,0.605972341943574,-9.84767185290763,23.0103162668729,-26.8139163444734,21.9614148874495,-26.0710293550927,8.52019602648454,-9.76884930930263,10.5370516374598
270,270,738084.800713499,0.04,0.32,-15.8847347403599,24.4628364681103,21.0556995510149,18.8435303360546,0.575912158528074,-9.80516276564496,23.6425847155326,-26.7701707395438,22.5920151760825,-26.025286800466,9.15285274429403,-9.72604814751224,11.1709156008013
271,271,738084.800713593,0.04,0.335,-15.788613168676,25.8527171109703,21.0741897300703,18.6788265583394,0.548260131203784,-9.75658940210167,24.2602766709971,-26.7202050724737,23.2080808136227,-25.973365679174,9.77108734236802,-9.6771820047956,11.7903050856205
272,272,738084.800713718,0.04,0.35,-15.6801865065517,27.2114992121121,21.0936560892241,18.5085374647838,0.522761044072811,-9.70227387576365,24.8625580665107,-26.6643500141239,23.8087798617827,-25.915599548733,10.3740591179856,-9.62257367663702,12.3943786949664
273,273,738084.800713836,0.06,0.05,-13.1662261521097,-2.71186938823666,20.4389268898959,20.892341681943,0.203130886314721,-8.61607748873088,11.3747334319684,-25.5766066584216,10.3546656537476,-24.8688273122912,-3.09811649826478,-8.54047195521443,-1.10742049601745
274,274,738084.800713939,0.06,0.065,-13.3102578591554,-1.23379100072634,20.4435969424295,20.8919021923549,0.0924306210454337,-8.68184408096344,12.0470079584637,-25.6441206940471,11.0251027346436,-24.934302909326,-2.42814647307304,-8.60604743800461,-0.435765824740211
275,275,738084.800714092,0.06,0.08,-13.4440433332399,0.264008858818581,20.4386764120113,20.8923652598841,-0.0196350847390413,-8.74272177399067,12.7281448168714,-25.7066033592347,11.7043815417658,-24.9947151801194,-1.74919758122573,-8.66672521219181,0.24486865295448
276,276,738084.800714198,0.06,0.095,-13.566927226365,1.77904104900923,20.4238308489516,20.8937637802943,-0.130386779470916,-8.79839755111795,13.4169332998593,-25.7637327899605,12.3912948585869,-25.0497458480375,-1.06247129910505,-8.72219240268339,0.933277649232624
277,277,738084.800714293,0.06,0.11,-13.6782973710114,3.30862786180694,20.3987805282134,20.8961284650632,-0.237330207919683,-8.84857964512481,14.1120726969553,-25.8152089975237,13.0845456975458,-25.0990988184738,-0.369259559496469,-8.77215744355144,1.62816530226717
278,278,738084.800714387,0.06,0.125,-13.7775937933334,4.84992274190595,20.3633067099186,20.8994875090555,-0.338468988392203,-8.89300193750919,14.81218216324,-25.8607583938188,13.7827571388475,-25.1425046760727,0.329064993869963,-8.81635447813498,2.32815496002651
279,279,738084.800714481,0.06,0.14,-13.8643172812781,6.39993397732148,20.3172570849524,20.9038662687396,-0.432468323830469,-8.93142813501661,15.5158125276812,-25.9001380872557,14.484484103706,-25.1797249460988,1.03106069511321,-8.85454753537619,3.03180091084254
280,280,738084.800714577,0.06,0.155,-13.9380372571923,7.95555199618408,20.2605502029063,20.9092869556301,-0.518657005372549,-8.96365559977152,16.2214598561704,-25.933139822042,15.1882268776505,-25.2105559931776,1.73523030674667,-8.88653435866129,3.73760187831528
281,281,738084.800714671,0.06,0.17,-13.9983987127687,9.51357975457647,20.1931787038742,20.9157683527715,-0.596916180037295,-8.98951871366389,16.927580510412,-25.959593438086,15.8924461258715,-25.2348324353879,2.44003597649711,-8.91214976778155,4.44401602402654
282,282,738084.800714765,0.06,0.185,-14.0451279842278,11.0707655664564,20.1152112107933,20.9233255611645,-0.667521667766533,-9.00889166793747,17.6326073769263,-25.9793697393062,16.5955790758112,-25.2524299624832,3.14391537779777,-8.93126844498159,5.14947713433813
283,283,738084.800714859,0.06,0.2,-14.0780371786302,12.6238376122649,20.0267927836839,20.9319697802241,-0.730991331150422,-9.02169058490927,18.334966884947,-25.9923826746354,17.2960564869123,-25.2632674636857,3.84529865554926,-8.94380705207296,5.85241161166122
284,284,738084.800714953,0.06,0.215,-14.0970271051102,14.1695392779909,19.9281438875493,20.9417081299262,-0.787963455984829,-9.02787489982902,19.0330963918422,-25.9985907576797,17.992319987364,-25.2673083923206,4.54262575806753,-8.94972560672003,6.55125584991219
285,285,738084.800715046,0.06,0.23,-14.1020886126954,15.7046644358238,19.819557881417,20.9525435176436,-0.839111974107135,-9.02744795601027,19.7254614928475,-25.99799767684,18.6828393358877,-25.2645613205354,5.23436371369967,-8.94902807115739,7.24447355146234
286,286,738084.800715139,0.06,0.245,-14.0933022964541,17.2260917649744,19.7013970911446,20.9644745547683,-0.885093688785792,-9.02045679412089,20.4105728101494,-25.9906520762979,19.3661291648568,-25.2550796659073,5.91902340809368,-8.941762134397,7.93057254052335
287,287,738084.800715232,0.06,0.26,-14.0708365868207,18.7308172526244,20.9774955263288,19.5740875819199,0.644277084945969,-9.00699114536601,21.0870018350557,-25.9766465179067,20.0407647796512,-25.2389606014147,6.59517543606664,-8.92801819783415,8.6081206459898
288,288,738084.800715325,0.06,0.275,-14.0349442999386,20.2159840849914,20.9915964123285,19.4381127934766,0.606856381935294,-8.98718166647564,21.7533954350413,-25.9561156630591,20.7053966270945,-25.2163431891133,7.26146463928635,-8.90792760237848,9.2757602642492
289,289,738084.800715417,0.06,0.29,-13.9859577720073,21.6789092496857,21.0067629644665,19.2940062393906,0.572951964965241,-8.96119748030782,22.4084886923728,-25.9292337402215,21.3587631005471,-25.187405804372,7.9166229951692,-8.88166016111977,9.93222126686608
290,290,738084.80071551,0.06,0.305,-13.9242827519112,23.1171063039048,21.0229768340781,19.1423434995034,0.542135929889321,-8.92924310810465,23.0511158092258,-25.8962113867212,21.9997014172594,-25.1523629401578,8.55948058996993,-8.84942108377886,10.5763319858609
291,291,738084.800715603,0.06,0.32,-13.8503912576236,24.5283039178528,21.040215750089,18.9837337496914,0.514036170008576,-8.89155489679731,23.6802188912725,-25.8572919711832,22.6271563803922,-25.1114614984884,9.18897448556089,-8.81144739652816,11.2070280860624
292,292,738084.800715696,0.06,0.335,-13.7648136274112,25.9104599638324,21.0584537427273,18.8188110768724,0.488330392410822,-8.84839705658626,24.2948545028855,-25.8127475152255,23.2401869190817,-25.0649766880765,9.80415537018258,-8.76800397257608,11.8233592150246
293,293,738084.800715794,0.06,0.35,-13.6681300098487,27.2617710840005,21.0776614070664,18.6482258202573,0.464739955113183,-8.80005743000029,24.8941979676165,-25.7628743391418,23.83797038019,-25.0132076530734,10.4041919637213,-8.71937929486984,12.4244934014778
294,294,738084.800715934,0.08,0.05,-11.1875941140867,-2.50317910701251,20.5527160197627,20.8816927520013,0.220120519374017,-7.72032978348462,11.470285844055,-24.6812763970711,10.4476569558011,-23.9723755547689,-3.00382925295178,-7.64372544235593,-1.01305468515089
295,295,738084.800716054,0.08,0.065,-11.3168393499678,-1.03313152827752,20.5579932972035,20.8812018777296,0.0910391740284275,-7.77940377490945,12.1391950210234,-24.7420869013062,11.1147214290998,-24.0311525927154,-2.33721723500279,-7.70260248693317,-0.344767845447947
296,296,738084.800716153,0.08,0.08,-11.4369641712357,0.456216997074172,20.5536745100704,20.8816035768506,-0.0398685565302554,-7.8341321184823,12.8167789796354,-24.7984100455577,11.7904418899657,-24.0854114313789,-1.66181391507292,-7.75712574292555,0.332311033508014
297,297,738084.800716247,0.08,0.095,-11.5473892351602,1.96240602837717,20.539426007124,20.8829301162641,-0.168335436047427,-7.88423812737355,13.5018406125552,-24.8499604248567,12.4736247660775,-24.1348702415065,-0.978807268925112,-7.8070186991388,1.01699021714727
298,298,738084.800716341,0.08,0.11,-11.6475734502167,3.48279157216602,20.5149684787904,20.885211624149,-0.290552280597806,-7.92946391469046,14.1930951656824,-24.8964720539179,13.1629890584328,-24.1792669101209,-0.289473371461311,-7.85202370032857,1.70798975806369
299,299,738084.800716435,0.08,0.125,-11.7370218717279,5.01456550578226,20.4800831399578,20.8884757705337,-0.403769318892309,-7.96957424700354,14.8891799569334,-24.9377023438522,13.8571760295198,-24.2183629891854,0.40483320108751,-7.89190580103905,2.40395113136056
300,300,738084.800716529,0.08,0.14,-11.8152932047493,6.55477883836784,20.4346171103925,20.8927474537331,-0.506498579548911,-8.00436020091964,15.5886659705704,-24.9734358753487,14.5547607620649,-24.2519474344653,1.10269084823583,-7.92645642150358,3.10344875258935
301,301,738084.800716622,0.08,0.155,-11.8820066944199,8.10036845346678,20.3784877927375,20.8980485038951,-0.598361453132886,-8.0336425152693,16.2900711453796,-25.0034878574195,15.2542654072651,-24.279840024209,1.80262412317762,-7.95549669812876,3.80500319901349
302,302,738084.800716717,0.08,0.17,-11.9368481939323,9.64818682821653,20.3116860738304,20.9043974101318,-0.67976284235448,-8.0572745353625,16.9918751041107,-25.0277071648438,15.954173870722,-24.3018943514953,2.50311836224529,-7.97888042500346,4.50709588387141
303,303,738084.800716811,0.08,0.185,-11.9795752194935,11.1950340984531,20.2342782098779,20.9118090726418,-0.751557609434045,-8.07514465472803,17.6925350075535,-25.0459788566897,16.6529476204224,-24.3180002936052,3.20263545233644,-7.99649649187516,5.20818486897361
304,304,738084.800716907,0.08,0.2,-12.0100208256569,12.7376917304222,20.1464062973024,20.9202945904524,-0.814793256118887,-8.08717817364227,18.3905021636292,-25.0582260926588,17.34904224826,-24.3280858762739,3.89963036940612,-8.00827073795094,5.90672144757162
305,305,738084.80071703,0.08,0.215,-12.0280961755175,14.2729569779133,20.0482872824701,20.9298610880804,-0.870544305118841,-8.09333851203788,19.084238983678,-25.0644113828646,18.0409243784695,-24.3321184697366,4.59256808244241,-8.01416715923983,6.60116709075069
306,306,738084.800717125,0.08,0.23,-12.0337917215353,15.7976772640122,19.9402105163066,20.9405115852456,-0.919821094763682,-8.09362773608748,19.772235857456,-25.0645371290586,18.7270884957126,-24.3301052759373,5.27994039605674,-8.01418842882707,7.29001032934833
307,307,738084.800717219,0.08,0.245,-12.027176960689,17.3087836196563,19.8225339147032,20.9522449144702,-0.963528535779151,-8.08808638179251,20.4530275169843,-25.058645440172,19.4060732641783,-24.3220930911502,5.96028230277443,-8.00837571360609,7.97178314146709
308,308,738084.800717313,0.08,0.26,-12.0083987802718,18.8033223454318,19.6956788364655,20.9650556894525,-1.00245439947375,-8.07679258383109,21.1252084775786,-25.046817230707,20.0764769271464,-24.3081673539202,6.63218743354176,-7.99680779586681,8.64507643321116
309,309,738084.80071742,0.08,0.275,-11.9776784575543,20.2784841368079,20.9789343229868,19.5601238378957,0.533523145188271,-8.0598605422768,21.7874471810898,-25.0291706357274,20.7369714130572,-24.2884505132901,7.29432223092299,-7.97959953257388,9.30855423644148
310,310,738084.800717597,0.08,0.29,-11.9353074230838,21.7316300146922,20.9938670985552,19.4163974990145,0.502239272111148,-8.03743838227976,22.4384985192676,-25.0058587993443,21.3863148268314,-24.2630997753331,7.94543852165278,-7.95689970759858,9.96096629972375
311,311,738084.800717697,0.08,0.305,-11.8816419354003,23.1603135352802,21.0098362912681,19.2650705460303,0.474007149561434,-8.00970548102571,23.0772144807297,-24.9770671134706,22.023362070551,-24.2323043056326,8.58438423012985,-7.92888835142307,10.601158813814
312,312,738084.800717792,0.08,0.32,-11.8170968465938,24.5622989003085,21.0268203371812,19.1067475076839,0.448419390134944,-7.97686935145157,23.7025527391473,-24.943009999232,22.6470734115179,-24.196281980776,9.21011204806282,-7.89577361795476,11.2280830868696
313,313,738084.800717949,0.08,0.335,-11.7421386589529,25.9355747442725,21.0447940463971,18.9420581488617,0.425132303970646,-7.93916218250876,24.3135830783224,-24.9039273341052,23.2565208935546,-24.1552757923325,9.82168595316692,-7.85778831840866,11.8408020624784
314,314,738084.800718054,0.08,0.35,-11.6572780823618,27.2783635307625,21.0637288568153,18.7716489158392,0.403855386056653,-7.89683714114112,24.9094916273877,-24.8600806333454,23.8508925647237,-24.1095500120467,10.418285547112,-7.81518621754309,12.4384946511058
315,315,738084.800718172,0.1,0.05,-9.21675508692006,-2.29640600482558,20.647532083034,20.8729134346059,0.244183761790119,-6.82701046067347,11.5648745047612,-23.7880697274104,10.5397279851781,-23.0780542196856,-2.910222115763,-6.74941010369672,-0.919407489104721
316,316,738084.800718324,0.1,0.065,-9.33129825310512,-0.835966206736135,20.6531601682306,20.872394975072,0.0893488167001587,-6.87941208350351,12.2296464216187,-23.8421910530247,11.2026507828624,-23.1301495347282,-2.24773369064477,-6.80160926711252,-0.255256481599325
317,317,738084.800718448,0.1,0.08,-9.43784155815071,0.643301548463963,20.649221398352,20.8727577835526,-0.0680566676536672,-6.9280091916253,12.9028801343632,-23.8923673534009,11.8740184087521,-23.1782701787528,-1.57666734300002,-6.84999645186314,0.417472980188357
318,318,738084.800718556,0.1,0.095,-9.53588118412052,2.13897294355746,20.635385563953,20.8740333860947,-0.22065554024267,-6.97256126225453,13.5833958442804,-23.9383495641942,12.5526546272353,-23.2221706392503,-0.898193887473137,-6.89433134318797,1.09760638947231
319,319,738084.80071865,0.1,0.11,-9.62494665424451,3.64844599239135,20.6113761343308,20.8762512204704,-0.362326608409712,-7.01284413383492,14.2699288916782,-23.9799055932454,13.2372985489091,-23.2616226610227,-0.213569449206248,-6.93439003972244,1.78388381980023
320,320,738084.800718744,0.1,0.125,-9.70460762048258,5.16896007603975,20.5769763062724,20.8794383276776,-0.489409180719736,-7.04865331748602,14.9611392789648,-24.0168237514901,13.9266141225735,-23.2964186491867,0.475873941404889,-6.96996836473715,2.47496936683347
321,321,738084.800718839,0.1,0.14,-9.77448030891629,6.69761866000735,20.532034266496,20.8836190498703,-0.60073394248329,-7.079807137181,15.6556229927354,-24.0489160061109,14.6192014215243,-23.3263748884417,1.16873955670319,-7.00088500519459,3.16946239604615
322,322,738084.800718932,0.1,0.155,-9.83423343551327,8.23141534224444,20.476467474496,20.8888147471397,-0.696907996280835,-7.1061496073338,16.3519249475332,-24.0760209612757,15.3136095474363,-23.3513344844501,1.8635788083459,-7.02698438724958,3.86591042135954
323,323,738084.800719046,0.1,0.17,-9.88359341635488,9.76726274544202,20.4102657983726,20.8950435318281,-0.779478354526428,-7.12755295984842,17.0485533066503,-24.0980064753526,16.0083509080156,-23.3711699369291,2.55890547096982,-7.04813920026478,4.56282337224601
324,324,738084.800719166,0.1,0.185,-9.92234870659603,11.3020236454804,20.3334933668283,20.9023200315344,-0.850311110218397,-7.1439197403987,17.7439948746936,-24.1147718314367,16.7019165641,-23.3857852622508,3.25321099060989,-7.06425248913956,5.25868894592311
325,325,738084.800719266,0.1,0.2,-9.95035313135749,12.8325436220476,20.2462890440661,20.9106551832543,-0.911236462549641,-7.1551844054934,18.4367312065738,-24.1262493903214,17.3927922919689,-23.3951175957425,3.94498052515281,-7.07525924657725,5.95198869079189
326,326,738084.800719364,0.1,0.215,-9.96752809809148,14.355684447266,20.1488654807304,20.9200560669377,-0.963888428036243,-7.16131436737905,19.1252550416032,-24.1324056710564,18.0794749707065,-23.3991382200933,4.63270932764559,-7.08112745244721,6.64121443082723
327,327,738084.800719456,0.1,0.23,-9.97386362140367,15.8683573854868,20.0415067475578,20.9305257775409,-1.0096569662398,-7.16231045220791,19.8080866520791,-24.1332418233022,18.7604888851797,-23.3978529853901,5.31491906340428,-7.08185852580473,7.32488462078929
328,328,738084.800719544,0.1,0.245,-9.9694181285536,17.367555573317,19.9245646081333,20.942063345207,-1.0496947891865,-7.15820675720792,20.4837896946923,-24.1287934767752,19.4344015341484,-23.3913021073675,5.99017365015065,-7.07748717544717,8.00156022050181
329,329,738084.800719663,0.1,0.26,-9.95431705905737,18.8503846823968,19.7984535398974,20.9546637022002,-1.08494593491898,-7.14906991365156,21.1509861705839,-24.1191299748501,20.0998385503984,-23.379559352286,6.6570942271957,-7.06808065598978,8.66985969337467
330,330,738084.800719785,0.1,0.275,-9.92875031095334,20.3140911372423,19.6636446552065,20.9683176983442,-1.1161796870157,-7.13499778305722,21.8083701349027,-24.1043530208222,20.7554973747082,-23.3627306380875,7.31437289398259,-7.05373745705541,9.3284727688218
331,331,738084.800719892,0.1,0.29,-9.89296862755511,21.7560872574383,19.5206587102804,20.9830121673981,-1.14402263814164,-7.11611763303943,22.4547198470219,-24.0845947849991,21.4001593755978,-23.3409521010498,7.96078490795291,-7.03458547219031,9.97617265807739
332,332,738084.800719992,0.1,0.305,-9.84727904902496,23.1739728189563,20.9987300403483,19.3700584193165,0.401809994813374,-7.09258385560137,23.0889081149812,-24.0600155377257,22.0327001689971,-23.3143876939064,8.59519909349116,-7.01077971045888,10.6118264749162
333,333,738084.800720081,0.1,0.32,-9.79203957965758,24.5655526697297,21.0154505061857,19.2124403029379,0.379306284790082,-7.06457530352866,23.7099106582254,-24.0308008868287,22.6520979622856,-23.2832263945247,9.21658628371245,-6.9824996265411,11.2344036830276
334,334,738084.800720169,0.1,0.335,-9.72765324190914,25.9288501823982,21.0331492143746,19.0484263069638,0.358917218745055,-7.03229232948026,24.3168123870883,-23.9971587071663,23.2574398212884,-23.247679113232,9.82402569086722,-6.94994615404467,11.8429824659874
335,335,738084.800720256,0.1,0.35,-9.65456169552334,27.262116475791,21.0517985156314,18.8786554190675,0.340356802162638,-6.99595361697984,24.9088115713629,-23.9593158547922,23.8479258325159,-23.2079753914418,10.4167091748042,-6.91333853137705,12.4367539896532
336,336,738084.800720366,0.12,0.05,-7.26024882922464,-2.09224630105655,20.7235518964788,20.8659355027323,0.280576241376107,-5.93929861248931,11.6581635637501,-22.9001750987637,10.630550911216,-22.1890557453461,-2.8176363341833,-5.86070863823664,-0.826819116173081
337,337,738084.800720457,0.12,0.065,-7.36031071113432,-0.642911938619949,20.7292826285436,20.8654116562854,0.0871273403086287,-5.98511452577051,12.3180639458103,-22.947688396916,11.2886006308142,-22.2345529088673,-2.15999977302323,-5.90631696172952,-0.167534486290154
338,338,738084.800720578,0.12,0.08,-7.45347825846964,0.824731239200473,20.7255091317514,20.8657565575521,-0.110202223061266,-6.0276601081007,12.9861907163806,-22.9917924746066,11.9548615942899,-22.2766124623196,-1.49402145613125,-5.94864816862657,0.50009222535896
339,339,738084.800720667,0.12,0.095,-7.53932154705253,2.30830195283719,20.711907109262,20.8670008928366,-0.29710621772891,-6.06673026662031,13.6613848413458,-23.0322739168772,12.6281783422953,-22.3150245068076,-0.820851625297721,-5.98749740430555,1.17490716430867
340,340,738084.800720755,0.12,0.11,-7.61743916143423,3.80524788545709,20.688205017312,20.8691733154288,-0.463282937818353,-6.10213387111478,14.3424055809893,-23.0689338710561,13.3073139035267,-22.3495939782498,-0.141722672656399,-6.02267382500417,1.85567422163548
341,341,738084.800720843,0.12,0.125,-7.68746390739112,5.31286424708975,20.6541899286412,20.8723001456105,-0.604732902701866,-6.13369653834599,15.027939775122,-23.101590946051,13.990959048538,-22.3801435190625,0.542060030525268,-6.05400338146489,2.54108424051785
342,342,738084.800720962,0.12,0.14,-7.74906822875869,6.82831584350957,20.6097126294568,20.8764050853151,-0.722318887083178,-6.16126327042193,15.7166128403609,-23.130083959308,14.6777432512876,-22.4065161918492,1.22912902095103,-6.08133145575977,3.22976594169062
343,343,738084.800721051,0.12,0.155,-7.80196917962389,8.34866230600747,20.5546917675857,20.8815089438909,-0.8192348880918,-6.18470087141496,16.4070013076265,-23.1542744524936,15.3662471871148,-22.4285779566468,1.91806717739383,-6.10452527548435,3.92029839809802
344,344,738084.800721139,0.12,0.17,-7.8459328006295,9.87088601896705,20.4891168895789,20.8876293844039,-0.899199860902229,-6.20390006934026,17.0976466646744,-23.1740488999881,16.0550165327722,-22.4462198365183,2.60742146958756,-6.12347603245637,4.61122482564366
345,345,738084.800721226,0.12,0.185,-7.8807777654764,11.3919221582738,20.413050237096,20.8947806978594,-0.965604086558566,-6.21877727705098,17.7870702116407,-23.1893205410094,16.7425767774409,-22.4593597032083,3.2957177326993,-6.13810063951315,5.30106739980162
346,346,738084.800721313,0.12,0.2,-7.9063781829187,12.908690164464,20.3266272138368,20.9029736041685,-1.02124727263529,-6.22927593541304,18.4737885907824,-23.2000307763856,17.4274487069644,-22.4679436249448,3.98147613104726,-6.14834306885263,5.98834276070659
347,347,738084.800721401,0.12,0.215,-7.92266546342592,14.4181259009292,20.2300554772027,20.9122150928604,-1.0683421199489,-6.23536739490449,19.1563296180638,-23.2061500843568,18.1081641900851,-22.4719467319377,4.66322694075154,-6.15417522817338,6.67157783534681
348,348,738084.800721488,0.12,0.23,-7.92962919243623,15.9172137136832,20.1236126614001,20.9225082995839,-1.10860619704324,-6.23705130698144,19.8332480264093,-23.2076784255847,18.7832818776394,-22.4713735709996,5.33952626262032,-6.15559734606268,7.3493255871314
349,349,738084.800721576,0.12,0.245,-7.9273169845978,17.4030176023402,20.0076427854603,20.9338524282876,-1.14336648389888,-6.23435551326252,20.5031407296921,-23.2046451249787,19.4514024248908,-22.4662579381728,6.00897127519263,-6.15263785485922,8.02018030183826
350,350,738084.800721664,0.12,0.26,-7.91583332861573,18.8727107463543,19.8825514495702,20.9462427177863,-1.17365060814286,-6.22733543795799,21.1646612331623,-23.1971082360643,20.1111828637397,-22.4566621962956,6.67021465382659,-6.14535277656285,8.68279203501688
351,351,738084.800721752,0.12,0.275,-7.8953374675903,20.3236026940362,19.7487999639929,20.9596704548583,-1.20025922272345,-6.21607300599719,21.8165328490712,-23.1851534113184,20.7613497844453,-22.4426761020667,7.32197781408073,-6.13382463440895,9.33587987847388
352,352,738084.800721839,0.12,0.29,-7.86604038878113,21.7531636151878,19.6068985911557,20.9741230354791,-1.2238211182993,-6.20067512497932,22.4575604236112,-23.1688923182562,21.4007110337304,-22.4244151833772,7.9630626843792,-6.11816092839709,9.97824375037937
353,353,738084.800721926,0.12,0.305,-7.82820102837706,23.1590451359121,20.9895840712708,19.4573991057093,0.32596185518266,-6.18127178263791,23.0866403400544,-23.1484606551721,22.0281656946725,-22.402018721611,8.59236177112423,-6.09849222662848,10.6087744719282
354,354,738084.800722013,0.12,0.32,-7.78212181477956,24.5390974049049,21.0060335398501,19.3008868946282,0.307098770670952,-6.1580138222501,23.7027686293602,-23.1240158315993,22.6427121799966,-22.3756474045638,9.20886634533911,-6.07496993500209,11.2264619596084
355,355,738084.8007221,0.12,0.335,-7.72814369030364,25.8913821823672,21.0234479770762,19.1379728209699,0.290064693014104,-6.13107046586441,24.3050470896526,-23.0957343863374,23.2434543402786,-22.3454807232076,9.81167264970459,-6.0477638152798,11.8304014320984
356,356,738084.800722186,0.12,0.35,-7.66664076093532,27.2141818804501,21.0418007051474,18.9692850723566,0.27459822821704,-6.1006266592752,24.8926873857873,-23.0638092200732,23.8296055582013,-22.31171418946,10.399986094439,-6.01705932552535,12.4197976005924
357,357,738084.800722293,0.14,0.05,-5.32425048978359,-1.89134539761915,20.7811569196575,20.8606836730834,0.341328425566758,-5.06020221870597,11.7498432265925,-22.0206125558032,10.7198231326546,-21.30840390709,-2.72638977878253,-4.98063243693147,-0.735606047385909
358,358,738084.800722382,0.14,0.065,-5.41017667617559,-0.454521830418757,20.7867554450681,20.8601748929124,0.0838155595944552,-5.09958004448402,12.4041819843717,-22.0616603893586,11.3723125449545,-21.3474478128152,-2.07428957301514,-5.01979797355452,-0.0818743971770965
359,359,738084.800722471,0.14,0.08,-5.49028998382666,1.00005203613977,20.7829440096696,20.8605212353744,-0.180173924227086,-5.13621029553424,13.0664925494118,-22.0998237706214,12.0327604223224,-21.3835801807288,-1.41410329934154,-5.05620982336265,0.57994344382183
360,360,738084.800722559,0.14,0.095,-5.56423172615795,2.47004427474256,20.7694064698232,20.8617524651699,-0.417781881146038,-5.16992206847115,13.7356398093239,-22.1349237312005,12.700035222464,-21.4166255113686,-0.746957509108821,-5.08969734880978,1.24871740244405
361,361,738084.800722648,0.14,0.11,-5.63166702801577,3.95295916623373,20.745878268247,20.8638963681547,-0.612010947536328,-5.2005560912024,14.4104104061553,-22.1667935199889,13.3729273372076,-21.4464207815881,-0.0740574373511798,-5.12010158786119,1.92323862319156
362,362,738084.800722736,0.14,0.125,-5.69228950981756,5.44615521884636,20.7121520668955,20.8669784685917,-0.763304034453707,-5.22796700488588,15.0895217456149,-22.1952809949312,14.0501580704308,-21.4728178091624,0.603321897096597,-5.1472775348167,2.6022284021228
363,363,738084.800722825,0.14,0.14,-5.74582573002413,6.94686649370175,20.6680826392361,20.8710217531687,-0.879741841449576,-5.25202552456414,15.7716326235625,-22.2202508872491,14.7303902291383,-21.4956854845315,1.28384621248323,-5.1710962990311,3.28434874455196
364,364,738084.800722919,0.14,0.155,-5.79203925665488,8.45222691362837,20.6135908476063,20.8760464126455,-0.970026299793976,-5.27262041730466,16.4553553041568,-22.2415868739799,15.4122401627239,-21.5149118060233,1.96613394328262,-5.19144708033603,3.96821438306621
365,365,738084.800723009,0.14,0.17,-5.83073425366472,9.95929710558654,20.5486665543264,20.8820695988419,-1.04113929056681,-5.28966023910309,17.1392688251931,-22.2591933972638,16.09429102674,-21.5304056576568,2.64876945594259,-5.20823890246197,4.65240603334971
366,366,738084.800723097,0.14,0.185,-5.86175846954642,11.4650932243277,20.4733703428746,20.8891052097889,-1.09817340275557,-5.30307477705718,17.8219332534088,-22.2729971742892,16.7751069948652,-21.5420982743223,3.33031722665889,-5.22140205101352,5.33548461228015
367,367,738084.800723216,0.14,0.2,-5.88500553728115,12.966617115694,20.3878339659581,20.8971637000507,-1.14473855291227,-5.31281615121648,18.5019045692181,-22.2829483501422,17.4532480995717,-21.5499443475618,4.00933666298194,-5.2308891704911,6.01600609910997
368,368,738084.800723336,0.14,0.215,-5.90041651263331,14.4608871122654,20.2922594773538,20.9062519276729,-1.18339027341132,-5.31885954080473,19.1777498294351,-22.2890212565729,18.1272853511097,-21.5539227361024,4.68439721972681,-5.23667598515986,6.69253668919931
369,369,738084.800723428,0.14,0.23,-5.90798060393894,15.9449687223123,20.186917053193,20.9163730366538,-1.21595629999736,-5.3212035116754,19.8480622402037,-22.2912147524639,18.7958157681236,-21.5540367580962,5.35409344279767,-5.23876162074047,7.36366787295391
370,370,738084.800723516,0.14,0.245,-5.90773507106798,17.4160044687792,20.072141553646,20.9275263817001,-1.24376344180621,-5.3198699352443,20.5114757718905,-22.2895521358422,19.4574769527071,-21.5503140560934,6.01705957349414,-5.23716851732956,8.02803107166056
371,371,738084.800723604,0.14,0.26,-5.89976430317973,18.8712421652601,19.9483279219778,20.9397074947735,-1.2677907180687,-5.31490350307645,21.1666789633426,-22.2840806318523,20.1109608582519,-21.5428060403304,6.67198336086551,-5.23194193785178,8.6843114770261
372,372,738084.800723692,0.14,0.275,-5.88419810906609,20.3080609765818,19.8159255572681,20.9529080959081,-1.28877236817093,-5.30637085490924,21.8124275937537,-22.2748704754285,20.7550264291894,-21.5315869301056,7.31761875989677,-5.22314908999432,9.33126077161423
373,373,738084.800723781,0.14,0.29,-5.86120927961703,21.7239946981438,19.6754318309068,20.9671161496665,-1.30726767234874,-5.29435935051701,22.4475559445565,-22.2620136205855,21.3885108357036,-21.5167524261088,7.95279723687847,-5.21087789217139,9.96770845110382
374,374,738084.800723869,0.14,0.305,-5.83101050700943,23.116751797942,20.9823159640585,19.5273849408972,0.247087453603626,-5.27897552673415,23.0709864284941,-22.2456221197179,22.0103390810695,-21.4984180578328,8.57643745750564,-5.19523542496682,10.5925715236876
375,375,738084.800723988,0.14,0.32,-5.79385075889884,24.4842318874845,20.998488332148,19.3723563132658,0.232361777156069,-5.26034328963653,23.6817374249543,-22.2258262254099,22.6195318209993,-21.4767172591133,9.18755319473699,-5.17634611818464,11.204862423604
376,376,738084.800724109,0.14,0.335,-5.75001122124204,25.8245384192843,21.0156107122288,19.2109427643412,0.219083113586153,-5.23860189800809,24.2789292261418,-22.2027722736179,23.2152112996538,-21.451799231028,9.78525935859464,-5.15434972973209,11.8036950411372
377,377,738084.800724196,0.14,0.35,-5.69980092893039,27.1359875387576,21.0336574433084,19.0437586330955,0.207036084676222,-5.21390379758762,24.8617880640116,-22.1766204106924,23.7966053721606,-21.4238266547346,10.3687761152273,-5.12939917590229,12.388288836706
378,378,738084.800724304,0.16,0.05,-3.41448482081529,-1.69428946999483,20.8209135934772,20.8570769359735,0.460608187764016,-4.1925152523318,11.8396337513573,-21.1521904625603,10.8072711956457,-20.4389104898935,-2.6367726383965,-4.1119786391455,-0.646056777794033
379,379,738084.800724417,0.16,0.065,-3.48673150891681,-0.271279118478696,20.8261626085861,20.8566018294674,0.0776468491768544,-4.2256567983812,12.4877703727204,-21.1869700883059,11.4535625970115,-20.4717006125553,-1.99084417533766,-4.14490366695476,0.00148457645356533
380,380,738084.800724513,0.16,0.08,-3.55421455123761,1.16889067039512,20.8221253723717,20.8569672311887,-0.31773228842704,-4.25655806080014,13.143608422026,-21.2193749228078,12.1075438499767,-20.5020901957833,-1.33710145455132,-4.1755829620001,0.656840113354285
381,381,738084.800724603,0.16,0.095,-3.61664297516383,2.62394296302677,20.808495860509,20.8582019152097,-0.627648254628204,-4.28508065449271,13.8060395305785,-21.2492588049245,12.7681101353755,-20.5299364895878,-0.676644549227873,-4.20387842967877,1.31890633860784
382,382,738084.800724691,0.16,0.11,-3.67374510303034,4.09144475868195,20.785018252575,20.8603327338056,-0.839137669538658,-4.31109558584364,14.4738807815291,-21.2764855352306,13.4340822514245,-20.5551069505704,-0.0106485104850205,-4.22966140709044,1.98650468711004
383,383,738084.80072478,0.16,0.125,-3.72527227729356,5.56882439461571,20.7514922975474,20.8633843495172,-0.981213727111496,-4.33448506498175,15.1458834101237,-21.3009307924201,14.1042152829217,-20.5774811317629,0.659645228664423,-4.25281447378084,2.65839015150605
384,384,738084.8007249,0.16,0.14,-3.77100239159104,7.05339205330096,20.7077779675049,20.8673789741771,-1.07982480295967,-4.35514422041182,15.8207430206348,-21.3224839460518,14.7772087833419,-20.5969524638364,1.33293896973178,-4.27323316413235,3.33326143374893
385,385,738084.800724989,0.16,0.155,-3.81074312460484,8.54236306113591,20.6537992365186,20.8723361229719,-1.1511908646313,-4.37298266828731,16.497111161505,-21.3410497151209,15.4517183119774,-20.6134298776372,2.00789022976497,-4.29082753367987,4.00977246316205
386,386,738084.800725078,0.16,0.17,-3.84433478939894,10.0328835523238,20.5895468425897,20.8782723842966,-1.20487920175936,-4.38792589055154,17.1736080459347,-21.3565496240568,16.1263681141323,-20.6268392203061,2.68312437683229,-4.30552353361075,4.68654507006909
387,387,738084.800725165,0.16,0.185,-3.87165271080611,11.5220579765752,20.5150799177129,20.8852012157199,-1.24662888298708,-4.39991638029439,17.8488361566519,-21.3689232120942,16.799764683995,-20.6371244217544,3.35724816117991,-4.31726415187438,5.36218255530837
388,388,738084.800725257,0.16,0.2,-3.89260905767498,13.0069778492599,20.4305264082992,20.8931327644991,-1.28000862963888,-4.40891451884495,18.5213944339068,-21.3781289585193,17.4705109102123,-20.644248374939,4.02886384329063,-4.32601028548439,6.03528385592228
389,389,738084.800725345,0.16,0.215,-3.90715407574112,14.4847510808119,20.3360822459651,20.902073721932,-1.30732444031692,-4.41489915711279,19.1898927175133,-21.3841448947471,18.1372204759984,-20.6481935019407,4.69658359144128,-4.33174131664299,6.70445797869108
390,390,738084.800725432,0.16,0.23,-3.91527668295666,15.9525311943381,20.2320092741132,20.9120272113661,-1.33012066747158,-4.41786788306076,19.85296609892,-21.3869688841255,18.7985321708004,-20.6489619878667,5.35904380606179,-4.33445537470109,7.36833835791351
391,391,738084.800725519,0.16,0.245,-3.91700440975617,17.4075457366469,20.1186319776623,20.9229927161994,-1.34946511906379,-4.41783696761115,20.5092888391162,-21.386618561375,19.4531237702992,-20.6465756755638,6.01491902742767,-4.33416927635583,8.02559679314699
392,392,738084.800725606,0.16,0.26,-3.91240269182964,18.8471232161911,19.9963331068572,20.9349660466604,-1.36611709872368,-4.41484099198956,21.1575875226848,-21.3831309349137,20.0997251559648,-20.6410756254939,6.66293509718581,-4.33091814726983,8.67495663670584
393,393,738084.800725693,0.16,0.275,-3.90157354009592,20.2687179571528,19.8655483221482,20.9479393492401,-1.38062995423656,-4.40893217010332,21.7966531468772,-21.3765616665192,20.7371303738104,-20.6325213561933,7.30188127214267,-4.32475473881426,9.31520492877889
394,394,738084.80072578,0.16,0.29,-3.88465363524493,21.6699323396456,19.7267600190208,20.9619011578281,-1.39341571640432,-4.40017938929504,22.4253518853109,-21.3669840530954,21.3642083725822,-20.6209897909479,7.93062102894544,-4.31574846342926,9.94520321840394
395,395,738084.800725899,0.16,0.305,-3.86181191026205,23.0485359958161,20.976836486052,19.5804905150986,0.166009267158724,-4.38866700134032,23.0426343164432,-21.3544877443254,21.9799122119761,-20.6065739451656,8.54810134830947,-4.303984180583,10.5638968587256
396,396,738084.800726019,0.16,0.32,-3.8332466983703,24.4024816465962,20.9927269593136,19.427294794821,0.155811052942974,-4.37449340235393,23.6475429641793,-21.3391772371829,22.5832865885126,-20.589381395926,9.15336032424473,-4.28956077209369,11.1703226219509
397,397,738084.800726108,0.16,0.335,-3.79918253372167,25.729917383293,21.0095509835629,19.2677530140222,0.146596965154641,-4.35776944511575,24.2392180585865,-21.3211701933815,23.1734735871024,-20.5695325801267,9.74553300402288,-4.27258955042495,11.7636145398689
398,398,738084.800726196,0.16,0.35,-3.75986669817955,27.0291953214304,21.0272839476345,19.1024629601011,0.138216967305807,-4.33861673007891,24.8169014853182,-21.3005956287758,23.7497166268173,-20.547158970351,10.3238554250598,-4.25319254626892,12.3430079363918
399,399,738084.800726304,0.18,0.05,-1.53615853123581,-1.5015992656952,20.855029871136,20.8435496514312,-0.796774236311408,-3.33878369585805,11.9272883234411,-20.2974711002226,10.8926536207383,-19.5831408470434,-2.54904419364656,-3.2572961099639,-0.55842864121286
400,400,738084.8007264,0.18,0.065,-1.59527650976727,-0.0935934575465736,20.8482527218642,20.8546051433221,0.0586019390306781,-3.36593725601973,12.5686360291821,-20.3262268102339,11.5321629519865,-19.6099235634417,-1.90986965105352,-3.2842294222946,0.082338504773188
401,401,738084.800726489,0.18,0.08,-1.65064072688979,1.33095565103161,20.8550054372756,20.8438201503314,0.892209539889326,-3.3913388273869,13.2174023875073,-20.3530987154831,12.1790810743713,-19.634798083242,-1.26316535483785,-3.30940594375166,0.730635138923227
402,402,738084.800726579,0.18,0.095,-1.70202370228312,2.76983103965668,20.8299576942766,20.856258480217,-1.01979304956778,-3.41488052514285,13.8725082345265,-20.377971469922,12.8323323378498,-19.6576524039884,-0.610002467544042,-3.33271810147403,1.38538678654081
403,403,738084.800726667,0.18,0.11,-1.74921295757048,4.22066768546586,20.8064197449711,20.8583901382541,-1.17790409606415,-3.4364617286864,14.5328037259165,-20.4007375443282,13.4907705633481,-19.6783825703674,0.0484767480280466,-3.35406562310526,2.04544778574425
404,404,738084.800726755,0.18,0.125,-1.79201386286162,5.68096929959228,20.7730143968879,20.8614241614074,-1.265233846054,-3.45599046284052,15.1970767004183,-20.4212987056288,14.1531873756853,-19.6968941276808,0.711067193635947,-3.37335691613909,2.70960958322065
405,405,738084.800726843,0.18,0.14,-1.83025233269329,7.1481279545042,20.7296078365416,20.8653819382821,-1.32013509237738,-3.47338470392295,15.8640624560211,-20.4395674152524,14.81832194572,-19.713103489737,1.37651061674303,-3.39051037148552,3.37661044873875
406,406,738084.800726931,0.18,0.155,-1.86377729324654,8.61944630386888,20.6761279017748,20.8702822628301,-1.3578454272333,-3.48857357501413,16.5324547881344,-20.4554681082921,15.4848719916289,-19.726939183408,2.04350655980166,-3.40545555558367,4.04514645954193
407,407,738084.800727018,0.18,0.17,-1.89246285982582,10.09216199566,20.6125666769055,20.876141118002,-1.38543090905136,-3.50149839626427,17.2009180894182,-20.4689383168737,16.1515058397349,-19.7383429338677,2.71072437978481,-3.41813425697212,4.71388355599269
408,408,738084.800727106,0.18,0.185,-1.91621015474274,11.5634737902052,20.5389820196688,20.8829714824301,-1.40657633912625,-3.51211355919123,17.8681002667615,-20.4799296044916,16.8168753012244,-19.7472705580423,3.37681609573972,-3.42850135631266,5.38147042540789
409,409,738084.800727193,0.18,0.2,-1.93494871353661,13.0305688217817,20.4554979469406,20.8907831614353,-1.42338050828236,-3.52038719850136,18.532646194844,-20.4884082829743,17.4796290851145,-19.7536926388348,4.04042978582122,-3.43652549351663,6.04655193468475
410,410,738084.80072728,0.18,0.215,-1.94863743856508,14.4906503874538,20.3623038435993,20.8995826490901,-1.43712274787785,-3.52630164091582,19.1932114001693,-20.4943558901373,18.1384264423137,-19.7575949591558,4.70022322933235,-3.44218951151007,6.70778280636865
411,411,738084.800727368,0.18,0.23,-1.95726507045924,15.9409656214183,20.2596524989814,20.9093730227528,-1.44862571366094,-3.52985361738846,19.8484756561383,-20.4977694136045,18.791950722315,-19.7589786822689,5.35487747555589,-3.44549066319791,7.36384121913205
412,412,738084.800727455,0.18,0.245,-1.96085016545657,17.3788324100914,20.147857015622,20.9201538735962,-1.45844169927261,-3.53105423284319,20.4971561697466,-20.4986612545583,19.4389225240114,-19.7578602732395,6.00311002064349,-3.44644057582641,8.01344201315593
413,413,738084.800727543,0.18,0.26,-1.95944058199621,18.8016649292427,20.027286673723,20.9319212749945,-1.46695485290021,-3.52992869542855,21.1380200538531,-20.4970589336485,20.0781121354226,-19.7542711647195,6.64368728667937,-3.44506497490959,8.65534919388515
414,414,738084.800727631,0.18,0.275,-1.95311249584814,20.2069972357582,19.8983618692302,20.9446677900436,-1.47444038670845,-3.52651581516664,21.7698958051243,-20.4930045497081,20.7083509831481,-19.748257178615,7.27543612262315,-3.44140317769149,9.28838745333351
415,415,738084.800727718,0.18,0.29,-1.94196897781715,21.5925044195563,19.7615482734338,20.9583825182231,-1.48110046720912,-3.52086728908863,22.3916835450144,-20.4865540096911,21.3285418494879,-19.7398777228592,7.89725408360072,-3.43550737338126,9.91145246503443
416,416,738084.800727804,0.18,0.305,-1.92613818061483,22.95602091441,19.617350381451,20.9730511811788,-1.4870868247485,-3.51304679631116,23.0023638273581,-20.4777760550211,21.937667661203,-19.7292047891196,8.50811829074233,-3.42744171369418,10.5235197546206
417,417,738084.800727891,0.18,0.32,-1.90577119295899,24.2955556691772,19.4663046333109,20.9886562449604,-1.49251547411413,-3.50312893159876,23.6010048685553,-20.4667511150488,22.5347987061421,-19.7163217826181,9.10709272579569,-3.41728124236296,11.123652000214
418,418,738084.800727978,0.18,0.335,-1.88103962409571,25.6093039923575,19.3089722945322,21.0051770781549,-1.49747657835564,-3.49119800966943,24.186768111931,-20.4535700222086,23.1190981893611,-19.7013222189607,9.69333387003629,-3.40511069591715,11.7110046722552
419,419,738084.800728064,0.18,0.35,-1.85213298987473,26.8956559959956,19.1459322799906,21.0225901406208,-1.50204122513586,-3.47734677462422,24.7589120936587,-20.4383326258218,23.6898260960267,-19.6843083250384,10.2660946526147,-3.3910232101857,12.2848299781591
420,420,738084.800728178,0.2,0.05,0.306088247777621,-1.31372615579016,20.8544539198151,20.849927782031,0.228908606532553,-2.50128097154123,12.0125948003796,-19.4587456622967,10.9757626295586,-18.7433888688766,-2.46343069518025,-2.41886084239305,-0.472945742282962
421,421,738084.800728299,0.2,0.065,0.259470631406539,0.0782005010698019,20.8540943575918,20.8539116913356,-1.27806957032427,-2.52273310092911,12.6466234410506,-19.4817605819725,11.6079623403059,-18.7644492392865,-1.83153617680397,-2.44008951293142,0.160519559234227
422,422,738084.800728391,0.2,0.08,0.215642252533346,1.48603597134552,20.8545435740633,20.8489346731403,-0.144106503162918,-2.54289955859344,13.2877788983444,-19.5033609886871,12.2472806576698,-18.7840720668386,-1.1924057383369,-2.46002833616176,0.801220334651875
423,423,738084.80072848,0.2,0.095,0.174771843964976,2.90762731339136,20.834715613862,20.8558282081685,1.51076050133531,-2.56170068214964,13.9350132984681,-19.523460093436,12.8926731719547,-18.8021738297896,-0.547079569237889,-2.47859797979481,1.44811319793381
424,424,738084.800728568,0.2,0.11,0.13701716867278,4.34068185877113,20.811020301313,20.8579730998515,1.53924098841178,-2.57906207608321,14.5872120607057,-19.5419769074799,13.5430289040203,-18.8186770222319,0.103335025676562,-2.4957244108674,2.10008756677697
425,425,738084.800728657,0.2,0.125,0.102522965624576,5.78278323238782,20.777666183669,20.861001048822,1.55306918225587,-2.59491560449935,15.2432019019051,-19.5588373269505,14.1971782798794,-18.8335112136727,0.757671537853355,-2.51133988635508,2.75597360352765
426,426,738084.800728746,0.2,0.14,0.0714190067160527,7.23141005528376,20.7345264727301,20.8649325836383,1.56092042681901,-2.60920032981487,15.9017601483724,-19.5739751577837,14.8539024095507,-18.8466140446995,1.41471347760282,-2.52538388913288,3.41455146929041
427,427,738084.800728835,0.2,0.155,0.0438183155959237,8.68395703531428,20.6815334691253,20.869785743163,1.56575047706375,-2.62186337227011,16.5616252127058,-19.5873330535248,15.5119435282973,-18.8579321317272,2.07320476752045,-2.53780398420027,4.07456175045767
428,428,738084.800728923,0.2,0.17,0.0198155937704339,10.1377580813491,20.618680979119,20.875575872232,1.5688416966354,-2.63286066630385,17.2215080481733,-19.598863339833,16.1700164135804,-18.8674218552097,2.7318611215789,-2.54855657126017,4.73471687181087
429,429,738084.800729011,0.2,0.185,-0.000514095991240343,11.5901109822396,20.8823154403696,20.5460257293934,4.43564696100888e-05,-2.64215759198329,17.8801043532902,-19.6085287018297,16.8268205511636,-18.8750500082382,3.38938218464373,-2.55760751190345,5.39371327017839
430,430,738084.800729098,0.2,0.2,-0.0171163548172148,13.0383031316412,20.4636877135684,20.8900138834566,-1.56948355281707,-2.649729462894,18.5361072667912,-19.6163027140421,17.4810527914576,-18.8807942860561,4.04446417446012,-2.56493261290857,6.05024406990814
431,431,738084.800729197,0.2,0.215,-0.0299581502236526,14.479637730257,20.3718494379947,20.8986774735484,-1.56872734497085,-2.65556185601608,19.1882202702669,-19.6221701971315,18.1314202142527,-18.8846436016244,4.69581274488563,-2.57051795126197,6.70301197813257
432,432,738084.800729316,0.2,0.23,-0.0390281761650904,15.911459872701,20.2707540711716,20.9083092196433,-1.56834349734036,-2.65965077393851,19.8351700038822,-19.6261273909651,18.7766529081649,-18.8865982177201,5.34215577689737,-2.5743600313772,7.35074210558417
433,433,738084.800729405,0.2,0.245,-0.0443368615044818,17.3311819250652,20.1607025380129,20.9189088020787,-1.56823811895669,-2.66200263510096,20.475718700746,-19.6281819393537,19.4155163711954,-18.8866696918575,5.98225580357366,-2.57646577030122,7.99219441847147
434,434,738084.800729494,0.2,0.26,-0.0459160281603786,18.7363076228973,20.0420496357677,20.9304725415047,-1.56834568724965,-2.66263409324449,21.1086759577288,-19.628352687873,20.0468232509852,-18.8848806363536,6.61492178700256,-2.57685231222656,8.62617553875672
435,435,738084.800729583,0.2,0.275,-0.0438182135961196,20.1244543647497,19.9151992798253,20.9429934058193,-1.56861896866202,-2.66157169271174,21.7329095842409,-19.6266693021,20.6694441669247,-18.8812643017076,7.23901998828144,-2.57554667904854,9.25154963351546
436,436,738084.800729671,0.2,0.29,-0.0381156784296628,21.4933732452936,19.7805990145367,20.9564610522381,-1.5690229597976,-2.65885137130006,22.3473553042847,-19.6231717191514,21.2823173899494,-18.8758639969279,7.85348370509743,-2.57258526876754,9.86724816751071
437,437,738084.800729791,0.2,0.305,-0.0288991334303179,22.8409664526476,19.6387339445576,20.9708619064738,-1.5695310949276,-2.65451782679587,22.9510251289851,-19.6179094502721,21.8844571976099,-18.8687323651238,8.45732169285331,-2.56801321798223,10.4722783347536
438,438,738084.800729879,0.2,0.32,-0.0162762245518398,24.165301750815,19.4901202550824,20.9861792764779,-1.57012278993365,-2.64862376695404,23.5430142644016,-19.6109407561537,22.4749607694123,-18.859930536512,9.04962513253836,-2.5618836482946,11.0657300321851
439,439,738084.800729967,0.2,0.335,-0.000369821895168187,25.464623869882,21.002393498432,19.3352984930638,1.45229577272643e-05,-2.64122906532616,24.1225064700392,-19.6023317195547,23.0530135378918,-18.8495271836795,9.62957305887233,-2.5542568190875,11.6467812890984
440,440,738084.800730057,0.2,0.35,0.0186838406638674,26.7373627261161,19.1748267811993,21.0194821136464,1.57009753544461,-2.63239984690994,24.6887778343988,-19.5921552415313,23.6178929616635,-18.8375975055196,10.1964362130092,-2.54519921070015,12.2147021168096
