frame_no,target_no,time_stamp,target_x,target_y,pupil_x,pupil_y,ellipse_min_axis,ellipse_max_axis,ellipse_angle,glint_1_x,glint_1_y,glint_2_x,glint_2_y,glint_3_x,glint_3_y,glint_4_x,glint_4_y
1,00,1568048136402,0100,0100,888.1260375976562,636.5021362304688,70.44873809814453,87.71775817871094,130.75010681152344,778.510986328125,644.35986328125,889.279296875,636.0,884.3086547851562,684.8563842773438,780.4339599609375,703.7164306640625
2,00,1568048136414,0100,0100,888.2437744140625,636.5021362304688,70.49439239501953,87.59883880615234,130.36489868164062,778.3302001953125,644.3457641601562,889.279296875,636.0,884.3863525390625,684.828857421875,780.4339599609375,703.7164306640625
3,00,1568048136429,0100,0100,888.3525390625,636.5562133789062,70.677978515625,87.35623168945312,130.60845947265625,778.54296875,644.1790161132812,889.2269287109375,635.9199829101562,884.3863525390625,684.828857421875,780.5,703.2847900390625
4,00,1568048136441,0100,0100,888.3023681640625,636.537109375,70.4875717163086,87.61000061035156,130.2412872314453,778.7578125,644.06591796875,889.2879638671875,636.0487670898438,884.3863525390625,684.828857421875,780.5,703.2847900390625
5,00,1568048136454,0100,0100,888.5372924804688,636.4700927734375,69.98188018798828,87.34541320800781,130.729248046875,778.784423828125,644.049072265625,889.4037475585938,635.7681884765625,884.5272216796875,684.56591796875,780.5,703.2847900390625
6,00,1568048136467,0100,0100,888.5296630859375,636.2755126953125,70.02959442138672,87.40514373779297,130.07571411132812,778.802490234375,644.0418090820312,889.45458984375,635.80224609375,884.6205444335938,684.6275024414062,780.5302734375,703.2411499023438
7,00,1568048136480,0100,0100,888.4584350585938,636.33837890625,70.0290298461914,87.18815612792969,130.0604705810547,778.802490234375,644.0418090820312,889.4052124023438,635.711669921875,884.6415405273438,684.6415405273438,780.6041870117188,703.4840087890625
8,00,1568048136492,0100,0100,888.520263671875,636.3423461914062,70.76421356201172,87.74442291259766,130.78221130371094,778.6943969726562,644.1270141601562,889.4052124023438,635.711669921875,884.7913818359375,684.7141723632812,780.6626586914062,703.6937255859375
9,00,1568048136503,0100,0100,888.6234741210938,636.4754638671875,70.44583892822266,87.49774169921875,130.1655731201172,778.6943969726562,644.1270141601562,889.4052124023438,635.711669921875,884.7913818359375,684.7141723632812,780.6626586914062,703.6937255859375
10,00,1568048136515,0100,0100,888.4910888671875,636.4649658203125,70.61290740966797,87.27623748779297,130.65628051757812,778.6943969726562,644.1270141601562,889.4052124023438,635.711669921875,884.6205444335938,684.6275024414062,780.6041870117188,703.4840087890625
11,00,1568048136529,0100,0100,888.393798828125,636.3837890625,70.35113525390625,87.53328704833984,130.40847778320312,778.6943969726562,644.1270141601562,889.4052124023438,635.711669921875,884.5736083984375,684.6189575195312,780.6541137695312,703.4239501953125
12,00,1568048136541,0100,0100,888.4328002929688,636.3976440429688,70.37995147705078,87.52163696289062,130.1169891357422,778.16064453125,644.2432861328125,889.30859375,635.74169921875,884.5272216796875,684.56591796875,780.5806884765625,703.296142578125
13,00,1568048136553,0100,0100,888.4197387695312,636.3054809570312,70.06466674804688,87.11642456054688,130.81451416015625,778.0086059570312,644.200927734375,889.30859375,635.74169921875,884.5844116210938,684.580810546875,780.3710327148438,703.2268676757812
14,00,1568048136567,0100,0100,888.2291259765625,636.2276611328125,70.51766204833984,87.70095825195312,130.36550903320312,778.12158203125,644.1603393554688,889.30859375,635.74169921875,884.5844116210938,684.580810546875,780.6845092773438,703.4297485351562
15,00,1568048136581,0100,0100,888.5315551757812,636.4605102539062,70.00616455078125,87.3733139038086,130.62620544433594,778.12158203125,644.1603393554688,889.30859375,635.74169921875,884.5844116210938,684.580810546875,780.6356811523438,703.4844970703125
16,00,1568048136595,0100,0100,888.4760131835938,636.3465576171875,70.1309814453125,87.39786529541016,130.4842071533203,778.0601806640625,644.150146484375,889.4052124023438,635.711669921875,884.5342407226562,684.5737915039062,780.5897216796875,703.2032470703125
17,00,1568048136607,0100,0100,888.459716796875,636.282958984375,69.82767486572266,86.8447265625,130.0683135986328,778.2060546875,644.0947265625,889.3062133789062,635.5980224609375,884.5879516601562,684.588623046875,780.4793090820312,703.4169311523438
18,00,1568048136619,0100,0100,888.4660034179688,636.3134765625,69.96246337890625,87.39396667480469,130.39175415039062,778.2060546875,644.0947265625,889.4052124023438,635.711669921875,884.5879516601562,684.588623046875,780.6331787109375,703.4332885742188
19,00,1568048136634,0100,0100,888.5275268554688,636.2452392578125,70.31877136230469,87.35826110839844,129.9427490234375,778.2601318359375,644.0679321289062,889.3981323242188,635.577392578125,884.5244140625,684.5244140625,780.735107421875,703.2317504882812
20,00,1568048136648,0100,0100,888.5100708007812,636.128173828125,70.33525848388672,86.94732666015625,129.77552795410156,778.2601318359375,644.0679321289062,889.4524536132812,635.7142333984375,884.6764526367188,684.4562377929688,780.7557373046875,703.2612915039062
21,00,1568048136662,0100,0100,888.5667114257812,636.1651611328125,70.30668640136719,87.06887817382812,129.57540893554688,778.5673828125,643.9948120117188,889.5,635.6712036132812,884.8640747070312,684.6384887695312,780.7557373046875,703.2612915039062
22,00,1568048136674,0100,0100,888.64892578125,636.2702026367188,70.66343688964844,87.3148422241211,130.40725708007812,778.6411743164062,644.1494140625,889.3734741210938,635.6012573242188,884.869873046875,684.6585693359375,780.7557373046875,703.2612915039062
23,00,1568048136686,0100,0100,888.4743041992188,636.26220703125,70.23677062988281,87.1917953491211,129.54136657714844,778.5884399414062,644.1968383789062,889.5,635.6712036132812,884.869873046875,684.6585693359375,780.80322265625,703.529296875
24,00,1568048136698,0100,0100,888.6290283203125,636.2872924804688,70.07795715332031,86.85116577148438,130.108642578125,778.7431030273438,644.20068359375,889.5403442382812,635.7578735351562,884.869873046875,684.6585693359375,780.80322265625,703.529296875
25,00,1568048136711,0100,0100,888.5841674804688,636.3386840820312,69.86335754394531,87.08292388916016,130.60609436035156,778.7431030273438,644.20068359375,889.6726684570312,635.8199462890625,884.908203125,684.7717895507812,780.7543334960938,703.6419677734375
26,00,1568048136724,0100,0100,888.5320434570312,636.2949829101562,70.20687103271484,87.6743392944336,129.9961395263672,778.7431030273438,644.20068359375,889.6726684570312,635.8199462890625,884.8215942382812,684.8215942382812,780.80322265625,703.529296875
27,00,1568048136736,0100,0100,888.4503173828125,636.36669921875,70.35556030273438,87.15156555175781,130.3110809326172,778.65966796875,644.26953125,889.5403442382812,635.7578735351562,884.8215942382812,684.8215942382812,780.7557373046875,703.2612915039062
28,00,1568048136748,0100,0100,888.4827270507812,636.4545288085938,70.28086853027344,87.37029266357422,130.60618591308594,778.65966796875,644.26953125,889.5403442382812,635.7578735351562,884.8215942382812,684.8215942382812,780.7557373046875,703.2612915039062
29,00,1568048136760,0100,0100,888.3511962890625,636.3816528320312,70.24909973144531,86.86260223388672,130.90650939941406,778.633056640625,644.2510375976562,889.5403442382812,635.7578735351562,884.7913818359375,684.7141723632812,780.7557373046875,703.2612915039062
30,00,1568048136772,0100,0100,888.4105834960938,636.3785400390625,70.13815307617188,87.06901550292969,130.43128967285156,778.633056640625,644.2510375976562,889.5403442382812,635.7578735351562,884.7913818359375,684.7141723632812,780.80322265625,703.529296875
31,00,1568048136784,0100,0100,888.4242553710938,636.3890991210938,69.88236236572266,87.20246887207031,130.70474243164062,778.6962280273438,644.1773681640625,889.5403442382812,635.7578735351562,884.8215942382812,684.8215942382812,780.80322265625,703.529296875
32,00,1568048136797,0100,0100,888.3941650390625,636.30517578125,69.81206512451172,87.037841796875,130.45787048339844,778.6962280273438,644.1773681640625,889.5403442382812,635.7578735351562,884.8215942382812,684.8215942382812,780.80322265625,703.529296875
33,00,1568048136810,0100,0100,888.4324340820312,636.2943725585938,70.20032501220703,86.96785736083984,130.80630493164062,778.7183837890625,644.2001953125,889.5403442382812,635.7578735351562,884.8215942382812,684.8215942382812,780.7557373046875,703.2612915039062
34,00,1568048136823,0100,0100,888.3588256835938,636.3215942382812,70.03266143798828,86.76368713378906,130.54017639160156,778.7183837890625,644.2001953125,889.5403442382812,635.7578735351562,884.8215942382812,684.8215942382812,780.8147583007812,703.1729736328125
35,00,1568048136837,0100,0100,888.505859375,636.3535766601562,70.0241470336914,87.17597961425781,130.23468017578125,778.7183837890625,644.2001953125,889.5403442382812,635.7578735351562,884.8215942382812,684.8215942382812,780.7557373046875,703.2612915039062
36,00,1568048136851,0100,0100,888.40771484375,636.3511352539062,70.20667266845703,87.20820617675781,130.05569458007812,778.7183837890625,644.2001953125,889.5403442382812,635.7578735351562,884.8215942382812,684.8215942382812,780.7543334960938,703.6419677734375
37,00,1568048136864,0100,0100,888.35986328125,636.4750366210938,70.51520538330078,87.27880859375,130.18392944335938,778.75146484375,644.226318359375,889.5294189453125,635.8759155273438,884.8215942382812,684.8215942382812,780.9736938476562,703.6497802734375
38,00,1568048136877,0100,0100,888.3515625,636.5489501953125,70.45340728759766,87.33292388916016,130.71075439453125,778.75146484375,644.226318359375,889.5294189453125,635.8759155273438,884.8215942382812,684.8215942382812,780.9736938476562,703.6497802734375
39,00,1568048136890,0100,0100,888.4502563476562,636.4379272460938,70.17375946044922,86.87380981445312,129.82431030273438,778.7074584960938,644.2476806640625,889.6784057617188,635.8233642578125,884.8215942382812,684.8215942382812,780.9736938476562,703.6497802734375
40,00,1568048136903,0100,0100,888.3824462890625,636.4835815429688,70.0772476196289,86.80029296875,130.05941772460938,778.7763671875,644.2164916992188,889.6784057617188,635.8233642578125,884.8215942382812,684.8215942382812,780.9736938476562,703.6497802734375
41,00,1568048136915,0100,0100,888.45361328125,636.5090942382812,70.0587387084961,87.09266662597656,130.5891571044922,778.7763671875,644.2164916992188,889.7802734375,635.89453125,884.908203125,684.7717895507812,780.9736938476562,703.6497802734375
42,00,1568048136928,0100,0100,888.48095703125,636.332763671875,70.589599609375,87.29589080810547,130.12181091308594,778.7763671875,644.2164916992188,889.7587280273438,635.8703002929688,884.908203125,684.7717895507812,780.9736938476562,703.6497802734375
43,00,1568048136942,0100,0100,888.4510498046875,636.3615112304688,70.05162048339844,86.61016845703125,130.23768615722656,778.7601928710938,644.1942138671875,889.7587280273438,635.8703002929688,884.908203125,684.7717895507812,781.0,703.3148803710938
44,00,1568048136954,0100,0100,888.4154663085938,636.4625244140625,70.19345092773438,86.80052185058594,130.29725646972656,778.7929077148438,644.166259765625,889.7587280273438,635.8703002929688,884.869873046875,684.6585693359375,781.0,703.3148803710938
45,00,1568048136968,0100,0100,888.4422607421875,636.32861328125,70.26544189453125,86.63846588134766,130.40216064453125,778.6895141601562,644.158935546875,889.6751708984375,635.7588500976562,884.869873046875,684.6585693359375,781.0044555664062,703.5478515625
46,00,1568048136982,0100,0100,888.4057006835938,636.0237426757812,70.90900421142578,87.21216583251953,129.55148315429688,778.8335571289062,644.0289916992188,889.7708129882812,635.6592407226562,885.0159301757812,684.4583129882812,781.0044555664062,703.5478515625
47,00,1568048136995,0100,0100,888.4189453125,636.1556396484375,70.28379821777344,86.72026824951172,130.3944091796875,779.0970458984375,643.8300170898438,889.812255859375,635.49169921875,884.9923706054688,684.5344848632812,781.0044555664062,703.5478515625
48,00,1568048137008,0100,0100,888.516357421875,635.9371948242188,70.46200561523438,86.9285659790039,130.7246551513672,778.656494140625,643.8579711914062,889.5980224609375,635.3062133789062,884.9854125976562,684.3113403320312,781.2955322265625,703.4739990234375
49,00,1568048137020,0100,0100,889.0732421875,635.5618896484375,70.30328369140625,87.07857513427734,129.8441925048828,778.3029174804688,643.92333984375,890.0819702148438,635.2108764648438,885.1784057617188,684.1784057617188,781.0825805664062,702.60205078125
50,00,1568048137033,0100,0100,889.0111694335938,635.5158081054688,70.5564193725586,87.33366394042969,130.59432983398438,778.5010375976562,643.8350830078125,890.041748046875,635.3855590820312,885.14013671875,684.1224365234375,781.1668701171875,703.158203125
51,00,1568048137046,0100,0100,888.8037719726562,635.5753784179688,70.18840026855469,86.82001495361328,131.01304626464844,778.3087768554688,643.8384399414062,889.85546875,635.16357421875,885.03369140625,684.03369140625,781.0825805664062,702.60205078125
52,00,1568048137059,0100,0100,888.721435546875,635.4908447265625,70.30305480957031,87.40856170654297,131.1110382080078,778.2688598632812,643.818359375,889.7802734375,635.10546875,885.0963134765625,684.0963134765625,781.0203857421875,702.796630859375
53,00,1568048137070,0100,0100,888.47705078125,635.3944702148438,70.50859832763672,87.1633071899414,130.3447723388672,778.2158203125,643.74560546875,889.720703125,635.0,884.9986572265625,684.110595703125,780.8915405273438,702.9536743164062
54,00,1568048137084,0100,0100,888.4434814453125,635.4623413085938,70.34983825683594,87.24205017089844,130.4799041748047,778.2703857421875,643.7256469726562,889.720703125,635.0,884.8335571289062,684.1664428710938,780.8915405273438,702.9536743164062
55,00,1568048137096,0100,0100,888.4180297851562,635.3775634765625,70.52119445800781,87.3685302734375,130.70640563964844,778.3399047851562,643.6507568359375,889.720703125,635.0,884.7146606445312,684.10009765625,780.8812255859375,703.19580078125
56,00,1568048137109,0100,0100,888.3457641601562,635.4207763671875,70.42643737792969,87.01969909667969,130.7751007080078,778.2379760742188,643.6759033203125,889.720703125,635.0,884.7779541015625,684.036376953125,780.8812255859375,703.19580078125
57,00,1568048137121,0100,0100,888.4732055664062,635.4365234375,70.45622253417969,86.9483413696289,130.415771484375,778.3070068359375,643.5554809570312,889.720703125,635.0,884.7779541015625,684.036376953125,780.8975830078125,703.16015625
58,00,1568048137134,0100,0100,888.4427490234375,635.4232177734375,70.47876739501953,86.74115753173828,130.0427703857422,778.22998046875,643.615478515625,889.720703125,635.0,884.74072265625,683.9295654296875,780.9081420898438,703.0571899414062
59,00,1568048137147,0100,0100,888.25244140625,635.3983764648438,70.2808609008789,86.54988098144531,130.86744689941406,778.4330444335938,643.425537109375,889.720703125,635.0,884.74072265625,683.9295654296875,780.902099609375,703.097900390625
60,00,1568048137160,0100,0100,888.4288940429688,635.4148559570312,70.59468078613281,86.92679595947266,130.22979736328125,778.4330444335938,643.425537109375,889.720703125,635.0,884.74072265625,683.9295654296875,780.902099609375,703.097900390625
61,00,1568048137173,0100,0100,888.3507690429688,635.4191284179688,70.57807922363281,86.67764282226562,130.7830352783203,778.22998046875,643.615478515625,889.720703125,635.0,884.7779541015625,684.036376953125,780.89990234375,703.1287841796875
62,00,1568048137187,0100,0100,888.5396118164062,635.3685913085938,70.50601196289062,86.44256591796875,130.22911071777344,778.22998046875,643.615478515625,889.720703125,635.0,884.7779541015625,684.036376953125,780.9329833984375,703.1567993164062
63,00,1568048137200,0100,0100,888.4949951171875,635.4074096679688,70.13850402832031,86.19805908203125,130.37991333007812,778.2251586914062,643.640380859375,889.720703125,635.0,884.7779541015625,684.036376953125,780.9378662109375,703.2109375
64,00,1568048137212,0100,0100,888.5975341796875,635.47314453125,70.41047668457031,86.55375671386719,130.67491149902344,778.2542724609375,643.6636352539062,889.720703125,635.0,884.7779541015625,684.036376953125,780.9378662109375,703.2109375
65,00,1568048137225,0100,0100,888.4999389648438,635.4518432617188,70.46731567382812,86.39092254638672,130.57015991210938,778.3096923828125,643.6775512695312,889.7802734375,634.89453125,884.75,684.0,780.9259643554688,703.1962890625
66,00,1568048137238,0100,0100,888.5010375976562,635.3675537109375,70.05476379394531,86.33682250976562,130.5421905517578,778.3096923828125,643.6775512695312,889.7802734375,634.89453125,885.1505737304688,683.9285278320312,780.9649658203125,703.1009521484375
67,00,1568048137255,0100,0100,888.521240234375,635.3240966796875,69.91091918945312,86.45027160644531,130.451904296875,778.3096923828125,643.6775512695312,889.7802734375,634.89453125,885.1505737304688,683.9285278320312,780.8187866210938,703.3383178710938
68,00,1568048137267,0100,0100,888.4441528320312,635.3323974609375,70.38236236572266,86.3525619506836,130.246337890625,778.2256469726562,643.7481079101562,889.720703125,635.0,885.1505737304688,683.9285278320312,781.0897216796875,703.5040283203125
69,00,1568048137280,0100,0100,888.5571899414062,635.3804321289062,70.23126220703125,86.17255401611328,130.22967529296875,778.31591796875,643.768310546875,889.720703125,635.0,885.1505737304688,683.9285278320312,780.797607421875,703.4851684570312
70,00,1568048137294,0100,0100,888.52734375,635.5123901367188,70.10934448242188,86.16390991210938,130.6229248046875,778.4603881835938,643.765869140625,889.720703125,635.0,885.1505737304688,683.9285278320312,781.277099609375,703.3983154296875
71,00,1568048137306,0100,0100,888.4814453125,635.505859375,69.80223846435547,86.34207916259766,130.0384521484375,778.4603881835938,643.765869140625,889.720703125,635.0,885.0963134765625,684.0963134765625,781.19580078125,703.0806884765625
72,00,1568048137319,0100,0100,888.5554809570312,635.5463256835938,69.87804412841797,86.09688568115234,130.02362060546875,778.3721923828125,643.8086547851562,889.720703125,635.0,884.8335571289062,684.1664428710938,781.19580078125,703.0806884765625
73,00,1568048137332,0100,0100,888.5659790039062,635.5706787109375,69.9988021850586,86.04338073730469,130.76834106445312,778.4617919921875,643.7522583007812,889.7802734375,635.10546875,884.8335571289062,684.1664428710938,780.9414672851562,702.9627075195312
74,00,1568048137345,0100,0100,888.51123046875,635.4717407226562,69.73152923583984,86.12002563476562,129.78602600097656,778.4617919921875,643.7522583007812,889.720703125,635.0,884.8335571289062,684.1664428710938,780.9414672851562,702.9627075195312
75,00,1568048137358,0100,0100,888.3511962890625,635.565673828125,69.49176025390625,85.86576080322266,129.04522705078125,778.3182983398438,643.8106079101562,889.720703125,635.0,884.8335571289062,684.1664428710938,780.9414672851562,702.9627075195312
76,00,1568048137371,0100,0100,888.5281982421875,635.4874877929688,69.44049835205078,85.80323028564453,129.81524658203125,778.2725219726562,643.8514404296875,889.5901489257812,635.0982666015625,884.8335571289062,684.1664428710938,780.9414672851562,702.9627075195312
77,00,1568048137385,0100,0100,888.5670776367188,635.508056640625,69.1852798461914,85.35269927978516,130.72213745117188,778.2725219726562,643.8514404296875,889.5901489257812,635.0982666015625,884.8335571289062,684.1664428710938,780.9414672851562,702.9627075195312
78,00,1568048137397,0100,0100,888.447265625,635.4678344726562,69.5093765258789,85.89219665527344,129.61114501953125,778.100341796875,643.9820556640625,889.6303100585938,635.1424560546875,884.7146606445312,684.10009765625,780.9414672851562,702.9627075195312
79,00,1568048137410,0100,0100,888.44287109375,635.362060546875,69.10882568359375,85.90336608886719,129.89234924316406,778.100341796875,643.9820556640625,889.5962524414062,635.2318115234375,884.7146606445312,684.10009765625,780.9414672851562,702.9627075195312
80,00,1568048137422,0100,0100,888.3609619140625,635.4935913085938,69.47074890136719,85.98272705078125,129.76889038085938,778.100341796875,643.9820556640625,889.500732421875,635.2763061523438,884.8335571289062,684.1664428710938,780.9414672851562,702.9627075195312
81,00,1568048137435,0100,0100,888.3265380859375,635.4384765625,68.8975601196289,85.64030456542969,129.96788024902344,778.100341796875,643.9820556640625,889.500732421875,635.2763061523438,884.8335571289062,684.1664428710938,780.9414672851562,702.9627075195312
82,00,1568048137447,0100,0100,888.3811645507812,635.354736328125,69.1493911743164,86.18052673339844,129.79049682617188,778.100341796875,643.9820556640625,889.500732421875,635.2763061523438,884.8335571289062,684.1664428710938,780.9414672851562,702.9627075195312
83,00,1568048137461,0100,0100,888.2953491210938,635.2932739257812,68.8570785522461,85.62967681884766,129.3693084716797,778.051025390625,644.0010375976562,889.500732421875,635.2763061523438,884.8335571289062,684.1664428710938,780.9414672851562,702.9627075195312
84,00,1568048137474,0100,0100,888.3818969726562,635.1343383789062,69.21905517578125,85.80027770996094,129.57342529296875,778.0877075195312,643.9647827148438,889.4989013671875,635.0796508789062,884.7146606445312,684.10009765625,780.9414672851562,702.9627075195312
85,00,1568048137487,0100,0100,888.4486694335938,635.2607421875,69.33998107910156,85.42997741699219,129.6647186279297,778.308349609375,643.7861328125,889.5757446289062,635.020263671875,884.7146606445312,684.10009765625,781.0160522460938,702.787841796875
86,00,1568048137501,0100,0100,888.5367431640625,635.3402099609375,69.4998550415039,85.36547088623047,130.3615264892578,778.308349609375,643.7861328125,889.7120361328125,634.9512329101562,884.7146606445312,684.10009765625,781.0160522460938,702.787841796875
87,00,1568048137515,0100,0100,888.5267944335938,635.2481689453125,69.07547760009766,85.28321838378906,130.3095245361328,778.308349609375,643.7861328125,889.7120361328125,634.9512329101562,884.7146606445312,684.10009765625,781.0160522460938,702.787841796875
88,00,1568048137528,0100,0100,888.727783203125,635.1688842773438,68.75851440429688,84.9142074584961,129.9754638671875,778.3206787109375,643.7821044921875,889.720703125,635.0,884.7146606445312,684.10009765625,781.0160522460938,702.787841796875
89,00,1568048137540,0100,0100,888.5809326171875,635.0103759765625,69.03751373291016,85.41786193847656,129.54721069335938,778.3206787109375,643.7821044921875,889.720703125,635.0,884.8335571289062,684.1664428710938,781.0160522460938,702.787841796875
90,00,1568048137553,0100,0100,888.5306396484375,635.043701171875,68.79609680175781,85.64773559570312,129.44961547851562,778.3206787109375,643.7821044921875,889.720703125,635.0,884.8335571289062,684.1664428710938,781.0160522460938,702.787841796875
91,00,1568048137566,0100,0100,888.5629272460938,635.0401611328125,68.74403381347656,85.57933807373047,129.6855926513672,778.3206787109375,643.7821044921875,889.720703125,635.0,884.8335571289062,684.1664428710938,781.0160522460938,702.787841796875
92,00,1568048137580,0100,0100,888.67919921875,635.1280517578125,68.51705169677734,85.27497100830078,129.578857421875,778.3206787109375,643.7821044921875,889.720703125,635.0,884.8335571289062,684.1664428710938,781.0160522460938,702.787841796875
93,00,1568048137593,0100,0100,888.6593627929688,634.9998779296875,68.56046295166016,85.50028991699219,130.22792053222656,778.3206787109375,643.7821044921875,889.720703125,635.0,884.8335571289062,684.1664428710938,781.0344848632812,703.3294677734375
94,00,1568048137606,0100,0100,888.5968627929688,635.1768188476562,69.04928588867188,85.31396484375,130.06069946289062,778.3206787109375,643.7821044921875,889.720703125,635.0,884.7146606445312,684.10009765625,781.0160522460938,702.787841796875
95,00,1568048137619,0100,0100,888.6170043945312,635.1405639648438,68.72534942626953,85.57518768310547,129.9088592529297,778.3206787109375,643.7821044921875,889.720703125,635.0,884.7146606445312,684.10009765625,781.0344848632812,703.3294677734375
96,00,1568048137632,0100,0100,888.4520263671875,635.13427734375,69.11137390136719,85.54207611083984,129.51844787597656,778.3206787109375,643.7821044921875,889.5901489257812,635.0982666015625,884.7146606445312,684.10009765625,781.0344848632812,703.3294677734375
97,00,1568048137645,0100,0100,888.4845581054688,635.1842041015625,68.78956604003906,85.05404663085938,130.07394409179688,778.31298828125,643.7555541992188,889.5,635.17529296875,884.7146606445312,684.10009765625,780.8515014648438,703.2513427734375
98,00,1568048137659,0100,0100,888.5897827148438,635.2145385742188,68.57630157470703,85.36502075195312,129.89358520507812,778.383056640625,643.7330932617188,889.5,635.17529296875,884.7146606445312,684.10009765625,780.8515014648438,703.2513427734375
99,00,1568048137672,0100,0100,888.462890625,634.9921264648438,68.60645294189453,84.7377700805664,130.9085693359375,778.4097290039062,643.70263671875,889.5,635.17529296875,884.7364501953125,684.1201171875,780.8321533203125,703.3145751953125
100,00,1568048137685,0100,0100,888.4759521484375,635.115966796875,68.66497039794922,84.80887603759766,130.53819274902344,778.23388671875,643.7409057617188,889.5,635.17529296875,884.7364501953125,684.1201171875,780.8515014648438,703.2513427734375
101,00,1568048137698,0100,0100,888.6442260742188,635.1395874023438,68.5396728515625,84.54412841796875,130.09219360351562,778.23388671875,643.7409057617188,889.5901489257812,635.0982666015625,884.7364501953125,684.1201171875,780.8515014648438,703.2513427734375
102,00,1568048137711,0100,0100,888.4137573242188,635.0496215820312,68.68439483642578,85.3862533569336,129.89378356933594,778.23388671875,643.7409057617188,889.5901489257812,635.0982666015625,884.7364501953125,684.1201171875,780.8515014648438,703.2513427734375
103,00,1568048137724,0100,0100,888.5178833007812,635.0183715820312,68.67196655273438,85.27409362792969,129.71673583984375,778.2052001953125,643.745849609375,889.5901489257812,635.0982666015625,884.7364501953125,684.1201171875,781.0045166015625,703.184326171875
104,00,1568048137738,0100,0100,888.5350952148438,635.0140380859375,68.70555114746094,85.28523254394531,129.5023193359375,778.2052001953125,643.745849609375,889.720703125,635.0,884.7146606445312,684.10009765625,781.0045166015625,703.184326171875
105,00,1568048137753,0100,0100,888.5896606445312,635.04736328125,68.7032241821289,85.14173889160156,129.32720947265625,778.2052001953125,643.745849609375,889.720703125,635.0,884.7146606445312,684.10009765625,781.0045166015625,703.184326171875
106,00,1568048137767,0100,0100,888.6710205078125,635.0034790039062,68.91593170166016,85.1173324584961,130.29385375976562,778.2672729492188,643.718017578125,889.720703125,635.0,884.7146606445312,684.10009765625,781.0,703.1355590820312
107,00,1568048137781,0100,0100,888.5999755859375,635.0031127929688,68.85245513916016,85.12317657470703,129.626220703125,778.2672729492188,643.718017578125,889.720703125,635.0,884.7146606445312,684.10009765625,781.0,703.1355590820312
108,00,1568048137795,0100,0100,888.62255859375,634.9960327148438,68.775146484375,85.53035736083984,129.89041137695312,778.2958984375,643.7606811523438,889.720703125,635.0,884.7146606445312,684.10009765625,781.0,703.1355590820312
109,00,1568048137809,0100,0100,888.6028442382812,635.0005493164062,68.46368408203125,84.95471954345703,129.72354125976562,778.2756958007812,643.8423461914062,889.720703125,635.0,884.8335571289062,684.1664428710938,781.1611328125,703.2488403320312
110,00,1568048137825,0100,0100,888.6260986328125,635.073974609375,68.87106323242188,85.44734954833984,130.423583984375,778.1026611328125,643.9512329101562,889.7802734375,635.10546875,884.8335571289062,684.1664428710938,781.1611328125,703.2488403320312
111,00,1568048137839,0100,0100,888.5510864257812,635.1558227539062,68.5511245727539,85.01768493652344,129.47325134277344,778.0643920898438,643.994873046875,889.7730712890625,635.0800170898438,884.8335571289062,684.1664428710938,781.27880859375,703.4015502929688
112,00,1568048137852,0100,0100,888.5579833984375,635.1396484375,68.82389831542969,85.07765197753906,129.97215270996094,778.0643920898438,643.994873046875,889.60791015625,635.2838745117188,884.7146606445312,684.10009765625,781.1185302734375,703.3810424804688
113,00,1568048137870,0100,0100,888.4654541015625,635.088134765625,68.7714614868164,85.0809326171875,129.4765167236328,778.0526123046875,644.003173828125,889.5624389648438,635.2135620117188,884.7146606445312,684.10009765625,781.0,703.1355590820312
114,00,1568048137884,0100,0100,888.5091552734375,635.0609130859375,68.58777618408203,85.11178588867188,129.30796813964844,778.3399047851562,643.6507568359375,889.5901489257812,635.0982666015625,884.7146606445312,684.10009765625,780.8544921875,703.2054443359375
115,00,1568048137897,0100,0100,888.4166870117188,635.0318603515625,68.70304107666016,85.26070404052734,129.38027954101562,778.3399047851562,643.6507568359375,889.5901489257812,635.0982666015625,884.7146606445312,684.10009765625,780.7433471679688,703.1364135742188
116,00,1568048137911,0100,0100,888.3232421875,634.919921875,68.70343780517578,85.57331085205078,128.92919921875,778.3399047851562,643.6507568359375,889.5901489257812,635.0982666015625,884.7364501953125,684.1201171875,780.7433471679688,703.1364135742188
117,00,1568048137924,0100,0100,888.4436645507812,634.939697265625,68.6724624633789,85.3196029663086,129.7929229736328,778.2859497070312,643.63525390625,889.5901489257812,635.0982666015625,884.7364501953125,684.1201171875,780.7821044921875,703.0518798828125
118,00,1568048137937,0100,0100,888.3939819335938,634.8635864257812,69.17312622070312,85.35614776611328,130.1883087158203,778.2859497070312,643.63525390625,889.5901489257812,635.0982666015625,884.7364501953125,684.1201171875,780.85986328125,703.1250610351562
119,00,1568048137949,0100,0100,888.5274658203125,635.029052734375,69.10885620117188,85.64089965820312,130.26121520996094,778.3367919921875,643.6119384765625,889.5901489257812,635.0982666015625,884.7364501953125,684.1201171875,780.7821044921875,703.0518798828125
120,00,1568048137962,0100,0100,888.6011962890625,635.1372680664062,69.05704498291016,85.80352783203125,129.89834594726562,778.3367919921875,643.6119384765625,889.5901489257812,635.0982666015625,884.7146606445312,684.10009765625,780.7984008789062,702.9896240234375
121,00,1568048137975,0100,0100,888.6282958984375,634.9068603515625,69.05477142333984,85.5133056640625,129.2529296875,778.1870727539062,643.6675415039062,889.720703125,635.0,884.7364501953125,684.1201171875,781.0617065429688,702.9778442382812
122,00,1568048137989,0100,0100,888.4319458007812,634.765625,69.595458984375,86.07669067382812,130.410888671875,778.2630004882812,643.552734375,889.5901489257812,635.0982666015625,884.7364501953125,684.1201171875,780.9498291015625,702.7824096679688
123,00,1568048138002,0100,0100,888.4053955078125,634.845947265625,69.67774200439453,85.1151351928711,129.18603515625,778.3265991210938,643.4937744140625,889.5,635.0,884.6886596679688,684.0145874023438,780.9224853515625,702.7783203125
124,00,1568048138015,0100,0100,888.41943359375,635.0026245117188,69.83831787109375,85.62000274658203,129.2078399658203,778.4830932617188,643.4124145507812,889.4098510742188,634.9017333984375,884.6123657226562,684.0215454101562,780.8521118164062,702.7620239257812
125,00,1568048138028,0100,0100,888.25,634.8736572265625,69.4234619140625,85.70979309082031,128.6307830810547,778.4579467773438,643.424072265625,889.4098510742188,634.9017333984375,884.6123657226562,684.0215454101562,780.8521118164062,702.7620239257812
126,00,1568048138042,0100,0100,888.2787475585938,635.0626220703125,69.31089782714844,86.02951049804688,128.57144165039062,778.4579467773438,643.424072265625,889.279296875,635.0,884.68408203125,684.0164794921875,780.7457275390625,702.8247680664062
127,00,1568048138057,0100,0100,888.1694946289062,635.000244140625,69.3945083618164,85.72547149658203,128.61822509765625,778.4579467773438,643.424072265625,889.279296875,635.0,884.5861206054688,683.9766845703125,780.7457275390625,702.8247680664062
128,00,1568048138071,0100,0100,888.2457275390625,635.0491333007812,69.77176666259766,85.87584686279297,129.5298614501953,778.2177734375,643.5318603515625,889.279296875,635.0,884.5861206054688,683.9766845703125,780.7457275390625,702.8247680664062
129,00,1568048138083,0100,0100,888.2852783203125,635.0128173828125,69.34375762939453,86.14603424072266,128.3271484375,778.1976318359375,643.5533447265625,889.279296875,635.0,884.5861206054688,683.9766845703125,780.7457275390625,702.8247680664062
130,00,1568048138096,0100,0100,888.2691040039062,634.9017333984375,69.55855560302734,85.94454956054688,128.46929931640625,778.2177734375,643.5318603515625,889.279296875,635.0,884.5861206054688,683.9766845703125,780.7457275390625,702.8247680664062
131,00,1568048138108,0100,0100,888.207763671875,634.87255859375,69.453857421875,85.85957336425781,129.5541229248047,778.2177734375,643.5318603515625,889.279296875,635.0,884.5861206054688,683.9766845703125,780.54248046875,702.7090454101562
132,00,1568048138120,0100,0100,888.2247314453125,635.02001953125,69.55927276611328,86.17901611328125,128.60494995117188,778.2177734375,643.5318603515625,889.4098510742188,634.9017333984375,884.5861206054688,683.9766845703125,780.54248046875,702.7090454101562
133,00,1568048138132,0100,0100,888.3740844726562,635.01318359375,69.93499755859375,86.1553955078125,129.1781768798828,778.4830932617188,643.4124145507812,889.4098510742188,634.9017333984375,884.6123657226562,684.0215454101562,780.7457275390625,702.8247680664062
134,00,1568048138146,0100,0100,888.3407592773438,634.9653930664062,69.80367279052734,86.28529357910156,128.9781951904297,778.4830932617188,643.4124145507812,889.4098510742188,634.9017333984375,884.6123657226562,684.0215454101562,780.7457275390625,702.8247680664062
135,00,1568048138159,0100,0100,888.27734375,635.1127319335938,69.41264343261719,86.05381774902344,128.70388793945312,778.4830932617188,643.4124145507812,889.4098510742188,634.9017333984375,884.6123657226562,684.0215454101562,780.7457275390625,702.8247680664062
136,00,1568048138172,0100,0100,888.306884765625,635.0223388671875,69.21177673339844,86.27301025390625,129.8908233642578,778.4375610351562,643.436279296875,889.4098510742188,634.9017333984375,884.6123657226562,684.0215454101562,780.7445678710938,702.8208618164062
137,00,1568048138185,0100,0100,888.3607788085938,635.08251953125,69.51628875732422,86.16136932373047,128.80731201171875,778.4375610351562,643.436279296875,889.4098510742188,634.9017333984375,884.6123657226562,684.0215454101562,780.7445678710938,702.8208618164062
138,00,1568048138197,0100,0100,888.2149658203125,635.1817016601562,69.9053726196289,86.1441650390625,128.93226623535156,778.3456420898438,643.5125122070312,889.4098510742188,634.9017333984375,884.6123657226562,684.0215454101562,780.7457275390625,702.8247680664062
139,00,1568048138209,0100,0100,888.1885986328125,635.189697265625,69.60271453857422,86.09698486328125,129.75460815429688,778.3456420898438,643.5125122070312,889.4098510742188,634.9017333984375,884.6668090820312,684.0214233398438,780.7445678710938,702.8208618164062
140,00,1568048138221,0100,0100,888.2398071289062,635.1726684570312,69.69001770019531,86.28504943847656,129.0897979736328,778.3456420898438,643.5125122070312,889.4098510742188,634.9017333984375,884.6668090820312,684.0214233398438,780.7445678710938,702.8208618164062
141,00,1568048138234,0100,0100,888.1956176757812,635.2177734375,69.71862030029297,86.48436737060547,130.27908325195312,778.3284301757812,643.5214233398438,889.279296875,635.0,884.6668090820312,684.0214233398438,780.7445678710938,702.8208618164062
142,00,1568048138248,0100,0100,888.2271728515625,635.3025512695312,69.86390686035156,86.27598571777344,129.83102416992188,778.3284301757812,643.5214233398438,889.279296875,635.0,884.6668090820312,684.0214233398438,780.7445678710938,702.8208618164062
143,00,1568048138261,0100,0100,888.13037109375,635.13720703125,69.75769805908203,86.12227630615234,128.97540283203125,778.3284301757812,643.5214233398438,889.279296875,635.0,884.6224975585938,684.1824951171875,780.7445678710938,702.8208618164062
144,00,1568048138273,0100,0100,888.1444091796875,635.2453002929688,69.95626068115234,86.33272552490234,128.90570068359375,778.3118286132812,643.5284423828125,889.279296875,635.0,884.6224975585938,684.1824951171875,780.7445678710938,702.8208618164062
145,00,1568048138286,0100,0100,888.109130859375,635.1873168945312,69.9427719116211,86.1307144165039,129.958740234375,778.3504638671875,643.5051879882812,889.2197265625,635.10546875,884.6428833007812,684.1951904296875,780.7445678710938,702.8208618164062
146,00,1568048138300,0100,0100,888.037841796875,635.158447265625,69.9232177734375,86.61814880371094,128.70420837402344,778.4107666015625,643.5118408203125,889.2197265625,635.10546875,884.6428833007812,684.1951904296875,780.7445678710938,702.8208618164062
147,00,1568048138312,0100,0100,888.130126953125,635.173583984375,69.92131042480469,86.30464172363281,129.3158721923828,778.3740844726562,643.4560546875,889.279296875,635.0,884.6428833007812,684.1951904296875,780.7445678710938,702.8208618164062
148,00,1568048138325,0100,0100,888.1116943359375,635.0728149414062,69.70904541015625,86.48478698730469,130.13119506835938,778.4051513671875,643.4507446289062,889.279296875,635.0,884.6428833007812,684.1951904296875,780.7445678710938,702.8208618164062
149,00,1568048138338,0100,0100,888.164794921875,635.1416015625,69.42045593261719,86.13524627685547,129.53506469726562,778.4051513671875,643.4507446289062,889.279296875,635.0,884.572265625,684.0657958984375,780.7445678710938,702.8208618164062
150,00,1568048138351,0100,0100,887.9989013671875,635.1576538085938,70.02536010742188,86.09159088134766,128.97174072265625,778.4051513671875,643.4507446289062,889.279296875,635.0,884.572265625,684.0657958984375,780.7445678710938,702.8208618164062
151,01,1568048165997,0386,0100,859.2213134765625,628.173583984375,68.9619369506836,83.23680114746094,116.68766784667969,776.7273559570312,632.6636962890625,873.0211791992188,631.0049438476562,868.2059326171875,679.8720092773438,775.8200073242188,686.9083251953125
152,01,1568048166010,0386,0100,859.1693725585938,628.2750854492188,68.9880599975586,83.00434112548828,117.28258514404297,776.7273559570312,632.6636962890625,872.9823608398438,631.050048828125,868.2059326171875,679.8720092773438,775.8200073242188,686.9083251953125
153,01,1568048166027,0386,0100,859.0629272460938,628.292724609375,68.29220581054688,82.99866485595703,116.62757873535156,776.7349853515625,632.7075805664062,872.9580078125,631.0648803710938,868.100830078125,679.9031372070312,775.89111328125,686.874267578125
154,01,1568048166040,0386,0100,859.1878051757812,628.4241333007812,68.7989730834961,82.53813171386719,116.4979019165039,776.59130859375,632.7466430664062,872.8717651367188,631.2040405273438,868.014404296875,679.8683471679688,775.6676025390625,687.07080078125
155,01,1568048166053,0386,0100,859.1209716796875,628.4204711914062,68.51908111572266,82.27435302734375,116.96114349365234,776.59130859375,632.7466430664062,872.7446899414062,630.9963989257812,868.014404296875,679.8683471679688,775.6676025390625,687.07080078125
156,01,1568048166067,0386,0100,858.9628295898438,628.3175659179688,68.7098617553711,82.92398071289062,116.35285949707031,776.59130859375,632.7466430664062,872.720703125,631.0,868.014404296875,679.8683471679688,775.4739379882812,687.1063842773438
157,01,1568048166080,0386,0100,859.14892578125,628.2313842773438,68.5040283203125,82.1744155883789,117.18063354492188,776.5422973632812,632.756103515625,872.720703125,631.0,867.9255981445312,679.7446899414062,775.4739379882812,687.1063842773438
158,01,1568048166094,0386,0100,859.1412353515625,628.208984375,68.53807067871094,82.14044952392578,116.58634185791016,776.589599609375,632.594970703125,872.720703125,631.0,867.9255981445312,679.7446899414062,775.4739379882812,687.1063842773438
159,01,1568048166107,0386,0100,859.1776123046875,628.3180541992188,68.412841796875,81.7989501953125,116.36064910888672,776.6387329101562,632.5975341796875,872.7802734375,630.89453125,867.9255981445312,679.7446899414062,775.4739379882812,687.1063842773438
160,01,1568048166121,0386,0100,859.1897583007812,628.2903442382812,68.41134643554688,82.05116271972656,117.11123657226562,776.6387329101562,632.5975341796875,872.7802734375,630.89453125,868.014404296875,679.8683471679688,775.4739379882812,687.1063842773438
161,01,1568048166134,0386,0100,859.3212890625,628.1991577148438,68.150390625,81.90090942382812,118.37574005126953,776.6387329101562,632.5975341796875,872.7802734375,630.89453125,868.014404296875,679.8683471679688,775.4739379882812,687.1063842773438
162,01,1568048166148,0386,0100,859.2640991210938,628.3331298828125,69.28511810302734,82.4852294921875,117.76223754882812,776.6387329101562,632.5975341796875,872.7802734375,630.89453125,868.014404296875,679.8683471679688,775.4739379882812,687.1063842773438
163,01,1568048166162,0386,0100,859.334228515625,628.1625366210938,68.07797241210938,82.15029907226562,116.96549987792969,776.6387329101562,632.5975341796875,872.9104614257812,631.042724609375,868.183349609375,679.7301635742188,775.6676025390625,687.07080078125
164,01,1568048166176,0386,0100,859.2740478515625,628.2460327148438,68.35855102539062,82.50061798095703,115.03559875488281,776.6387329101562,632.5975341796875,872.9104614257812,631.042724609375,868.183349609375,679.7301635742188,775.6676025390625,687.07080078125
165,01,1568048166189,0386,0100,859.2598876953125,628.36767578125,68.02413177490234,81.92730712890625,115.6570053100586,776.6387329101562,632.5975341796875,872.9104614257812,631.042724609375,868.183349609375,679.7301635742188,775.6084594726562,687.1211547851562
166,01,1568048166201,0386,0100,859.3696899414062,628.302734375,68.4839096069336,82.1259536743164,115.59732818603516,776.6387329101562,632.5975341796875,872.9104614257812,631.042724609375,868.183349609375,679.7301635742188,775.6084594726562,687.1211547851562
167,01,1568048166214,0386,0100,859.2127075195312,628.1724243164062,68.03260040283203,81.76374816894531,116.76351928710938,776.6387329101562,632.5975341796875,872.9104614257812,631.042724609375,868.183349609375,679.7301635742188,775.6084594726562,687.1211547851562
168,01,1568048166226,0386,0100,859.4610595703125,628.246826171875,68.22962951660156,82.02726745605469,116.41014862060547,776.6387329101562,632.5975341796875,872.8837280273438,630.9180908203125,868.183349609375,679.7301635742188,775.6084594726562,687.1211547851562
169,01,1568048166238,0386,0100,859.313232421875,628.0303955078125,67.42698669433594,81.62832641601562,116.23185729980469,776.6387329101562,632.5975341796875,872.8526611328125,630.919189453125,868.1929931640625,679.5131225585938,775.6084594726562,687.1211547851562
170,01,1568048166250,0386,0100,859.3883056640625,628.0330810546875,67.78752899169922,81.87271881103516,116.26795196533203,776.6920166015625,632.4973754882812,872.8619384765625,630.83447265625,868.1929931640625,679.5131225585938,775.631103515625,686.835205078125
171,01,1568048166261,0386,0100,859.3302612304688,628.058837890625,67.6823959350586,81.36677551269531,116.34471130371094,776.6920166015625,632.4973754882812,872.8936767578125,630.8405151367188,868.1929931640625,679.5131225585938,775.4916381835938,686.9017944335938
172,01,1568048166273,0386,0100,859.4425659179688,627.97998046875,68.01354217529297,81.94181060791016,115.07128143310547,776.6920166015625,632.4973754882812,872.9322509765625,630.8671264648438,868.1929931640625,679.5131225585938,775.4916381835938,686.9017944335938
173,01,1568048166284,0386,0100,859.3023681640625,628.0458374023438,67.9786148071289,81.62035369873047,116.44490814208984,776.6920166015625,632.4973754882812,872.9322509765625,630.8671264648438,868.1929931640625,679.5131225585938,775.4916381835938,686.9017944335938
174,01,1568048166298,0386,0100,859.3744506835938,627.9723510742188,68.07746887207031,82.05992889404297,116.00660705566406,776.80322265625,632.4215087890625,872.9322509765625,630.8671264648438,868.1929931640625,679.5131225585938,775.631103515625,686.835205078125
175,01,1568048166312,0386,0100,859.4010009765625,628.1072998046875,67.566162109375,81.28555297851562,116.63484191894531,777.03125,632.4716796875,873.0877685546875,630.9498901367188,868.2235107421875,679.678955078125,775.6846313476562,686.7894897460938
176,01,1568048166326,0386,0100,859.6637573242188,628.3013916015625,68.49209594726562,82.00308990478516,114.9015121459961,777.03125,632.4716796875,873.0396728515625,630.8213500976562,868.2805786132812,679.5778198242188,775.6846313476562,686.7894897460938
177,01,1568048166339,0386,0100,859.449462890625,628.1146240234375,67.68183898925781,81.47938537597656,116.02082061767578,777.03125,632.4716796875,873.0396728515625,630.8213500976562,868.2805786132812,679.5778198242188,775.7731323242188,686.7451171875
178,01,1568048166352,0386,0100,859.483642578125,628.193603515625,67.79743957519531,81.42057800292969,116.01296997070312,777.03125,632.4716796875,873.0877685546875,630.9498901367188,868.2805786132812,679.5778198242188,775.6846313476562,686.7894897460938
179,01,1568048166364,0386,0100,859.53173828125,628.0994873046875,67.84571838378906,81.33780670166016,115.91680145263672,776.93310546875,632.4931640625,873.0877685546875,630.9498901367188,868.2805786132812,679.5778198242188,775.7731323242188,686.7451171875
180,01,1568048166376,0386,0100,859.49755859375,628.1312255859375,67.87380981445312,81.8308334350586,116.49273681640625,776.93310546875,632.4931640625,873.0877685546875,630.9498901367188,868.2805786132812,679.5778198242188,775.6751098632812,686.8241577148438
181,01,1568048166388,0386,0100,859.5590209960938,628.1434326171875,67.39312744140625,81.33585357666016,116.50788879394531,776.80322265625,632.4215087890625,873.0877685546875,630.9498901367188,868.2805786132812,679.5778198242188,775.6751098632812,686.8241577148438
182,01,1568048166399,0386,0100,859.30615234375,628.0490112304688,67.97889709472656,81.6070556640625,116.36457061767578,776.80322265625,632.4215087890625,873.0877685546875,630.9498901367188,868.2805786132812,679.5778198242188,775.6751098632812,686.8241577148438
183,01,1568048166410,0386,0100,859.3562622070312,628.0247802734375,67.78365325927734,81.68170928955078,116.54154968261719,776.8952026367188,632.3854370117188,873.0877685546875,630.9498901367188,868.2805786132812,679.5778198242188,775.631103515625,686.835205078125
184,01,1568048166422,0386,0100,859.3197631835938,628.0090942382812,67.56950378417969,81.51810455322266,116.0727767944336,777.03125,632.4716796875,873.0396728515625,630.8213500976562,868.2235107421875,679.678955078125,775.631103515625,686.835205078125
185,01,1568048166434,0386,0100,859.3799438476562,628.0187377929688,67.55191802978516,81.39279174804688,116.25084686279297,777.03125,632.4716796875,873.0323486328125,630.7706298828125,868.128662109375,679.5652465820312,775.631103515625,686.835205078125
186,01,1568048166448,0386,0100,859.2285766601562,628.1015625,68.00697326660156,81.66332244873047,116.22276306152344,777.03125,632.4716796875,873.0323486328125,630.7706298828125,868.1978149414062,679.5879516601562,775.631103515625,686.835205078125
187,01,1568048166461,0386,0100,859.1941528320312,628.0104370117188,67.82933044433594,81.52698516845703,116.75198364257812,776.9279174804688,632.348388671875,873.0623779296875,630.6952514648438,868.2597045898438,679.4218139648438,775.615966796875,686.7581176757812
188,01,1568048166474,0386,0100,859.1736450195312,627.8348999023438,68.1216812133789,81.93510437011719,116.12962341308594,776.9279174804688,632.348388671875,872.9376220703125,630.6952514648438,868.187255859375,679.39501953125,775.8134155273438,686.5348510742188
189,01,1568048166486,0386,0100,859.0804443359375,627.3179931640625,67.10261535644531,81.27826690673828,115.90447235107422,776.9395141601562,632.2430419921875,872.908203125,630.61865234375,868.187255859375,679.39501953125,775.9348754882812,686.3875122070312
190,01,1568048166498,0386,0100,859.070068359375,627.0658569335938,67.76377868652344,81.84326934814453,115.64955139160156,776.9395141601562,632.2430419921875,873.0123901367188,630.5110473632812,868.187255859375,679.39501953125,775.9348754882812,686.3875122070312
191,01,1568048166510,0386,0100,859.16845703125,627.3593139648438,67.7121810913086,81.54471588134766,114.85750579833984,776.913330078125,632.2705078125,872.9345703125,630.4911499023438,868.187255859375,679.39501953125,775.7886352539062,686.4220581054688
192,01,1568048166522,0386,0100,859.0767822265625,627.4017333984375,67.77527618408203,81.59307861328125,115.36974334716797,776.913330078125,632.2705078125,873.0,630.5,868.187255859375,679.39501953125,775.7886352539062,686.4220581054688
193,01,1568048166534,0386,0100,859.1201171875,627.291015625,67.52659606933594,81.49029541015625,115.49192810058594,776.913330078125,632.2705078125,873.0,630.5,868.187255859375,679.39501953125,775.8421630859375,686.3857421875
194,01,1568048166547,0386,0100,859.063720703125,627.4926147460938,67.91201782226562,81.6141357421875,116.3585433959961,776.913330078125,632.2705078125,873.0,630.5,868.187255859375,679.39501953125,775.7886352539062,686.4220581054688
195,01,1568048166558,0386,0100,859.1085815429688,627.3245849609375,67.68721008300781,81.07930755615234,115.65634155273438,776.913330078125,632.2705078125,873.0,630.5,868.187255859375,679.39501953125,775.7559204101562,686.4328002929688
196,01,1568048166570,0386,0100,859.0831298828125,627.4185180664062,67.8964614868164,81.13507843017578,115.5653076171875,776.901611328125,632.2433471679688,872.936767578125,630.4242553710938,868.2311401367188,679.3173217773438,775.7559204101562,686.4328002929688
197,01,1568048166582,0386,0100,858.809326171875,627.2764282226562,67.80689239501953,82.01919555664062,115.87045288085938,776.86376953125,632.1464233398438,872.936767578125,630.4242553710938,868.2329711914062,679.287109375,775.7780151367188,686.3526611328125
198,01,1568048166595,0386,0100,858.8580322265625,627.3432006835938,67.896240234375,81.79071807861328,115.49334716796875,776.7191162109375,632.1085205078125,872.8886108398438,630.2189331054688,868.1310424804688,679.1940307617188,775.7577514648438,686.4039306640625
199,01,1568048166608,0386,0100,859.0925903320312,627.2203369140625,67.8449935913086,81.48748779296875,115.7767105102539,776.7914428710938,632.048095703125,872.934326171875,630.263427734375,868.0284423828125,679.0410766601562,775.774658203125,686.202392578125
200,01,1568048166621,0386,0100,858.9976806640625,627.2080688476562,67.71672821044922,81.65287780761719,115.01313781738281,776.6597900390625,631.949951171875,872.934326171875,630.263427734375,868.0284423828125,679.0410766601562,775.774658203125,686.202392578125
201,01,1568048166634,0386,0100,858.9501953125,627.4608764648438,67.90921020507812,81.29505920410156,115.45658874511719,776.734375,632.1268920898438,872.934326171875,630.263427734375,868.0284423828125,679.0410766601562,775.774658203125,686.202392578125
202,01,1568048166647,0386,0100,859.0389404296875,627.3948364257812,68.24913024902344,81.21971130371094,115.55004119873047,776.734375,632.1268920898438,872.8886108398438,630.2189331054688,868.0284423828125,679.0410766601562,775.8007202148438,686.2197265625
203,01,1568048166659,0386,0100,858.9591064453125,627.4899291992188,67.82504272460938,81.38792419433594,116.57730865478516,776.7235717773438,632.0393676757812,873.007568359375,630.29833984375,868.046142578125,679.2810668945312,775.8071899414062,686.3370361328125
204,01,1568048166672,0386,0100,859.1152954101562,627.5450439453125,68.10700225830078,82.1954116821289,115.52914428710938,776.86376953125,632.1464233398438,872.936767578125,630.4242553710938,868.1848754882812,679.3447265625,775.7886352539062,686.4220581054688
205,01,1568048166683,0386,0100,858.92138671875,627.4656372070312,67.9415054321289,81.24397277832031,115.69159698486328,776.8732299804688,632.1694946289062,873.0123901367188,630.5110473632812,868.1749267578125,679.3379516601562,775.7886352539062,686.4220581054688
206,01,1568048166694,0386,0100,859.0337524414062,627.633056640625,68.65740966796875,81.18502807617188,115.3608627319336,776.9395141601562,632.2430419921875,872.9345703125,630.4911499023438,868.1749267578125,679.3379516601562,775.9009399414062,686.4130249023438
207,01,1568048166706,0386,0100,859.2250366210938,627.5499267578125,68.32144927978516,81.44377136230469,116.08037567138672,776.9395141601562,632.2430419921875,872.908203125,630.61865234375,868.187255859375,679.39501953125,775.9603271484375,686.3701782226562
208,01,1568048166718,0386,0100,859.0621948242188,627.6107177734375,68.09358215332031,81.2648696899414,116.89130401611328,776.913330078125,632.2705078125,872.9761962890625,630.6158447265625,868.187255859375,679.39501953125,775.9603271484375,686.3701782226562
209,01,1568048166730,0386,0100,859.0744018554688,627.5569458007812,68.26998901367188,81.7444076538086,116.03926849365234,777.0,632.3109130859375,872.9677124023438,630.627685546875,868.187255859375,679.39501953125,775.9603271484375,686.3701782226562
210,01,1568048166741,0386,0100,859.1753540039062,627.6139526367188,68.3818588256836,81.9740219116211,114.68144989013672,777.0,632.3109130859375,872.9761962890625,630.6158447265625,868.187255859375,679.39501953125,775.9603271484375,686.3701782226562
211,01,1568048166754,0386,0100,859.078125,627.7717895507812,68.32010650634766,81.77129364013672,115.54608917236328,776.955078125,632.2745361328125,872.992431640625,630.70166015625,868.2597045898438,679.4218139648438,775.9793090820312,686.5186157226562
212,01,1568048166768,0386,0100,858.9061889648438,627.7368774414062,68.50920104980469,81.92975616455078,115.228515625,777.0,632.2440795898438,872.992431640625,630.70166015625,868.2597045898438,679.4218139648438,775.9793090820312,686.5186157226562
213,01,1568048166780,0386,0100,859.1016235351562,627.8748168945312,68.37538146972656,81.76019287109375,115.59601593017578,777.0,632.2440795898438,872.992431640625,630.70166015625,868.27587890625,679.4530029296875,775.9793090820312,686.5186157226562
214,01,1568048166794,0386,0100,859.0687255859375,627.8760986328125,68.4827651977539,81.7728271484375,115.99787139892578,777.0,632.2440795898438,872.9376220703125,630.6952514648438,868.28271484375,679.6480102539062,775.9032592773438,686.6055297851562
215,01,1568048166807,0386,0100,858.9661865234375,627.8507690429688,68.34614562988281,82.25282287597656,115.605712890625,776.9279174804688,632.348388671875,872.9376220703125,630.6952514648438,868.28271484375,679.6480102539062,775.9032592773438,686.6055297851562
216,01,1568048166820,0386,0100,859.0087280273438,627.881591796875,68.7352294921875,82.22704315185547,116.25628662109375,776.9279174804688,632.348388671875,873.007568359375,630.70166015625,868.2869262695312,679.7059326171875,775.9032592773438,686.6055297851562
217,01,1568048166833,0386,0100,859.0038452148438,627.962158203125,68.34483337402344,82.18445587158203,114.64352416992188,777.0,632.5,873.007568359375,630.70166015625,868.2805786132812,679.5778198242188,775.9032592773438,686.6055297851562
218,01,1568048166846,0386,0100,859.03955078125,627.981689453125,68.37239074707031,82.1165542602539,114.42577362060547,777.0,632.5,872.93212890625,630.7257080078125,868.2805786132812,679.5778198242188,775.9032592773438,686.6055297851562
219,01,1568048166858,0386,0100,859.0112915039062,627.9635620117188,68.79480743408203,82.28763580322266,115.86664581298828,777.03125,632.4716796875,872.93212890625,630.7257080078125,868.2805786132812,679.5778198242188,775.9700927734375,686.615966796875
220,01,1568048166870,0386,0100,858.9426879882812,628.0557250976562,68.87789916992188,82.3133544921875,115.27843475341797,777.03125,632.4716796875,872.93212890625,630.7257080078125,868.346435546875,679.7112426757812,775.9700927734375,686.615966796875
221,01,1568048166883,0386,0100,858.8869018554688,627.9435424804688,68.03495788574219,81.06407928466797,115.42184448242188,777.03125,632.4716796875,872.9954833984375,630.7357788085938,868.346435546875,679.7112426757812,775.9700927734375,686.615966796875
222,01,1568048166897,0386,0100,858.927978515625,627.91748046875,68.77100372314453,82.5941162109375,115.07207489013672,777.03125,632.4716796875,872.9954833984375,630.7357788085938,868.346435546875,679.7112426757812,775.9700927734375,686.615966796875
223,01,1568048166909,0386,0100,858.9656982421875,628.1201171875,68.51089477539062,81.92779541015625,114.53126525878906,777.03125,632.4716796875,872.92236328125,630.8990478515625,868.346435546875,679.7112426757812,775.9642333984375,686.8504638671875
224,01,1568048166921,0386,0100,858.851318359375,628.0982055664062,69.08524322509766,82.25475311279297,114.6509780883789,777.03125,632.4716796875,872.8927612304688,630.8978271484375,868.346435546875,679.7112426757812,775.9642333984375,686.8504638671875
225,01,1568048166932,0386,0100,858.906982421875,628.1674194335938,68.86711883544922,82.10577392578125,114.63396453857422,777.03125,632.4716796875,872.9501342773438,630.907470703125,868.346435546875,679.7112426757812,775.9642333984375,686.8504638671875
226,01,1568048166944,0386,0100,858.82763671875,628.2747192382812,68.70203399658203,81.93937683105469,115.51863098144531,777.03125,632.4716796875,873.0066528320312,631.051513671875,868.346435546875,679.7112426757812,775.9642333984375,686.8504638671875
227,01,1568048166956,0386,0100,858.9271240234375,628.2842407226562,68.78225708007812,81.96665954589844,115.65077209472656,777.1314086914062,632.6080932617188,873.0,631.0,868.27783203125,679.8263549804688,776.0162963867188,686.8203735351562
228,01,1568048166969,0386,0100,858.831298828125,628.2401733398438,68.99259185791016,81.94043731689453,116.08263397216797,777.1314086914062,632.6080932617188,873.0,631.0,868.27783203125,679.8263549804688,776.0437622070312,686.8010864257812
229,01,1568048166982,0386,0100,858.912353515625,628.2785034179688,68.4974594116211,81.89287567138672,114.8875732421875,777.0,632.6890869140625,873.05224609375,630.968994140625,868.27783203125,679.8263549804688,776.0437622070312,686.8010864257812
230,01,1568048166994,0386,0100,858.9508666992188,628.3684692382812,68.67924499511719,81.838623046875,115.53131103515625,776.9066162109375,632.7147216796875,873.05224609375,630.968994140625,868.2286987304688,679.7890625,776.0437622070312,686.8010864257812
231,01,1568048167007,0386,0100,858.8902587890625,628.3909912109375,68.72968292236328,81.94949340820312,115.081787109375,776.9066162109375,632.7147216796875,873.0572509765625,631.1361694335938,868.2286987304688,679.7890625,776.0477294921875,686.9425659179688
232,01,1568048167020,0386,0100,858.9806518554688,628.4357299804688,68.9244384765625,81.46785736083984,115.16787719726562,776.9066162109375,632.7147216796875,873.1104125976562,631.1521606445312,868.2286987304688,679.7890625,776.0477294921875,686.9425659179688
233,01,1568048167033,0386,0100,859.0061645507812,628.4688720703125,69.06646728515625,82.25361633300781,114.6564712524414,777.0296630859375,632.7603759765625,873.1390991210938,631.1732177734375,868.2286987304688,679.7890625,775.9851684570312,687.1472778320312
234,01,1568048167046,0386,0100,859.0570678710938,628.43994140625,68.97840118408203,82.01287078857422,114.26142883300781,777.0296630859375,632.7603759765625,873.1612548828125,631.1612548828125,868.2286987304688,679.7890625,775.9908447265625,687.1912841796875
235,01,1568048167060,0386,0100,858.9873657226562,628.5089721679688,68.55670166015625,81.31930541992188,115.41947937011719,777.1267700195312,632.8305053710938,873.1612548828125,631.1612548828125,868.3915405273438,680.0410766601562,776.1359252929688,686.8810424804688
236,01,1568048167073,0386,0100,859.1762084960938,628.6511840820312,69.29527282714844,82.14881896972656,115.69327545166016,777.1267700195312,632.8305053710938,873.1612548828125,631.1612548828125,868.3915405273438,680.0410766601562,776.1359252929688,686.8810424804688
237,01,1568048167089,0386,0100,859.1573486328125,628.6168212890625,68.89192199707031,81.529296875,117.23471069335938,777.2593383789062,632.890380859375,873.1612548828125,631.1612548828125,868.3915405273438,680.0410766601562,776.1094360351562,686.9593505859375
238,01,1568048167106,0386,0100,859.068603515625,628.6519165039062,69.0264892578125,82.1673812866211,115.49129486083984,777.2764282226562,632.9606323242188,873.0991821289062,631.264892578125,868.2920532226562,680.0185546875,776.0139770507812,687.0438842773438
239,01,1568048167120,0386,0100,859.0648193359375,628.7473754882812,68.6377944946289,81.76485443115234,115.77804565429688,777.16748046875,633.183349609375,873.1800537109375,631.3273315429688,868.2135009765625,680.2979736328125,776.016357421875,687.1277465820312
240,01,1568048167133,0386,0100,859.1083374023438,628.78857421875,68.93718719482422,81.85470581054688,115.06828308105469,777.1812744140625,633.17822265625,873.1296997070312,631.2412719726562,868.2135009765625,680.2979736328125,776.0327758789062,687.181884765625
241,01,1568048167147,0386,0100,859.0103759765625,628.73681640625,68.7992172241211,81.57875061035156,115.92621612548828,777.1812744140625,633.17822265625,873.1800537109375,631.3273315429688,868.2329711914062,680.287109375,776.0416259765625,687.3328857421875
242,01,1568048167161,0386,0100,859.0682373046875,628.7545166015625,68.98348236083984,81.91549682617188,115.18126678466797,777.1470336914062,633.1467895507812,873.0523681640625,631.3726806640625,868.2329711914062,680.287109375,775.9605102539062,687.4435424804688
243,01,1568048167179,0386,0100,859.0691528320312,628.851318359375,69.07615661621094,81.96369934082031,115.72989654541016,776.9957885742188,633.2247924804688,873.0910034179688,631.5713500976562,868.2329711914062,680.287109375,775.9493408203125,687.4638061523438
244,01,1568048167195,0386,0100,859.1205444335938,628.9628295898438,68.8958969116211,81.7294692993164,115.68578338623047,777.0016479492188,633.173583984375,873.1738891601562,631.6552124023438,868.3209228515625,680.3209228515625,775.9998168945312,687.4815063476562
245,01,1568048167208,0386,0100,859.0888671875,628.9815063476562,68.77959442138672,81.70230102539062,115.82978820800781,777.1488037109375,633.1312255859375,873.1738891601562,631.6552124023438,868.248046875,680.4285278320312,776.153564453125,687.3533935546875
246,01,1568048167221,0386,0100,859.2446899414062,628.9785766601562,68.93136596679688,81.71232604980469,115.85628509521484,776.955078125,633.2745361328125,873.138916015625,631.6246948242188,868.248046875,680.4285278320312,776.0551147460938,687.466552734375
247,01,1568048167234,0386,0100,859.313232421875,629.1292724609375,68.55081176757812,81.72349548339844,115.90348815917969,776.955078125,633.2745361328125,873.065673828125,631.736572265625,868.372314453125,680.573486328125,775.9151611328125,687.9608764648438
248,01,1568048167248,0386,0100,859.3486328125,629.1124267578125,68.54608154296875,81.59747314453125,116.27983856201172,777.0535888671875,633.3615112304688,873.065673828125,631.736572265625,868.3558959960938,680.6361083984375,775.9113159179688,687.9714965820312
249,01,1568048167263,0386,0100,859.2109375,629.4091796875,68.62107849121094,81.6948471069336,114.45043182373047,777.1987915039062,633.447509765625,873.1405639648438,631.8792724609375,868.3575439453125,680.6222534179688,775.9113159179688,687.9714965820312
250,01,1568048167277,0386,0100,859.2774047851562,629.23681640625,68.89247131347656,81.714599609375,115.4357681274414,777.1987915039062,633.447509765625,873.1174926757812,631.9225463867188,868.2391357421875,680.771484375,775.9113159179688,687.9714965820312
251,01,1568048167290,0386,0100,859.1209106445312,629.3522338867188,68.59504699707031,81.26201629638672,116.30716705322266,777.2424926757812,633.5343017578125,873.1174926757812,631.9225463867188,868.2391357421875,680.771484375,775.9113159179688,687.9714965820312
252,01,1568048167304,0386,0100,859.068115234375,629.44873046875,69.01227569580078,82.026611328125,114.753662109375,777.1224975585938,633.702880859375,873.2553100585938,632.0036010742188,868.2310180664062,680.7587280273438,775.9113159179688,687.9714965820312
253,01,1568048167317,0386,0100,859.1807861328125,629.3504028320312,68.6811294555664,81.97148132324219,115.84857177734375,777.1224975585938,633.702880859375,873.2553100585938,632.0036010742188,868.2310180664062,680.7587280273438,775.9113159179688,687.9714965820312
254,01,1568048167330,0386,0100,859.2586059570312,629.3836669921875,68.64028930664062,82.2708969116211,115.61625671386719,777.1224975585938,633.702880859375,873.2553100585938,632.0036010742188,868.2310180664062,680.7587280273438,775.9113159179688,687.9714965820312
255,01,1568048167344,0386,0100,859.109130859375,629.4389038085938,68.67082977294922,81.40110778808594,115.47620391845703,777.153076171875,633.652587890625,873.2197265625,632.10546875,868.3119506835938,680.6622924804688,775.7962036132812,688.1492919921875
256,01,1568048167357,0386,0100,859.19091796875,629.6010131835938,68.74840545654297,81.70818328857422,115.72096252441406,777.153076171875,633.652587890625,873.2197265625,632.10546875,868.3119506835938,680.6622924804688,775.9559326171875,687.8789672851562
257,01,1568048167370,0386,0100,859.1826782226562,629.4732055664062,68.51776123046875,81.8882064819336,115.55451965332031,777.086669921875,633.7294921875,873.2197265625,632.10546875,868.3119506835938,680.6622924804688,775.9771728515625,687.978515625
258,01,1568048167383,0386,0100,859.0701293945312,629.5529174804688,69.16777038574219,82.0504150390625,114.9674301147461,777.086669921875,633.7294921875,873.2473754882812,632.0731811523438,868.2114868164062,680.7886962890625,775.9501342773438,688.0225830078125
259,01,1568048167396,0386,0100,859.1947631835938,629.5460205078125,68.66578674316406,81.89789581298828,115.22366333007812,777.191650390625,633.611083984375,873.2197265625,632.10546875,868.2887573242188,680.653564453125,775.9298706054688,687.8644409179688
260,01,1568048167410,0386,0100,859.0213623046875,629.4115600585938,68.99322509765625,82.0584945678711,115.45906829833984,777.191650390625,633.611083984375,873.2473754882812,632.0731811523438,868.2887573242188,680.653564453125,775.9298706054688,687.8644409179688
261,01,1568048167423,0386,0100,859.2067260742188,629.4988403320312,68.7847900390625,81.69815826416016,117.25819396972656,777.0720825195312,633.651611328125,873.2197265625,632.10546875,868.3209228515625,680.6790771484375,775.7935791015625,688.0791625976562
262,01,1568048167436,0386,0100,859.2733764648438,629.3716430664062,68.97232818603516,81.78337860107422,116.43734741210938,777.03125,633.4716796875,873.0419921875,631.9351196289062,868.346435546875,680.7112426757812,775.7255859375,688.126220703125
263,01,1568048167450,0386,0100,859.0507202148438,629.365478515625,68.99285125732422,81.8364486694336,115.6208267211914,777.0,633.5,872.9893798828125,631.941162109375,868.346435546875,680.7112426757812,775.7255859375,688.126220703125
264,01,1568048167465,0386,0100,858.9342041015625,629.2874755859375,69.33995819091797,82.73975372314453,115.45198059082031,777.03125,633.4716796875,872.8992309570312,631.8740844726562,868.346435546875,680.7112426757812,775.6088256835938,688.2689208984375
265,01,1568048167477,0386,0100,859.0784301757812,629.3846435546875,68.93014526367188,81.92700958251953,115.44306182861328,777.03125,633.4716796875,872.8992309570312,631.8740844726562,868.346435546875,680.7112426757812,775.6378173828125,688.2378540039062
266,01,1568048167491,0386,0100,859.0006713867188,629.261474609375,68.96094512939453,81.76934814453125,116.42738342285156,777.03125,633.4716796875,872.9899291992188,631.876953125,868.346435546875,680.7112426757812,775.5457763671875,688.1427001953125
267,01,1568048167503,0386,0100,859.0907592773438,629.2778930664062,69.19998931884766,81.78487396240234,116.51498413085938,777.03125,633.4716796875,872.9789428710938,631.8280029296875,868.346435546875,680.7112426757812,775.5760498046875,687.8806762695312
268,01,1568048167516,0386,0100,858.9902954101562,629.3494262695312,69.48712921142578,81.53224182128906,115.64112854003906,776.960693359375,633.324462890625,872.94775390625,631.8060302734375,868.2805786132812,680.5778198242188,775.5760498046875,687.8806762695312
269,01,1568048167529,0386,0100,859.0487670898438,629.185791015625,68.9593505859375,81.61388397216797,117.21116638183594,776.8775024414062,633.297119140625,872.9102783203125,631.8027954101562,868.2026977539062,680.4608764648438,775.4300537109375,687.9552001953125
270,01,1568048167542,0386,0100,858.8565673828125,629.4046630859375,69.2938232421875,82.2136459350586,115.25865173339844,776.75,633.3707275390625,872.9102783203125,631.8027954101562,868.128662109375,680.5652465820312,775.4300537109375,687.9552001953125
271,01,1568048167555,0386,0100,858.8546142578125,629.38232421875,69.15701293945312,82.34950256347656,115.67816925048828,776.6923217773438,633.4501953125,872.8387451171875,631.8387451171875,867.8021850585938,680.5879516601562,775.3130493164062,688.0253295898438
272,01,1568048167568,0386,0100,858.8346557617188,629.3002319335938,69.48479461669922,82.66063690185547,115.56983947753906,776.6923217773438,633.4501953125,872.8387451171875,631.8387451171875,867.8021850585938,680.5879516601562,775.4059448242188,687.8759765625
273,01,1568048167581,0386,0100,858.675048828125,629.375244140625,69.3678970336914,82.07209014892578,116.35281372070312,776.6423950195312,633.450439453125,872.735107421875,631.9008178710938,867.8021850585938,680.5879516601562,775.2490234375,688.00048828125
274,01,1568048167593,0386,0100,858.7001342773438,629.1998901367188,69.62042999267578,82.55097961425781,115.39440155029297,776.6064453125,633.4057006835938,872.6382446289062,631.8536987304688,867.8020629882812,680.5299072265625,775.150634765625,687.9251708984375
275,01,1568048167607,0386,0100,858.634765625,629.2594604492188,69.30286407470703,82.16993713378906,116.50482940673828,776.5,633.2735595703125,872.6382446289062,631.8536987304688,867.750244140625,680.44384765625,774.98974609375,687.9207763671875
276,01,1568048167620,0386,0100,858.4456787109375,629.3258056640625,69.83006286621094,82.6300277709961,116.02239227294922,776.5,633.2735595703125,872.5477294921875,631.7449951171875,867.8084716796875,680.4403686523438,775.1486206054688,687.897216796875
277,01,1568048167634,0386,0100,858.5985107421875,629.261962890625,69.38220977783203,82.45531463623047,115.55477142333984,776.3963012695312,633.2138061523438,872.5477294921875,631.7449951171875,867.8140869140625,680.4091796875,775.1486206054688,687.897216796875
278,01,1568048167647,0386,0100,858.650390625,629.2449340820312,69.93064880371094,82.6280746459961,116.86842346191406,776.4322509765625,633.1512451171875,872.5477294921875,631.7449951171875,867.8140869140625,680.4091796875,774.98974609375,687.9207763671875
279,01,1568048167660,0386,0100,858.7093505859375,629.2643432617188,69.48975372314453,82.6755142211914,116.4427261352539,776.4322509765625,633.1512451171875,872.5477294921875,631.7449951171875,867.8140869140625,680.4091796875,774.98974609375,687.9207763671875
280,01,1568048167673,0386,0100,858.656494140625,629.2870483398438,69.56034851074219,82.65673065185547,116.11380767822266,776.3963012695312,633.2138061523438,872.5477294921875,631.7449951171875,867.8140869140625,680.4091796875,775.1486206054688,687.897216796875
281,01,1568048167685,0386,0100,858.5657958984375,629.3912963867188,69.9717788696289,82.75953674316406,116.39488983154297,776.5176391601562,633.2407836914062,872.6382446289062,631.8536987304688,867.8140869140625,680.4091796875,775.150634765625,687.9251708984375
282,01,1568048167698,0386,0100,858.6509399414062,629.4039916992188,70.05073547363281,82.52910614013672,116.29208374023438,776.6064453125,633.4057006835938,872.6382446289062,631.8536987304688,867.8020629882812,680.5299072265625,775.1715087890625,688.013427734375
283,01,1568048167710,0386,0100,858.5730590820312,629.43896484375,69.7706298828125,82.5224838256836,116.9954605102539,776.6064453125,633.4057006835938,872.6382446289062,631.8536987304688,867.8021850585938,680.5879516601562,775.3130493164062,688.0253295898438
284,01,1568048167724,0386,0100,858.6277465820312,629.6045532226562,70.60344696044922,83.48828887939453,116.05362701416016,776.6064453125,633.4057006835938,872.735107421875,631.9008178710938,867.7444458007812,680.6333618164062,775.3130493164062,688.0253295898438
285,01,1568048167739,0386,0100,858.6602783203125,629.5730590820312,69.75638580322266,82.0745620727539,115.91768646240234,776.6423950195312,633.450439453125,872.7587280273438,631.8703002929688,867.733642578125,680.5989379882812,775.3130493164062,688.0253295898438
286,01,1568048167751,0386,0100,858.6168823242188,629.8353271484375,69.95964050292969,82.72671508789062,116.97772979736328,776.5798950195312,633.5411987304688,872.7802734375,631.89453125,867.733642578125,680.5989379882812,775.536865234375,687.7872314453125
287,01,1568048167764,0386,0100,858.7763061523438,629.7957763671875,69.8689956665039,83.1369857788086,115.57054138183594,776.7046508789062,633.643310546875,872.720703125,632.0,867.712890625,680.7670288085938,775.3442993164062,687.969482421875
288,01,1568048167778,0386,0100,858.6024780273438,629.802001953125,69.83588409423828,83.04353332519531,116.5171890258789,776.59130859375,633.7466430664062,872.720703125,632.0,867.7549438476562,680.915283203125,775.317138671875,688.0865478515625
289,01,1568048167792,0386,0100,858.6697387695312,629.9632568359375,70.01548767089844,82.92540740966797,115.93995666503906,776.5422973632812,633.756103515625,872.7120361328125,631.9512329101562,867.92431640625,680.99853515625,775.317138671875,688.0865478515625
290,01,1568048167806,0386,0100,858.682373046875,629.8771362304688,70.32632446289062,83.40151977539062,116.23484802246094,776.5422973632812,633.756103515625,872.7446899414062,631.9963989257812,867.92431640625,680.99853515625,775.317138671875,688.0865478515625
291,01,1568048167818,0386,0100,858.6819458007812,629.9212646484375,70.06369018554688,82.98543548583984,115.47160339355469,776.5422973632812,633.756103515625,872.7303466796875,632.034912109375,867.92431640625,680.99853515625,775.317138671875,688.0865478515625
292,01,1568048167831,0386,0100,858.7305297851562,629.9801635742188,70.05889129638672,83.0537338256836,116.59099578857422,776.614013671875,633.8709716796875,872.7303466796875,632.034912109375,867.92431640625,680.99853515625,775.317138671875,688.0865478515625
293,01,1568048167842,0386,0100,858.7208862304688,630.0313720703125,70.31160736083984,82.93267059326172,115.78604125976562,776.6734008789062,633.8701782226562,872.7303466796875,632.034912109375,867.92431640625,680.99853515625,775.317138671875,688.0865478515625
294,01,1568048167853,0386,0100,858.6526489257812,629.8604125976562,70.4266586303711,83.1737060546875,117.59999084472656,776.6734008789062,633.8701782226562,872.7303466796875,632.034912109375,867.92431640625,680.99853515625,775.317138671875,688.0865478515625
295,01,1568048167864,0386,0100,858.5634155273438,630.018798828125,70.43290710449219,83.49938201904297,115.74555969238281,776.57568359375,633.7635498046875,872.7120361328125,631.9512329101562,867.7549438476562,680.915283203125,775.317138671875,688.0865478515625
296,01,1568048167877,0386,0100,858.5013427734375,630.0202026367188,70.79173278808594,83.526611328125,116.32173156738281,776.57568359375,633.7635498046875,872.7120361328125,631.9512329101562,867.7549438476562,680.915283203125,775.317138671875,688.0865478515625
297,01,1568048167890,0386,0100,858.4513549804688,630.0476684570312,70.35868072509766,83.1287612915039,115.43859100341797,776.57568359375,633.7635498046875,872.70166015625,631.992431640625,867.7549438476562,680.915283203125,775.317138671875,688.0865478515625
298,01,1568048167903,0386,0100,858.6109619140625,630.1507568359375,70.45462799072266,83.62242126464844,116.18286895751953,776.57568359375,633.7635498046875,872.70166015625,631.992431640625,867.7549438476562,680.915283203125,775.317138671875,688.0865478515625
299,01,1568048167915,0386,0100,858.5524291992188,629.9844360351562,70.64549255371094,83.70887756347656,115.92375183105469,776.57568359375,633.7635498046875,872.7120361328125,631.9512329101562,867.7549438476562,680.915283203125,775.317138671875,688.0865478515625
300,01,1568048167928,0386,0100,858.497314453125,630.0324096679688,70.69469451904297,83.94740295410156,115.53466796875,776.57568359375,633.7635498046875,872.7120361328125,631.9512329101562,867.712890625,680.7670288085938,775.317138671875,688.0865478515625
301,02,1568048167703,0672,0100,823.3246459960938,628.649169921875,76.24710083007812,89.59751892089844,105.31844329833984,758.0125122070312,632.5307006835938,852.279296875,632.0,848.2703857421875,681.4141845703125,763.676025390625,681.856201171875
302,02,1568048167716,0672,0100,823.4104614257812,628.6161499023438,76.17361450195312,89.80618286132812,104.90947723388672,758.0125122070312,632.5307006835938,852.279296875,632.0,848.2703857421875,681.4141845703125,763.676025390625,681.856201171875
303,02,1568048167731,0672,0100,823.4168701171875,628.5479736328125,76.27865600585938,89.39263153076172,105.12982940673828,758.0125122070312,632.5307006835938,852.279296875,632.0,848.2703857421875,681.4141845703125,763.676025390625,681.856201171875
304,02,1568048167745,0672,0100,823.3328247070312,628.5227661132812,76.0265121459961,89.32069396972656,106.45600891113281,758.0125122070312,632.5307006835938,852.279296875,632.0,848.2703857421875,681.4141845703125,763.676025390625,681.856201171875
305,02,1568048167757,0672,0100,823.2682495117188,628.571044921875,76.11380767822266,89.48139190673828,105.26345825195312,758.0125122070312,632.5307006835938,852.279296875,632.0,848.2703857421875,681.4141845703125,763.676025390625,681.856201171875
306,02,1568048167770,0672,0100,823.3276977539062,628.549560546875,76.28302764892578,89.27941131591797,105.69963073730469,758.0125122070312,632.5307006835938,852.279296875,632.0,848.2703857421875,681.4141845703125,763.676025390625,681.856201171875
307,02,1568048167785,0672,0100,823.3954467773438,628.5521850585938,76.40123748779297,89.1685562133789,106.19552612304688,758.0,632.5,852.279296875,632.0,848.2703857421875,681.4141845703125,763.676025390625,681.856201171875
308,02,1568048167799,0672,0100,823.4179077148438,628.5134887695312,76.30934143066406,89.3946533203125,106.02642822265625,758.0,632.5,852.279296875,632.0,848.2647094726562,681.4889526367188,763.676025390625,681.856201171875
309,02,1568048167811,0672,0100,823.424072265625,628.5401611328125,75.9350357055664,89.46700286865234,105.41285705566406,758.0,632.5,852.29833984375,632.007568359375,848.1671752929688,681.4414672851562,763.5656127929688,681.7251586914062
310,02,1568048167825,0672,0100,823.363037109375,628.3220825195312,75.35508728027344,88.68183898925781,105.8326644897461,758.0,632.5,852.0661010742188,631.7622680664062,848.1588134765625,681.3700561523438,763.5,681.722412109375
311,02,1568048167837,0672,0100,823.0701293945312,628.30419921875,75.45320129394531,89.307373046875,103.63543701171875,757.86669921875,632.4577026367188,852.0661010742188,631.7622680664062,847.963623046875,681.2220458984375,763.5,681.722412109375
312,02,1568048167849,0672,0100,823.1041870117188,628.4713134765625,76.01234436035156,89.25636291503906,104.86990356445312,757.86669921875,632.4577026367188,852.0894775390625,631.856689453125,847.963623046875,681.2220458984375,763.5,681.722412109375
313,02,1568048167861,0672,0100,823.279296875,628.4776000976562,76.1475830078125,89.5914077758789,105.56097412109375,757.82275390625,632.3861083984375,852.0,631.7645263671875,847.8798828125,681.2635498046875,763.43115234375,681.6324462890625
314,02,1568048167873,0672,0100,823.172607421875,628.3095092773438,76.37592315673828,89.69560241699219,104.72317504882812,757.82275390625,632.3861083984375,852.0,631.7645263671875,847.8798828125,681.2635498046875,763.43115234375,681.6324462890625
315,02,1568048167886,0672,0100,823.0842895507812,628.3043823242188,75.63896942138672,89.10839080810547,105.93946075439453,757.7706298828125,632.3057250976562,851.996826171875,631.713623046875,847.8798828125,681.2635498046875,763.34326171875,681.6436767578125
316,02,1568048167899,0672,0100,823.0956420898438,628.4757690429688,76.15956115722656,89.50547790527344,105.05728912353516,757.7706298828125,632.3057250976562,851.996826171875,631.713623046875,847.8798828125,681.2635498046875,763.34326171875,681.6436767578125
317,02,1568048167910,0672,0100,823.1452026367188,628.530029296875,75.93790435791016,89.16996002197266,105.45408630371094,757.7706298828125,632.3057250976562,851.996826171875,631.713623046875,847.8798828125,681.2635498046875,763.34326171875,681.6436767578125
318,02,1568048167923,0672,0100,823.1054077148438,628.4320678710938,76.3605728149414,89.32495880126953,104.92094421386719,757.82275390625,632.3861083984375,851.996826171875,631.713623046875,847.8798828125,681.2635498046875,763.43115234375,681.6324462890625
319,02,1568048167936,0672,0100,823.1146240234375,628.4983520507812,75.75492858886719,89.2982406616211,105.09184265136719,757.82275390625,632.3861083984375,852.0,631.7645263671875,847.8798828125,681.2635498046875,763.43115234375,681.6324462890625
320,02,1568048167950,0672,0100,823.2005004882812,628.4683837890625,75.7188949584961,89.58016204833984,105.1705551147461,757.9148559570312,632.4882202148438,852.1314086914062,631.8497924804688,847.8798828125,681.2635498046875,763.43115234375,681.6324462890625
321,02,1568048167962,0672,0100,823.2092895507812,628.429443359375,75.4776840209961,89.07809448242188,104.96784973144531,757.86669921875,632.4577026367188,852.0369873046875,631.8139038085938,847.963623046875,681.2220458984375,763.43115234375,681.6324462890625
322,02,1568048167974,0672,0100,823.39208984375,628.5159301757812,75.75430297851562,89.42840576171875,105.03848266601562,757.86669921875,632.4577026367188,852.0369873046875,631.8139038085938,847.963623046875,681.2220458984375,763.43115234375,681.6324462890625
323,02,1568048167985,0672,0100,823.3892211914062,628.626220703125,75.51834869384766,89.09961700439453,105.1341552734375,758.0,632.5,852.0369873046875,631.8139038085938,848.1588134765625,681.3700561523438,763.5,681.722412109375
324,02,1568048167997,0672,0100,823.26611328125,628.7190551757812,76.66741943359375,89.24052429199219,105.02651977539062,758.0,632.5,852.2197265625,631.89453125,848.2504272460938,681.4387817382812,763.5,681.722412109375
325,02,1568048168009,0672,0100,823.3145751953125,628.6494140625,75.82939147949219,89.25609588623047,105.8223876953125,758.0,632.5,852.279296875,632.0,848.2647094726562,681.4889526367188,763.5656127929688,681.7251586914062
326,02,1568048168022,0672,0100,823.44140625,628.699462890625,75.7843246459961,89.89698791503906,104.626708984375,758.0,632.5,852.279296875,632.0,848.2647094726562,681.4889526367188,763.5656127929688,681.7251586914062
327,02,1568048168035,0672,0100,823.2777709960938,628.68017578125,76.067138671875,89.20484161376953,105.74188232421875,758.0,632.5,852.279296875,632.0,848.2647094726562,681.4889526367188,763.5656127929688,681.7251586914062
328,02,1568048168048,0672,0100,823.37744140625,628.6792602539062,76.04813385009766,89.47177124023438,104.66102600097656,758.0,632.5,852.279296875,632.0,848.1671752929688,681.4414672851562,763.5656127929688,681.7251586914062
329,02,1568048168061,0672,0100,823.24365234375,628.7705688476562,75.76038360595703,89.37101745605469,105.72423553466797,758.0,632.5,852.279296875,632.0,848.1671752929688,681.4414672851562,763.5,681.722412109375
330,02,1568048168074,0672,0100,823.342041015625,628.814208984375,75.65857696533203,89.39933776855469,105.33523559570312,758.0,632.5,852.279296875,632.0,848.1671752929688,681.4414672851562,763.5,681.722412109375
331,02,1568048168089,0672,0100,823.3601684570312,628.8409423828125,75.73786926269531,89.72037506103516,105.12322235107422,758.0430908203125,632.5009155273438,852.279296875,632.0,848.0615234375,681.4638671875,763.5,681.722412109375
332,02,1568048168102,0672,0100,823.259033203125,628.7093505859375,76.34380340576172,89.86003112792969,105.39480590820312,758.0,632.5,852.279296875,632.0,848.0137939453125,681.400390625,763.5,681.722412109375
333,02,1568048168116,0672,0100,823.3484497070312,628.7315063476562,76.07787322998047,89.58651733398438,104.6136474609375,758.0430908203125,632.5009155273438,852.221435546875,631.9651489257812,848.0364990234375,681.4881591796875,763.5,681.722412109375
334,02,1568048168128,0672,0100,823.33935546875,628.8052978515625,75.96676635742188,89.65340423583984,104.60274505615234,758.0430908203125,632.5009155273438,852.048583984375,631.7072143554688,847.9451904296875,681.3082275390625,763.5,681.722412109375
335,02,1568048168141,0672,0100,823.2781982421875,628.6598510742188,75.66563415527344,89.19679260253906,104.851806640625,758.008544921875,632.5,852.0369873046875,631.8139038085938,847.9537963867188,681.2449340820312,763.5,681.722412109375
336,02,1568048168153,0672,0100,823.408935546875,628.553466796875,76.18494415283203,89.45405578613281,104.26375579833984,757.86669921875,632.4577026367188,852.0894775390625,631.856689453125,847.963623046875,681.2220458984375,763.43115234375,681.6324462890625
337,02,1568048168165,0672,0100,823.3677368164062,628.588134765625,75.70604705810547,89.08180236816406,105.46513366699219,757.7706298828125,632.3057250976562,852.1738891601562,631.6552124023438,847.963623046875,681.2220458984375,763.43115234375,681.6324462890625
338,02,1568048168178,0672,0100,823.4297485351562,628.5042724609375,75.95728302001953,89.15421295166016,105.5179443359375,757.82275390625,632.3861083984375,852.1738891601562,631.6552124023438,847.963623046875,681.2220458984375,763.43115234375,681.6324462890625
339,02,1568048168189,0672,0100,823.1896362304688,628.6318359375,76.28534698486328,89.51557159423828,104.89628601074219,757.8304443359375,632.2457885742188,852.1738891601562,631.6552124023438,847.963623046875,681.2220458984375,763.43115234375,681.6324462890625
340,02,1568048168204,0672,0100,823.424072265625,628.5234985351562,75.89178466796875,89.11835479736328,105.38703155517578,757.8302001953125,632.1022338867188,852.1738891601562,631.6552124023438,847.8810424804688,681.1116943359375,763.5,681.5
341,02,1568048168219,0672,0100,823.5185546875,628.552001953125,76.03097534179688,89.03749084472656,105.9500503540039,757.8302001953125,632.1022338867188,852.1738891601562,631.6552124023438,847.963623046875,681.2220458984375,763.5,681.5
342,02,1568048168232,0672,0100,823.5344848632812,628.5430297851562,76.182373046875,89.06103515625,105.70771789550781,757.8302001953125,632.1022338867188,852.1738891601562,631.6552124023438,847.963623046875,681.2220458984375,763.5,681.5
343,02,1568048168245,0672,0100,823.4953002929688,628.5783081054688,76.03658294677734,88.5220947265625,105.44559478759766,757.991943359375,632.25439453125,852.138916015625,631.6246948242188,848.0771484375,681.235595703125,763.5,681.5
344,02,1568048168258,0672,0100,823.430908203125,628.6012573242188,76.12873077392578,89.22122192382812,105.8818588256836,758.0,632.5,852.138916015625,631.6246948242188,848.0771484375,681.235595703125,763.5,681.5
345,02,1568048168271,0672,0100,823.5079956054688,628.655029296875,75.60806274414062,89.2941665649414,105.31990814208984,758.0,632.5,852.2093505859375,631.5889892578125,848.0771484375,681.235595703125,763.5,681.5
346,02,1568048168283,0672,0100,823.3966674804688,628.5557861328125,76.20718383789062,89.33658599853516,105.92854309082031,758.0982666015625,632.4098510742188,852.216796875,631.6165161132812,848.0771484375,681.235595703125,763.5,681.5
347,02,1568048168294,0672,0100,823.3760375976562,628.6370849609375,76.22964477539062,89.6272964477539,104.84786987304688,758.0982666015625,632.4098510742188,852.2093505859375,631.5889892578125,848.0771484375,681.235595703125,763.5,681.5
348,02,1568048168307,0672,0100,823.6397094726562,628.65234375,76.48129272460938,90.15348052978516,104.98681640625,758.0906982421875,632.3778686523438,852.2093505859375,631.5889892578125,848.0771484375,681.235595703125,763.5,681.5
349,02,1568048168320,0672,0100,823.5238037109375,628.5729370117188,75.54399108886719,89.45020294189453,106.41673278808594,758.0,632.2064208984375,852.2093505859375,631.5889892578125,848.1857299804688,681.1101684570312,763.5,681.5
350,02,1568048168333,0672,0100,823.4802856445312,628.7073364257812,76.30459594726562,90.42545318603516,105.78509521484375,758.0,632.2064208984375,852.2093505859375,631.5889892578125,848.1857299804688,681.1101684570312,763.5,681.5
351,02,1568048168346,0672,0100,823.5112915039062,628.540771484375,76.35612487792969,90.22869110107422,106.49053955078125,758.0,632.2064208984375,852.2093505859375,631.5889892578125,848.0701293945312,681.07958984375,763.5,681.5
352,02,1568048168360,0672,0100,823.5048217773438,628.6127319335938,76.4986572265625,90.12828063964844,105.55024719238281,758.0,632.2064208984375,852.2093505859375,631.5889892578125,848.0701293945312,681.07958984375,763.5,681.5
353,02,1568048168375,0672,0100,823.4457397460938,628.5494995117188,76.35811614990234,90.03349304199219,105.03047943115234,758.0,632.2064208984375,852.26416015625,631.6286010742188,848.0701293945312,681.07958984375,763.5,681.5
354,02,1568048168389,0672,0100,823.3995971679688,628.7313842773438,76.63630676269531,90.5179214477539,105.92302703857422,757.8751831054688,632.144287109375,852.26416015625,631.6286010742188,847.954345703125,680.96923828125,763.5,681.5
355,02,1568048168401,0672,0100,823.5347900390625,628.6594848632812,76.46932983398438,90.29237365722656,106.26248168945312,757.8751831054688,632.144287109375,852.26416015625,631.6286010742188,847.954345703125,680.96923828125,763.5,681.5
356,02,1568048168414,0672,0100,823.49169921875,628.7286987304688,76.68047332763672,90.4520492553711,105.15816497802734,757.8751831054688,632.144287109375,852.26416015625,631.6286010742188,847.954345703125,680.96923828125,763.5,681.5
357,02,1568048168425,0672,0100,823.4931030273438,628.7278442382812,76.75495147705078,90.37852478027344,105.3634033203125,757.8751831054688,632.144287109375,852.26416015625,631.6286010742188,847.954345703125,680.96923828125,763.5,681.5
358,02,1568048168439,0672,0100,823.5628051757812,628.7443237304688,76.59656524658203,90.18183135986328,104.37367248535156,758.008056640625,632.25439453125,852.2093505859375,631.5889892578125,848.05615234375,681.0054321289062,763.5,681.5
359,02,1568048168454,0672,0100,823.7296752929688,628.6126708984375,76.15171813964844,90.05951690673828,106.04329681396484,758.1697998046875,632.1022338867188,852.4312744140625,631.600341796875,848.05615234375,681.0054321289062,763.5,681.5
360,02,1568048168468,0672,0100,823.628662109375,628.6979370117188,76.99549102783203,90.2462387084961,105.65686798095703,758.1680908203125,632.1680908203125,852.4312744140625,631.600341796875,848.3623657226562,681.0050048828125,763.5,681.5
361,02,1568048168481,0672,0100,823.541748046875,628.695068359375,76.7564468383789,90.51264953613281,103.9217529296875,758.14453125,632.16357421875,852.5,631.5,848.2327880859375,680.850341796875,763.5,681.5
362,02,1568048168493,0672,0100,823.64990234375,628.7326049804688,77.14726257324219,90.36543273925781,104.64576721191406,758.14453125,632.16357421875,852.5,631.5,848.1968383789062,680.855224609375,763.5,681.5
363,02,1568048168504,0672,0100,823.6827392578125,628.6728515625,76.46287536621094,90.38442993164062,105.13937377929688,758.21240234375,632.2981567382812,852.5,631.5,848.424072265625,681.0390014648438,763.5,681.5
364,02,1568048168516,0672,0100,823.6719970703125,628.8480224609375,77.13743591308594,90.2750015258789,105.4082260131836,758.21240234375,632.2981567382812,852.5,631.5,848.424072265625,681.0390014648438,763.6659545898438,681.3340454101562
365,02,1568048168529,0672,0100,823.579833984375,628.7437133789062,77.01969909667969,90.4759521484375,104.7364273071289,758.21240234375,632.2981567382812,852.5,631.5,848.424072265625,681.0390014648438,763.5,681.5
366,02,1568048168541,0672,0100,823.6892700195312,628.6397094726562,77.16716766357422,90.59976959228516,104.44178009033203,758.21240234375,632.2981567382812,852.5,631.5,848.424072265625,681.0390014648438,763.5,681.5
367,02,1568048168553,0672,0100,823.5755004882812,628.712646484375,77.0071029663086,90.54805755615234,105.53067779541016,758.21240234375,632.2981567382812,852.5,631.5,848.424072265625,681.0390014648438,763.6659545898438,681.3340454101562
368,02,1568048168564,0672,0100,823.6176147460938,628.6278076171875,77.06809997558594,90.45645904541016,104.8924331665039,758.14453125,632.16357421875,852.4622192382812,631.5377807617188,848.3310546875,680.940185546875,763.6659545898438,681.3340454101562
369,02,1568048168576,0672,0100,823.7578125,628.629638671875,76.68815612792969,90.1954345703125,105.14556121826172,758.0798950195312,632.037353515625,852.3663940429688,631.4951782226562,848.318115234375,680.9618530273438,763.6659545898438,681.3340454101562
370,02,1568048168588,0672,0100,823.6144409179688,628.5164184570312,76.9270248413086,90.44575500488281,105.90264892578125,758.0798950195312,632.037353515625,852.5687255859375,631.399658203125,848.318115234375,680.9618530273438,763.7559204101562,681.3182983398438
371,02,1568048168600,0672,0100,823.6572875976562,628.587646484375,76.73294830322266,90.7313003540039,106.15861511230469,758.0277709960938,632.031005859375,852.5218505859375,631.3902587890625,848.1935424804688,680.8615112304688,763.7559204101562,681.3182983398438
372,02,1568048168611,0672,0100,823.5481567382812,628.6651000976562,76.93919372558594,90.6494369506836,104.93408203125,758.0798950195312,632.037353515625,852.5218505859375,631.3902587890625,848.1935424804688,680.8615112304688,763.7559204101562,681.3182983398438
373,02,1568048168622,0672,0100,823.6825561523438,628.5925903320312,76.99554443359375,90.67752838134766,104.9116439819336,758.2022705078125,632.0480346679688,852.5218505859375,631.3902587890625,848.2263793945312,680.8070678710938,763.7559204101562,681.3182983398438
374,02,1568048168635,0672,0100,823.7125854492188,628.5586547851562,77.06385040283203,90.17929077148438,105.48905181884766,758.1500854492188,632.0,852.406494140625,631.3008422851562,848.2114868164062,680.7886962890625,763.7559204101562,681.3182983398438
375,02,1568048168647,0672,0100,823.9700927734375,628.4077758789062,76.84163665771484,90.22233581542969,105.2874984741211,758.1500854492188,632.0,852.406494140625,631.3008422851562,848.2459106445312,680.675537109375,763.8336791992188,681.1663208007812
376,02,1568048168660,0672,0100,823.7946166992188,628.4598999023438,77.22167205810547,90.4780044555664,104.95301055908203,758.0798950195312,631.962646484375,852.406494140625,631.3008422851562,848.2521362304688,680.6813354492188,763.8336791992188,681.1663208007812
377,02,1568048168672,0672,0100,823.4965209960938,628.5029296875,77.29578399658203,90.93950653076172,104.47063446044922,758.0798950195312,631.962646484375,852.3273315429688,631.1800537109375,848.2158813476562,680.6316528320312,763.7603149414062,681.0799560546875
378,02,1568048168684,0672,0100,823.7259521484375,628.5380249023438,77.13558197021484,90.43161010742188,104.69486236572266,757.9963989257812,632.0,852.3273315429688,631.1800537109375,848.1989135742188,680.6963500976562,763.665771484375,681.2268676757812
379,02,1568048168697,0672,0100,823.6110229492188,628.5111694335938,77.23204803466797,90.24340057373047,104.87189483642578,758.0,632.0,852.3273315429688,631.1800537109375,848.0770263671875,680.7086791992188,763.5,681.277587890625
380,02,1568048168710,0672,0100,823.6609497070312,628.50732421875,76.96997833251953,90.13777923583984,105.39930725097656,758.0,632.0,852.3273315429688,631.1800537109375,848.1265258789062,680.648193359375,763.5,681.277587890625
381,02,1568048168723,0672,0100,823.60400390625,628.5011596679688,76.68475341796875,90.40776824951172,105.74076080322266,758.0,632.0,852.2412719726562,631.1296997070312,848.1026611328125,680.7363891601562,763.4751586914062,681.2225952148438
382,02,1568048168734,0672,0100,823.2000732421875,628.1587524414062,77.19804382324219,90.38886260986328,105.29115295410156,757.5703735351562,631.75927734375,851.8919067382812,631.1776733398438,847.7352905273438,680.5110473632812,763.1616821289062,681.0
383,02,1568048168746,0672,0100,822.8717041015625,627.8783569335938,76.66400909423828,90.37589263916016,104.2519760131836,757.5962524414062,631.7681884765625,851.8499145507812,631.0,847.7296142578125,680.5858154296875,763.1616821289062,681.0
384,02,1568048168757,0672,0100,823.0526733398438,628.0712890625,77.27810668945312,90.44437408447266,105.09622192382812,757.5570678710938,631.8101806640625,851.7802734375,630.89453125,847.7296142578125,680.5858154296875,763.1616821289062,681.0
385,02,1568048168768,0672,0100,823.0938110351562,628.2421875,77.03313446044922,90.64183807373047,104.896728515625,757.5570678710938,631.8101806640625,851.9859008789062,631.1216430664062,847.7296142578125,680.5858154296875,763.1616821289062,681.0
386,02,1568048168780,0672,0100,823.2659912109375,628.0321655273438,77.64942932128906,90.53284454345703,104.4055404663086,757.6670532226562,631.6670532226562,851.9859008789062,631.1216430664062,847.8717041015625,680.508056640625,763.1616821289062,681.0
387,02,1568048168791,0672,0100,823.2320556640625,627.9429931640625,76.94142150878906,89.9090347290039,105.1044692993164,757.6670532226562,631.6670532226562,852.0438232421875,630.9345092773438,847.8717041015625,680.508056640625,763.1616821289062,681.0
388,02,1568048168803,0672,0100,823.2496948242188,627.9913940429688,77.10637664794922,90.38825988769531,103.72140502929688,757.6670532226562,631.6670532226562,852.0869140625,630.9443359375,847.8971557617188,680.3991088867188,763.1616821289062,681.0
389,02,1568048168814,0672,0100,823.3199462890625,627.9398803710938,77.11283874511719,89.90702819824219,104.90176391601562,757.6670532226562,631.6670532226562,852.1953735351562,631.0580444335938,847.8906860351562,680.4095458984375,763.1616821289062,681.0
390,02,1568048168824,0672,0100,823.372802734375,627.974609375,76.96644592285156,90.133544921875,105.1020736694336,757.6670532226562,631.6670532226562,852.1953735351562,631.0580444335938,847.8906860351562,680.4095458984375,763.209716796875,680.9205322265625
391,02,1568048168837,0672,0100,823.2717895507812,627.9287109375,76.87611389160156,90.19739532470703,104.98967742919922,757.7028198242188,631.6311645507812,852.1497192382812,630.9512939453125,847.8906860351562,680.4095458984375,763.209716796875,680.9205322265625
392,02,1568048168850,0672,0100,823.3214111328125,627.9068603515625,76.78289794921875,89.7971420288086,104.06963348388672,757.711669921875,631.5947875976562,852.1497192382812,630.9512939453125,847.8906860351562,680.4095458984375,763.21337890625,680.96484375
393,02,1568048168863,0672,0100,823.4238891601562,627.8964233398438,76.56472778320312,89.91320037841797,104.53934478759766,757.711669921875,631.5947875976562,852.1326904296875,630.6943969726562,847.8906860351562,680.4095458984375,763.3114013671875,680.89306640625
394,02,1568048168875,0672,0100,823.3992309570312,627.8888549804688,76.79570007324219,90.15958404541016,105.35455322265625,757.711669921875,631.5947875976562,852.048583984375,630.7072143554688,847.8906860351562,680.4095458984375,763.21337890625,680.96484375
395,02,1568048168887,0672,0100,823.2188720703125,627.7583618164062,76.6703872680664,89.6064224243164,105.02084350585938,757.711669921875,631.5947875976562,852.048583984375,630.7072143554688,847.8906860351562,680.4095458984375,763.21337890625,680.96484375
396,02,1568048168898,0672,0100,823.2586669921875,627.7901000976562,76.59291076660156,90.05278778076172,104.96302032470703,757.711669921875,631.5947875976562,852.048583984375,630.7072143554688,847.8906860351562,680.4095458984375,763.21337890625,680.96484375
397,02,1568048168909,0672,0100,823.2381591796875,627.9078369140625,76.48577880859375,89.56379699707031,104.71063232421875,757.711669921875,631.5947875976562,852.0387573242188,630.8363647460938,847.8906860351562,680.4095458984375,763.21337890625,680.96484375
398,02,1568048168921,0672,0100,823.2660522460938,627.997314453125,76.6705093383789,89.54902648925781,104.69007873535156,757.711669921875,631.5947875976562,852.0387573242188,630.8363647460938,847.8906860351562,680.4095458984375,763.21337890625,680.96484375
399,02,1568048168932,0672,0100,823.2123413085938,627.8525390625,76.62918853759766,89.2511215209961,104.08340454101562,757.711669921875,631.5947875976562,852.0006713867188,630.8200073242188,847.7819213867188,680.453125,763.21337890625,680.96484375
400,02,1568048168943,0672,0100,823.2249755859375,627.9229125976562,76.7858657836914,89.25218200683594,105.27008056640625,757.711669921875,631.5947875976562,852.0006713867188,630.8200073242188,847.8906860351562,680.4095458984375,763.21337890625,680.96484375
401,02,1568048168955,0672,0100,823.2191162109375,627.8326416015625,76.71432495117188,89.5560073852539,105.4174575805664,757.711669921875,631.5947875976562,852.0006713867188,630.8200073242188,847.712646484375,680.3831787109375,763.180419921875,681.0006103515625
402,02,1568048168967,0672,0100,823.2647705078125,627.8195190429688,76.41390991210938,89.47770690917969,104.5284652709961,757.711669921875,631.5947875976562,851.9653930664062,630.7891845703125,847.8328247070312,680.3341064453125,763.21337890625,680.96484375
403,02,1568048168978,0672,0100,823.255859375,627.7261352539062,76.64031982421875,89.30497741699219,104.35862731933594,757.711669921875,631.5947875976562,851.9653930664062,630.7891845703125,847.8328247070312,680.3341064453125,763.21337890625,680.96484375
404,02,1568048168989,0672,0100,823.295654296875,627.7244262695312,76.32220458984375,89.1866683959961,104.97860717773438,757.711669921875,631.5947875976562,852.0,630.7645263671875,847.8449096679688,680.3560791015625,763.21337890625,680.96484375
405,02,1568048169000,0672,0100,823.358154296875,627.6954956054688,76.43433380126953,89.05216217041016,104.84149932861328,757.711669921875,631.5947875976562,852.0,630.7645263671875,847.8322143554688,680.3096923828125,763.2396850585938,680.9200439453125
406,02,1568048169012,0672,0100,823.2592163085938,627.656982421875,76.54527282714844,89.44758605957031,104.0006103515625,757.7960205078125,631.5230712890625,852.0,630.7645263671875,847.8322143554688,680.3096923828125,763.2396850585938,680.9200439453125
407,02,1568048169023,0672,0100,823.2730102539062,627.6512451171875,76.32696533203125,89.0042495727539,104.41148376464844,757.7960205078125,631.5230712890625,852.0,630.7645263671875,847.8973388671875,680.2636108398438,763.2396850585938,680.9200439453125
408,02,1568048169034,0672,0100,823.3029174804688,627.5985107421875,76.38888549804688,89.01011657714844,104.49386596679688,757.7960205078125,631.5230712890625,851.996826171875,630.713623046875,847.9088134765625,680.2364501953125,763.34326171875,680.6436767578125
409,02,1568048169046,0672,0100,823.269775390625,627.498779296875,76.2492904663086,88.72305297851562,106.64372253417969,757.7706298828125,631.3057250976562,852.0,630.6868286132812,847.8335571289062,680.1664428710938,763.43115234375,680.6324462890625
410,02,1568048169058,0672,0100,823.2987670898438,627.5416870117188,76.35855102539062,88.77610778808594,106.572021484375,757.7706298828125,631.3057250976562,852.0,630.6868286132812,847.7998046875,680.13134765625,763.43115234375,680.6324462890625
411,02,1568048169069,0672,0100,823.2713623046875,627.4070434570312,76.1769790649414,89.2310562133789,104.9034423828125,757.8387451171875,631.1612548828125,851.992431640625,630.70166015625,847.7998046875,680.13134765625,763.43115234375,680.6324462890625
412,02,1568048169081,0672,0100,823.2169799804688,627.4852294921875,76.53398895263672,88.91133880615234,106.64067840576172,757.8387451171875,631.1612548828125,852.0623779296875,630.6952514648438,847.8810424804688,680.1116943359375,763.43115234375,680.6324462890625
413,02,1568048169092,0672,0100,823.2955322265625,627.5242919921875,76.2890625,89.11396026611328,105.88819885253906,757.8387451171875,631.1612548828125,851.992431640625,630.70166015625,847.963623046875,680.2220458984375,763.43115234375,680.6324462890625
414,02,1568048169103,0672,0100,823.307861328125,627.3572387695312,76.20838165283203,89.13688659667969,105.69837951660156,757.8387451171875,631.1612548828125,851.992431640625,630.70166015625,847.8810424804688,680.1116943359375,763.43115234375,680.6324462890625
415,02,1568048169115,0672,0100,823.3253173828125,627.4103393554688,76.47758483886719,88.99443817138672,105.15028381347656,757.8387451171875,631.1612548828125,851.992431640625,630.70166015625,847.8810424804688,680.1116943359375,763.43115234375,680.6324462890625
416,02,1568048169127,0672,0100,823.2764282226562,627.5016479492188,76.01038360595703,88.8207778930664,105.10143280029297,757.8387451171875,631.1612548828125,851.992431640625,630.70166015625,847.8810424804688,680.1116943359375,763.43115234375,680.6324462890625
417,02,1568048169138,0672,0100,823.3384399414062,627.5155029296875,76.13075256347656,88.8651351928711,106.29281616210938,757.8387451171875,631.1612548828125,851.992431640625,630.70166015625,847.8810424804688,680.1116943359375,763.43115234375,680.6324462890625
418,02,1568048169149,0672,0100,823.3619995117188,627.52685546875,76.12210845947266,88.91878509521484,105.89103698730469,757.7706298828125,631.3057250976562,851.992431640625,630.70166015625,847.8810424804688,680.1116943359375,763.43115234375,680.6324462890625
419,02,1568048169160,0672,0100,823.1566162109375,627.35791015625,76.06451416015625,88.73379516601562,105.47234344482422,757.7706298828125,631.3057250976562,851.992431640625,630.70166015625,847.8810424804688,680.1116943359375,763.43115234375,680.6324462890625
420,02,1568048169172,0672,0100,823.2020874023438,627.367431640625,75.87059783935547,88.79671478271484,105.12235260009766,757.735107421875,631.0991821289062,852.0365600585938,630.5714111328125,847.8335571289062,680.1664428710938,763.43115234375,680.6324462890625
421,02,1568048169184,0672,0100,823.331298828125,627.1466674804688,75.83026123046875,88.65795135498047,105.59297943115234,757.7526245117188,631.0731811523438,852.0,630.5,847.86865234375,680.2001953125,763.2300415039062,680.4743041992188
422,02,1568048169197,0672,0100,823.2818603515625,627.073486328125,75.68032836914062,88.6762466430664,105.52069091796875,757.7802734375,631.10546875,851.9634399414062,630.4285888671875,847.86865234375,680.2001953125,763.34326171875,680.3563232421875
423,02,1568048169210,0672,0100,823.3473510742188,626.9865112304688,75.80683898925781,88.60107421875,106.44674682617188,757.7802734375,631.10546875,851.9634399414062,630.4285888671875,847.6376342773438,679.9949951171875,763.199951171875,680.1633911132812
424,02,1568048169223,0672,0100,823.291748046875,626.9364624023438,75.86439514160156,88.97501373291016,105.15341186523438,757.7802734375,631.10546875,851.8886108398438,630.2189331054688,847.6585693359375,679.869873046875,763.199951171875,680.1633911132812
425,02,1568048169235,0672,0100,823.329833984375,626.8923950195312,75.75929260253906,89.02167510986328,105.02303314208984,757.6336059570312,631.0301513671875,851.8886108398438,630.2189331054688,847.6585693359375,679.869873046875,763.199951171875,680.1633911132812
426,02,1568048169246,0672,0100,823.1344604492188,626.9730834960938,76.03418731689453,89.07456970214844,105.95223236083984,757.5901489257812,630.9017333984375,851.8886108398438,630.2189331054688,847.6585693359375,679.869873046875,763.199951171875,680.1633911132812
427,02,1568048169258,0672,0100,823.1572265625,626.85693359375,76.14412689208984,89.20731353759766,106.71265411376953,757.6336059570312,631.0301513671875,851.8886108398438,630.2189331054688,847.5829467773438,679.7675170898438,763.199951171875,680.1633911132812
428,02,1568048169270,0672,0100,823.3319091796875,626.9296875,75.95154571533203,88.79203796386719,105.11649322509766,757.5901489257812,630.9017333984375,851.8886108398438,630.2189331054688,847.5829467773438,679.7675170898438,763.199951171875,680.1633911132812
429,02,1568048169281,0672,0100,823.3080444335938,626.872802734375,75.83984375,88.28324890136719,107.76763916015625,757.5901489257812,630.9017333984375,851.8253173828125,630.2188110351562,847.6415405273438,679.6415405273438,763.199951171875,680.1633911132812
430,02,1568048169292,0672,0100,823.208251953125,626.8825073242188,76.06576538085938,88.6131820678711,105.9881591796875,757.6336059570312,631.0301513671875,851.9376220703125,630.3047485351562,847.7476806640625,679.5787963867188,763.199951171875,680.1633911132812
431,02,1568048169304,0672,0100,823.2446899414062,626.9396362304688,75.89570617675781,88.63520050048828,105.261962890625,757.7802734375,631.10546875,852.0,630.3131713867188,847.9228515625,679.764404296875,763.1663208007812,680.1663208007812
432,02,1568048169317,0672,0100,823.3082275390625,627.0105590820312,75.25398254394531,88.25679779052734,103.87779998779297,757.7802734375,631.10546875,852.0,630.3131713867188,847.9228515625,679.764404296875,763.2487182617188,680.2215576171875
433,02,1568048169330,0672,0100,823.4284057617188,626.9119873046875,75.81901550292969,88.45623779296875,104.80427551269531,757.7526245117188,631.0731811523438,852.0,630.3131713867188,847.9439086914062,679.8624877929688,763.34326171875,680.3563232421875
434,02,1568048169342,0672,0100,823.2249145507812,627.0806884765625,76.17684936523438,89.02188110351562,103.8515396118164,757.7526245117188,631.0731811523438,852.0,630.3131713867188,847.9439086914062,679.8624877929688,763.34326171875,680.3563232421875
435,02,1568048169354,0672,0100,823.354736328125,627.0296020507812,75.97389221191406,88.87785339355469,104.75841522216797,757.7526245117188,631.0731811523438,852.0,630.3131713867188,847.9521484375,680.1672973632812,763.34326171875,680.3563232421875
436,02,1568048169365,0672,0100,823.1754760742188,627.116455078125,76.23066711425781,88.8295669555664,104.20806884765625,757.7526245117188,631.0731811523438,852.0,630.3131713867188,847.9521484375,680.1672973632812,763.34326171875,680.3563232421875
437,02,1568048169377,0672,0100,823.2274780273438,627.0889892578125,75.82398223876953,88.56970977783203,105.26457214355469,757.7526245117188,631.0731811523438,852.0,630.3131713867188,847.9521484375,680.1672973632812,763.34326171875,680.3563232421875
438,02,1568048169389,0672,0100,823.1917114257812,627.068359375,76.05934143066406,88.78899383544922,104.03699493408203,757.7526245117188,631.0731811523438,851.9634399414062,630.4285888671875,847.86865234375,680.2001953125,763.34326171875,680.3563232421875
439,02,1568048169400,0672,0100,823.2199096679688,627.0646362304688,75.73279571533203,88.66732025146484,104.9749755859375,757.7526245117188,631.0731811523438,851.9634399414062,630.4285888671875,847.7672119140625,680.149658203125,763.34326171875,680.3563232421875
440,02,1568048169411,0672,0100,823.2957153320312,627.16064453125,76.00899505615234,88.32402038574219,104.9719009399414,757.7802734375,631.10546875,851.9634399414062,630.4285888671875,847.7672119140625,680.149658203125,763.34326171875,680.3563232421875
441,02,1568048169422,0672,0100,823.3536376953125,627.0379028320312,75.80364990234375,88.55537414550781,104.57302856445312,757.7802734375,631.10546875,851.9634399414062,630.4285888671875,847.7672119140625,680.149658203125,763.34326171875,680.3563232421875
442,02,1568048169434,0672,0100,823.2899780273438,627.1336059570312,76.28141021728516,89.00102996826172,105.04244995117188,757.6387939453125,631.1988525390625,851.9083251953125,630.419921875,847.7672119140625,680.149658203125,763.34326171875,680.3563232421875
443,02,1568048169445,0672,0100,823.30615234375,627.1751708984375,76.3603744506836,88.81685638427734,105.60071563720703,757.6387939453125,631.1988525390625,851.936767578125,630.4242553710938,847.7672119140625,680.149658203125,763.34326171875,680.3563232421875
444,02,1568048169457,0672,0100,823.1358032226562,627.0471801757812,76.33478546142578,89.289306640625,105.66868591308594,757.6387939453125,631.1988525390625,851.8261108398438,630.3447875976562,847.6376342773438,679.9949951171875,763.20361328125,680.3379516601562
445,02,1568048169469,0672,0100,823.109130859375,627.1791381835938,76.39415740966797,88.82601165771484,104.88423156738281,757.5415649414062,631.1177368164062,851.8261108398438,630.3447875976562,847.568603515625,679.9749145507812,763.1094360351562,680.2393798828125
446,02,1568048169481,0672,0100,823.2068481445312,627.0980834960938,76.60816192626953,89.05502319335938,104.73529815673828,757.5415649414062,631.1177368164062,851.8261108398438,630.3447875976562,847.568603515625,679.9749145507812,762.9540405273438,680.3630981445312
447,02,1568048169493,0672,0100,823.1787109375,626.916748046875,76.55805969238281,88.99823760986328,105.86055755615234,757.5415649414062,631.1177368164062,851.8261108398438,630.3447875976562,847.6376342773438,679.9949951171875,762.9540405273438,680.3630981445312
448,02,1568048169504,0672,0100,823.1834106445312,627.02734375,76.40239715576172,89.12030029296875,105.66493225097656,757.5415649414062,631.1177368164062,851.8261108398438,630.3447875976562,847.6376342773438,679.9949951171875,763.1094360351562,680.2393798828125
449,02,1568048169515,0672,0100,823.3237915039062,627.0274658203125,76.01946258544922,88.83623504638672,105.43379974365234,757.6336059570312,631.0301513671875,851.8261108398438,630.3447875976562,847.6376342773438,679.9949951171875,763.199951171875,680.1633911132812
450,02,1568048169527,0672,0100,823.3218994140625,627.1657104492188,76.86078643798828,88.5167007446289,104.65250396728516,757.7802734375,631.10546875,851.936767578125,630.4242553710938,847.6376342773438,679.9949951171875,763.199951171875,680.1633911132812
451,03,1568048147865,0958,0100,785.567626953125,629.7905883789062,73.5448226928711,84.58990478515625,91.95391082763672,735.85107421875,634.8333740234375,829.7208251953125,634.6025390625,826.31005859375,684.8455200195312,742.119384765625,683.0874633789062
452,03,1568048147877,0958,0100,785.5115356445312,629.7596435546875,73.38224029541016,84.51915740966797,90.9609603881836,735.5703735351562,634.75927734375,829.7208251953125,634.6025390625,826.233642578125,684.8580322265625,741.880615234375,682.9125366210938
453,03,1568048147892,0958,0100,785.5517578125,629.6710205078125,73.44173431396484,84.67066192626953,90.65487670898438,735.5703735351562,634.75927734375,829.7508544921875,634.6448974609375,826.1876220703125,684.7046508789062,741.8383178710938,683.0
454,03,1568048147907,0958,0100,785.545654296875,629.6939697265625,73.9956283569336,84.5067138671875,91.09996795654297,735.6112060546875,634.7960205078125,829.5700073242188,634.487548828125,825.8019409179688,684.5831298828125,741.790283203125,682.9205322265625
455,03,1568048147921,0958,0100,785.3139038085938,629.5997314453125,73.66443634033203,84.32320404052734,91.16826629638672,735.5,634.5150146484375,829.7000122070312,634.3805541992188,825.8172607421875,684.6814575195312,741.7603149414062,682.9200439453125
456,03,1568048147934,0958,0100,785.359375,629.6377563476562,73.66593933105469,83.8660888671875,91.124267578125,735.5,634.5150146484375,829.5943603515625,634.2722778320312,825.8836059570312,684.5288696289062,741.7603149414062,682.9200439453125
457,03,1568048147947,0958,0100,785.271484375,629.576171875,73.45491027832031,84.11080932617188,90.36734771728516,735.4979248046875,634.5638427734375,829.6734008789062,634.1298217773438,825.9342041015625,684.423828125,741.665771484375,682.7731323242188
458,03,1568048147959,0958,0100,785.45751953125,629.4938354492188,73.62211608886719,84.41410064697266,90.42096710205078,735.5,634.5,829.6734008789062,634.1298217773438,826.0873413085938,684.3650512695312,741.5656127929688,682.7251586914062
459,03,1568048147972,0958,0100,785.4482421875,629.5247192382812,73.55017852783203,84.40850830078125,90.64278411865234,735.5,634.5,829.6734008789062,634.1298217773438,826.1827392578125,684.3185424804688,741.665771484375,682.7731323242188
460,03,1568048147985,0958,0100,785.4457397460938,629.5604248046875,73.6311264038086,84.44155883789062,90.988525390625,735.5,634.5,829.6734008789062,634.1298217773438,826.1827392578125,684.3185424804688,741.7603149414062,682.9200439453125
461,03,1568048147997,0958,0100,785.2968139648438,629.5293579101562,73.46241760253906,84.10033416748047,91.23161315917969,735.5,634.5,829.6734008789062,634.1298217773438,826.1827392578125,684.3185424804688,741.7603149414062,682.9200439453125
462,03,1568048148011,0958,0100,785.5436401367188,629.5670776367188,73.63786315917969,84.59921264648438,91.88736724853516,735.6099853515625,634.5205078125,829.78564453125,634.2845458984375,826.1827392578125,684.3185424804688,741.7603149414062,682.9200439453125
463,03,1568048148027,0958,0100,785.6033935546875,629.6434326171875,73.20610809326172,84.14627838134766,92.68341827392578,735.712646484375,634.6651000976562,829.6007690429688,634.4046630859375,826.1827392578125,684.3185424804688,741.819580078125,683.0006103515625
464,03,1568048148042,0958,0100,785.207275390625,629.65380859375,73.64952850341797,84.45564270019531,91.59886169433594,735.3887939453125,634.7960205078125,829.4654541015625,634.5248413085938,825.8439331054688,684.65576171875,741.790283203125,682.9205322265625
465,03,1568048148056,0958,0100,784.4832763671875,629.5087890625,73.4956283569336,84.84729766845703,89.77172088623047,735.0335693359375,634.76416015625,829.25,634.3707275390625,825.6078491210938,684.6603393554688,741.3941650390625,682.8275756835938
466,03,1568048148069,0958,0100,784.4908447265625,629.3482055664062,73.66160583496094,85.11835479736328,89.84925842285156,735.0755004882812,634.764404296875,829.25,634.3707275390625,825.6078491210938,684.6603393554688,741.3941650390625,682.8275756835938
467,03,1568048148082,0958,0100,784.9268188476562,629.6258544921875,73.5611343383789,84.32856750488281,91.10428619384766,735.2058715820312,634.7860107421875,829.25,634.3707275390625,825.74267578125,684.802978515625,741.3941650390625,682.8275756835938
468,03,1568048148094,0958,0100,784.6529541015625,629.7611694335938,73.9510269165039,85.0051498413086,90.92515563964844,735.2745361328125,634.7921752929688,829.3052978515625,634.3637084960938,825.7891845703125,684.7891845703125,741.3618774414062,682.8635864257812
469,03,1568048148105,0958,0100,784.8079833984375,629.7632446289062,73.40772247314453,84.81388854980469,90.26421356201172,735.14892578125,634.8333740234375,829.3052978515625,634.3637084960938,825.7891845703125,684.7891845703125,741.5,683.0
470,03,1568048148117,0958,0100,784.6748046875,629.7769165039062,73.69994354248047,84.85017395019531,90.83059692382812,735.0919189453125,634.8297119140625,829.464599609375,634.5110473632812,825.7891845703125,684.7891845703125,741.5,683.0
471,03,1568048148130,0958,0100,784.8030395507812,629.6726684570312,73.51238250732422,84.39818572998047,90.54621124267578,735.0919189453125,634.8297119140625,829.3519897460938,634.4755859375,825.7891845703125,684.7891845703125,741.3226318359375,683.1774291992188
472,03,1568048148143,0958,0100,784.7633056640625,629.8451538085938,73.76060485839844,84.60603332519531,90.14855194091797,735.0919189453125,634.8297119140625,829.3519897460938,634.4755859375,825.7891845703125,684.7891845703125,741.3226318359375,683.1774291992188
473,03,1568048148156,0958,0100,784.7636108398438,629.8240356445312,73.93610382080078,85.09715270996094,89.96170043945312,735.2058715820312,634.7860107421875,829.3519897460938,634.4755859375,825.7891845703125,684.7891845703125,741.474609375,683.091064453125
474,03,1568048148169,0958,0100,784.7890014648438,629.8268432617188,74.05469512939453,85.45428466796875,91.48360443115234,735.2058715820312,634.7860107421875,829.3519897460938,634.4755859375,825.7891845703125,684.7891845703125,741.474609375,683.091064453125
475,03,1568048148181,0958,0100,784.6919555664062,629.9813842773438,74.01001739501953,85.72806549072266,90.70919036865234,735.1763305664062,634.8003540039062,829.5060424804688,634.6210327148438,825.7891845703125,684.7891845703125,741.584228515625,683.20458984375
476,03,1568048148194,0958,0100,784.8192138671875,629.842529296875,73.84712219238281,85.093994140625,90.33086395263672,735.1763305664062,634.8003540039062,829.5060424804688,634.6210327148438,825.7891845703125,684.7891845703125,741.584228515625,683.20458984375
477,03,1568048148207,0958,0100,784.6195068359375,629.9334716796875,73.88032531738281,85.43885803222656,90.43158721923828,735.1763305664062,634.8003540039062,829.5060424804688,634.6210327148438,825.7891845703125,684.7891845703125,741.584228515625,683.20458984375
478,03,1568048148221,0958,0100,784.5368041992188,629.8657836914062,74.42613220214844,85.33694458007812,90.11425018310547,735.1763305664062,634.8003540039062,829.5060424804688,634.6210327148438,825.734619140625,684.9349975585938,741.584228515625,683.20458984375
479,03,1568048148234,0958,0100,784.6373291015625,629.9812622070312,74.27570343017578,85.1102523803711,88.95802307128906,735.14892578125,634.8333740234375,829.4299926757812,634.512451171875,825.7891845703125,684.7891845703125,741.6244506835938,683.0956420898438
480,03,1568048148247,0958,0100,784.6539916992188,629.8955078125,74.21200561523438,85.82103729248047,89.10836029052734,735.3208618164062,634.642578125,829.3330688476562,634.4777221679688,825.8411865234375,684.6299438476562,741.5,683.0
481,03,1568048148259,0958,0100,784.7340087890625,629.766845703125,73.94538879394531,85.62357330322266,90.91177368164062,735.2769165039062,634.5760498046875,829.2491455078125,634.3551025390625,825.7476806640625,684.5787963867188,741.3858642578125,682.7535400390625
482,03,1568048148271,0958,0100,784.4730834960938,629.759765625,74.39328002929688,85.99361419677734,88.9530029296875,735.2769165039062,634.5760498046875,829.3648071289062,634.3050537109375,825.7476806640625,684.5787963867188,741.3858642578125,682.7535400390625
483,03,1568048148283,0958,0100,784.6565551757812,629.7865600585938,74.21179962158203,85.36257934570312,90.79222106933594,735.2769165039062,634.5760498046875,829.3366088867188,634.3366088867188,825.7476806640625,684.5787963867188,741.3858642578125,682.7535400390625
484,03,1568048148294,0958,0100,784.6123657226562,629.6665649414062,74.73360443115234,85.48320007324219,88.67774200439453,735.2769165039062,634.5760498046875,829.3366088867188,634.3366088867188,825.7476806640625,684.5787963867188,741.3858642578125,682.7535400390625
485,03,1568048148307,0958,0100,784.5380859375,629.7531127929688,74.57511901855469,85.82271575927734,90.07260131835938,735.2769165039062,634.5760498046875,829.3050537109375,634.3648071289062,825.7476806640625,684.5787963867188,741.3858642578125,682.7535400390625
486,03,1568048148320,0958,0100,784.4951171875,629.7607421875,74.72286987304688,85.75446319580078,89.8464584350586,735.2769165039062,634.5760498046875,829.360595703125,634.412109375,825.7476806640625,684.5787963867188,741.3858642578125,682.7535400390625
487,03,1568048148333,0958,0100,784.6461791992188,629.7727661132812,74.19063568115234,85.67341613769531,89.53722381591797,735.2769165039062,634.5760498046875,829.3084106445312,634.3642578125,825.7821655273438,684.56298828125,741.3941650390625,682.8275756835938
488,03,1568048148346,0958,0100,784.4549560546875,629.7728271484375,74.45549774169922,85.81595611572266,88.61567687988281,735.2769165039062,634.5760498046875,829.3084106445312,634.3642578125,825.7821655273438,684.56298828125,741.3941650390625,682.8275756835938
489,03,1568048148358,0958,0100,784.3370361328125,629.768798828125,74.34609985351562,85.68024444580078,89.96546173095703,735.2769165039062,634.5760498046875,829.3084106445312,634.3642578125,825.7821655273438,684.56298828125,741.3941650390625,682.8275756835938
490,03,1568048148371,0958,0100,784.4735717773438,629.7427978515625,74.4819564819336,85.27118682861328,90.54643249511719,735.2293701171875,634.5597534179688,829.3399658203125,634.415771484375,825.7183227539062,684.5974731445312,741.4038696289062,682.766845703125
491,03,1568048148383,0958,0100,784.3998413085938,629.6893920898438,74.56661987304688,84.77256774902344,88.5111312866211,735.282958984375,634.5556030273438,829.3082275390625,634.4317626953125,825.6078491210938,684.6603393554688,741.3941650390625,682.8275756835938
492,03,1568048148395,0958,0100,784.17041015625,629.7252197265625,74.4227523803711,86.03372955322266,90.50511932373047,735.1965942382812,634.628173828125,829.3082275390625,634.4317626953125,825.6098022460938,684.5899658203125,741.314208984375,682.832763671875
493,03,1568048148407,0958,0100,784.1068725585938,629.8148803710938,73.61437225341797,85.31214904785156,90.15253448486328,735.1965942382812,634.628173828125,829.153076171875,634.347412109375,825.4739990234375,684.458740234375,741.2786865234375,682.8726806640625
494,03,1568048148419,0958,0100,784.1109008789062,629.7049560546875,74.63201904296875,85.97504425048828,90.60562133789062,735.0355224609375,634.72509765625,829.1234741210938,634.2382202148438,825.3939208984375,684.3189086914062,741.4154052734375,682.7027587890625
495,03,1568048148432,0958,0100,784.1989135742188,629.548095703125,73.96907043457031,84.9475326538086,89.08354187011719,734.859375,634.6362915039062,829.1234741210938,634.2382202148438,825.3939208984375,684.3189086914062,741.328369140625,682.6096801757812
496,03,1568048148445,0958,0100,784.0175170898438,629.6376953125,74.10794830322266,85.25941467285156,88.4060287475586,734.7427978515625,634.5,829.0802001953125,634.106201171875,825.265869140625,684.47607421875,741.2362060546875,682.5482788085938
497,03,1568048148457,0958,0100,783.9393920898438,629.6910400390625,74.14557647705078,85.04550170898438,89.04045104980469,734.6927490234375,634.4647216796875,829.0413208007812,634.1467895507812,825.2258911132812,684.4417724609375,741.2362060546875,682.5482788085938
498,03,1568048148470,0958,0100,784.0540161132812,629.4332885742188,74.27863311767578,85.58260345458984,88.70458984375,734.717041015625,634.4443969726562,828.9971923828125,633.9909057617188,825.225830078125,684.4173583984375,741.2362060546875,682.5482788085938
499,03,1568048148482,0958,0100,784.2241821289062,629.4940185546875,74.22520446777344,84.9957504272461,89.1429214477539,734.8034057617188,634.371826171875,829.0454711914062,633.8770751953125,825.3921508789062,684.3396606445312,740.9713745117188,682.5
500,03,1568048148495,0958,0100,783.9545288085938,629.5355834960938,74.26213836669922,86.00555419921875,88.45423889160156,734.8034057617188,634.371826171875,829.0167846679688,633.9927978515625,825.3921508789062,684.3396606445312,740.9713745117188,682.5
501,03,1568048148507,0958,0100,784.0996704101562,629.4832763671875,74.3529281616211,85.13824462890625,87.01813507080078,735.0,634.22607421875,829.0167846679688,633.9927978515625,825.3921508789062,684.3396606445312,741.1790771484375,682.5
502,03,1568048148519,0958,0100,784.1449584960938,629.5516967773438,74.42988586425781,85.1378173828125,86.61013793945312,735.0,634.22607421875,829.1240234375,634.0391845703125,825.3921508789062,684.3396606445312,741.1790771484375,682.5
503,03,1568048148530,0958,0100,784.3385009765625,629.5718383789062,73.96031951904297,84.70777130126953,88.3259506225586,735.0,634.22607421875,829.1240234375,634.0391845703125,825.3921508789062,684.3396606445312,741.1790771484375,682.5
504,03,1568048148542,0958,0100,784.26953125,629.4935302734375,73.8544921875,84.54642486572266,88.72998809814453,735.0332641601562,634.2853393554688,829.1198120117188,633.9856567382812,825.3921508789062,684.3396606445312,741.3340454101562,682.6659545898438
505,03,1568048148554,0958,0100,784.2849731445312,629.5299072265625,73.85247039794922,84.93777465820312,88.0967788696289,735.140625,634.3637084960938,829.2156372070312,633.8953857421875,825.3921508789062,684.3396606445312,741.3340454101562,682.6659545898438
506,03,1568048148566,0958,0100,784.0853881835938,629.5952758789062,74.71543884277344,85.03655242919922,88.73741149902344,735.2640991210938,634.4419555664062,829.2647094726562,634.0538330078125,825.3921508789062,684.3396606445312,741.3340454101562,682.6659545898438
507,03,1568048148577,0958,0100,784.3206787109375,629.5641479492188,74.49797821044922,84.61528015136719,88.7235107421875,735.2073364257812,634.5673828125,829.1338500976562,634.2134399414062,825.3961181640625,684.3627319335938,741.3340454101562,682.6659545898438
508,03,1568048148589,0958,0100,784.0253295898438,629.7341918945312,74.32781219482422,85.14370727539062,88.99409484863281,735.0355224609375,634.72509765625,829.165771484375,634.1959228515625,825.3901977539062,684.4100341796875,741.4654541015625,682.7092895507812
509,03,1568048148601,0958,0100,784.27001953125,629.7162475585938,73.84649658203125,84.46018981933594,88.81482696533203,735.0,634.7493896484375,829.098388671875,634.2433471679688,825.4278564453125,684.4402465820312,741.4154052734375,682.7027587890625
510,03,1568048148615,0958,0100,784.2626953125,629.7618408203125,74.09789276123047,84.45279693603516,90.34659576416016,735.0,634.77392578125,829.086669921875,634.2705078125,825.4278564453125,684.4402465820312,741.4154052734375,682.7027587890625
511,03,1568048148628,0958,0100,784.0908203125,629.6097412109375,73.47291564941406,84.2609634399414,88.54304504394531,735.0,634.77392578125,829.086669921875,634.2705078125,825.3043823242188,684.524169921875,741.180419921875,683.0006103515625
512,03,1568048148641,0958,0100,783.8750610351562,629.7384643554688,74.37377166748047,85.12750244140625,88.36236572265625,735.0,634.77392578125,829.086669921875,634.2705078125,825.3257446289062,684.51904296875,741.180419921875,683.0006103515625
513,03,1568048148653,0958,0100,783.7910766601562,629.6090087890625,74.09524536132812,85.13307189941406,89.3444595336914,734.8219604492188,634.7086791992188,829.086669921875,634.2705078125,825.3248291015625,684.53466796875,741.180419921875,683.0006103515625
514,03,1568048148665,0958,0100,783.8150634765625,629.574462890625,74.13138580322266,85.08934020996094,89.25131225585938,734.8219604492188,634.7086791992188,829.086669921875,634.2705078125,825.3248291015625,684.53466796875,741.071044921875,682.9356689453125
515,03,1568048148677,0958,0100,783.937255859375,629.7006225585938,74.3805923461914,84.69931030273438,89.12373352050781,734.8219604492188,634.7086791992188,829.098388671875,634.2433471679688,825.2703857421875,684.4141845703125,741.071044921875,682.9356689453125
516,03,1568048148688,0958,0100,783.836669921875,629.51904296875,74.08502197265625,85.14569091796875,89.15292358398438,734.717041015625,634.5556030273438,828.9583129882812,634.0911865234375,825.2703857421875,684.4141845703125,741.1681518554688,682.8118286132812
517,03,1568048148700,0958,0100,783.8587646484375,629.4717407226562,74.03346252441406,84.66831970214844,88.71077728271484,734.6801147460938,634.5947265625,828.983642578125,634.0556640625,825.2647094726562,684.4889526367188,740.9915161132812,682.7454833984375
518,03,1568048148712,0958,0100,783.924560546875,629.5233764648438,74.21533203125,84.15847778320312,89.4056396484375,734.758544921875,634.6010131835938,828.9508666992188,634.0480346679688,825.2647094726562,684.4889526367188,741.0907592773438,682.7039184570312
519,03,1568048148724,0958,0100,783.8782958984375,629.555419921875,74.21109771728516,84.3314437866211,88.54497528076172,734.6497802734375,634.5,829.0454711914062,633.8770751953125,825.2523193359375,684.4212036132812,741.2362060546875,682.5482788085938
520,03,1568048148737,0958,0100,783.7847290039062,629.3776245117188,74.28804779052734,84.3717041015625,89.6531753540039,734.6801147460938,634.4052734375,829.0491333007812,633.9519653320312,825.2523193359375,684.4212036132812,741.2362060546875,682.5482788085938
521,03,1568048148749,0958,0100,784.0237426757812,629.4441528320312,73.95892333984375,84.72332000732422,89.19052124023438,734.6801147460938,634.4052734375,829.0491333007812,633.9519653320312,825.3584594726562,684.3584594726562,741.20703125,682.4357299804688
522,03,1568048148761,0958,0100,784.0248413085938,629.4193725585938,73.79462432861328,84.71954345703125,88.33451843261719,734.6801147460938,634.4052734375,829.0491333007812,633.9519653320312,825.3921508789062,684.3396606445312,741.20703125,682.4357299804688
523,03,1568048148773,0958,0100,783.99560546875,629.3743896484375,73.72632598876953,84.60138702392578,90.1093521118164,734.7673950195312,634.4036254882812,829.0167846679688,633.9927978515625,825.3921508789062,684.3396606445312,741.1603393554688,682.6161499023438
524,03,1568048148786,0958,0100,783.8099365234375,629.5427856445312,74.45279693603516,84.8240737915039,89.95777130126953,734.7673950195312,634.4036254882812,829.0167846679688,633.9927978515625,825.3921508789062,684.3396606445312,741.233154296875,682.5961303710938
525,03,1568048148799,0958,0100,783.94921875,629.3907470703125,73.73108673095703,84.7137680053711,89.23702239990234,734.7673950195312,634.4036254882812,829.1240234375,634.0391845703125,825.3921508789062,684.3396606445312,741.0892944335938,682.5269165039062
526,03,1568048148812,0958,0100,783.9769897460938,629.4063720703125,74.25639343261719,85.01010131835938,88.29493713378906,734.7673950195312,634.4036254882812,829.0167846679688,633.9927978515625,825.3921508789062,684.3396606445312,741.0892944335938,682.5269165039062
527,03,1568048148825,0958,0100,784.0314331054688,629.483642578125,73.82112884521484,85.29332733154297,89.3155517578125,734.8034057617188,634.371826171875,829.0244750976562,633.94677734375,825.4138793945312,684.2235717773438,741.1790771484375,682.5
528,03,1568048148838,0958,0100,784.1307983398438,629.3270263671875,74.4618911743164,85.4798355102539,90.05400085449219,734.8034057617188,634.371826171875,829.0244750976562,633.94677734375,825.4138793945312,684.2235717773438,741.1790771484375,682.5
529,03,1568048148851,0958,0100,783.9937744140625,629.42529296875,74.1497573852539,85.14521789550781,89.07830047607422,734.8034057617188,634.371826171875,829.0167846679688,633.9927978515625,825.4138793945312,684.2235717773438,741.0892944335938,682.5269165039062
530,03,1568048148863,0958,0100,783.8820190429688,629.453857421875,74.30474090576172,84.76860809326172,89.50521087646484,734.7074584960938,634.365234375,829.0167846679688,633.9927978515625,825.4138793945312,684.2235717773438,741.1790771484375,682.5
531,03,1568048148876,0958,0100,784.032470703125,629.4740600585938,74.02645874023438,85.39102172851562,88.59329223632812,734.7074584960938,634.365234375,829.0167846679688,633.9927978515625,825.3921508789062,684.3396606445312,741.1790771484375,682.5
532,03,1568048148889,0958,0100,783.9705810546875,629.580810546875,74.941650390625,85.48738098144531,90.0457534790039,734.7074584960938,634.365234375,829.0167846679688,633.9927978515625,825.3584594726562,684.3584594726562,741.0892944335938,682.5269165039062
533,03,1568048148902,0958,0100,783.7861328125,629.5839233398438,74.49713897705078,85.68885803222656,89.10775756835938,734.7074584960938,634.365234375,829.0167846679688,633.9927978515625,825.3584594726562,684.3584594726562,741.0892944335938,682.5269165039062
534,03,1568048148915,0958,0100,783.863525390625,629.4501342773438,74.16285705566406,85.69641876220703,90.06868743896484,734.7074584960938,634.365234375,829.0167846679688,633.9927978515625,825.3584594726562,684.3584594726562,741.1603393554688,682.6161499023438
535,03,1568048148928,0958,0100,784.0808715820312,629.6245727539062,74.68124389648438,85.74224090576172,89.08189392089844,734.7074584960938,634.365234375,829.0167846679688,633.9927978515625,825.4138793945312,684.2235717773438,741.2713623046875,682.416748046875
536,03,1568048148942,0958,0100,784.1703491210938,629.6371459960938,74.8934326171875,85.65066528320312,88.34591674804688,734.7074584960938,634.365234375,829.0167846679688,633.9927978515625,825.4138793945312,684.2235717773438,741.1790771484375,682.5
537,03,1568048148955,0958,0100,784.2578735351562,629.4541015625,74.31914520263672,85.29730987548828,90.81554412841797,734.7673950195312,634.4036254882812,829.0244750976562,633.94677734375,825.4138793945312,684.2235717773438,741.1790771484375,682.5
538,03,1568048148968,0958,0100,784.0277099609375,629.6248168945312,74.69480895996094,85.33294677734375,88.04710388183594,734.7673950195312,634.4036254882812,829.3538818359375,633.8768920898438,825.4138793945312,684.2235717773438,741.1790771484375,682.5
539,03,1568048148980,0958,0100,784.3961181640625,629.4371337890625,74.41513061523438,84.73650360107422,88.7425308227539,734.8034057617188,634.371826171875,829.3538818359375,633.8768920898438,825.4138793945312,684.2235717773438,741.3340454101562,682.6659545898438
540,03,1568048148994,0958,0100,784.286376953125,629.4656372070312,74.33002471923828,85.1119613647461,90.17827606201172,735.1965942382812,634.371826171875,829.3538818359375,633.8768920898438,825.4138793945312,684.2235717773438,741.3340454101562,682.6659545898438
541,03,1568048149007,0958,0100,784.327880859375,629.4730834960938,74.5002670288086,84.94074249267578,91.0118408203125,735.1965942382812,634.371826171875,829.3538818359375,633.8768920898438,825.4138793945312,684.2235717773438,741.3340454101562,682.6659545898438
542,03,1568048149021,0958,0100,784.3495483398438,629.3623657226562,74.90290069580078,85.5616455078125,90.0015869140625,735.1965942382812,634.371826171875,829.3538818359375,633.8768920898438,825.4138793945312,684.2235717773438,741.3340454101562,682.6659545898438
543,03,1568048149035,0958,0100,784.3381958007812,629.4842529296875,74.8982162475586,85.39998626708984,88.98556518554688,735.1965942382812,634.371826171875,829.3538818359375,633.8768920898438,825.4138793945312,684.2235717773438,741.3340454101562,682.6659545898438
544,03,1568048149049,0958,0100,784.4022216796875,629.509033203125,75.10243225097656,85.5509033203125,88.8833236694336,735.0332641601562,634.2853393554688,829.3538818359375,633.8768920898438,825.4522094726562,684.1324462890625,741.3340454101562,682.6659545898438
545,03,1568048149063,0958,0100,784.2540283203125,629.4202880859375,75.0009994506836,85.3445816040039,89.09285736083984,735.0,634.22607421875,829.34130859375,633.8561401367188,825.4522094726562,684.1324462890625,741.2413940429688,682.5267944335938
546,03,1568048149076,0958,0100,784.2376708984375,629.2832641601562,75.35619354248047,85.27196502685547,89.38285827636719,735.0,634.22607421875,829.34130859375,633.8561401367188,825.424072265625,684.0390014648438,741.2413940429688,682.5267944335938
547,03,1568048149089,0958,0100,784.0413208007812,629.4436645507812,74.93277740478516,85.24986267089844,89.1462173461914,735.0,634.22607421875,829.1957397460938,633.7913818359375,825.424072265625,684.0390014648438,741.2949829101562,682.4287719726562
548,03,1568048149104,0958,0100,784.0950927734375,629.2335205078125,74.83464050292969,85.52713775634766,87.97867584228516,735.0,634.22607421875,829.2648315429688,633.6902465820312,825.424072265625,684.0390014648438,741.5,682.277587890625
549,03,1568048149118,0958,0100,784.01123046875,629.3055419921875,75.006103515625,85.60674285888672,88.29586029052734,735.0,634.22607421875,829.3045654296875,633.481689453125,825.4118041992188,684.0535888671875,741.4038696289062,682.233154296875
550,03,1568048149133,0958,0100,784.1331176757812,629.2545166015625,74.78135681152344,85.33370208740234,89.30772399902344,735.0,634.22607421875,829.3045654296875,633.481689453125,825.4564819335938,683.9074096679688,741.4038696289062,682.233154296875
551,03,1568048149147,0958,0100,784.1459350585938,629.1962890625,74.91205596923828,85.80870819091797,89.5943832397461,735.0,634.0,829.3045654296875,633.481689453125,825.4564819335938,683.9074096679688,741.334228515625,682.2268676757812
552,03,1568048149160,0958,0100,784.2393798828125,629.0750122070312,75.01171875,86.55856323242188,88.52010345458984,735.0,634.0,829.3045654296875,633.481689453125,825.5194091796875,683.8223266601562,741.4038696289062,682.233154296875
553,03,1568048149173,0958,0100,784.4662475585938,629.0872192382812,74.95043182373047,85.97064971923828,89.1177749633789,735.0,634.0,829.3045654296875,633.481689453125,825.5194091796875,683.8223266601562,741.4038696289062,682.233154296875
554,03,1568048149187,0958,0100,784.2660522460938,629.1401977539062,74.9193115234375,86.47400665283203,88.24557495117188,735.0,634.0,829.3519897460938,633.4755859375,825.5194091796875,683.8223266601562,741.3858642578125,682.2464599609375
555,03,1568048149201,0958,0100,784.1785888671875,629.1283569335938,75.08943176269531,85.83464050292969,89.48210906982422,735.0,634.0,829.3519897460938,633.4755859375,825.5194091796875,683.8223266601562,741.3858642578125,682.2464599609375
556,03,1568048149214,0958,0100,784.2802734375,629.0791625976562,75.22612762451172,85.95209503173828,89.66793823242188,735.0,634.0,829.3045654296875,633.481689453125,825.5194091796875,683.8223266601562,741.3086547851562,682.207275390625
557,03,1568048149227,0958,0100,784.218017578125,629.1419677734375,75.03353881835938,85.94598388671875,90.58670806884766,735.0,634.0,829.25,633.3707275390625,825.369140625,683.7409057617188,741.209716796875,682.0794677734375
558,03,1568048149240,0958,0100,784.1619873046875,629.1314697265625,75.15512084960938,85.94924926757812,90.82015991210938,735.0,634.0,829.25,633.3707275390625,825.2736206054688,683.69384765625,741.1616821289062,682.0
559,03,1568048149253,0958,0100,784.0548706054688,629.228759765625,75.47960662841797,86.2804946899414,89.98663330078125,734.923828125,633.8660888671875,829.1656494140625,633.3380126953125,825.1834106445312,683.6531372070312,741.060546875,682.0809326171875
560,03,1568048149267,0958,0100,784.03466796875,628.9840087890625,75.66443634033203,86.48063659667969,89.99668884277344,735.0,634.0,829.1656494140625,633.3380126953125,825.2124633789062,683.499755859375,741.060546875,682.0809326171875
561,03,1568048149280,0958,0100,784.12060546875,628.9249267578125,75.20584106445312,87.19692993164062,89.01980590820312,734.923828125,633.8660888671875,829.0667114257812,633.2100830078125,825.3248291015625,683.53466796875,741.1616821289062,682.0
562,03,1568048149294,0958,0100,783.925048828125,629.1193237304688,75.84162139892578,86.18183135986328,89.51348876953125,735.0,633.77392578125,829.0667114257812,633.2100830078125,825.3248291015625,683.53466796875,741.1616821289062,682.0
563,03,1568048149308,0958,0100,783.85107421875,628.99267578125,75.55319213867188,86.07720947265625,88.57556915283203,735.0086059570312,633.7864379882812,829.098388671875,633.2433471679688,825.3248291015625,683.53466796875,741.1616821289062,682.0
564,03,1568048149321,0958,0100,783.8737182617188,629.000244140625,75.73047637939453,86.01960754394531,88.44186401367188,735.0086059570312,633.7864379882812,829.086669921875,633.2705078125,825.3248291015625,683.53466796875,741.1616821289062,682.0
565,03,1568048149334,0958,0100,783.9532470703125,628.9664916992188,75.69035339355469,85.98426055908203,88.5577621459961,735.0,633.77392578125,829.098388671875,633.2433471679688,825.2445678710938,683.53759765625,741.1616821289062,682.0
566,03,1568048149347,0958,0100,783.9937133789062,629.0191650390625,75.50277709960938,86.2691650390625,88.98099517822266,735.0,633.77392578125,829.0667114257812,633.2100830078125,825.2931518554688,683.5332641601562,741.1616821289062,682.0
567,03,1568048149359,0958,0100,784.247314453125,628.9766235351562,75.56593322753906,86.79759216308594,88.23429107666016,735.0,633.77392578125,829.1006469726562,633.1018676757812,825.4278564453125,683.4402465820312,741.1616821289062,682.0
568,03,1568048149371,0958,0100,784.3839721679688,628.9041137695312,75.63646697998047,86.69316864013672,88.05186462402344,735.0,633.77392578125,829.3480224609375,633.0675048828125,825.4278564453125,683.4402465820312,741.1616821289062,682.0
569,03,1568048149385,0958,0100,784.2359619140625,629.0842895507812,75.88404083251953,86.7084732055664,89.93110656738281,735.0,633.77392578125,829.4849853515625,633.0226440429688,825.4278564453125,683.4402465820312,741.1616821289062,682.0
570,03,1568048149399,0958,0100,784.3887329101562,629.0816040039062,75.72282409667969,87.02564239501953,90.23268127441406,735.0,633.77392578125,829.4849853515625,633.0226440429688,825.5,683.5,741.1616821289062,682.0
571,03,1568048149412,0958,0100,784.1312255859375,629.3272705078125,75.72452545166016,86.25382995605469,90.03511810302734,735.0,633.77392578125,829.5,633.0054321289062,825.5721435546875,683.5597534179688,741.1616821289062,682.0
572,03,1568048149425,0958,0100,784.2124633789062,629.1682739257812,75.60165405273438,85.99260711669922,88.5598373413086,735.0,633.77392578125,829.461181640625,633.049072265625,825.5721435546875,683.5597534179688,741.1616821289062,682.0
573,03,1568048149440,0958,0100,784.2473754882812,629.0773315429688,75.79235076904297,86.71055603027344,88.94778442382812,735.0,633.77392578125,829.461181640625,633.049072265625,825.5721435546875,683.5597534179688,741.1616821289062,682.0
574,03,1568048149453,0958,0100,784.1934814453125,629.096923828125,75.63275909423828,86.93783569335938,89.30870056152344,735.0,633.77392578125,829.461181640625,633.049072265625,825.4727783203125,683.4625244140625,741.1616821289062,682.0
575,03,1568048149465,0958,0100,784.1953735351562,629.0772705078125,75.73892974853516,87.03034210205078,89.08226013183594,735.0,633.77392578125,829.461181640625,633.049072265625,825.5,683.5,741.1616821289062,682.0
576,03,1568048149479,0958,0100,784.0869140625,629.0703125,75.9244384765625,86.70387268066406,89.55023193359375,735.0,633.77392578125,829.461181640625,633.049072265625,825.5,683.5,741.1616821289062,682.0
577,03,1568048149493,0958,0100,784.2463989257812,629.08447265625,75.45169830322266,86.68281555175781,88.85895538330078,735.0,633.77392578125,829.461181640625,633.049072265625,825.5,683.5,741.1616821289062,682.0
578,03,1568048149507,0958,0100,784.2365112304688,629.0463256835938,76.24788665771484,87.05776977539062,90.35478210449219,735.0,633.77392578125,829.461181640625,633.049072265625,825.4097900390625,683.4129638671875,741.1616821289062,682.0
579,03,1568048149520,0958,0100,784.276123046875,629.0137329101562,76.13550567626953,86.6733169555664,88.76866912841797,735.0,633.77392578125,829.461181640625,633.049072265625,825.4097900390625,683.4129638671875,741.1616821289062,682.0
580,03,1568048149533,0958,0100,784.1058349609375,629.0302734375,76.29011535644531,87.03648376464844,89.81742858886719,735.0,633.77392578125,829.461181640625,633.049072265625,825.4097900390625,683.4129638671875,741.1616821289062,682.0
581,03,1568048149546,0958,0100,784.2763061523438,629.12744140625,75.90308380126953,86.86563110351562,87.72127532958984,735.0,633.77392578125,829.461181640625,633.049072265625,825.4278564453125,683.4402465820312,741.1616821289062,682.0
582,03,1568048149559,0958,0100,783.9996948242188,629.029296875,76.27965545654297,87.58720397949219,88.97692108154297,735.0,633.77392578125,829.461181640625,633.049072265625,825.4278564453125,683.4402465820312,741.1616821289062,682.0
583,03,1568048149572,0958,0100,783.9940185546875,629.1347045898438,75.99422454833984,86.30619049072266,89.02738952636719,735.0,633.77392578125,829.3182983398438,633.10107421875,825.2931518554688,683.5332641601562,741.1616821289062,682.0
584,03,1568048149585,0958,0100,784.0762939453125,628.9641723632812,75.51617431640625,86.56876373291016,88.49235534667969,735.0,633.77392578125,829.461181640625,633.049072265625,825.2931518554688,683.5332641601562,741.1616821289062,682.0
585,03,1568048149598,0958,0100,784.3156127929688,629.059326171875,75.86580657958984,85.60848236083984,89.48551940917969,735.0,633.77392578125,829.5087280273438,633.0,825.3901977539062,683.4100341796875,741.2786865234375,681.8726806640625
586,03,1568048149612,0958,0100,784.2136840820312,628.9560546875,76.1482925415039,86.79473114013672,88.41012573242188,735.0,633.77392578125,829.4668579101562,632.99560546875,825.3961181640625,683.3627319335938,741.2786865234375,681.8726806640625
587,03,1568048149625,0958,0100,784.2022094726562,628.810546875,75.67740631103516,86.70980834960938,89.4006576538086,735.0166015625,633.5641479492188,829.4010620117188,632.8943481445312,825.4138793945312,683.2235717773438,741.3340454101562,681.6659545898438
588,03,1568048149637,0958,0100,784.3592529296875,628.8439331054688,76.1217269897461,86.91092681884766,90.45829772949219,735.140625,633.3637084960938,829.385986328125,632.8709716796875,825.4522094726562,683.1324462890625,741.3340454101562,681.6659545898438
589,03,1568048149649,0958,0100,784.0648803710938,628.577392578125,76.33580780029297,85.91859436035156,90.14176177978516,735.1931762695312,633.3323974609375,829.385986328125,632.8709716796875,825.4522094726562,683.1324462890625,741.3340454101562,681.6659545898438
590,03,1568048149661,0958,0100,784.1104125976562,628.678955078125,75.6609878540039,86.38375854492188,89.6006851196289,735.1965942382812,633.371826171875,829.42431640625,632.7635498046875,825.5,683.0,741.3340454101562,681.6659545898438
591,03,1568048149674,0958,0100,784.2164916992188,628.6810913085938,75.9380874633789,85.97478485107422,88.97811126708984,735.1965942382812,633.371826171875,829.42431640625,632.7635498046875,825.5362548828125,683.0704345703125,741.2413940429688,681.5267944335938
592,03,1568048149687,0958,0100,784.2997436523438,628.60986328125,76.06089782714844,85.98595428466797,88.36268615722656,735.1965942382812,633.371826171875,829.5060424804688,632.6210327148438,825.5,683.0,741.3289794921875,681.5
593,03,1568048149700,0958,0100,784.3457641601562,628.6636352539062,75.65579223632812,86.23470306396484,89.953125,735.1965942382812,633.371826171875,829.4805908203125,632.6375122070312,825.575927734375,682.9609985351562,741.5,681.277587890625
594,03,1568048149713,0958,0100,784.4334106445312,628.5676879882812,75.83909606933594,86.0923080444336,88.79850006103516,735.1965942382812,633.371826171875,829.4805908203125,632.6375122070312,825.575927734375,682.9609985351562,741.5,681.277587890625
595,03,1568048149726,0958,0100,784.3460083007812,628.701904296875,75.4853286743164,85.90921783447266,89.82015228271484,735.282958984375,633.4443969726562,829.4805908203125,632.6375122070312,825.43310546875,683.0640258789062,741.5,681.277587890625
596,03,1568048149739,0958,0100,784.2587280273438,628.7703247070312,76.18850708007812,86.72659301757812,88.39724731445312,735.282958984375,633.4443969726562,829.4805908203125,632.6375122070312,825.43310546875,683.0640258789062,741.5,681.277587890625
597,03,1568048149752,0958,0100,784.2105712890625,628.54296875,75.78121948242188,86.41120147705078,90.21867370605469,735.0755004882812,633.235595703125,829.5060424804688,632.6210327148438,825.5,683.0,741.43115234375,681.3675537109375
598,03,1568048149765,0958,0100,784.2335205078125,628.4774780273438,75.32286834716797,86.41378021240234,88.96923065185547,735.0,633.22607421875,829.5060424804688,632.6210327148438,825.5,683.0,741.3289794921875,681.5
599,03,1568048149778,0958,0100,784.1621704101562,628.5159301757812,75.47393798828125,86.07818603515625,89.33562469482422,735.0,633.22607421875,829.3330688476562,632.4777221679688,825.5,683.0,741.5,681.277587890625
600,03,1568048149791,0958,0100,784.2347412109375,628.306884765625,75.30429077148438,86.31584167480469,87.56664276123047,734.923828125,633.1339111328125,829.3519897460938,632.4755859375,825.2552490234375,682.8966674804688,741.2418212890625,681.2858276367188
601,04,1568048149476,1244,0100,746.2909545898438,630.6732788085938,73.90093231201172,85.63912200927734,77.0859375,713.26220703125,634.7537841796875,808.0935668945312,634.1575927734375,805.7747802734375,686.5877075195312,719.4291381835938,682.4605712890625
602,04,1568048149491,1244,0100,746.210205078125,630.7364501953125,74.40441131591797,85.67698669433594,79.05154418945312,713.26220703125,634.7537841796875,808.0935668945312,634.1575927734375,805.7183227539062,686.5974731445312,719.4291381835938,682.4605712890625
603,04,1568048149508,1244,0100,746.1516723632812,630.4746704101562,74.44071197509766,86.26216125488281,79.34773254394531,713.26220703125,634.7537841796875,808.2069091796875,634.1322021484375,805.7747802734375,686.5877075195312,719.4291381835938,682.4605712890625
604,04,1568048149521,1244,0100,746.2313232421875,630.642333984375,74.32861328125,86.4887466430664,78.6644515991211,713.26220703125,634.7537841796875,808.2069091796875,634.1322021484375,805.7476806640625,686.5787963867188,719.4291381835938,682.4605712890625
605,04,1568048149535,1244,0100,746.2970581054688,630.4943237304688,74.22564697265625,86.6241455078125,78.5643310546875,713.3401489257812,634.717529296875,808.2069091796875,634.1322021484375,805.7476806640625,686.5787963867188,719.4291381835938,682.4605712890625
606,04,1568048149547,1244,0100,746.3404541015625,630.4273681640625,74.45213317871094,86.5081558227539,80.11122131347656,713.3401489257812,634.717529296875,808.2069091796875,634.1322021484375,805.733642578125,686.5989379882812,719.4291381835938,682.4605712890625
607,04,1568048149559,1244,0100,746.3936157226562,630.3767700195312,74.40660095214844,85.62981414794922,78.88263702392578,713.3648681640625,634.7088623046875,808.2095336914062,634.0960693359375,805.7444458007812,686.6333618164062,719.4291381835938,682.4605712890625
608,04,1568048149573,1244,0100,746.4938354492188,630.5316162109375,74.54462432861328,85.490234375,80.15059661865234,713.3648681640625,634.7088623046875,808.2039184570312,634.0325927734375,805.801513671875,686.5328369140625,719.4268798828125,682.4370727539062
609,04,1568048149585,1244,0100,746.4163818359375,630.282958984375,73.90734100341797,85.35909271240234,78.46414947509766,713.430419921875,634.7745971679688,808.0653686523438,633.7869262695312,805.801513671875,686.5328369140625,719.3540649414062,682.339111328125
610,04,1568048149599,1244,0100,746.2929077148438,630.4445190429688,74.47664642333984,86.06436157226562,78.09418487548828,713.430419921875,634.7745971679688,808.0653686523438,633.7869262695312,805.78564453125,686.5,719.3255615234375,682.2523803710938
611,04,1568048149613,1244,0100,746.3240966796875,630.3438110351562,74.49275970458984,85.97612762451172,78.66254425048828,713.430419921875,634.7745971679688,808.0653686523438,633.7869262695312,805.78564453125,686.5,719.3255615234375,682.2523803710938
612,04,1568048149626,1244,0100,746.26416015625,630.2422485351562,74.34851837158203,86.06617736816406,77.87403869628906,713.430419921875,634.7745971679688,808.0653686523438,633.7869262695312,805.7704467773438,686.4442749023438,719.3255615234375,682.2523803710938
613,04,1568048149639,1244,0100,746.3524169921875,630.3443603515625,73.69515228271484,85.70186614990234,77.31060791015625,713.3463134765625,634.8422241210938,808.0653686523438,633.7869262695312,805.767578125,686.426025390625,719.3255615234375,682.2523803710938
614,04,1568048149652,1244,0100,746.0816040039062,630.3551635742188,74.11417388916016,86.533447265625,78.58404541015625,713.5420532226562,634.7208862304688,808.0653686523438,633.7869262695312,805.751953125,686.4285278320312,719.3255615234375,682.2523803710938
615,04,1568048149665,1244,0100,746.199951171875,630.3378295898438,74.08692169189453,86.40447998046875,76.98420715332031,713.430419921875,634.7745971679688,808.0653686523438,633.7869262695312,805.6468505859375,686.425048828125,719.3255615234375,682.2523803710938
616,04,1568048149678,1244,0100,746.237548828125,630.3650512695312,73.96662902832031,86.07977294921875,76.1595458984375,713.430419921875,634.7745971679688,808.0653686523438,633.7869262695312,805.7875366210938,686.5090942382812,719.3255615234375,682.2523803710938
617,04,1568048149690,1244,0100,746.2635498046875,630.3760375976562,73.89994049072266,86.03096008300781,76.70563507080078,713.3463134765625,634.8422241210938,808.0194091796875,633.842041015625,805.7875366210938,686.5090942382812,719.3255615234375,682.2523803710938
618,04,1568048149703,1244,0100,746.1322631835938,630.326904296875,74.25856018066406,86.21910858154297,76.60513305664062,713.3463134765625,634.8422241210938,808.0194091796875,633.842041015625,805.6371459960938,686.4907836914062,719.3255615234375,682.2523803710938
619,04,1568048149716,1244,0100,746.285400390625,630.19091796875,73.63220977783203,85.72325134277344,77.34554290771484,713.3463134765625,634.8422241210938,808.0194091796875,633.842041015625,805.6371459960938,686.4907836914062,719.3255615234375,682.2523803710938
620,04,1568048149728,1244,0100,746.1736450195312,630.1407470703125,73.91517639160156,85.58243560791016,78.47606658935547,713.3463134765625,634.8422241210938,808.0194091796875,633.842041015625,805.6371459960938,686.4907836914062,719.3255615234375,682.2523803710938
621,04,1568048149740,1244,0100,746.1419677734375,630.14208984375,74.12620544433594,85.60054779052734,75.13372039794922,713.2577514648438,634.686767578125,807.9794311523438,633.7644653320312,805.6307983398438,686.4791259765625,719.2024536132812,682.1737670898438
622,04,1568048149753,1244,0100,746.120849609375,630.216064453125,73.87003326416016,85.44214630126953,76.07079315185547,713.197509765625,634.5924072265625,807.9794311523438,633.7644653320312,805.5709228515625,686.2871704101562,719.2024536132812,682.1737670898438
623,04,1568048149766,1244,0100,746.0679931640625,630.0328979492188,73.53217315673828,85.55670166015625,76.59343719482422,713.130859375,634.5676879882812,807.9794311523438,633.7644653320312,805.576904296875,686.2987670898438,719.1903686523438,682.1903686523438
624,04,1568048149779,1244,0100,745.9657592773438,630.1494750976562,73.96167755126953,85.7833023071289,75.54349517822266,713.130859375,634.5676879882812,807.9116821289062,633.747802734375,805.50341796875,686.1928100585938,719.1903686523438,682.1903686523438
625,04,1568048149792,1244,0100,746.1546020507812,630.1091918945312,73.39820098876953,84.93614196777344,76.21084594726562,713.0,634.5,807.8273315429688,633.6878662109375,805.50341796875,686.1928100585938,719.0689086914062,682.2806396484375
626,04,1568048149807,1244,0100,746.151123046875,630.0634155273438,73.7499771118164,84.91636657714844,75.24737548828125,713.0,634.5,807.9116821289062,633.747802734375,805.50341796875,686.1928100585938,719.1702880859375,682.1702880859375
627,04,1568048149819,1244,0100,746.077880859375,629.9826049804688,73.02832794189453,84.87378692626953,75.08807373046875,713.0,634.5,807.9116821289062,633.747802734375,805.50341796875,686.1928100585938,719.1702880859375,682.1702880859375
628,04,1568048149831,1244,0100,746.087158203125,630.0541381835938,73.42061614990234,85.47119903564453,76.3344497680664,713.130859375,634.5676879882812,807.9116821289062,633.747802734375,805.50341796875,686.1928100585938,719.2806396484375,682.0689086914062
629,04,1568048149842,1244,0100,746.15087890625,630.140380859375,73.30307006835938,85.4219741821289,75.84466552734375,713.130859375,634.5676879882812,807.972900390625,633.7046508789062,805.5,686.2490844726562,719.2806396484375,682.0689086914062
630,04,1568048149853,1244,0100,746.134033203125,629.899169921875,72.85591888427734,84.65967559814453,76.51558685302734,713.130859375,634.5676879882812,807.972900390625,633.7046508789062,805.5709228515625,686.2871704101562,719.2520751953125,682.0692749023438
631,04,1568048149864,1244,0100,746.2833251953125,629.9802856445312,72.93091583251953,84.42155456542969,75.94133758544922,713.130859375,634.5676879882812,807.972900390625,633.7046508789062,805.5709228515625,686.2871704101562,719.2520751953125,682.0692749023438
632,04,1568048149877,1244,0100,746.2186279296875,630.1201782226562,73.39655303955078,85.0483627319336,76.54134368896484,713.130859375,634.5676879882812,807.972900390625,633.7046508789062,805.5709228515625,686.2871704101562,719.2520751953125,682.0692749023438
633,04,1568048149889,1244,0100,746.1901245117188,630.0675659179688,72.71282196044922,84.49002075195312,75.15348815917969,713.130859375,634.5676879882812,807.9697875976562,633.7100830078125,805.5709228515625,686.2871704101562,719.2520751953125,682.0692749023438
634,04,1568048149902,1244,0100,746.3310546875,630.0249633789062,73.61312103271484,84.89021301269531,77.58233642578125,713.130859375,634.5676879882812,807.9794311523438,633.7644653320312,805.5709228515625,686.2871704101562,719.2520751953125,682.0692749023438
635,04,1568048149915,1244,0100,746.2211303710938,630.1602172851562,73.35314178466797,84.4769515991211,77.85526275634766,713.197509765625,634.5924072265625,807.9794311523438,633.7644653320312,805.6072998046875,686.3927001953125,719.3651733398438,682.1475830078125
636,04,1568048149927,1244,0100,746.0474853515625,630.037841796875,72.7624740600586,84.56598663330078,77.12321472167969,713.130859375,634.5676879882812,807.9275512695312,633.815673828125,805.5709228515625,686.2871704101562,719.2024536132812,682.1737670898438
637,04,1568048149938,1244,0100,746.1942138671875,630.0701293945312,72.97126007080078,84.46882629394531,75.90470123291016,713.1912841796875,634.7637329101562,807.732421875,633.8466796875,805.544189453125,686.5025024414062,719.0689086914062,682.2806396484375
638,04,1568048149951,1244,0100,746.0548095703125,630.0547485351562,72.97003173828125,84.86012268066406,75.55628967285156,713.1912841796875,634.7637329101562,807.7764282226562,633.8823852539062,805.544189453125,686.5025024414062,719.0689086914062,682.2806396484375
639,04,1568048149963,1244,0100,746.1847534179688,629.9426879882812,72.72425842285156,84.78270721435547,77.07012939453125,713.1912841796875,634.7637329101562,807.7764282226562,633.8823852539062,805.4618530273438,686.5381469726562,719.0689086914062,682.2806396484375
640,04,1568048149977,1244,0100,746.0261840820312,630.1035766601562,73.3949966430664,85.33055114746094,75.64054870605469,713.0777587890625,634.6358032226562,807.7764282226562,633.8823852539062,805.4268798828125,686.4686279296875,719.0689086914062,682.2806396484375
641,04,1568048149990,1244,0100,746.0054931640625,630.0655517578125,73.28148651123047,85.08570861816406,75.87065887451172,713.0777587890625,634.6358032226562,807.6619873046875,633.8453369140625,805.3396606445312,686.3921508789062,719.0,682.31787109375
642,04,1568048150002,1244,0100,745.9856567382812,630.1339111328125,73.40843200683594,85.25731658935547,75.76903533935547,713.0,634.5,807.6619873046875,633.8453369140625,805.248046875,686.4285278320312,719.0,682.31787109375
643,04,1568048150013,1244,0100,746.0453491210938,630.04296875,72.69739532470703,84.6720199584961,76.26109313964844,713.0,634.5,807.6619873046875,633.8453369140625,805.248046875,686.4285278320312,719.0,682.31787109375
644,04,1568048150025,1244,0100,746.02734375,629.9015502929688,72.93038940429688,84.71643829345703,76.98161315917969,713.0,634.5,807.6619873046875,633.8453369140625,805.3194580078125,686.3224487304688,719.0689086914062,682.2806396484375
645,04,1568048150036,1244,0100,746.0050048828125,629.9172973632812,72.96279907226562,84.7538833618164,77.47521209716797,713.0,634.5,807.6390380859375,633.7870483398438,805.3194580078125,686.3224487304688,719.0689086914062,682.2806396484375
646,04,1568048150048,1244,0100,745.88818359375,629.7941284179688,73.04344177246094,85.1746826171875,77.4186782836914,713.0,634.5,807.6404418945312,633.8712158203125,805.3194580078125,686.3224487304688,719.0,682.2291870117188
647,04,1568048150060,1244,0100,746.0908813476562,629.7791748046875,73.29683685302734,85.06674194335938,77.083251953125,713.0,634.5,807.7156982421875,633.7156982421875,805.4010620117188,686.266357421875,719.0689086914062,682.2806396484375
648,04,1568048150073,1244,0100,745.9898681640625,629.6985473632812,73.1819839477539,85.33316040039062,77.54251861572266,713.0,634.5,807.5401611328125,633.5316772460938,805.4010620117188,686.266357421875,719.1185913085938,682.130615234375
649,04,1568048150084,1244,0100,746.0047607421875,629.6903686523438,72.87702178955078,84.52850341796875,77.57975769042969,713.0,634.5,807.6185302734375,633.6136474609375,805.4120483398438,686.1978149414062,719.130615234375,681.8814086914062
650,04,1568048150096,1244,0100,745.9231567382812,629.8587646484375,73.55786895751953,85.19815063476562,76.84557342529297,713.0,634.5,807.7447509765625,633.5889892578125,805.4120483398438,686.1978149414062,719.130615234375,681.8814086914062
651,04,1568048150108,1244,0100,746.0873413085938,629.547607421875,72.7547836303711,84.3733901977539,77.27621459960938,713.0,634.5,807.7447509765625,633.5889892578125,805.4120483398438,686.1978149414062,719.130615234375,681.8814086914062
652,04,1568048150120,1244,0100,746.058349609375,629.76708984375,72.81507110595703,84.7198486328125,76.20515441894531,713.0,634.5,807.8002319335938,633.5660400390625,805.4120483398438,686.1978149414062,719.2940063476562,681.9873657226562
653,04,1568048150132,1244,0100,746.2145385742188,629.79248046875,72.61711120605469,84.77823638916016,75.94561004638672,713.0,634.5,807.885009765625,633.6509399414062,805.4120483398438,686.1978149414062,719.31787109375,682.0
654,04,1568048150143,1244,0100,746.2730102539062,629.7853393554688,72.93353271484375,84.9278793334961,75.80764770507812,713.0,634.5,807.885009765625,633.6509399414062,805.5,686.18408203125,719.31787109375,682.0
655,04,1568048150154,1244,0100,746.2308959960938,629.8739013671875,72.44876861572266,84.79271697998047,76.66500854492188,713.0,634.5,807.972900390625,633.7046508789062,805.5,686.18408203125,719.2538452148438,682.0
656,04,1568048150168,1244,0100,746.23388671875,629.8629150390625,72.82784271240234,84.772216796875,75.8773422241211,713.0,634.5,807.972900390625,633.7046508789062,805.5,686.18408203125,719.2538452148438,682.0
657,04,1568048150181,1244,0100,746.2765502929688,629.92333984375,73.05427551269531,84.56910705566406,75.55791473388672,713.0,634.5,807.972900390625,633.7046508789062,805.5,686.18408203125,719.2538452148438,682.0
658,04,1568048150194,1244,0100,746.1843872070312,629.9046630859375,72.06114959716797,84.63661193847656,76.93795013427734,713.0,634.5,807.972900390625,633.7046508789062,805.5,686.18408203125,719.2538452148438,682.0
659,04,1568048150207,1244,0100,746.1075439453125,629.84130859375,72.46339416503906,84.83919525146484,77.65072631835938,713.0,634.5,807.972900390625,633.7046508789062,805.5,686.18408203125,719.2538452148438,682.0
660,04,1568048150224,1244,0100,746.2333374023438,629.8468627929688,72.50738525390625,84.67020416259766,77.38436126708984,713.0,634.5,807.972900390625,633.7046508789062,805.5,686.18408203125,719.2538452148438,682.0
661,04,1568048150238,1244,0100,746.330322265625,629.6578369140625,72.39216613769531,84.07064819335938,75.64000701904297,713.0,634.5,808.0657958984375,633.572265625,805.5,686.18408203125,719.2538452148438,682.0
662,04,1568048150252,1244,0100,746.1256103515625,629.6864013671875,72.34965515136719,84.72681427001953,76.8162841796875,713.0,634.5,808.0657958984375,633.572265625,805.5,686.18408203125,719.31787109375,682.0
663,04,1568048150265,1244,0100,746.3323364257812,629.5946044921875,72.36058044433594,84.67620086669922,77.12652587890625,713.0,634.5,807.979736328125,633.53369140625,805.5,686.18408203125,719.31787109375,682.0
664,04,1568048150278,1244,0100,746.3310546875,629.7059326171875,72.74007415771484,84.96942138671875,76.8185806274414,713.0,634.5,807.979736328125,633.53369140625,805.5,686.18408203125,719.31787109375,682.0
665,04,1568048150291,1244,0100,746.3549194335938,629.6220703125,72.69482421875,84.57261657714844,77.6603775024414,713.0,634.5,807.979736328125,633.53369140625,805.4752807617188,686.1827392578125,719.31787109375,682.0
666,04,1568048150303,1244,0100,746.3003540039062,629.55615234375,72.37175750732422,84.56116485595703,77.44302368164062,713.0,634.5,807.979736328125,633.53369140625,805.4752807617188,686.1827392578125,719.31787109375,682.0
667,04,1568048150317,1244,0100,746.2762451171875,629.5594482421875,72.22720336914062,84.66615295410156,76.89299011230469,713.0,634.5,807.979736328125,633.53369140625,805.4752807617188,686.1827392578125,719.2806396484375,681.9310913085938
668,04,1568048150329,1244,0100,746.2512817382812,629.5919189453125,72.7956771850586,84.94206237792969,77.05201721191406,713.0,634.5,807.979736328125,633.53369140625,805.4752807617188,686.1827392578125,719.31787109375,682.0
669,04,1568048150340,1244,0100,746.2145385742188,629.5306396484375,72.44184875488281,84.87923431396484,77.33941650390625,713.0,634.5,807.979736328125,633.53369140625,805.4752807617188,686.1827392578125,719.31787109375,682.0
670,04,1568048150352,1244,0100,746.2982177734375,629.5750122070312,72.04835510253906,84.65763854980469,77.46980285644531,713.0606079101562,634.482177734375,807.979736328125,633.53369140625,805.5,686.18408203125,719.31787109375,682.0
671,04,1568048150367,1244,0100,746.4139404296875,629.6367797851562,72.09226989746094,84.3210220336914,77.86124420166016,713.0,634.5,808.0657958984375,633.572265625,805.5,686.18408203125,719.2538452148438,682.0
672,04,1568048150381,1244,0100,746.4457397460938,629.6498413085938,72.0300521850586,84.5956802368164,77.11869812011719,713.130859375,634.5676879882812,807.972900390625,633.7046508789062,805.5,686.18408203125,719.2538452148438,682.0
673,04,1568048150394,1244,0100,746.3653564453125,630.0138549804688,72.10029602050781,84.0654525756836,78.98114776611328,713.3463134765625,634.8422241210938,808.0653686523438,633.7869262695312,805.5,686.2490844726562,719.3255615234375,682.2523803710938
674,04,1568048150408,1244,0100,746.4855346679688,630.0239868164062,72.86531066894531,84.17013549804688,77.35981750488281,713.3463134765625,634.8422241210938,808.0653686523438,633.7869262695312,805.5322875976562,686.2539672851562,719.3255615234375,682.2523803710938
675,04,1568048150419,1244,0100,746.312255859375,629.9945678710938,72.13033294677734,84.29486846923828,77.56416320800781,713.3463134765625,634.8422241210938,808.0653686523438,633.7869262695312,805.6695556640625,686.3509521484375,719.3651733398438,682.1475830078125
676,04,1568048150431,1244,0100,746.2293090820312,629.9834594726562,72.25926208496094,84.80718994140625,76.81359100341797,713.3463134765625,634.8422241210938,808.0653686523438,633.7869262695312,805.6695556640625,686.3509521484375,719.3255615234375,682.2523803710938
677,04,1568048150444,1244,0100,746.3302001953125,629.9662475585938,72.0597915649414,84.49593353271484,77.92766571044922,713.3463134765625,634.8422241210938,808.0653686523438,633.7869262695312,805.6652221679688,686.347900390625,719.3255615234375,682.2523803710938
678,04,1568048150457,1244,0100,746.3882446289062,629.9329833984375,72.0042495727539,84.75670623779297,77.55341339111328,713.3463134765625,634.8422241210938,808.0653686523438,633.7869262695312,805.6652221679688,686.347900390625,719.3255615234375,682.2523803710938
679,04,1568048150469,1244,0100,746.2382202148438,629.9754638671875,72.15680694580078,84.2381362915039,77.65097045898438,713.3463134765625,634.8422241210938,808.0653686523438,633.7869262695312,805.698974609375,686.4517211914062,719.3255615234375,682.2523803710938
680,04,1568048150482,1244,0100,746.2276611328125,630.0912475585938,72.04715728759766,84.25704193115234,76.85057830810547,713.3463134765625,634.8422241210938,808.0194091796875,633.842041015625,805.6419677734375,686.457275390625,719.3540649414062,682.339111328125
681,04,1568048150494,1244,0100,746.3413696289062,630.0610961914062,71.84879302978516,84.19642639160156,77.04178619384766,713.3621826171875,634.7612915039062,808.2095336914062,634.0960693359375,805.6982421875,686.5280151367188,719.3572387695312,682.3572387695312
682,04,1568048150507,1244,0100,746.4871215820312,630.17138671875,72.0438003540039,84.59022521972656,76.04691314697266,713.26220703125,634.7537841796875,808.2069091796875,634.1322021484375,805.6600341796875,686.5720825195312,719.3572387695312,682.3572387695312
683,04,1568048150519,1244,0100,746.308837890625,630.2297973632812,72.0500717163086,84.39615631103516,76.8088150024414,713.26220703125,634.7537841796875,808.2069091796875,634.1322021484375,805.6538696289062,686.5752563476562,719.4291381835938,682.4605712890625
684,04,1568048150531,1244,0100,746.2611694335938,630.232666015625,72.17850494384766,84.30397033691406,76.03595733642578,713.26220703125,634.7537841796875,808.2069091796875,634.1322021484375,805.6538696289062,686.5752563476562,719.4291381835938,682.4605712890625
685,04,1568048150545,1244,0100,746.5914916992188,630.0603637695312,72.01094818115234,83.81794738769531,77.34477233886719,713.26220703125,634.7537841796875,808.0935668945312,634.1575927734375,805.4854736328125,686.6753540039062,719.4291381835938,682.4605712890625
686,04,1568048150559,1244,0100,746.5051879882812,629.9791259765625,71.7999267578125,83.61576843261719,77.5997543334961,713.3445434570312,634.8211059570312,808.0935668945312,634.1575927734375,805.524658203125,686.5647583007812,719.4291381835938,682.4605712890625
687,04,1568048150572,1244,0100,746.5943603515625,629.9537963867188,72.29867553710938,84.26224517822266,77.17427825927734,713.3621826171875,634.7612915039062,808.0935668945312,634.1575927734375,805.524658203125,686.5647583007812,719.2387084960938,682.3953247070312
688,04,1568048150584,1244,0100,746.4730834960938,629.8704833984375,71.71891784667969,84.38113403320312,77.9639892578125,713.3621826171875,634.7612915039062,808.0932006835938,634.11669921875,805.4471435546875,686.4537963867188,719.2387084960938,682.3953247070312
689,04,1568048150596,1244,0100,746.3358154296875,629.8564453125,71.53831481933594,84.2988510131836,77.58844757080078,713.3621826171875,634.7612915039062,808.0932006835938,634.11669921875,805.4373779296875,686.4749755859375,719.3572387695312,682.3572387695312
690,04,1568048150609,1244,0100,746.4182739257812,630.04541015625,72.23949432373047,84.29005432128906,76.88134765625,713.3621826171875,634.7612915039062,808.2069091796875,634.1322021484375,805.524658203125,686.5647583007812,719.3572387695312,682.3572387695312
691,04,1568048150622,1244,0100,746.4161376953125,630.0374755859375,71.68053436279297,84.34727478027344,76.98150634765625,713.3445434570312,634.8211059570312,808.2069091796875,634.1322021484375,805.5560913085938,686.547119140625,719.3572387695312,682.3572387695312
692,04,1568048150635,1244,0100,746.5458984375,629.92822265625,71.65870666503906,84.49750518798828,76.95448303222656,713.26220703125,634.7537841796875,808.2069091796875,634.1322021484375,805.5973510742188,686.5352783203125,719.4291381835938,682.4605712890625
693,04,1568048150647,1244,0100,746.6666870117188,629.872802734375,71.92259979248047,84.11672973632812,76.95576477050781,713.3401489257812,634.717529296875,808.2069091796875,634.1322021484375,805.6600341796875,686.5720825195312,719.4291381835938,682.4605712890625
694,04,1568048150661,1244,0100,746.6893920898438,629.9053344726562,72.03101348876953,84.08828735351562,77.12510681152344,713.3401489257812,634.717529296875,808.2069091796875,634.1322021484375,805.7191162109375,686.571533203125,719.4291381835938,682.4605712890625
695,04,1568048150674,1244,0100,746.7175903320312,629.9373779296875,72.07024383544922,84.25458526611328,77.6463394165039,713.3401489257812,634.717529296875,808.2069091796875,634.1322021484375,805.6600341796875,686.5720825195312,719.4291381835938,682.4605712890625
696,04,1568048150688,1244,0100,746.63671875,629.9652099609375,71.9278564453125,84.15534973144531,77.63858795166016,713.26220703125,634.7537841796875,808.2069091796875,634.1322021484375,805.6600341796875,686.5720825195312,719.4291381835938,682.4605712890625
697,04,1568048150701,1244,0100,746.6460571289062,630.0590209960938,71.79418182373047,83.64935302734375,76.93424224853516,713.26220703125,634.7537841796875,808.0935668945312,634.1575927734375,805.4854736328125,686.6753540039062,719.3262939453125,682.5
698,04,1568048150714,1244,0100,746.6329956054688,630.1444091796875,71.78144073486328,83.79255676269531,77.7367935180664,713.26220703125,634.7537841796875,808.0935668945312,634.1575927734375,805.426513671875,686.627685546875,719.3262939453125,682.5
699,04,1568048150728,1244,0100,746.4566040039062,630.1334228515625,72.18547058105469,84.03032684326172,78.25281524658203,713.3445434570312,634.8211059570312,807.9805908203125,634.157958984375,805.426513671875,686.627685546875,719.3262939453125,682.5
700,04,1568048150742,1244,0100,746.6026611328125,630.0763549804688,72.11842346191406,83.91746520996094,77.41658020019531,713.2215576171875,634.9373779296875,807.9805908203125,634.157958984375,805.4854736328125,686.6753540039062,719.3977661132812,682.443359375
701,04,1568048150755,1244,0100,746.29638671875,630.17333984375,72.10604095458984,83.78446960449219,77.44010925292969,713.2215576171875,634.9373779296875,807.9805908203125,634.157958984375,805.426513671875,686.627685546875,719.3262939453125,682.5
702,04,1568048150769,1244,0100,746.485107421875,630.0821533203125,71.87153625488281,83.70695495605469,78.52747344970703,713.2215576171875,634.9373779296875,807.9805908203125,634.157958984375,805.426513671875,686.627685546875,719.3977661132812,682.443359375
703,04,1568048150782,1244,0100,746.4837036132812,630.1535034179688,72.0340347290039,83.90586853027344,77.35757446289062,713.2215576171875,634.9373779296875,807.9805908203125,634.157958984375,805.426513671875,686.627685546875,719.3977661132812,682.443359375
704,04,1568048150798,1244,0100,746.5191040039062,630.0065307617188,72.30403137207031,84.15792083740234,78.5201416015625,713.2215576171875,634.9373779296875,808.0935668945312,634.1575927734375,805.426513671875,686.627685546875,719.3262939453125,682.5
705,04,1568048150813,1244,0100,746.3971557617188,630.1144409179688,72.01925659179688,83.98014068603516,77.23334503173828,713.2215576171875,634.9373779296875,808.0935668945312,634.1575927734375,805.426513671875,686.627685546875,719.3262939453125,682.5
706,04,1568048150828,1244,0100,746.5205688476562,630.1114501953125,72.03860473632812,84.01490020751953,76.4808120727539,713.2215576171875,634.9373779296875,808.0935668945312,634.1575927734375,805.426513671875,686.627685546875,719.3262939453125,682.5
707,04,1568048150841,1244,0100,746.5576171875,630.2334594726562,72.2353515625,84.19190216064453,76.78919982910156,713.18896484375,634.8627319335938,808.0935668945312,634.1575927734375,805.4854736328125,686.6753540039062,719.3262939453125,682.5
708,04,1568048150854,1244,0100,746.5615844726562,630.1381225585938,72.5578384399414,84.68376159667969,76.84479522705078,713.1024780273438,635.0,808.0935668945312,634.1575927734375,805.4851684570312,686.6879272460938,719.3262939453125,682.5
709,04,1568048150868,1244,0100,746.6588134765625,630.1910400390625,71.98622131347656,84.05543518066406,77.851806640625,713.18896484375,635.1372680664062,808.1285400390625,634.1239013671875,805.5374145507812,686.7410888671875,719.3951416015625,682.6638793945312
710,04,1568048150881,1244,0100,746.5279541015625,630.2447509765625,72.92586517333984,84.85407257080078,77.6910400390625,713.18896484375,635.1372680664062,808.1285400390625,634.1239013671875,805.5374145507812,686.7410888671875,719.3951416015625,682.6638793945312
711,04,1568048150896,1244,0100,746.5729370117188,630.2225952148438,72.6219482421875,84.68563079833984,77.55386352539062,713.264892578125,635.0787963867188,808.0883178710938,634.252197265625,805.5374145507812,686.7410888671875,719.3951416015625,682.6638793945312
712,04,1568048150910,1244,0100,746.6597290039062,630.3292236328125,72.46839141845703,84.59607696533203,78.2925796508789,713.18896484375,635.1372680664062,808.0883178710938,634.252197265625,805.5374145507812,686.7410888671875,719.3951416015625,682.6638793945312
713,04,1568048150924,1244,0100,746.676513671875,630.1035766601562,71.8106460571289,84.38646697998047,79.06294250488281,713.18896484375,635.1372680664062,808.0883178710938,634.252197265625,805.5374145507812,686.7410888671875,719.3951416015625,682.6638793945312
714,04,1568048150939,1244,0100,746.5127563476562,630.2775268554688,72.19657135009766,84.57856750488281,77.04597473144531,713.283935546875,635.1618041992188,808.0883178710938,634.252197265625,805.5374145507812,686.7410888671875,719.3951416015625,682.6638793945312
715,04,1568048150951,1244,0100,746.4635009765625,630.363037109375,72.22864532470703,84.5312271118164,77.55402374267578,713.283935546875,635.1618041992188,808.1285400390625,634.1239013671875,805.5374145507812,686.7410888671875,719.3951416015625,682.6638793945312
716,04,1568048150964,1244,0100,746.4718017578125,630.3053588867188,72.21939086914062,84.52110290527344,77.63925170898438,713.18896484375,635.1372680664062,808.1285400390625,634.1239013671875,805.5374145507812,686.7410888671875,719.3951416015625,682.6638793945312
717,04,1568048150978,1244,0100,746.6017456054688,630.0911865234375,72.46923065185547,84.37550354003906,77.98833465576172,713.18896484375,635.1372680664062,808.1285400390625,634.1239013671875,805.5374145507812,686.7410888671875,719.3951416015625,682.6638793945312
718,04,1568048150992,1244,0100,746.5796508789062,630.2907104492188,72.65216064453125,84.6694107055664,77.57167053222656,713.283935546875,635.1618041992188,808.2351684570312,634.1748657226562,805.574951171875,686.6468505859375,719.4198608398438,682.6027221679688
719,04,1568048151006,1244,0100,746.7946166992188,630.0186767578125,72.20878601074219,84.53801727294922,78.52117156982422,713.4298706054688,634.8402099609375,808.2235717773438,634.1176147460938,805.640625,686.602783203125,719.4291381835938,682.4605712890625
720,04,1568048151019,1244,0100,746.6705932617188,630.0360717773438,72.44775390625,84.48705291748047,76.8199691772461,713.4298706054688,634.8402099609375,808.2351684570312,634.1748657226562,805.640625,686.602783203125,719.4291381835938,682.4605712890625
721,04,1568048151031,1244,0100,746.7432861328125,630.2465209960938,72.07266235351562,84.3154067993164,77.79750061035156,713.26220703125,634.7537841796875,808.2235717773438,634.1176147460938,805.5751953125,686.6028442382812,719.4291381835938,682.4605712890625
722,04,1568048151046,1244,0100,746.7952270507812,630.2955322265625,71.91401672363281,84.49829864501953,77.41090393066406,713.327880859375,635.0,808.1392211914062,634.2131958007812,805.5374145507812,686.7410888671875,719.5,682.5
723,04,1568048151061,1244,0100,746.6851806640625,630.4285888671875,72.3118667602539,84.1989974975586,77.0048599243164,713.18896484375,635.1372680664062,808.1285400390625,634.1239013671875,805.5374145507812,686.7410888671875,719.3238525390625,682.7303466796875
724,04,1568048151075,1244,0100,746.6334228515625,630.3760986328125,72.07121276855469,84.0718002319336,77.38441467285156,713.264892578125,635.0787963867188,808.0883178710938,634.252197265625,805.5374145507812,686.7410888671875,719.2360229492188,682.771240234375
725,04,1568048151089,1244,0100,746.59375,630.22998046875,71.65409851074219,84.05683898925781,77.95296478271484,713.264892578125,635.0787963867188,808.0505981445312,634.3253173828125,805.5374145507812,686.7410888671875,719.2360229492188,682.771240234375
726,04,1568048151102,1244,0100,746.7079467773438,630.5277099609375,72.59494018554688,84.90929412841797,75.38520812988281,713.264892578125,635.0787963867188,808.0505981445312,634.3253173828125,805.5374145507812,686.7410888671875,719.1786499023438,682.6837158203125
727,04,1568048151114,1244,0100,746.6680908203125,630.28759765625,71.83755493164062,83.7403793334961,77.08341979980469,713.1416015625,634.963623046875,808.1371459960938,634.2991333007812,805.5376586914062,686.768310546875,719.0831909179688,682.7442626953125
728,04,1568048151127,1244,0100,746.4047241210938,630.2495727539062,72.09614562988281,84.57704162597656,78.41799926757812,713.1024780273438,635.0,808.1195678710938,634.25830078125,805.3777465820312,686.6424560546875,719.1566162109375,682.6419067382812
729,04,1568048151142,1244,0100,746.63232421875,630.2984619140625,72.1990966796875,84.07609558105469,76.77014923095703,713.1416015625,635.036376953125,808.0935668945312,634.1575927734375,805.432373046875,686.5272827148438,719.24658203125,682.523193359375
730,04,1568048151155,1244,0100,746.7694091796875,630.2830200195312,72.36563873291016,83.96369171142578,76.41497802734375,713.1416015625,635.036376953125,808.0935668945312,634.1575927734375,805.3886108398438,686.4843139648438,719.24658203125,682.523193359375
731,04,1568048151168,1244,0100,746.55615234375,630.220947265625,71.72842407226562,84.1736831665039,76.90106964111328,713.1416015625,635.036376953125,808.0935668945312,634.1575927734375,805.3886108398438,686.4843139648438,719.24658203125,682.523193359375
732,04,1568048151181,1244,0100,746.4351196289062,630.1791381835938,71.9731216430664,84.5309066772461,77.96528625488281,713.1416015625,635.036376953125,808.0935668945312,634.1575927734375,805.3886108398438,686.4843139648438,719.24658203125,682.523193359375
733,04,1568048151194,1244,0100,746.4927978515625,630.2396850585938,72.29020690917969,84.19287109375,78.07878112792969,713.3445434570312,634.8211059570312,808.0935668945312,634.1575927734375,805.4376831054688,686.5154418945312,719.24658203125,682.523193359375
734,04,1568048151207,1244,0100,746.4777221679688,630.1598510742188,72.37455749511719,84.82194519042969,77.48876190185547,713.3445434570312,634.8211059570312,808.0935668945312,634.1575927734375,805.4248046875,686.4868774414062,719.24658203125,682.523193359375
735,04,1568048151219,1244,0100,746.6761474609375,630.1386108398438,72.20600891113281,84.27052307128906,78.17585754394531,713.3445434570312,634.8211059570312,808.0935668945312,634.1575927734375,805.3775634765625,686.454833984375,719.1484985351562,682.5
736,04,1568048151233,1244,0100,746.43115234375,630.174560546875,72.3169937133789,84.51130676269531,77.62220764160156,713.3445434570312,634.8211059570312,808.0932006835938,634.11669921875,805.3775634765625,686.454833984375,719.3048095703125,682.4737548828125
737,04,1568048151246,1244,0100,746.5061645507812,630.0771484375,72.13780975341797,84.53376007080078,78.31114196777344,713.3445434570312,634.8211059570312,808.0932006835938,634.11669921875,805.4175415039062,686.4474487304688,719.3977661132812,682.443359375
738,04,1568048151260,1244,0100,746.5886840820312,630.1437377929688,72.21835327148438,84.76021575927734,78.28360748291016,713.3445434570312,634.8211059570312,808.0932006835938,634.11669921875,805.4175415039062,686.4474487304688,719.3977661132812,682.443359375
739,04,1568048151273,1244,0100,746.4404296875,630.2567749023438,72.3819351196289,84.8707504272461,76.6116943359375,713.3445434570312,634.8211059570312,808.0932006835938,634.11669921875,805.378662109375,686.4816284179688,719.125,682.3988647460938
740,04,1568048151286,1244,0100,746.5596923828125,630.2875366210938,72.9396743774414,84.99156188964844,77.83424377441406,713.3445434570312,634.8211059570312,808.0932006835938,634.11669921875,805.378662109375,686.4816284179688,719.3167114257812,682.3317260742188
741,04,1568048151298,1244,0100,746.6640014648438,630.2710571289062,72.8157730102539,85.15799713134766,76.76264190673828,713.3445434570312,634.8211059570312,808.0935668945312,634.1575927734375,805.3775634765625,686.454833984375,719.125,682.3988647460938
742,04,1568048151310,1244,0100,746.47607421875,630.3402709960938,72.57239532470703,84.8354263305664,76.80471801757812,713.3445434570312,634.8211059570312,808.0935668945312,634.1575927734375,805.3886108398438,686.4843139648438,719.125,682.3988647460938
743,04,1568048151322,1244,0100,746.5193481445312,630.246337890625,72.52082061767578,84.97467803955078,76.57896423339844,713.264892578125,634.9212036132812,808.0935668945312,634.1575927734375,805.3886108398438,686.4843139648438,719.24658203125,682.523193359375
744,04,1568048151333,1244,0100,746.4313354492188,630.3134155273438,72.46830749511719,84.80577087402344,77.20964813232422,713.1880493164062,635.0,808.0935668945312,634.1575927734375,805.4376831054688,686.5154418945312,719.1484985351562,682.5
745,04,1568048151345,1244,0100,746.214111328125,630.4820556640625,72.94281768798828,85.40010070800781,76.7518081665039,713.1880493164062,635.0,807.80029296875,634.135986328125,805.3805541992188,686.6264038085938,719.0,682.7461547851562
746,04,1568048151358,1244,0100,746.173095703125,630.4329223632812,72.7774658203125,85.53047180175781,76.65233612060547,713.1880493164062,635.0,807.80029296875,634.135986328125,805.32421875,686.5795288085938,719.0,682.7461547851562
747,04,1568048151370,1244,0100,746.3184204101562,630.6305541992188,72.70904541015625,85.45013427734375,76.33924865722656,713.1880493164062,635.0,807.9521484375,634.2056274414062,805.373046875,686.69140625,719.0692749023438,682.7479248046875
748,04,1568048151383,1244,0100,746.2379760742188,630.583740234375,72.85121154785156,85.30777740478516,76.59127044677734,713.0458984375,634.9945678710938,807.8739624023438,634.37451171875,805.2079467773438,686.7507934570312,719.0689086914062,682.7193603515625
749,04,1568048151395,1244,0100,745.9117431640625,630.5611572265625,72.51897430419922,85.44358825683594,77.84415435791016,713.18017578125,635.107421875,807.8739624023438,634.37451171875,805.3021850585938,686.6260375976562,719.0689086914062,682.7193603515625
750,04,1568048151409,1244,0100,746.3955078125,630.7840576171875,73.0394287109375,85.65670776367188,78.72978210449219,713.259033203125,635.199462890625,808.0051879882812,634.427001953125,805.3021850585938,686.6260375976562,719.1702880859375,682.8297119140625
751,05,1568048113498,1530,0100,713.6304321289062,634.2573852539062,84.21926879882812,97.98536682128906,64.2979736328125,695.4410400390625,635.95751953125,792.25830078125,636.6423950195312,794.1337890625,692.1150512695312,702.0,682.7936401367188
752,05,1568048113511,1530,0100,713.6614379882812,634.2410278320312,84.16072082519531,97.96292114257812,64.78335571289062,695.4410400390625,635.95751953125,792.3895263671875,636.5643920898438,793.8967895507812,691.9735107421875,702.0,682.7936401367188
753,05,1568048113525,1530,0100,713.67236328125,634.3465576171875,83.82598876953125,97.62326049804688,63.858089447021484,695.4118041992188,635.9583129882812,792.3895263671875,636.5643920898438,793.8967895507812,691.9735107421875,702.0,682.7708129882812
754,05,1568048113538,1530,0100,713.634765625,634.2662963867188,83.84056091308594,97.83940124511719,64.55889129638672,695.4118041992188,635.9583129882812,792.3728637695312,636.5457763671875,793.8967895507812,691.9735107421875,701.972412109375,682.7841186523438
755,05,1568048113549,1530,0100,713.640380859375,634.3231811523438,84.00939178466797,97.6822280883789,64.17556762695312,695.4118041992188,635.9583129882812,792.3728637695312,636.5457763671875,793.8967895507812,691.9735107421875,701.972412109375,682.7841186523438
756,05,1568048113561,1530,0100,713.6720581054688,634.2276000976562,83.91549682617188,97.85088348388672,63.73422622680664,695.4118041992188,635.9583129882812,792.4713745117188,636.5499877929688,793.7931518554688,691.796630859375,702.0686645507812,682.7406005859375
757,05,1568048113572,1530,0100,713.7514038085938,634.369384765625,83.60578155517578,97.2263412475586,64.65550994873047,695.5,636.037353515625,792.4713745117188,636.5499877929688,793.894287109375,691.9053955078125,702.0686645507812,682.7406005859375
758,05,1568048113585,1530,0100,713.7825317382812,634.368896484375,83.35784149169922,97.43608093261719,63.882389068603516,695.5,636.037353515625,792.44091796875,636.654541015625,793.8417358398438,691.8433227539062,702.25439453125,682.9215087890625
759,05,1568048113597,1530,0100,713.7711181640625,634.3178100585938,83.30130004882812,97.01837158203125,64.3385238647461,695.5,636.0,792.5045166015625,636.6464233398438,793.7931518554688,691.796630859375,702.25439453125,682.9215087890625
760,05,1568048113608,1530,0100,713.834716796875,634.342529296875,83.59614562988281,97.01239013671875,64.06591033935547,695.5,636.0,792.44091796875,636.654541015625,793.744873046875,691.9234008789062,702.152099609375,682.9461059570312
761,05,1568048113620,1530,0100,713.2003173828125,634.3159790039062,83.46656799316406,97.22439575195312,63.29873275756836,695.0812377929688,635.9236450195312,792.1317138671875,636.7109375,794.0355834960938,692.5238647460938,701.5,683.0
762,05,1568048113632,1530,0100,712.0447387695312,634.2472534179688,83.22917938232422,97.43412780761719,63.68865966796875,694.5039672851562,636.0,791.645263671875,636.804931640625,793.7185668945312,692.8525390625,701.3789672851562,683.0
763,05,1568048113644,1530,0100,711.4784545898438,634.031982421875,83.1505355834961,97.08999633789062,63.76164245605469,694.5,636.0,791.6202392578125,636.8944091796875,793.4124755859375,692.7982788085938,700.8099975585938,683.1506958007812
764,05,1568048113656,1530,0100,711.7822875976562,634.1871948242188,83.1840591430664,97.04270935058594,64.55316162109375,694.5,636.0,791.5477905273438,636.8675537109375,793.4124755859375,692.7982788085938,700.8099975585938,683.1506958007812
765,05,1568048113667,1530,0100,712.1206665039062,634.097412109375,83.12999725341797,96.74385070800781,63.93022918701172,694.5,636.0,791.5477905273438,636.8675537109375,793.4124755859375,692.7982788085938,700.9228515625,683.0873413085938
766,05,1568048113679,1530,0100,712.072021484375,634.06298828125,83.15513610839844,97.26029205322266,64.6395492553711,694.5,636.0,791.5477905273438,636.8675537109375,793.4124755859375,692.7982788085938,700.9228515625,683.0873413085938
767,05,1568048113691,1530,0100,711.95556640625,634.0264282226562,82.88966369628906,96.13147735595703,63.47974395751953,694.5,636.0,791.5477905273438,636.8675537109375,793.4124755859375,692.7982788085938,700.8099975585938,683.1506958007812
768,05,1568048113703,1530,0100,711.8718872070312,634.16015625,83.56550598144531,97.25159454345703,64.81193542480469,694.5,636.0,791.412353515625,636.9736328125,793.3446044921875,692.8701782226562,700.8099975585938,683.1506958007812
769,05,1568048113714,1530,0100,711.871337890625,634.17041015625,83.26830291748047,96.64059448242188,64.801513671875,694.4994506835938,636.0576171875,791.4329223632812,636.9322509765625,793.3446044921875,692.8701782226562,700.8099975585938,683.1506958007812
770,05,1568048113726,1530,0100,711.6094360351562,634.2123413085938,82.80089569091797,96.70404052734375,64.49504852294922,694.4960327148438,636.0,791.394775390625,636.947021484375,793.2975463867188,692.8828735351562,700.8099975585938,683.1506958007812
771,05,1568048113738,1530,0100,711.8173828125,634.1339111328125,82.88137817382812,96.79917907714844,64.23694610595703,694.4960327148438,636.0,791.422119140625,637.0414428710938,793.29931640625,692.8106079101562,700.8099975585938,683.1506958007812
772,05,1568048113750,1530,0100,711.7664184570312,634.1478271484375,83.1598129272461,97.17247772216797,64.33280181884766,694.367919921875,636.10888671875,791.422119140625,637.0414428710938,793.2980346679688,692.8038940429688,700.704345703125,683.14697265625
773,05,1568048113762,1530,0100,711.8461303710938,634.1046752929688,82.72291564941406,96.9891357421875,63.51267623901367,694.367919921875,636.10888671875,791.422119140625,637.0414428710938,793.2975463867188,692.8828735351562,700.704345703125,683.14697265625
774,05,1568048113773,1530,0100,711.78466796875,634.3008422851562,83.08236694335938,96.69264221191406,65.8714370727539,694.1690673828125,636.2705688476562,791.422119140625,637.0414428710938,793.2515869140625,692.82470703125,700.7457275390625,683.1688232421875
775,05,1568048113785,1530,0100,711.8814086914062,634.4501342773438,83.15190124511719,96.94982147216797,64.01934051513672,694.269775390625,636.3975830078125,791.4138793945312,637.2235717773438,793.2515869140625,692.82470703125,700.7457275390625,683.1688232421875
776,05,1568048113798,1530,0100,711.7879638671875,634.452880859375,82.91791534423828,96.58854675292969,64.4749755859375,694.269775390625,636.3975830078125,791.4138793945312,637.2235717773438,793.2342529296875,692.8021240234375,700.7457275390625,683.1688232421875
777,05,1568048113810,1530,0100,711.7374267578125,634.3607177734375,82.89197540283203,96.6590576171875,64.09661865234375,694.269775390625,636.3975830078125,791.3566284179688,637.22412109375,793.1541137695312,692.82666015625,700.6416015625,683.263916015625
778,05,1568048113822,1530,0100,711.5584716796875,634.3187255859375,82.94534301757812,96.99296569824219,63.46525573730469,694.202392578125,636.2806396484375,791.1515502929688,636.9931030273438,793.2447509765625,692.7340698242188,700.5700073242188,683.1332397460938
779,05,1568048113833,1530,0100,711.57666015625,634.2142944335938,82.8463363647461,96.83263397216797,63.096492767333984,694.034912109375,636.1071166992188,791.2327880859375,636.850341796875,793.1105346679688,692.6887817382812,700.5,683.0
780,05,1568048113844,1530,0100,711.4085083007812,634.2101440429688,82.9606704711914,96.86515808105469,63.79676818847656,694.0,635.8106689453125,791.1653442382812,636.8346557617188,792.920166015625,692.5253295898438,700.5,683.0
781,05,1568048113856,1530,0100,711.339111328125,634.0004272460938,82.88583374023438,96.23320007324219,62.68666076660156,694.0,635.8297729492188,791.036376953125,636.7779541015625,792.5330810546875,692.4033203125,700.4299926757812,682.8667602539062
782,05,1568048113869,1530,0100,711.2959594726562,633.9219360351562,82.94302368164062,96.42781829833984,63.12472915649414,693.9041748046875,635.7767333984375,790.8477172851562,636.60791015625,792.5330810546875,692.4033203125,700.5,682.7726440429688
783,05,1568048113881,1530,0100,711.306884765625,633.9580078125,82.60658264160156,96.4322280883789,63.05216598510742,693.961181640625,635.7271728515625,790.8477172851562,636.60791015625,792.5330810546875,692.4033203125,700.5,682.7726440429688
784,05,1568048113894,1530,0100,711.329833984375,633.9640502929688,82.74810791015625,96.37079620361328,62.91252136230469,693.961181640625,635.7271728515625,790.8477172851562,636.60791015625,792.5330810546875,692.4033203125,700.4299926757812,682.8667602539062
785,05,1568048113905,1530,0100,711.4993896484375,634.0201416015625,83.04969024658203,96.54495239257812,63.3721923828125,693.961181640625,635.7271728515625,790.8477172851562,636.60791015625,792.5330810546875,692.4033203125,700.4299926757812,682.8667602539062
786,05,1568048113917,1530,0100,711.3551635742188,634.0111694335938,83.13037109375,97.26071166992188,62.86985397338867,694.07373046875,635.75390625,790.8477172851562,636.60791015625,792.5330810546875,692.4033203125,700.4299926757812,682.8667602539062
787,05,1568048113929,1530,0100,711.4767456054688,633.9760131835938,83.03102111816406,96.40911102294922,64.0657958984375,694.07373046875,635.75390625,790.8411865234375,636.6299438476562,792.5330810546875,692.4033203125,700.4299926757812,682.8667602539062
788,05,1568048113941,1530,0100,711.40771484375,633.8250122070312,82.6849136352539,97.19871520996094,65.13247680664062,693.9403076171875,635.7891235351562,790.8411865234375,636.6299438476562,792.5330810546875,692.4033203125,700.5,682.7726440429688
789,05,1568048113954,1530,0100,711.197265625,633.8653564453125,82.28909301757812,97.0423583984375,63.098175048828125,693.5589599609375,635.95751953125,790.8411865234375,636.6299438476562,792.6181640625,692.4829711914062,700.3583984375,682.736083984375
790,05,1568048113965,1530,0100,711.0738525390625,633.937744140625,82.55830383300781,96.57563018798828,63.1398811340332,693.5881958007812,635.9583129882812,790.6903076171875,636.688232421875,792.5628051757812,692.4722290039062,700.1786499023438,682.6837158203125
791,05,1568048113976,1530,0100,711.0441284179688,633.914306640625,82.72313690185547,96.67497253417969,63.30742645263672,693.5,636.037353515625,790.645263671875,636.804931640625,792.4990234375,692.4658813476562,700.1786499023438,682.6837158203125
792,05,1568048113989,1530,0100,711.0347290039062,634.0247802734375,82.5860824584961,96.88570404052734,64.69800567626953,693.5005493164062,635.9423828125,790.63671875,636.77783203125,792.3150024414062,692.320556640625,700.1786499023438,682.6837158203125
793,05,1568048114000,1530,0100,710.9489135742188,634.1177368164062,82.50031280517578,96.45735931396484,64.3218994140625,693.5,636.037353515625,790.5861206054688,636.7764282226562,792.3150024414062,692.320556640625,700.0686645507812,682.7406005859375
794,05,1568048114012,1530,0100,711.2359008789062,634.0259399414062,82.29460906982422,96.748779296875,64.52232360839844,693.5,636.037353515625,790.5861206054688,636.7764282226562,792.30224609375,692.3001098632812,700.0686645507812,682.7406005859375
795,05,1568048114023,1530,0100,711.1295776367188,633.9331665039062,82.25753784179688,96.34493255615234,64.99653625488281,693.5,636.037353515625,790.5861206054688,636.7764282226562,792.30224609375,692.3001098632812,700.0686645507812,682.7406005859375
796,05,1568048114035,1530,0100,710.98779296875,633.9264526367188,82.92376708984375,96.66827392578125,63.91342544555664,693.5,636.037353515625,790.5861206054688,636.7764282226562,792.2265625,692.2529907226562,700.2971801757812,682.7943725585938
797,05,1568048114046,1530,0100,711.1570434570312,633.945556640625,82.35899353027344,96.62298583984375,62.95578384399414,693.4118041992188,635.9583129882812,790.5808715820312,636.7542724609375,792.1671752929688,692.1854858398438,700.0,682.68212890625
798,05,1568048114059,1530,0100,711.1651000976562,633.8224487304688,82.33369445800781,96.38085174560547,63.49414825439453,693.4118041992188,635.9583129882812,790.5808715820312,636.7542724609375,792.3199462890625,692.2167358398438,700.0,682.68212890625
799,05,1568048114072,1530,0100,711.05419921875,633.8076782226562,82.1439208984375,96.51358795166016,64.70724487304688,693.507080078125,636.01513671875,790.4954223632812,636.7000732421875,792.1576538085938,692.2463989257812,700.0,682.68212890625
800,05,1568048114085,1530,0100,710.87548828125,633.8662109375,82.33670806884766,97.03511810302734,64.06352996826172,693.507080078125,636.01513671875,790.3335571289062,636.73388671875,792.1576538085938,692.2463989257812,700.0,682.68212890625
801,05,1568048114097,1530,0100,710.802490234375,633.9114990234375,82.42695617675781,96.67021942138672,63.599796295166016,693.5084838867188,635.942138671875,790.3335571289062,636.73388671875,792.1576538085938,692.2463989257812,700.0,682.68212890625
802,05,1568048114109,1530,0100,710.8352661132812,633.8614501953125,82.45820617675781,97.47779083251953,63.78557586669922,693.4960327148438,636.0,790.2112426757812,636.8661499023438,792.1576538085938,692.2463989257812,700.0,682.68212890625
803,05,1568048114121,1530,0100,710.7850952148438,634.1549682617188,81.98982238769531,96.40150451660156,64.2839126586914,693.4960327148438,636.0,790.2327880859375,636.850341796875,792.0382080078125,692.5299682617188,699.9310913085938,682.7193603515625
804,05,1568048114132,1530,0100,710.7755737304688,634.0737915039062,82.40718078613281,96.63764190673828,63.25321578979492,693.2769165039062,636.0642700195312,790.2327880859375,636.850341796875,791.997314453125,692.5093383789062,699.820068359375,682.8822021484375
805,05,1568048114145,1530,0100,710.739990234375,634.2227172851562,82.27802276611328,96.10934448242188,62.99436569213867,693.202392578125,636.2806396484375,790.1515502929688,636.9931030273438,791.9639892578125,692.551025390625,699.8668823242188,683.0963745117188
806,05,1568048114156,1530,0100,710.7465209960938,634.3595581054688,82.1889419555664,96.47616577148438,63.16640853881836,693.202392578125,636.2806396484375,790.1515502929688,636.9931030273438,791.9712524414062,692.6055908203125,700.0,683.2291870117188
807,05,1568048114168,1530,0100,710.7573852539062,634.2349853515625,81.99043273925781,96.00809478759766,63.6964111328125,693.269775390625,636.3975830078125,790.1588134765625,637.3700561523438,791.9426879882812,692.5575561523438,700.0,683.31787109375
808,05,1568048114180,1530,0100,710.663330078125,634.550048828125,82.51932525634766,96.33146667480469,62.647911071777344,693.269775390625,636.3975830078125,790.1588134765625,637.3700561523438,791.7515258789062,692.635009765625,700.0,683.31787109375
809,05,1568048114192,1530,0100,710.6964721679688,634.5216674804688,82.27169799804688,96.0233154296875,63.70906448364258,693.2171020507812,636.5,790.1522827148438,637.39208984375,791.7872924804688,692.8097534179688,699.911376953125,683.4244995117188
810,05,1568048114204,1530,0100,710.7623291015625,634.5463256835938,82.41545867919922,95.951171875,64.00792694091797,693.2171020507812,636.5,790.1522827148438,637.39208984375,791.7925415039062,692.8809204101562,699.911376953125,683.4244995117188
811,05,1568048114215,1530,0100,710.6425170898438,634.52001953125,82.01504516601562,96.3623275756836,65.72217559814453,693.0,636.6629638671875,789.9818115234375,637.5162963867188,791.8154907226562,692.9115600585938,700.0,683.5
812,05,1568048114228,1530,0100,710.6752319335938,634.6471557617188,81.82486724853516,95.9932632446289,65.13101196289062,693.0,636.6629638671875,790.0,637.5,791.8154907226562,692.9115600585938,700.0,683.4711303710938
813,05,1568048114240,1530,0100,710.4898681640625,634.65478515625,82.0300064086914,95.77674102783203,65.5517578125,692.9041748046875,636.7767333984375,790.0,637.5,791.7388916015625,692.9366455078125,699.911376953125,683.5755004882812
814,05,1568048114252,1530,0100,710.5676879882812,634.70703125,82.12323760986328,95.63861083984375,65.30432891845703,692.9041748046875,636.7767333984375,789.8439331054688,637.65576171875,791.5806884765625,692.950439453125,700.0,683.68212890625
815,05,1568048114264,1530,0100,710.5750122070312,634.8290405273438,81.949951171875,95.56465911865234,66.34741973876953,692.9041748046875,636.7767333984375,789.8439331054688,637.65576171875,791.5303344726562,693.0771484375,699.9310913085938,683.7193603515625
816,05,1568048114277,1530,0100,710.498046875,634.8452758789062,81.68209075927734,95.29157257080078,66.21280670166016,692.9552612304688,636.70751953125,789.8477172851562,637.60791015625,791.5303344726562,693.0771484375,699.9310913085938,683.7193603515625
817,05,1568048114289,1530,0100,710.5062866210938,634.7137451171875,81.728759765625,95.26189422607422,66.13294982910156,692.8389892578125,636.6787719726562,789.8477172851562,637.60791015625,791.510498046875,693.1551513671875,699.7758178710938,683.8914184570312
818,05,1568048114300,1530,0100,710.4612426757812,634.6730346679688,82.18047332763672,95.49983978271484,65.30683135986328,692.8389892578125,636.6787719726562,789.8477172851562,637.60791015625,791.47265625,693.0224609375,699.7758178710938,683.8914184570312
819,05,1568048114312,1530,0100,710.56787109375,634.7174682617188,82.04270935058594,95.55247497558594,65.4824447631836,692.8389892578125,636.6787719726562,789.8439331054688,637.65576171875,791.47265625,693.0224609375,699.8096313476562,683.8096313476562
820,05,1568048114324,1530,0100,711.0313110351562,634.5580444335938,82.24544525146484,96.10494995117188,66.01131439208984,693.1718139648438,636.6693725585938,790.1028442382812,637.6008911132812,791.6740112304688,692.8878173828125,700.0,683.68212890625
821,05,1568048114336,1530,0100,711.27978515625,634.5494384765625,81.94817352294922,95.57142639160156,65.59107971191406,693.269775390625,636.6024169921875,790.2073364257812,637.5584716796875,791.7523193359375,692.8497924804688,700.0689086914062,683.7193603515625
822,05,1568048114349,1530,0100,711.2049560546875,634.7548217773438,82.32482147216797,95.21112823486328,65.87422180175781,693.269775390625,636.6024169921875,790.2073364257812,637.5584716796875,791.7520141601562,692.8431396484375,700.0689086914062,683.7193603515625
823,05,1568048114361,1530,0100,711.0850219726562,634.6727294921875,82.08657836914062,96.30126190185547,65.50265502929688,693.1610107421875,636.6787719726562,790.1436157226562,637.6913452148438,791.7520141601562,692.8431396484375,700.0689086914062,683.7193603515625
824,05,1568048114374,1530,0100,711.21875,634.6710815429688,82.49067687988281,96.16282653808594,67.41366577148438,693.1690673828125,636.7294311523438,790.1436157226562,637.6913452148438,791.7520141601562,692.8431396484375,700.0689086914062,683.7193603515625
825,05,1568048114387,1530,0100,711.1345825195312,634.6871337890625,82.53975677490234,96.14004516601562,67.4243392944336,693.3123168945312,636.8623657226562,790.1436157226562,637.6913452148438,791.7520141601562,692.8431396484375,700.2806396484375,683.9310913085938
826,05,1568048114398,1530,0100,711.3823852539062,634.7191772460938,82.4433822631836,96.01908874511719,66.06095886230469,693.2991943359375,636.78125,790.25830078125,637.6423950195312,791.7520141601562,692.8431396484375,700.2806396484375,683.9310913085938
827,05,1568048114411,1530,0100,711.3887939453125,634.7210693359375,82.46502685546875,95.77983093261719,66.22157287597656,693.2991943359375,636.78125,790.25830078125,637.6423950195312,791.6956787109375,692.7902221679688,700.2806396484375,683.9310913085938
828,05,1568048114423,1530,0100,711.308837890625,634.8233642578125,82.28728485107422,96.34663391113281,65.0863265991211,693.3123168945312,636.8623657226562,790.1671752929688,637.6658935546875,791.7520141601562,692.8431396484375,700.2806396484375,683.9310913085938
829,05,1568048114435,1530,0100,711.380615234375,634.9276123046875,82.0068588256836,95.87516021728516,66.46745300292969,693.1690673828125,636.7294311523438,790.1671752929688,637.6658935546875,791.7520141601562,692.8431396484375,700.2806396484375,683.9310913085938
830,05,1568048114447,1530,0100,711.261474609375,635.0081176757812,82.02330017089844,96.0213623046875,66.28508758544922,693.3123168945312,636.8623657226562,790.1671752929688,637.6658935546875,791.7520141601562,692.8431396484375,700.31787109375,684.0
831,05,1568048114460,1530,0100,711.215087890625,634.959716796875,81.9388198852539,95.96587371826172,65.99726104736328,693.0596923828125,636.7891235351562,790.1865844726562,637.6287841796875,791.8154907226562,692.9115600585938,700.2806396484375,683.9310913085938
832,05,1568048114474,1530,0100,711.2609252929688,634.8847045898438,82.2734603881836,95.97655487060547,65.76066589355469,693.0596923828125,636.7891235351562,790.18701171875,637.6746215820312,791.7388916015625,692.9366455078125,700.31787109375,684.0
833,05,1568048114486,1530,0100,711.2168579101562,634.8900146484375,82.3082275390625,95.98515319824219,66.05062866210938,693.0812377929688,636.9236450195312,790.0787353515625,637.6047973632812,791.7388916015625,692.9366455078125,700.31787109375,684.0
834,05,1568048114499,1530,0100,711.1226196289062,634.9361572265625,82.876708984375,96.65702819824219,69.41146087646484,692.9547119140625,636.7661743164062,790.1317138671875,637.7109375,791.7424926757812,692.9960327148438,700.2806396484375,684.0689086914062
835,05,1568048114512,1530,0100,711.3143920898438,635.0527954101562,82.80045318603516,96.15025329589844,68.4065933227539,693.0,637.1893310546875,790.036376953125,637.7779541015625,791.5242309570312,692.91748046875,700.0,684.31787109375
836,05,1568048114526,1530,0100,711.0838012695312,635.3204345703125,82.67204284667969,96.6219711303711,68.31764221191406,693.0,637.1893310546875,789.9298706054688,637.92041015625,791.3932495117188,692.97900390625,700.0,684.31787109375
837,05,1568048114540,1530,0100,711.183349609375,635.1510009765625,83.18589782714844,97.24797058105469,68.74300384521484,693.0,637.1702270507812,789.9298706054688,637.92041015625,791.4373168945312,693.100830078125,700.0,684.2538452148438
838,05,1568048114553,1530,0100,711.0953369140625,635.343505859375,82.6122817993164,96.25822448730469,67.07573699951172,693.0,637.1702270507812,790.045654296875,638.03076171875,791.3942260742188,693.163818359375,700.0,684.2538452148438
839,05,1568048114566,1530,0100,711.1741943359375,635.4016723632812,82.48099517822266,96.59911346435547,66.65058135986328,692.9041748046875,637.2232666015625,790.0,638.0,791.3942260742188,693.163818359375,700.0,684.2538452148438
840,05,1568048114579,1530,0100,711.2075805664062,635.4503173828125,83.01411437988281,96.45597076416016,67.4732894897461,693.0,637.1702270507812,790.0,638.0,791.3446044921875,693.198974609375,700.0,684.5
841,05,1568048114592,1530,0100,711.2840576171875,635.5753784179688,82.89289093017578,96.84088897705078,67.10271453857422,693.0,637.1702270507812,789.954345703125,637.96923828125,791.5254516601562,693.3746337890625,700.0,684.5
842,05,1568048114605,1530,0100,711.3623046875,635.5675048828125,82.9962387084961,96.97907257080078,67.5099105834961,693.0,637.3370361328125,790.05615234375,638.0054321289062,791.5254516601562,693.3746337890625,700.0,684.5
843,05,1568048114617,1530,0100,711.46728515625,635.5719604492188,83.01724243164062,97.04637908935547,68.03549194335938,693.130859375,637.4323120117188,790.0771484375,638.235595703125,791.5254516601562,693.3746337890625,700.0,684.7461547851562
844,05,1568048114630,1530,0100,711.3009643554688,635.6776733398438,83.35962677001953,97.24562072753906,67.46637725830078,693.2171020507812,637.5,790.0280151367188,638.44677734375,791.5731811523438,693.5135498046875,700.0970458984375,684.7922973632812
845,05,1568048114643,1530,0100,711.3967895507812,635.7659301757812,83.48989868164062,97.08979034423828,67.0462417602539,693.2171020507812,637.5,790.1522827148438,638.39208984375,791.5731811523438,693.5135498046875,700.1085815429688,684.7758178710938
846,05,1568048114655,1530,0100,711.4271850585938,635.9530639648438,83.6867904663086,97.23223114013672,67.89012145996094,693.269775390625,637.6024169921875,789.9818115234375,638.5162963867188,791.5421142578125,693.4300537109375,700.2806396484375,684.9310913085938
847,05,1568048114668,1530,0100,711.6338500976562,635.84130859375,84.00250244140625,97.17621612548828,68.83026123046875,693.0958251953125,637.7767333984375,789.9818115234375,638.5162963867188,791.5252075195312,693.4983520507812,700.31787109375,685.0
848,05,1568048114681,1530,0100,711.6658935546875,635.8486938476562,83.96382904052734,97.31412506103516,68.04815673828125,693.202392578125,637.7193603515625,790.0,638.5,791.5923461914062,693.5517578125,700.2806396484375,685.0689086914062
849,05,1568048114694,1530,0100,711.6465454101562,635.9607543945312,83.6846923828125,96.81477355957031,67.69010162353516,693.038818359375,637.7271728515625,790.1093139648438,638.5904541015625,791.5923461914062,693.5517578125,700.2806396484375,685.0689086914062
850,05,1568048114707,1530,0100,711.7318115234375,636.2666625976562,84.19670104980469,98.1150894165039,68.68038940429688,693.038818359375,637.7271728515625,790.1382446289062,638.5598754882812,791.5528564453125,693.6654663085938,700.2806396484375,685.0689086914062
851,05,1568048114720,1530,0100,711.6881713867188,636.314208984375,84.19348907470703,97.4847640991211,68.31763458251953,693.0632934570312,637.7606201171875,790.1951904296875,638.6428833007812,791.6613159179688,693.9010009765625,700.2806396484375,685.0689086914062
852,05,1568048114732,1530,0100,711.6848754882812,636.327880859375,84.74925994873047,97.22386169433594,68.1123275756836,693.183837890625,637.8965454101562,790.1951904296875,638.6428833007812,791.6613159179688,693.9010009765625,700.2593994140625,685.0686645507812
853,05,1568048114745,1530,0100,711.7880859375,636.2608642578125,84.27644348144531,97.7548828125,68.2617416381836,693.274658203125,638.1371459960938,790.1317138671875,638.7109375,791.6613159179688,693.9010009765625,700.0692749023438,685.2520751953125
854,05,1568048114758,1530,0100,711.7821655273438,636.2657470703125,84.47644805908203,97.95748901367188,67.87163543701172,693.274658203125,638.1371459960938,790.1673583984375,638.7543334960938,791.6613159179688,693.9010009765625,700.2523803710938,685.3255615234375
855,05,1568048114771,1530,0100,711.7222900390625,636.4415893554688,84.24173736572266,97.8787841796875,68.01275634765625,693.1610107421875,638.3212280273438,790.0991821289062,638.8740234375,791.7424926757812,693.9960327148438,700.1966552734375,685.4459228515625
856,05,1568048114784,1530,0100,711.6930541992188,636.476318359375,84.5499267578125,98.06538391113281,67.86531066894531,693.202392578125,638.2806396484375,790.05615234375,639.0054321289062,791.7955322265625,694.038818359375,700.1575317382812,685.6610107421875
857,05,1568048114797,1530,0100,711.7015991210938,636.6886596679688,84.93358612060547,98.47794342041016,67.86032104492188,693.2255249023438,638.4449462890625,790.1515502929688,638.9931030273438,791.69970703125,693.9534912109375,700.1575317382812,685.6610107421875
858,05,1568048114809,1530,0100,711.7219848632812,636.5503540039062,85.08404541015625,98.47795104980469,69.57023620605469,693.269775390625,638.3975830078125,790.1515502929688,638.9931030273438,791.9884643554688,694.198974609375,700.1575317382812,685.6610107421875
859,05,1568048114823,1530,0100,711.7083129882812,636.7681884765625,85.37625885009766,98.90755462646484,66.65901184082031,693.269775390625,638.3975830078125,790.2713623046875,639.1959838867188,791.9432373046875,694.2858276367188,700.1737670898438,685.7975463867188
860,05,1568048114837,1530,0100,711.756103515625,636.8844604492188,84.84107971191406,98.70791625976562,67.65707397460938,693.2445068359375,638.3796997070312,790.2713623046875,639.1959838867188,791.9432373046875,694.2858276367188,700.1737670898438,685.7975463867188
861,05,1568048114850,1530,0100,711.714599609375,637.1116333007812,84.92719268798828,98.64830017089844,67.2546157836914,693.3843994140625,638.503173828125,790.2605590820312,639.2261962890625,791.8678588867188,694.4597778320312,700.31787109375,686.0
862,05,1568048114864,1530,0100,711.78125,636.9288940429688,85.08798217773438,98.97574615478516,67.6398696899414,693.3843994140625,638.503173828125,790.1522827148438,639.39208984375,791.8678588867188,694.4597778320312,700.31787109375,686.0
863,05,1568048114877,1530,0100,711.7914428710938,637.0408325195312,85.0244369506836,98.96192169189453,67.52552795410156,693.3843994140625,638.503173828125,790.2504272460938,639.4387817382812,791.8678588867188,694.4597778320312,700.31787109375,686.0
864,05,1568048114890,1530,0100,711.7718505859375,637.1417846679688,85.23136901855469,99.15506744384766,67.4346923828125,693.3843994140625,638.503173828125,790.2605590820312,639.2261962890625,791.8678588867188,694.4597778320312,700.31787109375,686.0
865,05,1568048114903,1530,0100,711.782958984375,637.0084838867188,85.58972930908203,98.92229461669922,67.28934478759766,693.3335571289062,638.5,790.2605590820312,639.2261962890625,791.840087890625,694.4713134765625,700.31787109375,686.0
866,05,1568048114915,1530,0100,711.6669311523438,636.981201171875,85.63973236083984,99.4108657836914,67.77392578125,693.3335571289062,638.5,790.2605590820312,639.2261962890625,791.8678588867188,694.4597778320312,700.31787109375,686.0
867,05,1568048114928,1530,0100,711.759521484375,637.0789794921875,85.78005981445312,99.50635528564453,68.8424301147461,693.269775390625,638.3975830078125,790.2713623046875,639.1959838867188,791.8678588867188,694.4597778320312,700.1903686523438,685.8096313476562
868,05,1568048114942,1530,0100,711.5794677734375,636.916015625,85.81132507324219,99.50740814208984,68.8446044921875,693.269775390625,638.3975830078125,790.2713623046875,639.1959838867188,791.8678588867188,694.4597778320312,700.1903686523438,685.8096313476562
869,05,1568048114955,1530,0100,711.7518920898438,636.975341796875,85.66905975341797,99.25796508789062,67.8091812133789,693.269775390625,638.3975830078125,790.2713623046875,639.1959838867188,791.8678588867188,694.4597778320312,700.1903686523438,685.8096313476562
870,05,1568048114968,1530,0100,711.6888427734375,636.989501953125,85.53705596923828,99.57593536376953,67.71331024169922,693.269775390625,638.3975830078125,790.2713623046875,639.1959838867188,791.8678588867188,694.4597778320312,700.1903686523438,685.8096313476562
871,05,1568048114982,1530,0100,711.6445922851562,637.00146484375,86.43360900878906,99.4212875366211,67.8800277709961,693.269775390625,638.3975830078125,790.1857299804688,639.1101684570312,791.8678588867188,694.4597778320312,700.1903686523438,685.8096313476562
872,05,1568048114996,1530,0100,711.4978637695312,637.0565795898438,86.23809051513672,100.12120056152344,67.8185043334961,693.269775390625,638.3975830078125,790.1857299804688,639.1101684570312,791.8678588867188,694.4597778320312,700.1903686523438,685.8096313476562
873,05,1568048115010,1530,0100,711.6961059570312,636.9771728515625,86.12604522705078,99.8650131225586,68.50188446044922,693.269775390625,638.3975830078125,790.1588134765625,639.3700561523438,791.8678588867188,694.4597778320312,700.2806396484375,685.9310913085938
874,05,1568048115022,1530,0100,711.6170654296875,637.1130981445312,86.50292205810547,100.60258483886719,68.737548828125,693.269775390625,638.6024169921875,790.1522827148438,639.39208984375,791.8678588867188,694.4597778320312,700.31787109375,686.0
875,05,1568048115035,1530,0100,711.6954956054688,637.039306640625,86.50298309326172,100.57254028320312,67.56895446777344,693.269775390625,638.6024169921875,790.1522827148438,639.39208984375,791.8678588867188,694.4597778320312,700.31787109375,686.0
876,05,1568048115048,1530,0100,711.7530517578125,637.1055908203125,86.85173034667969,100.08549499511719,68.02630615234375,693.269775390625,638.6024169921875,790.2605590820312,639.2261962890625,791.8678588867188,694.4597778320312,700.31787109375,686.0
877,05,1568048115061,1530,0100,711.7637939453125,637.252685546875,86.36299896240234,100.30635833740234,69.06306457519531,693.269775390625,638.6024169921875,790.365478515625,639.2638549804688,791.8678588867188,694.4597778320312,700.31787109375,686.0
878,05,1568048115074,1530,0100,711.68212890625,637.0958251953125,86.88291931152344,100.52841186523438,68.91132354736328,693.2445068359375,638.6203002929688,790.3883666992188,639.3211059570312,791.82177734375,694.4306030273438,700.2806396484375,686.0689086914062
879,05,1568048115086,1530,0100,711.6954956054688,637.242431640625,87.08006286621094,100.53597259521484,68.71360778808594,693.349853515625,638.650146484375,790.2703857421875,639.4141845703125,791.884521484375,694.525146484375,700.2806396484375,686.0689086914062
880,05,1568048115098,1530,0100,711.6779174804688,637.2665405273438,87.108154296875,100.56964874267578,68.16146087646484,693.4006958007812,638.6695556640625,790.2703857421875,639.4141845703125,791.8997192382812,694.6024169921875,700.2806396484375,686.0689086914062
881,05,1568048115109,1530,0100,711.7572631835938,637.21044921875,86.90532684326172,100.68956756591797,67.42911529541016,693.5,638.8560180664062,790.2703857421875,639.4141845703125,791.8997192382812,694.6024169921875,700.2806396484375,686.0689086914062
882,05,1568048115121,1530,0100,711.796142578125,637.3385009765625,86.68144226074219,100.58242797851562,67.78544616699219,693.5,638.8560180664062,790.2703857421875,639.4141845703125,791.8624267578125,694.5227661132812,700.2806396484375,686.0689086914062
883,05,1568048115133,1530,0100,711.8470458984375,637.2943115234375,86.73942565917969,100.62313842773438,68.23297119140625,693.3717041015625,638.6455688476562,790.2703857421875,639.4141845703125,791.8624267578125,694.5227661132812,700.2806396484375,686.0689086914062
884,05,1568048115145,1530,0100,711.6339721679688,637.2881469726562,87.1827392578125,101.17782592773438,67.24706268310547,693.32666015625,638.6131591796875,790.2703857421875,639.4141845703125,791.9131469726562,694.6102294921875,700.1702880859375,686.1702880859375
885,05,1568048115157,1530,0100,711.6768798828125,637.3907470703125,86.94905090332031,100.71815490722656,67.67904663085938,693.269775390625,638.6024169921875,790.1671752929688,639.4414672851562,791.8737182617188,694.510498046875,700.1702880859375,686.1702880859375
886,05,1568048115169,1530,0100,711.6918334960938,637.1812133789062,87.5350341796875,101.39611053466797,67.89874267578125,693.2171020507812,638.5,790.1522827148438,639.39208984375,791.625,694.4581298828125,700.0,686.0
887,05,1568048115180,1530,0100,711.494384765625,637.2283325195312,87.51809692382812,101.4535140991211,67.95783233642578,693.2171020507812,638.5,790.0679321289062,639.257080078125,791.658447265625,694.5299682617188,699.9805297851562,685.9176635742188
888,05,1568048115192,1530,0100,711.4165649414062,637.1427001953125,87.43949890136719,101.60807800292969,68.4393081665039,693.2171020507812,638.5,790.0679321289062,639.257080078125,791.658447265625,694.5299682617188,699.8297119140625,685.8297119140625
889,05,1568048115204,1530,0100,711.3663940429688,637.1551513671875,87.61975860595703,101.88987731933594,69.13333129882812,693.2171020507812,638.5,790.0679321289062,639.257080078125,791.658447265625,694.5299682617188,699.8297119140625,685.8297119140625
890,05,1568048115216,1530,0100,711.4366455078125,637.3190307617188,87.50656127929688,101.3567123413086,67.81356811523438,693.2171020507812,638.5,790.0679321289062,639.257080078125,791.658447265625,694.5299682617188,699.8297119140625,685.8297119140625
891,05,1568048115228,1530,0100,711.4512329101562,637.2570190429688,87.69892883300781,101.61994934082031,68.46830749511719,693.2171020507812,638.5,790.0679321289062,639.257080078125,791.658447265625,694.5299682617188,699.8297119140625,685.8297119140625
892,05,1568048115239,1530,0100,711.3994750976562,637.0764770507812,87.94841003417969,101.91291046142578,67.91338348388672,693.269775390625,638.3975830078125,789.954345703125,638.96923828125,791.5656127929688,694.2321166992188,699.8297119140625,685.8297119140625
893,05,1568048115251,1530,0100,711.2268676757812,637.1605834960938,87.66055297851562,101.57244110107422,68.55032348632812,693.1718139648438,638.3306274414062,789.954345703125,638.96923828125,791.5031127929688,694.1012573242188,699.8297119140625,685.8297119140625
894,05,1568048115263,1530,0100,711.3677978515625,637.0906372070312,88.1399154663086,101.8165283203125,69.15217590332031,693.0,638.1702270507812,790.0,639.0,791.5031127929688,694.1012573242188,699.8297119140625,685.8297119140625
895,05,1568048115275,1530,0100,711.2666015625,636.9708862304688,87.74642181396484,102.3666000366211,68.703857421875,692.9041748046875,638.2232666015625,789.9476318359375,639.0498657226562,791.4557495117188,694.0944213867188,699.8297119140625,685.8297119140625
896,05,1568048115287,1530,0100,711.1649780273438,637.16015625,87.89297485351562,102.28330993652344,68.76728820800781,692.797607421875,638.2806396484375,789.9476318359375,639.0498657226562,791.3935546875,694.0382690429688,699.8297119140625,685.8297119140625
897,05,1568048115299,1530,0100,711.1087646484375,637.1175537109375,87.9111099243164,102.16263580322266,68.44263458251953,692.730224609375,638.3975830078125,789.9476318359375,639.0498657226562,791.5464477539062,694.3594970703125,699.7193603515625,685.9310913085938
898,05,1568048115310,1530,0100,711.1353759765625,637.1115112304688,88.02635192871094,102.3787841796875,69.33268737792969,692.730224609375,638.3975830078125,789.8346557617188,639.1653442382812,791.5464477539062,694.3594970703125,699.7193603515625,685.9310913085938
899,05,1568048115322,1530,0100,711.0567626953125,637.1859741210938,88.2842025756836,102.50419616699219,68.68038177490234,692.730224609375,638.3975830078125,789.8346557617188,639.1653442382812,791.2265625,694.2529907226562,699.7193603515625,685.9310913085938
900,05,1568048115334,1530,0100,711.062744140625,637.0844116210938,88.50135803222656,102.60526275634766,68.68204498291016,692.730224609375,638.3975830078125,789.9235229492188,639.0301513671875,791.3150024414062,694.320556640625,699.7193603515625,685.9310913085938
901,06,1568048129832,1816,0100,678.6536865234375,642.91796875,77.36848449707031,92.99028015136719,58.23641586303711,674.4915161132812,643.057861328125,783.5164184570312,647.3995971679688,776.489501953125,696.6380004882812,681.6744384765625,691.2523803710938
902,06,1568048129844,1816,0100,678.5995483398438,643.2903442382812,77.96633911132812,93.93489837646484,56.69894027709961,674.4915161132812,643.057861328125,783.358642578125,647.3240356445312,776.5614013671875,696.747802734375,681.6348266601562,691.1475830078125
903,06,1568048129858,1816,0100,678.5203857421875,642.9110717773438,77.32872772216797,93.25924682617188,57.38978958129883,674.5,643.0,783.3543090820312,647.2619018554688,776.509521484375,696.727783203125,681.6348266601562,691.1475830078125
904,06,1568048129870,1816,0100,678.5289306640625,642.8682250976562,77.42404174804688,93.46286010742188,57.78577423095703,674.5,643.0,783.3543090820312,647.2619018554688,776.5966796875,696.404541015625,681.6348266601562,691.1475830078125
905,06,1568048129882,1816,0100,678.600830078125,642.8773803710938,77.70323944091797,93.46748352050781,56.91108322143555,674.5,643.037353515625,783.3250732421875,647.220947265625,776.5868530273438,696.4446411132812,681.5,691.1484985351562
906,06,1568048129894,1816,0100,678.6168212890625,642.6243286132812,77.91361999511719,92.64128875732422,58.6934814453125,674.5881958007812,642.9583129882812,783.3320922851562,647.0997924804688,776.3379516601562,696.2737426757812,681.3733520507812,691.0581665039062
907,06,1568048129905,1816,0100,678.5574951171875,642.6416625976562,77.39451599121094,93.05937194824219,58.31536102294922,674.5,642.8560180664062,783.302978515625,647.082763671875,776.3380737304688,695.9154663085938,681.3733520507812,691.0581665039062
908,06,1568048129917,1816,0100,678.3721313476562,642.8545532226562,77.58261108398438,93.08102416992188,57.318946838378906,674.4006958007812,642.6695556640625,783.0862426757812,646.9022827148438,776.2921752929688,695.9027099609375,681.2538452148438,691.0
909,06,1568048129929,1816,0100,678.3428955078125,642.455078125,76.99165344238281,92.76131439208984,57.21890640258789,674.3717041015625,642.6455688476562,783.0618286132812,646.7635498046875,776.1831665039062,696.1023559570312,681.2538452148438,691.0
910,06,1568048129941,1816,0100,678.2305297851562,642.507080078125,77.15127563476562,92.78878784179688,56.20729064941406,674.269775390625,642.6024169921875,782.98486328125,646.5618896484375,776.301513671875,696.1050415039062,681.2538452148438,691.0
911,06,1568048129953,1816,0100,678.1261596679688,642.4639892578125,77.2536849975586,92.73825073242188,57.00320053100586,674.269775390625,642.6024169921875,782.98486328125,646.5618896484375,776.315185546875,696.0310668945312,681.2538452148438,691.0
912,06,1568048129966,1816,0100,678.289794921875,642.3230590820312,77.22442626953125,92.45132446289062,58.069217681884766,674.269775390625,642.6024169921875,782.98486328125,646.5618896484375,776.315185546875,696.0310668945312,681.2520751953125,690.9307250976562
913,06,1568048129979,1816,0100,678.4074096679688,642.4965209960938,76.92183685302734,92.4482192993164,56.08449935913086,674.2445068359375,642.6203002929688,783.0228881835938,646.5578002929688,776.301513671875,696.1050415039062,681.2520751953125,690.9307250976562
914,06,1568048129992,1816,0100,678.4097900390625,642.5565185546875,76.98251342773438,92.75592803955078,57.65081024169922,674.4006958007812,642.6695556640625,783.2699584960938,646.745849609375,776.2586059570312,695.7836303710938,681.3733520507812,690.9418334960938
915,06,1568048130003,1816,0100,678.4425048828125,642.296142578125,76.17778015136719,92.0043716430664,57.89002227783203,674.5,642.8560180664062,783.38232421875,646.924560546875,776.2841796875,695.7974243164062,681.3733520507812,691.0581665039062
916,06,1568048130015,1816,0100,678.4139404296875,642.575927734375,76.34412384033203,92.44463348388672,56.84151077270508,674.5,642.8560180664062,783.383544921875,646.967041015625,776.476318359375,696.1085205078125,681.5,691.0
917,06,1568048130027,1816,0100,678.4068603515625,642.5730590820312,76.4419937133789,92.30265045166016,56.832820892333984,674.5,642.8560180664062,783.383544921875,646.967041015625,776.5326538085938,696.1287231445312,681.5,691.0
918,06,1568048130039,1816,0100,678.377685546875,642.5929565429688,76.71662139892578,92.3690185546875,55.98964309692383,674.5,642.8560180664062,783.4067993164062,646.9845581054688,776.5326538085938,696.1287231445312,681.5,691.0
919,06,1568048130051,1816,0100,678.4059448242188,642.5473022460938,76.15005493164062,92.54890441894531,57.373905181884766,674.5,642.8560180664062,783.4067993164062,646.9845581054688,776.5966796875,696.4398193359375,681.5,691.0
920,06,1568048130067,1816,0100,678.407470703125,642.5791015625,76.3975601196289,92.35692596435547,55.97593688964844,674.5,642.8560180664062,783.4067993164062,646.9845581054688,776.5966796875,696.4398193359375,681.5,691.0
921,06,1568048130079,1816,0100,678.4495849609375,642.4660034179688,76.3553695678711,91.6799087524414,57.79887390136719,674.5,642.8560180664062,783.4067993164062,646.9845581054688,776.5966796875,696.4398193359375,681.5,691.0
922,06,1568048130090,1816,0100,678.4037475585938,642.5709838867188,76.375,91.75383758544922,56.44538116455078,674.5,642.8560180664062,783.4067993164062,646.9845581054688,776.5326538085938,696.1287231445312,681.5,691.0
923,06,1568048130101,1816,0100,678.5121459960938,642.4488525390625,76.04093170166016,91.33087921142578,56.843170166015625,674.5,642.8560180664062,783.4067993164062,646.9845581054688,776.5326538085938,696.1287231445312,681.5,691.0
924,06,1568048130113,1816,0100,678.4277954101562,642.4246215820312,76.14717102050781,91.38520812988281,57.37562561035156,674.5,642.8560180664062,783.3682250976562,647.0601806640625,776.5326538085938,696.1287231445312,681.5,691.0
925,06,1568048130125,1816,0100,678.1075439453125,642.4978637695312,74.93064880371094,91.20095825195312,56.76304626464844,674.5,642.8560180664062,783.383544921875,646.967041015625,776.4683227539062,696.1481323242188,681.5,691.0
926,06,1568048130139,1816,0100,678.0333862304688,642.4894409179688,75.98944854736328,92.51856231689453,56.48573684692383,674.5,642.8560180664062,783.383544921875,646.967041015625,776.4683227539062,696.1481323242188,681.5,691.0
927,06,1568048130151,1816,0100,678.2176513671875,642.4566040039062,75.64066314697266,90.32434844970703,56.82879638671875,674.5076293945312,642.842041015625,783.383544921875,646.967041015625,776.4683227539062,696.1481323242188,681.5,691.0
928,06,1568048130162,1816,0100,678.2941284179688,642.3253173828125,75.65528869628906,90.18338775634766,56.261260986328125,674.5,642.8560180664062,783.38232421875,646.924560546875,776.5326538085938,696.1287231445312,681.5,691.0
929,06,1568048130173,1816,0100,678.2548217773438,642.0700073242188,75.46266174316406,90.37162780761719,58.0571174621582,674.5,642.8560180664062,783.383544921875,646.967041015625,776.3370971679688,696.0015869140625,681.5,691.0
930,06,1568048130185,1816,0100,678.0098266601562,642.2745971679688,75.45836639404297,90.9622573852539,55.94906997680664,674.5,642.8560180664062,783.383544921875,646.967041015625,776.2627563476562,695.9802856445312,681.5,691.0
931,06,1568048130198,1816,0100,677.757080078125,642.4999389648438,75.04251098632812,90.41930389404297,57.83165740966797,674.5,642.8560180664062,783.458984375,647.1459350585938,776.2470092773438,696.0162353515625,681.5,691.0
932,06,1568048130210,1816,0100,678.102294921875,642.5686645507812,75.53831481933594,91.0298080444336,56.41379165649414,674.5881958007812,642.9583129882812,783.2305297851562,647.1937255859375,776.4683227539062,696.1481323242188,681.3733520507812,691.0581665039062
933,06,1568048130221,1816,0100,678.01171875,642.620361328125,74.97056579589844,90.47999572753906,56.50639343261719,674.5,643.037353515625,783.3543090820312,647.2619018554688,776.4683227539062,696.1481323242188,681.3988647460938,691.125
934,06,1568048130233,1816,0100,677.9210205078125,642.5324096679688,75.02894592285156,90.70463562011719,57.122920989990234,674.5,643.037353515625,783.24267578125,647.2532958984375,776.4683227539062,696.1481323242188,681.6348266601562,691.1475830078125
935,06,1568048130246,1816,0100,678.2257080078125,642.5906372070312,74.1286849975586,90.13508605957031,56.688926696777344,674.5,643.0,783.24267578125,647.2532958984375,776.45703125,696.1598510742188,681.6348266601562,691.1475830078125
936,06,1568048130259,1816,0100,678.2850341796875,642.3444213867188,74.7830581665039,90.25543212890625,56.118289947509766,674.5,643.0,783.24267578125,647.2532958984375,776.51220703125,696.1560668945312,681.6348266601562,691.1475830078125
937,06,1568048130272,1816,0100,678.4213256835938,642.609375,74.83393859863281,89.96954345703125,54.906089782714844,674.5039672851562,643.0,783.3543090820312,647.2619018554688,776.51953125,696.3970336914062,681.6348266601562,691.1475830078125
938,06,1568048130285,1816,0100,678.415283203125,642.5476684570312,74.77530670166016,90.10414123535156,56.082977294921875,674.5039672851562,643.0,783.3543090820312,647.2619018554688,776.51953125,696.3970336914062,681.6348266601562,691.1475830078125
939,06,1568048130297,1816,0100,678.456787109375,642.5389404296875,74.81956481933594,89.70287322998047,54.87004470825195,674.4915161132812,642.942138671875,783.4060668945312,647.2299194335938,776.51953125,696.3970336914062,681.6348266601562,691.1475830078125
940,06,1568048130310,1816,0100,678.4421997070312,642.4403686523438,74.84737396240234,89.84542083740234,55.46009063720703,674.5714721679688,642.9221801757812,783.4693603515625,647.2144775390625,776.51953125,696.3970336914062,681.6348266601562,691.1475830078125
941,06,1568048130322,1816,0100,678.3524169921875,642.6192626953125,74.18620300292969,89.39140319824219,55.69453048706055,674.5623168945312,642.8723754882812,783.4693603515625,647.2144775390625,776.51953125,696.3970336914062,681.6348266601562,691.1475830078125
942,06,1568048130333,1816,0100,678.40625,642.4725341796875,74.65937042236328,89.74964904785156,56.43816375732422,674.5623168945312,642.8723754882812,783.4693603515625,647.2144775390625,776.51953125,696.3970336914062,681.7479248046875,691.0692749023438
943,06,1568048130345,1816,0100,678.3855590820312,642.5556640625,74.52183532714844,89.68953704833984,56.57782745361328,674.5623168945312,642.8723754882812,783.4693603515625,647.2144775390625,776.5444946289062,696.4014892578125,681.7479248046875,691.0692749023438
944,06,1568048130358,1816,0100,678.4368286132812,642.5377197265625,74.63252258300781,89.66704559326172,55.65194320678711,674.5714721679688,642.9221801757812,783.4957275390625,647.1935424804688,776.51953125,696.3970336914062,681.7479248046875,691.0692749023438
945,06,1568048130370,1816,0100,678.323486328125,642.5022583007812,74.61920928955078,89.14076232910156,55.731266021728516,674.5714721679688,642.9221801757812,783.3543090820312,647.2619018554688,776.4893188476562,696.2922973632812,681.7479248046875,691.0692749023438
946,06,1568048130383,1816,0100,678.332275390625,642.5676879882812,74.7436294555664,89.37324523925781,56.25575256347656,674.5039672851562,643.0,783.358642578125,647.3240356445312,776.4893188476562,696.2922973632812,681.6348266601562,691.1475830078125
947,06,1568048130396,1816,0100,678.4038696289062,642.6268310546875,74.22048950195312,89.2379379272461,55.65574264526367,674.5039672851562,643.0,783.3582153320312,647.28076171875,776.4893188476562,696.2922973632812,681.6348266601562,691.1475830078125
948,06,1568048130408,1816,0100,678.341796875,642.6658325195312,75.21025085449219,89.72928619384766,55.195377349853516,674.5039672851562,643.0,783.2393798828125,647.3174438476562,776.5864868164062,696.3016357421875,681.6348266601562,691.1475830078125
949,06,1568048130420,1816,0100,678.484130859375,642.662109375,73.79058074951172,89.57501220703125,57.1356086730957,674.4915161132812,643.057861328125,783.3740844726562,647.386962890625,776.5864868164062,696.3016357421875,681.6348266601562,691.1475830078125
950,06,1568048130432,1816,0100,678.3246459960938,642.4844360351562,74.45459747314453,88.80540466308594,55.886573791503906,674.4915161132812,643.057861328125,783.3740844726562,647.386962890625,776.5706787109375,696.3477172851562,681.6744384765625,691.2523803710938
951,06,1568048130444,1816,0100,678.470947265625,642.36376953125,74.33345794677734,89.36247253417969,55.66236114501953,674.4915161132812,643.057861328125,783.3740844726562,647.386962890625,776.5706787109375,696.3477172851562,681.7639770507812,691.228759765625
952,06,1568048130456,1816,0100,678.4186401367188,642.3729248046875,74.2243423461914,89.78260803222656,57.252906799316406,674.4915161132812,643.057861328125,783.3740844726562,647.386962890625,776.5584106445312,696.3495483398438,681.7639770507812,691.228759765625
953,06,1568048130468,1816,0100,678.56884765625,642.4046630859375,74.19268798828125,89.49724578857422,55.95433044433594,674.4915161132812,643.057861328125,783.3740844726562,647.386962890625,776.5584106445312,696.3495483398438,681.8213500976562,691.3162841796875
954,06,1568048130480,1816,0100,678.4452514648438,642.6693725585938,74.24454498291016,88.9485092163086,56.71049118041992,674.4915161132812,643.057861328125,783.3740844726562,647.386962890625,776.5584106445312,696.3495483398438,681.7639770507812,691.228759765625
955,06,1568048130491,1816,0100,678.4015502929688,642.5810546875,74.2467269897461,88.89794158935547,55.683692932128906,674.4915161132812,643.057861328125,783.3884887695312,647.438232421875,776.5584106445312,696.3495483398438,681.8213500976562,691.3162841796875
956,06,1568048130503,1816,0100,678.381591796875,642.6659545898438,74.31437683105469,88.84286499023438,55.613990783691406,674.4915161132812,643.057861328125,783.3884887695312,647.438232421875,776.5584106445312,696.3495483398438,681.6744384765625,691.2523803710938
957,06,1568048130515,1816,0100,678.2831420898438,642.7026977539062,73.85993957519531,88.35397338867188,54.87345886230469,674.4915161132812,643.057861328125,783.2760009765625,647.4721069335938,776.5307006835938,696.371826171875,681.8213500976562,691.3162841796875
958,06,1568048130529,1816,0100,678.1781616210938,642.6306762695312,74.07339477539062,88.31426239013672,55.792999267578125,674.4915161132812,643.057861328125,783.2760009765625,647.4721069335938,776.5307006835938,696.371826171875,681.8213500976562,691.3162841796875
959,06,1568048130541,1816,0100,678.113525390625,642.645263671875,73.97216033935547,88.78093719482422,56.060909271240234,674.4915161132812,643.057861328125,783.2760009765625,647.4721069335938,776.53515625,696.3278198242188,681.8213500976562,691.3162841796875
960,06,1568048130553,1816,0100,678.3601684570312,642.6439208984375,74.53642272949219,89.08815002441406,56.43918228149414,674.4915161132812,643.057861328125,783.2760009765625,647.4721069335938,776.5269775390625,696.3876342773438,681.8213500976562,691.3162841796875
961,06,1568048130565,1816,0100,678.328125,642.648681640625,74.3625717163086,89.1937484741211,55.9676399230957,674.4915161132812,643.057861328125,783.3740844726562,647.386962890625,776.5155029296875,696.3333129882812,681.6744384765625,691.2523803710938
962,06,1568048130578,1816,0100,678.3023681640625,642.5713500976562,74.54830169677734,89.25577545166016,55.90837860107422,674.5039672851562,643.0,783.3734741210938,647.3743286132812,776.55419921875,696.2589111328125,681.7639770507812,691.228759765625
963,06,1568048130590,1816,0100,678.24853515625,642.5839233398438,74.56265258789062,89.45511627197266,56.28630065917969,674.5039672851562,643.0,783.3734741210938,647.3743286132812,776.55419921875,696.2589111328125,681.6348266601562,691.1475830078125
964,06,1568048130603,1816,0100,678.3383178710938,642.5985107421875,74.97245025634766,89.33641815185547,55.12131118774414,674.5039672851562,643.0,783.3734741210938,647.3743286132812,776.5669555664062,696.2518310546875,681.6348266601562,691.1475830078125
965,06,1568048130614,1816,0100,678.3067626953125,642.5078735351562,74.64884185791016,89.5291976928711,55.941497802734375,674.5039672851562,643.0,783.3734741210938,647.3743286132812,776.6237182617188,696.2315673828125,681.7639770507812,691.228759765625
966,06,1568048130626,1816,0100,678.4195556640625,642.5907592773438,74.70491027832031,89.7205581665039,55.882137298583984,674.5039672851562,643.0,783.5104370117188,647.384765625,776.745361328125,696.6102294921875,681.9313354492188,691.2593994140625
967,06,1568048130638,1816,0100,678.3228149414062,642.6503295898438,74.64151000976562,89.73577117919922,55.798954010009766,674.5874633789062,643.028076171875,783.395263671875,647.3489990234375,776.6969604492188,696.6240234375,681.9310913085938,691.2806396484375
968,06,1568048130650,1816,0100,678.427490234375,642.8146362304688,74.94233703613281,89.80522918701172,56.271026611328125,674.7230834960938,643.0642700195312,783.395263671875,647.3489990234375,776.6969604492188,696.6240234375,681.9310913085938,691.2806396484375
969,06,1568048130661,1816,0100,678.3442993164062,642.6923217773438,74.65914154052734,89.6990737915039,56.338653564453125,674.4915161132812,643.057861328125,783.5164184570312,647.3995971679688,776.6969604492188,696.6240234375,681.9310913085938,691.2806396484375
970,06,1568048130673,1816,0100,678.3551635742188,642.6970825195312,74.62788391113281,89.98121643066406,56.00556945800781,674.5039672851562,643.0,783.5164184570312,647.3995971679688,776.5230712890625,696.373779296875,681.9313354492188,691.2593994140625
971,06,1568048130685,1816,0100,678.3916625976562,642.6024169921875,74.7623062133789,90.01264953613281,55.26247024536133,674.5039672851562,643.0,783.3734741210938,647.3743286132812,776.5562133789062,696.2598266601562,681.8668212890625,691.1715698242188
972,06,1568048130697,1816,0100,678.3900756835938,642.5418090820312,74.97105407714844,90.14311981201172,55.28593444824219,674.5714721679688,642.9221801757812,783.3543090820312,647.2619018554688,776.6253662109375,696.3446044921875,681.8668212890625,691.1715698242188
973,06,1568048130709,1816,0100,678.4317626953125,642.7026977539062,74.78495025634766,89.80611419677734,55.06877899169922,674.5623168945312,642.8723754882812,783.2210693359375,647.212646484375,776.5706787109375,696.3477172851562,681.7479248046875,691.0692749023438
974,06,1568048130721,1816,0100,678.579345703125,642.5460815429688,75.3567123413086,90.3903579711914,55.260555267333984,674.5623168945312,642.8723754882812,783.2210693359375,647.212646484375,776.574951171875,696.2962646484375,681.7479248046875,691.0692749023438
975,06,1568048130733,1816,0100,678.54736328125,642.4220581054688,75.12738800048828,89.88849639892578,54.40859603881836,674.5623168945312,642.8723754882812,783.24267578125,647.2532958984375,776.574951171875,696.2962646484375,681.7479248046875,691.0692749023438
976,06,1568048130745,1816,0100,678.2896728515625,642.8236694335938,75.06365203857422,90.6326904296875,54.44723892211914,674.5714721679688,642.9221801757812,783.4991455078125,647.3345947265625,776.6237182617188,696.2315673828125,681.8668212890625,691.1715698242188
977,06,1568048130757,1816,0100,678.3763427734375,642.809814453125,75.05018615722656,90.2071533203125,56.169490814208984,674.5039672851562,643.0,783.3734741210938,647.3743286132812,776.6237182617188,696.2315673828125,681.9313354492188,691.2593994140625
978,06,1568048130770,1816,0100,678.40625,642.8280029296875,75.2602767944336,90.24786376953125,55.61790466308594,674.5039672851562,643.0,783.3740844726562,647.386962890625,776.6978759765625,696.5505981445312,681.9313354492188,691.2593994140625
979,06,1568048130780,1816,0100,678.3981323242188,642.9222412109375,75.55636596679688,90.4895248413086,54.894596099853516,674.4915161132812,643.057861328125,783.3740844726562,647.386962890625,776.73876953125,696.6787719726562,681.9313354492188,691.2593994140625
980,06,1568048130792,1816,0100,678.2017822265625,642.8677368164062,75.5562744140625,90.47212982177734,55.10129165649414,674.4915161132812,643.057861328125,783.186279296875,647.1046752929688,776.6773071289062,696.7009887695312,681.7349853515625,691.3883056640625
981,06,1568048130805,1816,0100,678.306640625,642.9210815429688,75.39153289794922,90.60767364501953,54.61003875732422,674.5881958007812,643.0416870117188,783.083984375,647.2263793945312,776.2738037109375,696.723388671875,681.5708618164062,691.5394287109375
982,06,1568048130817,1816,0100,678.1599731445312,642.9948120117188,76.07069396972656,90.95042419433594,54.81861877441406,674.4118041992188,643.0416870117188,783.064208984375,647.2477416992188,776.2188720703125,696.764404296875,681.5,691.5
983,06,1568048130830,1816,0100,678.0686645507812,643.076171875,75.60671997070312,90.37335968017578,55.11669158935547,674.4118041992188,643.0416870117188,783.064208984375,647.2477416992188,776.1806030273438,696.7574462890625,681.5,691.5
984,06,1568048130843,1816,0100,677.9491577148438,642.9244384765625,76.11894989013672,91.3242416381836,55.05592727661133,674.4118041992188,643.0416870117188,782.9703979492188,647.1956176757812,776.3040161132812,696.9764404296875,681.4291381835938,691.4605712890625
985,06,1568048130855,1816,0100,678.0361328125,643.03662109375,75.47410583496094,91.46795654296875,54.05617904663086,674.507080078125,642.98486328125,782.9703979492188,647.1956176757812,776.2040405273438,696.9566650390625,681.2275390625,691.4262084960938
986,06,1568048130869,1816,0100,677.9966430664062,642.955322265625,75.9013442993164,91.57764434814453,53.91579818725586,674.4960327148438,643.0,783.09375,647.4566650390625,776.2040405273438,696.9566650390625,681.3255615234375,691.2523803710938
987,06,1568048130882,1816,0100,678.0167846679688,642.9613037109375,75.59246063232422,91.11955261230469,54.50825500488281,674.4960327148438,643.0,782.9854736328125,647.3837890625,776.2137451171875,696.5369873046875,681.3255615234375,691.2523803710938
988,06,1568048130895,1816,0100,678.06103515625,642.9653930664062,76.15605926513672,91.14237976074219,53.69145202636719,674.507080078125,643.01513671875,782.9256591796875,647.1630249023438,776.3392333984375,696.6382446289062,681.3733520507812,691.0581665039062
989,06,1568048130908,1816,0100,678.0569458007812,642.6268310546875,75.77945709228516,91.00431823730469,55.05370330810547,674.5076293945312,642.842041015625,782.9384765625,647.0806274414062,776.4842529296875,696.4959106445312,681.3733520507812,691.0581665039062
990,06,1568048130920,1816,0100,678.2508544921875,642.6676635742188,75.9857406616211,91.31565856933594,54.72888946533203,674.5,642.8560180664062,783.0933837890625,647.1238403320312,776.5343627929688,696.4972534179688,681.5,691.0
991,06,1568048130932,1816,0100,678.1763305664062,642.5442504882812,75.99238586425781,91.42745971679688,54.35818862915039,674.5,642.8560180664062,783.0933837890625,647.1238403320312,776.5740356445312,696.5001220703125,681.5,691.0
992,06,1568048130945,1816,0100,678.1231079101562,642.5968627929688,76.21080017089844,91.66354370117188,55.389251708984375,674.5,642.8560180664062,783.1805419921875,647.1304931640625,776.5868530273438,696.4446411132812,681.5,691.0
993,06,1568048130957,1816,0100,678.2840576171875,642.8034057617188,75.6185302734375,91.02555847167969,54.43279266357422,674.5,642.8560180664062,783.1805419921875,647.1304931640625,776.5111083984375,696.455322265625,681.5,691.0
994,06,1568048130970,1816,0100,678.3011474609375,642.6633911132812,76.14964294433594,91.47569274902344,54.358097076416016,674.5,642.8560180664062,783.2210693359375,647.212646484375,776.5330200195312,696.4595336914062,681.5,691.0
995,06,1568048130982,1816,0100,678.0665893554688,642.8425903320312,76.12064361572266,91.57357025146484,55.60665512084961,674.5,643.037353515625,783.17333984375,647.210693359375,776.481689453125,696.34033203125,681.3733520507812,691.0581665039062
996,06,1568048130995,1816,0100,678.1890869140625,642.8164672851562,76.18795013427734,91.55451202392578,54.82579040527344,674.5,643.0,783.2572021484375,647.3894653320312,776.3834838867188,696.531005859375,681.4895629882812,691.3212890625
997,06,1568048131009,1816,0100,678.1239013671875,643.082275390625,76.35015106201172,91.86824035644531,53.84585952758789,674.5,642.962646484375,783.064208984375,647.2477416992188,776.2515258789062,696.7979125976562,681.5,691.5204467773438
998,06,1568048131022,1816,0100,678.2271118164062,643.2255249023438,76.86360168457031,91.98234558105469,53.09285354614258,674.5,642.962646484375,783.064208984375,647.2477416992188,776.2515258789062,696.7979125976562,681.5,691.5
999,06,1568048131035,1816,0100,678.0994873046875,643.1792602539062,76.23625183105469,91.2779541015625,54.172996520996094,674.5,642.962646484375,783.064208984375,647.2477416992188,776.2515258789062,696.7979125976562,681.5,691.5
1000,06,1568048131048,1816,0100,678.179931640625,643.2740478515625,76.75797271728516,92.07804870605469,52.93931579589844,674.5,642.962646484375,783.064208984375,647.2477416992188,776.2515258789062,696.7979125976562,681.5,691.5
1001,06,1568048131060,1816,0100,678.013427734375,643.1257934570312,76.0271987915039,91.7864990234375,53.674400329589844,674.5,642.962646484375,783.064208984375,647.2477416992188,776.2515258789062,696.7979125976562,681.5,691.5
1002,06,1568048131074,1816,0100,677.9751586914062,643.1104736328125,76.79263305664062,92.465087890625,54.019195556640625,674.5,642.962646484375,783.064208984375,647.2477416992188,776.2432861328125,696.8229370117188,681.5,691.5204467773438
1003,06,1568048131086,1816,0100,678.125,642.9463500976562,76.49461364746094,92.12259674072266,54.1183967590332,674.5,643.0,782.9703979492188,647.1956176757812,776.1604614257812,696.858642578125,681.3540649414062,691.339111328125
1004,06,1568048131099,1816,0100,678.0941162109375,643.01611328125,77.08959197998047,92.18848419189453,54.27858352661133,674.5,643.0,783.0797119140625,647.504150390625,776.228759765625,696.760498046875,681.3255615234375,691.2523803710938
1005,06,1568048131112,1816,0100,678.1243896484375,642.8338012695312,76.3766860961914,91.74806213378906,53.884544372558594,674.5,643.0,782.9854736328125,647.3837890625,776.2096557617188,696.7813720703125,681.3255615234375,691.2523803710938
1006,06,1568048131125,1816,0100,677.8340454101562,642.9793701171875,77.28543853759766,92.28826141357422,54.66914749145508,674.4960327148438,643.0,782.9698486328125,647.3505249023438,776.3291625976562,696.8765258789062,681.3255615234375,691.2523803710938
1007,06,1568048131138,1816,0100,678.0709838867188,642.9071044921875,77.02284240722656,91.98619842529297,54.245182037353516,674.4960327148438,643.0,782.9698486328125,647.3505249023438,776.3309326171875,696.6436767578125,681.3255615234375,691.2523803710938
1008,06,1568048131151,1816,0100,677.9091186523438,643.041015625,77.3741455078125,93.07150268554688,53.63677978515625,674.4960327148438,643.0,782.9698486328125,647.3505249023438,776.3309326171875,696.6436767578125,681.3255615234375,691.2523803710938
1009,06,1568048131164,1816,0100,678.023681640625,642.9840698242188,76.62577056884766,92.24552154541016,54.24492645263672,674.5084838867188,642.942138671875,782.9908447265625,647.291748046875,776.2676391601562,696.520751953125,681.3733520507812,691.0581665039062
1010,06,1568048131178,1816,0100,677.908447265625,643.07568359375,76.8548583984375,93.4322738647461,54.37801742553711,674.507080078125,643.01513671875,783.0968017578125,647.2128295898438,776.3392333984375,696.6382446289062,681.3733520507812,691.0581665039062
1011,06,1568048131191,1816,0100,677.9965209960938,642.8414916992188,76.99100494384766,92.84268951416016,54.45513153076172,674.5076293945312,642.842041015625,782.9256591796875,647.1630249023438,776.4276733398438,696.4595947265625,681.3733520507812,691.0581665039062
1012,06,1568048131204,1816,0100,678.1652221679688,642.7008056640625,76.97930145263672,92.65382385253906,53.87394332885742,674.5,642.8560180664062,783.1268920898438,647.2021484375,776.4651489257812,696.447021484375,681.3733520507812,691.0581665039062
1013,06,1568048131217,1816,0100,678.0955200195312,642.9176635742188,76.64116668701172,92.62914276123047,54.9473762512207,674.5,642.8560180664062,783.080810546875,647.1421508789062,776.4651489257812,696.447021484375,681.3733520507812,691.0581665039062
1014,06,1568048131230,1816,0100,678.0813598632812,642.927001953125,76.65010070800781,93.2394790649414,54.27543640136719,674.5,642.8560180664062,783.2210693359375,647.212646484375,776.481689453125,696.34033203125,681.3733520507812,691.0581665039062
1015,06,1568048131244,1816,0100,678.1713256835938,643.0140991210938,76.87516021728516,93.39586639404297,53.1612434387207,674.5881958007812,642.9583129882812,783.2210693359375,647.212646484375,776.502197265625,696.3404541015625,681.6266479492188,691.0581665039062
1016,06,1568048131257,1816,0100,678.1646728515625,642.9955444335938,77.54801177978516,93.48108673095703,52.76140594482422,674.5,643.037353515625,783.2210693359375,647.212646484375,776.502197265625,696.3404541015625,681.6266479492188,691.0581665039062
1017,06,1568048131270,1816,0100,678.2517700195312,643.0669555664062,76.81510925292969,93.30744934082031,52.88203430175781,674.5,643.0,783.3734741210938,647.3743286132812,776.507080078125,696.2815551757812,681.523193359375,691.24658203125
1018,06,1568048131282,1816,0100,678.0829467773438,643.1475219726562,76.90296936035156,92.67131805419922,54.61779022216797,674.5,643.0,783.3018798828125,647.3978271484375,776.4999389648438,696.236083984375,681.6348266601562,691.1475830078125
1019,06,1568048131295,1816,0100,678.254638671875,643.2030029296875,77.37189483642578,92.79102325439453,54.737525939941406,674.5,643.0,783.2660522460938,647.39794921875,776.4089965820312,696.4176025390625,681.52490234375,691.3953247070312
1020,06,1568048131309,1816,0100,678.2752685546875,643.103515625,77.5209732055664,93.54800415039062,53.839935302734375,674.5,643.0,783.0939331054688,647.1868896484375,776.2838745117188,696.7300415039062,681.52490234375,691.3953247070312
1021,06,1568048131322,1816,0100,678.1240234375,643.0808715820312,77.52503204345703,93.40630340576172,55.61277389526367,674.5,643.1439819335938,783.155029296875,647.4243774414062,776.2275390625,696.7640380859375,681.5,691.5
1022,06,1568048131336,1816,0100,678.1327514648438,643.2598266601562,77.38090515136719,93.46208953857422,54.533870697021484,674.5,643.1439819335938,783.155029296875,647.4243774414062,776.2064208984375,696.7742919921875,681.5,691.5
1023,06,1568048131349,1816,0100,678.0437622070312,643.2703247070312,77.42810821533203,93.42623138427734,53.502685546875,674.5,643.1439819335938,783.12060546875,647.5900268554688,776.1770629882812,696.8690795898438,681.5,691.5
1024,06,1568048131362,1816,0100,678.1668090820312,643.2692260742188,77.5818099975586,93.59175109863281,53.637176513671875,674.5,643.1439819335938,783.1652221679688,647.56396484375,776.1333618164062,696.8370971679688,681.5,691.5
1025,06,1568048131376,1816,0100,678.2191772460938,643.4486083984375,76.911865234375,92.7051010131836,54.55722427368164,674.5,643.1439819335938,783.1652221679688,647.56396484375,776.1333618164062,696.8370971679688,681.5293579101562,691.4476318359375
1026,06,1568048131389,1816,0100,678.0700073242188,643.204833984375,77.59872436523438,93.16905975341797,54.708900451660156,674.5,643.1439819335938,783.1378173828125,647.580810546875,776.0863037109375,696.8493041992188,681.5293579101562,691.4476318359375
1027,06,1568048131403,1816,0100,678.1528930664062,643.254638671875,77.76725006103516,93.46393585205078,55.045997619628906,674.5,643.1439819335938,783.1378173828125,647.580810546875,776.123291015625,696.8679809570312,681.5293579101562,691.4476318359375
1028,06,1568048131416,1816,0100,678.1757202148438,643.3538208007812,77.48243713378906,93.11707305908203,53.75395965576172,674.5,643.1439819335938,783.1378173828125,647.580810546875,776.123291015625,696.8679809570312,681.3903198242188,691.642822265625
1029,06,1568048131429,1816,0100,678.0651245117188,643.4534301757812,77.7917251586914,93.41709899902344,53.219627380371094,674.5,643.1439819335938,783.1378173828125,647.580810546875,776.123291015625,696.8679809570312,681.3951416015625,691.6638793945312
1030,06,1568048131442,1816,0100,678.0931396484375,643.5662231445312,77.44989776611328,93.81141662597656,53.01933670043945,674.5993041992188,643.3304443359375,783.0557861328125,647.5264892578125,776.3822631835938,697.084716796875,681.3951416015625,691.6638793945312
1031,06,1568048131455,1816,0100,678.0493774414062,643.4899291992188,77.58191680908203,93.64204406738281,54.48906707763672,674.650146484375,643.349853515625,783.0557861328125,647.5264892578125,776.5332641601562,697.4133911132812,681.4136352539062,691.73828125
1032,06,1568048131467,1816,0100,678.0838012695312,643.58740234375,77.4027328491211,93.53606414794922,54.00857162475586,674.6466674804688,643.5,783.0738525390625,647.5980834960938,776.5384521484375,697.436279296875,681.6610107421875,691.8424682617188
1033,06,1568048131478,1816,0100,678.1558227539062,643.5895385742188,77.41023254394531,93.10034942626953,54.00646209716797,674.5838012695312,643.525634765625,783.3911743164062,647.9207153320312,776.5984497070312,697.6701049804688,681.6266479492188,691.9418334960938
1034,06,1568048131490,1816,0100,678.0932006835938,643.7103881835938,77.98456573486328,94.49452209472656,55.447025299072266,674.70458984375,643.6366577148438,783.3911743164062,647.9207153320312,776.6498413085938,697.6882934570312,681.6266479492188,691.9418334960938
1035,06,1568048131502,1816,0100,678.1943969726562,643.7555541992188,77.18636322021484,93.0710220336914,54.82819366455078,674.70458984375,643.6366577148438,783.3682250976562,648.0601806640625,776.5984497070312,697.6701049804688,681.6266479492188,691.9418334960938
1036,06,1568048131515,1816,0100,678.3462524414062,643.7019653320312,78.1974105834961,93.72781372070312,54.31455993652344,674.5,643.8560180664062,783.3320922851562,648.0997924804688,776.48193359375,697.59765625,681.6266479492188,691.9418334960938
1037,06,1568048131527,1816,0100,678.1994018554688,643.8257446289062,77.60691833496094,93.2318344116211,54.07838439941406,674.4923706054688,643.842041015625,783.2837524414062,648.14208984375,776.48193359375,697.59765625,681.6266479492188,692.0581665039062
1038,06,1568048131539,1816,0100,678.3004150390625,643.8551025390625,77.87342834472656,93.23541259765625,53.69664764404297,674.4923706054688,643.842041015625,783.1805419921875,648.1304931640625,776.5253295898438,697.602783203125,681.7461547851562,692.0
1039,06,1568048131551,1816,0100,678.343505859375,643.8287353515625,77.74252319335938,92.86119842529297,54.21330642700195,674.5589599609375,643.95751953125,783.2210693359375,648.212646484375,776.5526733398438,697.2289428710938,681.6266479492188,692.0581665039062
1040,06,1568048131564,1816,0100,678.3505249023438,643.9951171875,78.12056732177734,93.73883056640625,53.689395904541016,674.5881958007812,643.9583129882812,783.2210693359375,648.212646484375,776.4999389648438,697.236083984375,681.6266479492188,692.0581665039062
1041,06,1568048131575,1816,0100,678.2511596679688,643.9346313476562,77.55123138427734,93.32218170166016,53.46681213378906,674.5881958007812,643.9583129882812,783.2210693359375,648.212646484375,776.4806518554688,697.3182983398438,681.6266479492188,692.0581665039062
1042,06,1568048131587,1816,0100,678.1408081054688,643.92529296875,78.2293701171875,94.56009674072266,53.81227493286133,674.5881958007812,643.9583129882812,783.2210693359375,648.212646484375,776.4999389648438,697.236083984375,681.6266479492188,692.0581665039062
1043,06,1568048131599,1816,0100,678.3143310546875,643.7987060546875,77.35504150390625,92.95153045654297,53.57561492919922,674.5881958007812,643.9583129882812,783.2210693359375,648.212646484375,776.5294189453125,697.50244140625,681.6266479492188,692.0581665039062
1044,06,1568048131611,1816,0100,678.1943969726562,643.8494262695312,77.7697525024414,93.51707458496094,53.62384796142578,674.5,643.8560180664062,783.2210693359375,648.212646484375,776.440185546875,697.75634765625,681.5,692.0
1045,06,1568048131624,1816,0100,678.2392578125,643.6450805664062,77.47494506835938,94.06629943847656,55.0385856628418,674.5,643.8560180664062,783.0933837890625,648.1238403320312,776.444580078125,697.728759765625,681.5,692.0
1046,06,1568048131636,1816,0100,678.2407836914062,643.6519165039062,77.80931854248047,94.29067993164062,54.839752197265625,674.5,643.8560180664062,783.0933837890625,648.1238403320312,776.4413452148438,697.7034912109375,681.5,692.0
1047,06,1568048131648,1816,0100,678.2650146484375,643.5189208984375,78.07490539550781,93.21151733398438,55.17586135864258,674.5,643.8560180664062,782.9251708984375,648.0491333007812,776.4494018554688,697.5831909179688,681.5,692.0
1048,06,1568048131660,1816,0100,678.2745971679688,643.4262084960938,77.70087432861328,94.10072326660156,54.58119583129883,674.5,643.8560180664062,782.9251708984375,648.0491333007812,776.5103759765625,697.6336059570312,681.5,692.0
1049,06,1568048131672,1816,0100,678.3228149414062,643.735595703125,77.79217529296875,93.93929290771484,53.79349899291992,674.4006958007812,643.6695556640625,783.03564453125,648.02734375,776.4494018554688,697.5831909179688,681.5,692.0
1050,06,1568048131684,1816,0100,678.3920288085938,643.491943359375,77.92620849609375,94.07707214355469,54.162818908691406,674.4006958007812,643.6695556640625,783.0742797851562,647.941162109375,776.555419921875,697.5203247070312,681.5,692.0
1051,07,1568048161026,0100,0320,891.0968627929688,655.3013305664062,75.20111846923828,88.42391204833984,133.2868194580078,789.9564819335938,646.664306640625,892.0277709960938,644.031005859375,887.3551025390625,692.2491455078125,784.864990234375,703.3944091796875
1052,07,1568048161041,0100,0320,891.074462890625,655.203857421875,75.12316131591797,88.6135482788086,133.70115661621094,789.9564819335938,646.664306640625,892.0277709960938,644.031005859375,887.3050537109375,692.3648071289062,784.8694458007812,703.34423828125
1053,07,1568048161056,0100,0320,891.1077880859375,655.26708984375,75.0914535522461,88.8689956665039,134.12954711914062,790.1107177734375,646.8067626953125,892.1022338867188,644.1697998046875,887.3050537109375,692.3648071289062,784.8694458007812,703.34423828125
1054,07,1568048161070,0100,0320,891.0617065429688,655.2398681640625,74.4258804321289,87.97484588623047,132.62564086914062,790.1048583984375,646.8528442382812,892.1022338867188,644.1697998046875,887.3050537109375,692.3648071289062,784.8694458007812,703.34423828125
1055,07,1568048161081,0100,0320,891.009765625,655.2210693359375,74.61382293701172,88.39542388916016,132.750244140625,790.1048583984375,646.8528442382812,892.1022338867188,644.1697998046875,887.3050537109375,692.3648071289062,784.8694458007812,703.34423828125
1056,07,1568048161093,0100,0320,891.0584106445312,655.157958984375,74.4310073852539,88.14775085449219,132.7960205078125,790.15576171875,646.943603515625,892.1022338867188,644.1697998046875,887.3050537109375,692.3648071289062,784.8694458007812,703.34423828125
1057,07,1568048161106,0100,0320,890.9965209960938,655.1329345703125,74.29044342041016,88.53627014160156,132.72445678710938,789.8934936523438,646.7601318359375,892.1680908203125,644.1680908203125,887.3050537109375,692.3648071289062,784.8694458007812,703.34423828125
1058,07,1568048161118,0100,0320,891.02783203125,655.1156005859375,74.37227630615234,88.51129150390625,132.22207641601562,789.8934936523438,646.7601318359375,892.1680908203125,644.1680908203125,887.3050537109375,692.3648071289062,784.8694458007812,703.34423828125
1059,07,1568048161131,0100,0320,890.900146484375,655.1907348632812,74.03431701660156,88.14981842041016,133.54705810546875,789.8934936523438,646.7601318359375,892.0277709960938,644.031005859375,887.3050537109375,692.3648071289062,784.7362670898438,703.43115234375
1060,07,1568048161143,0100,0320,890.9142456054688,655.1744995117188,74.17987823486328,88.07410430908203,132.91944885253906,789.8934936523438,646.7601318359375,892.0841064453125,644.028076171875,887.3050537109375,692.3648071289062,784.7362670898438,703.43115234375
1061,07,1568048161155,0100,0320,890.8868408203125,655.0486450195312,74.30123901367188,87.91387176513672,133.57012939453125,789.8618774414062,646.8196411132812,891.9722290039062,643.968994140625,887.360595703125,692.412109375,784.5761108398438,703.4138793945312
1062,07,1568048161167,0100,0320,890.6532592773438,654.4291381835938,74.09150695800781,88.20927429199219,132.66587829589844,789.9080810546875,646.5632934570312,891.8529663085938,643.8861694335938,887.2578735351562,692.2701416015625,784.791259765625,703.1773071289062
1063,07,1568048161180,0100,0320,890.3810424804688,654.2364501953125,74.32356262207031,87.50823974609375,133.02764892578125,790.0054931640625,646.4267578125,891.7706298828125,643.6942749023438,887.1788330078125,691.880126953125,784.6807861328125,703.0465087890625
1064,07,1568048161194,0100,0320,890.5368041992188,654.2777099609375,74.7471694946289,87.70309448242188,131.78782653808594,790.0054931640625,646.4267578125,891.7706298828125,643.6942749023438,887.1788330078125,691.880126953125,784.6807861328125,703.0465087890625
1065,07,1568048161207,0100,0320,890.6808471679688,654.3776245117188,73.73854064941406,86.90245056152344,132.11473083496094,790.0054931640625,646.4267578125,891.7706298828125,643.6942749023438,887.1788330078125,691.880126953125,784.6807861328125,703.0465087890625
1066,07,1568048161220,0100,0320,890.6304931640625,654.4129028320312,74.4182357788086,87.60064697265625,133.63763427734375,789.9403686523438,646.4296875,891.7706298828125,643.6942749023438,887.1788330078125,691.880126953125,784.6807861328125,703.0465087890625
1067,07,1568048161234,0100,0320,890.815185546875,654.258056640625,74.20465087890625,87.55097198486328,133.28916931152344,790.0054931640625,646.4267578125,891.7706298828125,643.6942749023438,887.1588134765625,691.87890625,784.6807861328125,703.0465087890625
1068,07,1568048161247,0100,0320,890.7387084960938,654.3348388671875,73.8568344116211,87.46043395996094,131.95587158203125,790.0234985351562,646.4899291992188,891.7706298828125,643.6942749023438,887.1588134765625,691.87890625,784.6807861328125,703.0465087890625
1069,07,1568048161259,0100,0320,890.8276977539062,654.3115844726562,74.11042785644531,87.20173645019531,132.8983612060547,790.0234985351562,646.4899291992188,891.7706298828125,643.6942749023438,887.1588134765625,691.87890625,784.6807861328125,703.0465087890625
1070,07,1568048161272,0100,0320,890.770751953125,654.4468383789062,74.54094696044922,87.28157806396484,133.61050415039062,790.05712890625,646.580810546875,891.8387451171875,643.8387451171875,887.1588134765625,691.87890625,784.7789916992188,703.0567016601562
1071,07,1568048161286,0100,0320,890.7557983398438,654.379150390625,74.42106628417969,87.2887191772461,133.2871856689453,790.05712890625,646.580810546875,891.8387451171875,643.8387451171875,887.1588134765625,691.87890625,784.7789916992188,703.0567016601562
1072,07,1568048161300,0100,0320,890.7045288085938,654.2650756835938,74.2908706665039,87.39026641845703,133.09646606445312,790.0340576171875,646.4456787109375,891.8010864257812,643.6632690429688,887.1588134765625,691.87890625,784.7789916992188,703.0567016601562
1073,07,1568048161313,0100,0320,890.7997436523438,654.352783203125,74.43620300292969,87.52322387695312,133.3450164794922,790.0340576171875,646.4456787109375,891.86669921875,643.5422973632812,887.1588134765625,691.87890625,784.6463623046875,703.0693359375
1074,07,1568048161326,0100,0320,890.689697265625,654.2900390625,74.37353515625,87.37531280517578,132.96070861816406,789.9747314453125,646.35498046875,891.86669921875,643.5422973632812,887.1588134765625,691.87890625,784.6463623046875,703.0693359375
1075,07,1568048161339,0100,0320,890.7877197265625,654.2405395507812,73.85269165039062,87.19021606445312,132.8107147216797,790.0073852539062,646.2798461914062,892.008544921875,643.5,887.1414794921875,691.8585205078125,784.7288208007812,702.8990478515625
1076,07,1568048161352,0100,0320,890.8165893554688,654.1041259765625,74.06942749023438,87.13005828857422,132.92922973632812,790.0073852539062,646.2798461914062,892.008544921875,643.5,887.1414794921875,691.8585205078125,784.7288208007812,702.8990478515625
1077,07,1568048161365,0100,0320,890.7853393554688,654.073486328125,73.73133850097656,87.20734405517578,133.81080627441406,790.0073852539062,646.2798461914062,892.008544921875,643.5,887.1930541992188,691.8076171875,784.7288208007812,702.8990478515625
1078,07,1568048161378,0100,0320,890.7916870117188,654.0657958984375,73.88082885742188,87.07559967041016,132.05508422851562,789.9954833984375,646.2459716796875,891.936767578125,643.4242553710938,887.1930541992188,691.8076171875,784.580078125,702.8037109375
1079,07,1568048161391,0100,0320,890.74072265625,654.1029663085938,73.86278533935547,86.82772064208984,132.39697265625,789.9954833984375,646.2459716796875,891.936767578125,643.4242553710938,887.1930541992188,691.8076171875,784.580078125,702.8037109375
1080,07,1568048161406,0100,0320,890.7479858398438,654.158935546875,73.6153335571289,86.98648071289062,131.59793090820312,789.9954833984375,646.2459716796875,891.936767578125,643.4242553710938,887.1930541992188,691.8076171875,784.6534423828125,702.7324829101562
1081,07,1568048161421,0100,0320,890.6280517578125,654.0574951171875,73.2012939453125,86.65508270263672,131.5389404296875,789.9954833984375,646.2459716796875,891.936767578125,643.4242553710938,887.1930541992188,691.8076171875,784.6534423828125,702.7324829101562
1082,07,1568048161435,0100,0320,890.638916015625,654.3340454101562,74.00187683105469,86.85920715332031,132.47055053710938,789.9954833984375,646.2459716796875,891.936767578125,643.4242553710938,887.1400146484375,691.7928466796875,784.6448974609375,702.8563842773438
1083,07,1568048161448,0100,0320,890.6407470703125,654.35595703125,73.86347198486328,86.96166229248047,132.49974060058594,789.9954833984375,646.2459716796875,891.936767578125,643.4242553710938,887.1400146484375,691.7928466796875,784.6448974609375,702.8563842773438
1084,07,1568048161461,0100,0320,890.6318359375,654.3182983398438,73.94026184082031,86.8672866821289,132.7830810546875,789.9954833984375,646.2459716796875,891.936767578125,643.4242553710938,887.1400146484375,691.7928466796875,784.6448974609375,702.8563842773438
1085,07,1568048161474,0100,0320,890.7763061523438,654.1676635742188,73.44499969482422,86.5181655883789,134.43997192382812,789.9954833984375,646.2459716796875,891.86669921875,643.5422973632812,887.1400146484375,691.7928466796875,784.6448974609375,702.8563842773438
1086,07,1568048161485,0100,0320,890.6697387695312,654.224853515625,73.48332214355469,86.66656494140625,133.39891052246094,789.9954833984375,646.2459716796875,891.86669921875,643.5422973632812,887.1400146484375,691.7928466796875,784.6448974609375,702.8563842773438
1087,07,1568048161497,0100,0320,890.5906372070312,654.321533203125,73.64985656738281,86.4613037109375,131.91683959960938,789.9954833984375,646.2459716796875,892.008544921875,643.5,887.12109375,691.8411865234375,784.6448974609375,702.8563842773438
1088,07,1568048161511,0100,0320,890.6460571289062,654.1531982421875,74.21451568603516,86.51067352294922,133.34292602539062,789.9954833984375,646.2459716796875,892.008544921875,643.5,887.12109375,691.8411865234375,784.6448974609375,702.8563842773438
1089,07,1568048161523,0100,0320,890.5924682617188,654.12939453125,73.7757797241211,86.27822875976562,133.3175506591797,789.9954833984375,646.2459716796875,891.936767578125,643.4242553710938,887.12109375,691.8411865234375,784.6448974609375,702.8563842773438
1090,07,1568048161536,0100,0320,890.5881958007812,654.060791015625,73.63276672363281,86.51317596435547,133.19093322753906,789.9954833984375,646.2459716796875,891.936767578125,643.4242553710938,887.1400146484375,691.7928466796875,784.6448974609375,702.8563842773438
1091,07,1568048161548,0100,0320,890.7960205078125,653.8604736328125,73.125732421875,85.88095092773438,133.2714080810547,789.9954833984375,646.2459716796875,891.936767578125,643.4242553710938,887.1400146484375,691.7928466796875,784.5487060546875,702.7548217773438
1092,07,1568048161561,0100,0320,890.6021118164062,654.0079345703125,73.24527740478516,86.36266326904297,133.0619659423828,789.9954833984375,646.2459716796875,891.936767578125,643.4242553710938,887.1400146484375,691.7928466796875,784.5487060546875,702.7548217773438
1093,07,1568048161574,0100,0320,890.55419921875,653.9755249023438,73.14289093017578,86.04871368408203,131.19752502441406,789.9954833984375,646.2459716796875,891.936767578125,643.4242553710938,887.1400146484375,691.7928466796875,784.6448974609375,702.8563842773438
1094,07,1568048161586,0100,0320,890.6380004882812,654.0362548828125,73.3193588256836,86.4075698852539,132.12640380859375,790.0570678710938,646.1878662109375,891.936767578125,643.4242553710938,887.1400146484375,691.7928466796875,784.6448974609375,702.8563842773438
1095,07,1568048161599,0100,0320,890.6036987304688,654.2047729492188,73.66722106933594,86.06820678710938,132.1025848388672,789.9954833984375,646.2459716796875,892.008544921875,643.5,887.201416015625,691.804931640625,784.7789916992188,702.9432983398438
1096,07,1568048161610,0100,0320,890.6422119140625,654.1207885742188,73.61470031738281,86.31890106201172,133.14012145996094,790.02392578125,646.299072265625,892.008544921875,643.5,887.1930541992188,691.8076171875,784.7789916992188,702.9432983398438
1097,07,1568048161622,0100,0320,890.8403930664062,654.1991577148438,73.1983871459961,85.96136474609375,133.60830688476562,790.02392578125,646.299072265625,892.008544921875,643.5,887.1414794921875,691.8585205078125,784.7789916992188,702.9432983398438
1098,07,1568048161637,0100,0320,890.7584838867188,654.064697265625,73.09306335449219,85.84308624267578,134.22100830078125,790.0073852539062,646.2798461914062,892.008544921875,643.5,887.177734375,691.8565063476562,784.7789916992188,702.9432983398438
1099,07,1568048161652,0100,0320,890.9205932617188,653.981201171875,72.87104034423828,85.4917984008789,132.52220153808594,789.9954833984375,646.2459716796875,891.936767578125,643.4242553710938,887.12109375,691.8411865234375,784.6448974609375,702.8563842773438
1100,07,1568048161666,0100,0320,890.7339477539062,654.0792846679688,73.13724517822266,85.7075424194336,132.33387756347656,789.9954833984375,646.2459716796875,891.8261108398438,643.3447875976562,887.12109375,691.8411865234375,784.5487060546875,702.7548217773438
1101,07,1568048161679,0100,0320,890.5868530273438,653.873291015625,72.98318481445312,85.50263214111328,130.11285400390625,789.9954833984375,646.2459716796875,891.61083984375,643.3276977539062,887.12109375,691.8411865234375,784.5487060546875,702.7548217773438
1102,07,1568048161692,0100,0320,890.5293579101562,653.9581909179688,73.17950439453125,85.64158630371094,130.95892333984375,789.9954833984375,646.2459716796875,891.61083984375,643.3276977539062,887.1013793945312,691.6741943359375,784.5487060546875,702.7548217773438
1103,07,1568048161704,0100,0320,890.5839233398438,653.9558715820312,73.1308364868164,85.76502990722656,130.50941467285156,789.9341430664062,646.1331176757812,891.70361328125,643.2908325195312,887.1013793945312,691.6741943359375,784.5531616210938,702.7275390625
1104,07,1568048161717,0100,0320,890.593505859375,653.9561767578125,73.28014373779297,85.90669250488281,130.534423828125,789.9957885742188,646.0814819335938,891.70361328125,643.2908325195312,887.1013793945312,691.6741943359375,784.5531616210938,702.7275390625
1105,07,1568048161731,0100,0320,890.6885986328125,653.8896484375,73.16896057128906,85.43309020996094,132.32818603515625,789.9957885742188,646.0814819335938,891.6934814453125,643.2621459960938,887.1013793945312,691.6741943359375,784.58544921875,702.6304931640625
1106,07,1568048161744,0100,0320,890.6624755859375,653.7694702148438,73.14472198486328,85.64947509765625,131.09129333496094,789.9155883789062,645.9745483398438,891.6751708984375,643.2411499023438,887.0709838867188,691.5574951171875,784.6328125,702.6907958984375
1107,07,1568048161756,0100,0320,890.7354125976562,653.71044921875,72.66704559326172,85.83639526367188,131.09381103515625,790.092041015625,645.8950805664062,891.7534790039062,643.1295166015625,887.0709838867188,691.5574951171875,784.6328125,702.6907958984375
1108,07,1568048161768,0100,0320,890.7611694335938,653.788330078125,73.05602264404297,85.31829071044922,132.26438903808594,790.092041015625,645.8950805664062,891.74365234375,643.0470581054688,887.0709838867188,691.5574951171875,784.5421142578125,702.6204833984375
1109,07,1568048161781,0100,0320,890.6222534179688,653.626708984375,72.97051239013672,85.5259780883789,132.38514709472656,789.8929443359375,645.960205078125,891.74365234375,643.0470581054688,887.0709838867188,691.5574951171875,784.5421142578125,702.6204833984375
1110,07,1568048161793,0100,0320,890.6182250976562,653.7498779296875,72.86261749267578,85.48290252685547,130.97415161132812,789.7630004882812,645.7864379882812,891.7730712890625,643.0800170898438,887.0940551757812,691.5934448242188,784.5421142578125,702.6204833984375
1111,07,1568048161806,0100,0320,890.585205078125,653.7232055664062,72.91072082519531,85.16838836669922,133.30860900878906,789.7202758789062,645.7579956054688,891.7108154296875,643.2239990234375,887.0,691.5,784.5,702.5
1112,07,1568048161819,0100,0320,890.804931640625,653.6683959960938,72.84465789794922,85.61620330810547,132.3270263671875,789.7202758789062,645.7579956054688,891.7108154296875,643.2239990234375,887.0,691.5,784.4155883789062,702.411865234375
1113,07,1568048161831,0100,0320,890.7529907226562,653.59423828125,72.88578033447266,85.47984313964844,132.28167724609375,789.7202758789062,645.7579956054688,891.7802734375,643.10546875,887.0,691.5,784.4155883789062,702.411865234375
1114,07,1568048161845,0100,0320,890.6519165039062,653.533935546875,72.65473937988281,85.41426086425781,132.1623992919922,789.683349609375,645.6956787109375,891.7802734375,643.10546875,887.0,691.5,784.444580078125,702.2919311523438
1115,07,1568048161857,0100,0320,890.7206420898438,653.546630859375,73.06549072265625,85.20967864990234,132.5452117919922,789.7193603515625,645.8262939453125,891.7802734375,643.10546875,887.0238037109375,691.3841552734375,784.444580078125,702.2919311523438
1116,07,1568048161870,0100,0320,890.6795043945312,653.4710083007812,72.8580551147461,85.62053680419922,132.40965270996094,789.8331298828125,645.7388916015625,891.720703125,643.0,887.0238037109375,691.3841552734375,784.444580078125,702.2919311523438
1117,07,1568048161883,0100,0320,890.8736572265625,653.5377197265625,72.79542541503906,85.10877227783203,133.24757385253906,789.8331298828125,645.7388916015625,891.720703125,643.0,887.1162109375,691.474365234375,784.444580078125,702.2919311523438
1118,07,1568048161896,0100,0320,890.7598266601562,653.4832763671875,72.78496551513672,85.40193176269531,133.3165283203125,789.9490356445312,645.7783813476562,891.720703125,643.0,887.2791748046875,691.3974609375,784.4613037109375,702.3338012695312
1119,07,1568048161908,0100,0320,890.7992553710938,653.5294799804688,72.6170425415039,85.26914978027344,132.46006774902344,789.9490356445312,645.7783813476562,891.7802734375,642.89453125,887.1162109375,691.474365234375,784.4613037109375,702.3338012695312
1120,07,1568048161921,0100,0320,890.7740478515625,653.50439453125,72.77352905273438,85.24299621582031,133.51321411132812,789.9490356445312,645.7783813476562,891.7802734375,642.89453125,887.2791748046875,691.3974609375,784.444580078125,702.2919311523438
1121,07,1568048161935,0100,0320,890.7721557617188,653.5560302734375,72.66984558105469,85.20500946044922,132.32723999023438,789.9490356445312,645.7783813476562,891.7802734375,642.89453125,887.2791748046875,691.3974609375,784.444580078125,702.2919311523438
1122,07,1568048161948,0100,0320,890.8617553710938,653.4295043945312,72.94719696044922,85.59981536865234,132.61648559570312,789.9490356445312,645.7783813476562,891.7802734375,642.89453125,887.2791748046875,691.3974609375,784.444580078125,702.2919311523438
1123,07,1568048161962,0100,0320,890.6296997070312,653.644775390625,73.23063659667969,85.50147247314453,134.0368194580078,789.9959106445312,645.7560424804688,891.720703125,643.0,887.2791748046875,691.3974609375,784.3995971679688,702.22021484375
1124,07,1568048161975,0100,0320,890.6907958984375,653.6458740234375,73.28297424316406,85.56104278564453,133.0312042236328,789.8331298828125,645.7388916015625,891.720703125,643.0,887.2791748046875,691.3974609375,784.3995971679688,702.22021484375
1125,07,1568048161989,0100,0320,890.6888427734375,653.4680786132812,72.91558837890625,85.04640197753906,133.45993041992188,789.9959106445312,645.7560424804688,891.7802734375,642.89453125,887.2791748046875,691.3974609375,784.3995971679688,702.22021484375
1126,07,1568048162002,0100,0320,890.8013916015625,653.454833984375,73.1583251953125,85.06644439697266,133.41683959960938,789.8331298828125,645.7388916015625,891.7802734375,642.89453125,887.2791748046875,691.3974609375,784.3995971679688,702.22021484375
1127,07,1568048162015,0100,0320,890.799560546875,653.602783203125,73.27225494384766,84.94989776611328,132.86685180664062,789.8331298828125,645.7388916015625,891.7802734375,642.89453125,887.2791748046875,691.3974609375,784.364501953125,702.2462158203125
1128,07,1568048162028,0100,0320,890.9999389648438,653.3981323242188,73.60152435302734,85.21154022216797,133.99595642089844,789.9113159179688,645.6724243164062,892.0036010742188,643.0,887.3869018554688,691.2138671875,784.364501953125,702.2462158203125
1129,07,1568048162040,0100,0320,891.4243774414062,653.6239624023438,73.0067138671875,85.1326675415039,133.7230987548828,789.9113159179688,645.6724243164062,892.0,643.0,887.3551025390625,691.2491455078125,784.5802612304688,702.356689453125
1130,07,1568048162053,0100,0320,891.07958984375,653.3707275390625,73.1004867553711,85.30744171142578,132.92356872558594,789.9473266601562,645.7921142578125,892.0317993164062,642.9650268554688,887.3551025390625,691.2491455078125,784.5802612304688,702.356689453125
1131,07,1568048162067,0100,0320,891.0758056640625,653.4887084960938,73.29439544677734,85.42552185058594,133.35011291503906,789.8917846679688,645.8200073242188,892.0036010742188,643.0,887.3869018554688,691.2138671875,784.364501953125,702.2462158203125
1132,07,1568048162080,0100,0320,890.9880981445312,653.5447998046875,73.02522277832031,85.45854187011719,132.48599243164062,789.8618774414062,645.8196411132812,892.0036010742188,643.0,887.3869018554688,691.2138671875,784.364501953125,702.2462158203125
1133,07,1568048162094,0100,0320,891.056396484375,653.4542846679688,73.21480560302734,85.29312896728516,133.90565490722656,789.8618774414062,645.8196411132812,892.0036010742188,643.0,887.3869018554688,691.2138671875,784.364501953125,702.2462158203125
1134,07,1568048162107,0100,0320,891.0636596679688,653.3555297851562,72.70013427734375,85.39366149902344,133.80322265625,789.9490356445312,645.7783813476562,892.0036010742188,643.0,887.3869018554688,691.2138671875,784.4408569335938,702.2183837890625
1135,07,1568048162120,0100,0320,890.970458984375,653.3704223632812,72.71784210205078,85.37239074707031,131.8507843017578,789.9197387695312,645.7786865234375,892.0036010742188,643.0,887.2806396484375,691.2806396484375,784.364501953125,702.2462158203125
1136,07,1568048162133,0100,0320,891.04150390625,653.4886474609375,73.13897705078125,85.31642150878906,132.5937957763672,789.9113159179688,645.6724243164062,892.0036010742188,643.0,887.2806396484375,691.2806396484375,784.364501953125,702.2462158203125
1137,07,1568048162146,0100,0320,891.0173950195312,653.5379028320312,73.16082000732422,85.30485534667969,132.903076171875,789.9113159179688,645.6724243164062,892.0036010742188,643.0,887.2806396484375,691.2806396484375,784.364501953125,702.2462158203125
1138,07,1568048162159,0100,0320,890.9027709960938,653.431396484375,72.84983825683594,85.66121673583984,133.17721557617188,789.9490356445312,645.7783813476562,892.0036010742188,643.0,887.2806396484375,691.2806396484375,784.364501953125,702.2462158203125
1139,07,1568048162172,0100,0320,891.0537719726562,653.30419921875,72.90655517578125,85.40083312988281,132.8211669921875,789.8917846679688,645.8200073242188,891.9722290039062,642.968994140625,887.417724609375,691.25,784.364501953125,702.2462158203125
1140,07,1568048162186,0100,0320,891.03857421875,653.2916259765625,72.78868865966797,85.7178955078125,131.85398864746094,789.9610595703125,645.6097412109375,891.9722290039062,642.968994140625,887.417724609375,691.25,784.364501953125,702.2462158203125
1141,07,1568048162200,0100,0320,891.0236206054688,653.2759399414062,72.73175048828125,85.4010238647461,130.932861328125,790.0156860351562,645.6251220703125,891.8977661132812,642.8302001953125,887.417724609375,691.25,784.364501953125,702.2462158203125
1142,07,1568048162214,0100,0320,890.9498901367188,653.2512817382812,73.05500793457031,85.59188079833984,131.30343627929688,790.0156860351562,645.6251220703125,891.8977661132812,642.8302001953125,887.417724609375,691.25,784.364501953125,702.2462158203125
1143,07,1568048162227,0100,0320,890.9419555664062,653.3358154296875,73.16532135009766,85.53137969970703,133.38772583007812,790.0156860351562,645.6251220703125,891.8977661132812,642.8302001953125,887.3856201171875,691.2822875976562,784.4408569335938,702.2183837890625
1144,07,1568048162240,0100,0320,890.91015625,653.1339721679688,72.9729232788086,85.7113265991211,132.31539916992188,790.0156860351562,645.6251220703125,891.8873901367188,642.8409423828125,887.396728515625,691.3368530273438,784.4408569335938,702.2183837890625
1145,07,1568048162253,0100,0320,890.986083984375,653.2056884765625,72.85711669921875,85.35492706298828,131.30575561523438,790.0156860351562,645.6251220703125,892.0386962890625,642.7791137695312,887.396728515625,691.3368530273438,784.364501953125,702.2462158203125
1146,07,1568048162266,0100,0320,890.939453125,653.2371826171875,72.84976196289062,85.45146942138672,131.2544708251953,790.0156860351562,645.6251220703125,892.00927734375,642.6353759765625,887.396728515625,691.3368530273438,784.364501953125,702.2462158203125
1147,07,1568048162280,0100,0320,890.9639282226562,653.3920288085938,73.365234375,85.6794204711914,131.8223419189453,790.0156860351562,645.6251220703125,891.8977661132812,642.8302001953125,887.3856201171875,691.2822875976562,784.4408569335938,702.2183837890625
1148,07,1568048162295,0100,0320,891.06640625,653.34814453125,73.32295989990234,85.54805755615234,132.30589294433594,790.0156860351562,645.6251220703125,891.9722290039062,642.968994140625,887.3856201171875,691.2822875976562,784.4408569335938,702.2183837890625
1149,07,1568048162308,0100,0320,891.1194458007812,653.40087890625,72.9599838256836,85.27970886230469,132.59503173828125,790.0156860351562,645.6251220703125,892.0036010742188,643.0,887.3856201171875,691.2822875976562,784.364501953125,702.2462158203125
1150,07,1568048162322,0100,0320,890.8478393554688,653.3737182617188,73.67009735107422,86.15238952636719,131.67601013183594,789.9473266601562,645.7921142578125,892.0036010742188,643.0,887.3856201171875,691.2822875976562,784.364501953125,702.2462158203125
1151,07,1568048162334,0100,0320,891.1334228515625,653.3554077148438,73.306396484375,85.52408599853516,132.8446807861328,789.9473266601562,645.7921142578125,892.0036010742188,643.0,887.3856201171875,691.2822875976562,784.364501953125,702.2462158203125
1152,07,1568048162347,0100,0320,890.9981689453125,653.36328125,73.2942886352539,85.70113372802734,131.340087890625,790.0156860351562,645.6251220703125,891.9722290039062,642.968994140625,887.3856201171875,691.2822875976562,784.364501953125,702.2462158203125
1153,07,1568048162361,0100,0320,890.9132080078125,653.4411010742188,73.30516052246094,85.6506576538086,132.77781677246094,790.0156860351562,645.6251220703125,891.85546875,642.83642578125,887.3856201171875,691.2822875976562,784.364501953125,702.2462158203125
1154,07,1568048162374,0100,0320,890.9995727539062,653.4097900390625,73.52828216552734,85.63101196289062,132.77346801757812,790.0657958984375,645.5416259765625,891.8977661132812,642.8302001953125,887.396728515625,691.3368530273438,784.364501953125,702.2462158203125
1155,07,1568048162386,0100,0320,890.9443359375,653.2907104492188,73.02996826171875,85.27426147460938,131.68040466308594,790.0657958984375,645.5416259765625,891.85546875,642.83642578125,887.396728515625,691.3368530273438,784.364501953125,702.2462158203125
1156,07,1568048162398,0100,0320,890.8953857421875,653.1778564453125,73.45930480957031,85.52477264404297,132.25738525390625,790.0657958984375,645.5416259765625,891.8529663085938,642.8861694335938,887.3685913085938,691.3265380859375,784.364501953125,702.2462158203125
1157,07,1568048162412,0100,0320,890.9174194335938,653.26904296875,73.35291290283203,85.65977478027344,131.61358642578125,790.0657958984375,645.5416259765625,891.8529663085938,642.8861694335938,887.3685913085938,691.3265380859375,784.5001831054688,702.1146850585938
1158,07,1568048162425,0100,0320,890.8990478515625,653.2924194335938,73.65056610107422,85.55988311767578,131.95333862304688,790.0657958984375,645.5416259765625,891.8529663085938,642.8861694335938,887.3556518554688,691.2655639648438,784.5001831054688,702.1146850585938
1159,07,1568048162438,0100,0320,890.8943481445312,653.1399536132812,73.66856384277344,85.21259307861328,131.58139038085938,790.05712890625,645.580810546875,891.8690185546875,642.7963256835938,887.3125,691.1770629882812,784.3924560546875,701.8811645507812
1160,07,1568048162451,0100,0320,890.7086791992188,653.0736694335938,73.35408020019531,85.95886993408203,129.91094970703125,790.1595458984375,645.5883178710938,891.8690185546875,642.7963256835938,887.3125,691.1770629882812,784.3924560546875,701.8811645507812
1161,07,1568048162465,0100,0320,890.8507080078125,653.1122436523438,73.25743865966797,85.55951690673828,132.04147338867188,790.0740966796875,645.5623168945312,891.8690185546875,642.7963256835938,887.3125,691.1770629882812,784.3924560546875,701.8811645507812
1162,07,1568048162480,0100,0320,890.9768676757812,653.3388671875,73.64695739746094,86.16167449951172,133.41140747070312,790.0657958984375,645.5416259765625,891.8529663085938,642.8861694335938,887.474365234375,691.1162109375,784.3924560546875,701.8811645507812
1163,07,1568048162493,0100,0320,891.0363159179688,653.3365478515625,73.52684783935547,86.02323913574219,133.3240203857422,790.0657958984375,645.5416259765625,891.85546875,642.83642578125,887.3974609375,691.2791748046875,784.460693359375,702.087158203125
1164,07,1568048162508,0100,0320,891.0044555664062,653.136962890625,73.23849487304688,85.48799133300781,132.4979248046875,790.0657958984375,645.5416259765625,891.9635009765625,642.7974853515625,887.396728515625,691.3368530273438,784.460693359375,702.087158203125
1165,07,1568048162522,0100,0320,891.0474243164062,653.2590942382812,73.5157241821289,85.16337585449219,132.30857849121094,790.0657958984375,645.5416259765625,891.9722290039062,642.968994140625,887.3856201171875,691.2822875976562,784.460693359375,702.087158203125
1166,07,1568048162537,0100,0320,890.9622192382812,653.2736206054688,73.58343505859375,85.1453628540039,131.63356018066406,790.0657958984375,645.5416259765625,891.9722290039062,642.968994140625,887.3856201171875,691.2822875976562,784.364501953125,702.2462158203125
1167,07,1568048162550,0100,0320,890.9981689453125,653.3225708007812,73.52273559570312,85.41901397705078,131.8986358642578,790.0156860351562,645.6251220703125,891.9722290039062,642.968994140625,887.3856201171875,691.2822875976562,784.364501953125,702.2462158203125
1168,07,1568048162564,0100,0320,890.9094848632812,653.4910888671875,73.36705017089844,85.41348266601562,133.42752075195312,789.9473266601562,645.7921142578125,892.0036010742188,643.0,887.3869018554688,691.2138671875,784.364501953125,702.2462158203125
1169,07,1568048162577,0100,0320,890.9935302734375,653.5301513671875,73.30500793457031,85.80278015136719,133.6431121826172,789.9473266601562,645.7921142578125,892.0036010742188,643.0,887.3869018554688,691.2138671875,784.364501953125,702.2462158203125
1170,07,1568048162590,0100,0320,890.9713134765625,653.4019165039062,73.51997375488281,85.44390106201172,132.5764617919922,789.8917846679688,645.8200073242188,891.9722290039062,642.968994140625,887.3869018554688,691.2138671875,784.364501953125,702.2462158203125
1171,07,1568048162604,0100,0320,890.9093627929688,653.4824829101562,73.61682891845703,85.74237060546875,131.8536376953125,789.8917846679688,645.8200073242188,891.8499145507812,643.0,887.3082275390625,691.4317626953125,784.364501953125,702.2462158203125
1172,07,1568048162617,0100,0320,890.8135986328125,653.6185913085938,74.31371307373047,85.63019561767578,132.7849578857422,789.8917846679688,645.8200073242188,891.8499145507812,643.0,887.25,691.417724609375,784.364501953125,702.2462158203125
1173,07,1568048162631,0100,0320,890.9676513671875,653.5653076171875,73.07861328125,85.27340698242188,133.53916931152344,789.9490356445312,645.7783813476562,891.8499145507812,643.0,887.2138671875,691.3869018554688,784.364501953125,702.2462158203125
1174,07,1568048162644,0100,0320,890.7642822265625,653.4343872070312,73.47758483886719,85.6600570678711,133.08995056152344,789.9490356445312,645.7783813476562,891.8499145507812,643.0,887.3082275390625,691.4317626953125,784.364501953125,702.2462158203125
1175,07,1568048162659,0100,0320,890.8107299804688,653.4024658203125,73.673095703125,85.6284408569336,132.22889709472656,789.9490356445312,645.7783813476562,891.8499145507812,643.0,887.3082275390625,691.4317626953125,784.364501953125,702.2462158203125
1176,07,1568048162674,0100,0320,890.8206176757812,653.3817749023438,73.50721740722656,85.64851379394531,132.21044921875,789.9490356445312,645.7783813476562,891.8499145507812,643.0,887.3082275390625,691.4317626953125,784.364501953125,702.2462158203125
1177,07,1568048162687,0100,0320,890.81396484375,653.28515625,73.42401885986328,85.40834045410156,131.8563995361328,789.9490356445312,645.7783813476562,891.8499145507812,643.0,887.3082275390625,691.4317626953125,784.364501953125,702.2462158203125
1178,07,1568048162701,0100,0320,890.8665771484375,653.4153442382812,73.68549346923828,85.78987884521484,133.1494140625,789.9490356445312,645.7783813476562,891.8499145507812,643.0,887.3082275390625,691.4317626953125,784.364501953125,702.2462158203125
1179,07,1568048162716,0100,0320,890.8206176757812,653.3930053710938,73.69586181640625,85.5779037475586,132.72003173828125,789.9490356445312,645.7783813476562,891.7802734375,642.89453125,887.3082275390625,691.4317626953125,784.364501953125,702.2462158203125
1180,07,1568048162730,0100,0320,890.68408203125,653.3449096679688,73.15504455566406,85.53370666503906,132.76422119140625,789.9197387695312,645.7786865234375,891.7802734375,642.89453125,887.3082275390625,691.4317626953125,784.364501953125,702.2462158203125
1181,07,1568048162743,0100,0320,890.8486938476562,653.3880004882812,73.39356994628906,85.88286590576172,131.14051818847656,789.9197387695312,645.7786865234375,891.7802734375,642.89453125,887.3368530273438,691.396728515625,784.376220703125,702.2463989257812
1182,07,1568048162756,0100,0320,890.7914428710938,653.457275390625,73.52877044677734,85.84089660644531,132.11009216308594,789.9197387695312,645.7786865234375,891.7802734375,642.89453125,887.3368530273438,691.396728515625,784.3931274414062,702.3023681640625
1183,07,1568048162770,0100,0320,890.7882690429688,653.4196166992188,73.69782257080078,85.79422760009766,132.21728515625,789.9490356445312,645.7783813476562,891.8499145507812,643.0,887.3368530273438,691.396728515625,784.26220703125,702.2462158203125
1184,07,1568048162784,0100,0320,890.78564453125,653.3939819335938,73.5013427734375,85.60408020019531,132.79014587402344,789.9490356445312,645.7783813476562,891.7802734375,642.89453125,887.3368530273438,691.396728515625,784.26220703125,702.2462158203125
1185,07,1568048162797,0100,0320,890.7384643554688,653.4031372070312,73.9051284790039,85.5894775390625,132.7140350341797,789.9197387695312,645.7786865234375,891.7802734375,642.89453125,887.3368530273438,691.396728515625,784.26220703125,702.2462158203125
1186,07,1568048162809,0100,0320,890.7042846679688,653.3553466796875,73.89519500732422,85.80570220947266,131.67478942871094,789.9490356445312,645.7783813476562,891.7802734375,642.89453125,887.3368530273438,691.396728515625,784.26220703125,702.2462158203125
1187,07,1568048162822,0100,0320,890.7171630859375,653.3329467773438,73.7477035522461,85.67732238769531,132.44993591308594,789.9490356445312,645.7783813476562,891.8499145507812,643.0,887.3368530273438,691.396728515625,784.26220703125,702.2462158203125
1188,07,1568048162834,0100,0320,890.642578125,653.4295654296875,73.77591705322266,85.73188781738281,132.41427612304688,789.9490356445312,645.7783813476562,891.7802734375,643.10546875,887.3368530273438,691.396728515625,784.376220703125,702.2463989257812
1189,07,1568048162848,0100,0320,890.6342163085938,653.5056762695312,73.50753784179688,85.76788330078125,131.63485717773438,789.9197387695312,645.7786865234375,891.7802734375,643.10546875,887.3368530273438,691.396728515625,784.3931274414062,702.3023681640625
1190,07,1568048162862,0100,0320,890.6296997070312,653.4231567382812,73.60899353027344,85.87555694580078,132.34190368652344,789.9197387695312,645.7786865234375,891.7802734375,643.10546875,887.3368530273438,691.396728515625,784.3931274414062,702.3023681640625
1191,07,1568048162875,0100,0320,890.6580810546875,653.297119140625,74.32613372802734,86.17066192626953,132.4215087890625,789.9197387695312,645.7786865234375,891.7802734375,643.10546875,887.185302734375,691.4784545898438,784.2727661132812,702.3018188476562
1192,07,1568048162890,0100,0320,890.493896484375,653.4826049804688,73.73402404785156,86.08587646484375,132.0450897216797,789.9197387695312,645.7786865234375,891.720703125,643.0,887.185302734375,691.4784545898438,784.2727661132812,702.3018188476562
1193,07,1568048162903,0100,0320,890.4896850585938,653.3230590820312,73.41950988769531,85.59249877929688,132.19287109375,789.9197387695312,645.7786865234375,891.720703125,643.0,887.1162109375,691.474365234375,784.2727661132812,702.3018188476562
1194,07,1568048162916,0100,0320,890.4647216796875,653.2671508789062,73.60871887207031,86.30184173583984,132.03347778320312,789.9197387695312,645.7786865234375,891.720703125,643.0,887.0238037109375,691.3841552734375,784.2727661132812,702.3018188476562
1195,07,1568048162931,0100,0320,890.5213012695312,653.44921875,74.59774017333984,85.88752746582031,131.96795654296875,789.9197387695312,645.7786865234375,891.720703125,643.0,887.0238037109375,691.3841552734375,784.2727661132812,702.3018188476562
1196,07,1568048162947,0100,0320,890.5735473632812,653.4783935546875,73.99222564697266,86.10352325439453,131.9996337890625,789.9197387695312,645.7786865234375,891.720703125,643.0,887.0238037109375,691.3841552734375,784.2727661132812,702.3018188476562
1197,07,1568048162961,0100,0320,890.4654541015625,653.5001220703125,73.72027587890625,85.32323455810547,131.5773162841797,789.9197387695312,645.7786865234375,891.720703125,643.0,887.0238037109375,691.3841552734375,784.3621826171875,702.2387084960938
1198,07,1568048162974,0100,0320,890.5899658203125,653.6173095703125,73.74625396728516,86.03213500976562,132.15538024902344,789.9197387695312,645.7786865234375,891.7802734375,643.10546875,887.0940551757812,691.5934448242188,784.3463134765625,702.1577758789062
1199,07,1568048162986,0100,0320,890.4908447265625,653.5751342773438,73.70549011230469,85.68964385986328,132.31423950195312,789.9113159179688,645.6724243164062,891.7802734375,643.10546875,887.0940551757812,691.5934448242188,784.2315673828125,702.358154296875
1200,07,1568048162999,0100,0320,890.412353515625,653.5814819335938,73.87599182128906,86.00706481933594,132.07217407226562,789.9234619140625,645.6613159179688,891.7802734375,643.10546875,887.0940551757812,691.5934448242188,784.2315673828125,702.358154296875
1201,08,1568048144632,0386,0320,858.7371826171875,651.87158203125,76.52131652832031,87.43612670898438,121.38531494140625,775.6831665039062,643.8428344726562,871.501953125,642.9642333984375,867.1415405273438,690.9757690429688,780.0458984375,692.9945678710938
1202,08,1568048144645,0386,0320,858.9113159179688,651.8426513671875,76.50961303710938,87.10209655761719,119.47774505615234,775.6831665039062,643.8428344726562,871.501953125,642.9642333984375,867.1415405273438,690.9757690429688,780.0458984375,692.9945678710938
1203,08,1568048144661,0386,0320,858.8333740234375,651.7620239257812,76.58529663085938,87.27965545654297,119.60635375976562,775.7767333984375,643.86328125,871.6357421875,643.011962890625,867.1415405273438,690.9757690429688,780.0458984375,692.9945678710938
1204,08,1568048144676,0386,0320,858.8010864257812,651.820068359375,76.25204467773438,87.24346923828125,121.13239288330078,775.81494140625,643.947021484375,871.6273193359375,643.0523681640625,867.29833984375,690.992431640625,780.1536254882812,693.355224609375
1205,08,1568048144690,0386,0320,858.8546142578125,651.9033813476562,76.26228332519531,87.10625457763672,120.3517074584961,775.7813110351562,644.1124267578125,871.6726684570312,643.1800537109375,867.2412719726562,691.1296997070312,780.259033203125,693.199462890625
1206,08,1568048144704,0386,0320,858.8331298828125,652.0862426757812,76.71775817871094,87.32474517822266,122.48419189453125,775.7547607421875,644.2034912109375,871.7293701171875,643.2562866210938,867.1591796875,691.2421875,780.2463989257812,693.4078369140625
1207,08,1568048144717,0386,0320,858.9120483398438,652.1133422851562,76.43785858154297,86.99115753173828,120.64214324951172,775.7518920898438,644.196044921875,871.7293701171875,643.2562866210938,867.2562866210938,691.2706298828125,780.2463989257812,693.4078369140625
1208,08,1568048144731,0386,0320,858.8497314453125,652.2129516601562,76.60176849365234,87.18032836914062,120.57230377197266,775.8372192382812,644.3173828125,871.7906494140625,643.4110107421875,867.2822875976562,691.3856201171875,780.2706298828125,693.4035034179688
1209,08,1568048144744,0386,0320,858.8059692382812,652.16015625,76.17644500732422,87.2115478515625,119.16498565673828,775.7501831054688,644.4274291992188,871.6394653320312,643.5,867.2822875976562,691.3856201171875,780.2706298828125,693.4035034179688
1210,08,1568048144758,0386,0320,858.799560546875,652.241455078125,76.77580261230469,87.00475311279297,119.67312622070312,775.6631469726562,644.396728515625,871.5169067382812,643.5200805664062,867.2822875976562,691.3856201171875,780.1776733398438,693.5466918945312
1211,08,1568048144771,0386,0320,858.280029296875,652.3314208984375,76.13400268554688,87.1149673461914,121.02155303955078,775.5923461914062,644.389404296875,871.3330688476562,643.4777221679688,866.7177124023438,691.6143798828125,780.0,693.5
1212,08,1568048144784,0386,0320,857.35693359375,652.1587524414062,76.76361083984375,87.80321502685547,117.69254302978516,775.3368530273438,644.603271484375,871.0,643.6868286132812,866.5377807617188,691.4622192382812,779.8397827148438,693.6583251953125
1213,08,1568048144799,0386,0320,857.7269287109375,652.4501342773438,76.556884765625,87.8050308227539,119.94966125488281,775.3082275390625,644.5682373046875,871.0623779296875,643.6952514648438,866.6949462890625,691.6351928710938,779.7163696289062,693.7562255859375
1214,08,1568048144813,0386,0320,857.8131713867188,652.5154418945312,76.73516845703125,88.06071472167969,117.9417495727539,775.389404296875,644.610595703125,871.1113891601562,643.7810668945312,866.639404296875,691.587890625,779.8397827148438,693.6583251953125
1215,08,1568048144827,0386,0320,857.7761840820312,652.4234008789062,76.22582244873047,87.59768676757812,117.76358795166016,775.389404296875,644.610595703125,871.0661010742188,643.7622680664062,866.587890625,691.639404296875,779.8397827148438,693.6583251953125
1216,08,1568048144841,0386,0320,857.7257080078125,652.6088256835938,76.62307739257812,87.70796966552734,119.03630065917969,775.417724609375,644.75,871.0661010742188,643.7622680664062,866.639404296875,691.587890625,779.8397827148438,693.6583251953125
1217,08,1568048144856,0386,0320,857.8138427734375,652.561767578125,76.53816223144531,87.58739471435547,118.3984375,775.417724609375,644.75,871.0661010742188,643.7622680664062,866.639404296875,691.587890625,779.8397827148438,693.6583251953125
1218,08,1568048144869,0386,0320,857.8175048828125,652.5755004882812,76.59303283691406,87.81119537353516,118.32564544677734,775.3856201171875,644.7177124023438,871.2553100585938,644.0036010742188,866.639404296875,691.587890625,779.9138793945312,693.7735595703125
1219,08,1568048144882,0386,0320,857.7017211914062,652.5431518554688,76.55896759033203,87.97161102294922,119.57194519042969,775.4583740234375,644.811767578125,871.2879638671875,644.0487670898438,866.639404296875,691.587890625,779.9138793945312,693.7735595703125
1220,08,1568048144895,0386,0320,857.79931640625,652.5319213867188,76.63258361816406,88.33033752441406,118.89639282226562,775.4583740234375,644.811767578125,871.2879638671875,644.0487670898438,866.610595703125,691.610595703125,780.1369018554688,693.7376098632812
1221,08,1568048144907,0386,0320,857.8187866210938,652.4568481445312,76.42460632324219,87.99811553955078,117.35944366455078,775.4583740234375,644.811767578125,871.2879638671875,644.0487670898438,866.6793212890625,691.7923583984375,780.1369018554688,693.7376098632812
1222,08,1568048144920,0386,0320,857.7940673828125,652.4098510742188,76.69325256347656,88.1039047241211,117.41149139404297,775.4583740234375,644.811767578125,871.2879638671875,644.0487670898438,866.7578125,691.8408203125,780.1361083984375,693.69189453125
1223,08,1568048144935,0386,0320,857.7704467773438,652.5496826171875,76.50797271728516,87.98954772949219,117.36769104003906,775.5496215820312,644.93798828125,871.279296875,644.0,866.7578125,691.8408203125,780.1731567382812,693.7428588867188
1224,08,1568048144948,0386,0320,857.8984375,652.6002807617188,76.60010528564453,88.21134185791016,117.17972564697266,775.591064453125,644.9060668945312,871.3680419921875,644.0748901367188,866.7587280273438,691.8703002929688,780.0430297851562,693.9244384765625
1225,08,1568048144962,0386,0320,857.97314453125,652.73388671875,76.98928833007812,87.95223999023438,119.17568969726562,775.5,644.9945678710938,871.3680419921875,644.0748901367188,866.9177856445312,691.9699096679688,780.1416015625,693.963623046875
1226,08,1568048144975,0386,0320,857.921142578125,652.9361572265625,78.09632873535156,87.9513168334961,120.08289337158203,775.5,644.9945678710938,871.3680419921875,644.0748901367188,866.8197631835938,691.904052734375,780.1416015625,693.963623046875
1227,08,1568048144989,0386,0320,857.9301147460938,652.6746826171875,77.11146545410156,87.57357788085938,118.66668701171875,775.5,644.9945678710938,871.3680419921875,644.0748901367188,866.75341796875,691.8841552734375,780.1416015625,693.963623046875
1228,08,1568048145003,0386,0320,857.8535766601562,652.5906372070312,76.7227783203125,87.9662094116211,118.57291412353516,775.5,644.9945678710938,871.3680419921875,644.0748901367188,866.70166015625,692.007568359375,780.1416015625,693.963623046875
1229,08,1568048145016,0386,0320,857.64990234375,652.5940551757812,77.04093933105469,88.33282470703125,119.30620574951172,775.5,644.9945678710938,871.3680419921875,644.0748901367188,866.70166015625,692.007568359375,780.1416015625,693.963623046875
1230,08,1568048145029,0386,0320,857.7212524414062,652.6201782226562,77.45292663574219,88.36796569824219,117.61053466796875,775.5,644.9945678710938,871.3680419921875,644.0748901367188,866.70166015625,692.007568359375,780.0430297851562,693.9244384765625
1231,08,1568048145042,0386,0320,857.6243286132812,652.7457275390625,77.9346923828125,88.40309143066406,119.02835845947266,775.5,644.9945678710938,871.279296875,644.0,866.70166015625,692.007568359375,780.0430297851562,693.9244384765625
1232,08,1568048145055,0386,0320,857.5723876953125,652.6143188476562,77.3761978149414,88.5635757446289,117.8348617553711,775.5,644.9945678710938,871.279296875,644.0,866.6952514648438,691.9376220703125,780.0,694.0
1233,08,1568048145068,0386,0320,857.66943359375,652.6005859375,77.16943359375,88.22303771972656,117.06536865234375,775.5,645.0,871.2269287109375,644.0800170898438,866.6952514648438,692.0623779296875,779.9498291015625,693.963134765625
1234,08,1568048145080,0386,0320,857.7465209960938,652.8014526367188,77.36239624023438,88.74494171142578,119.2711181640625,775.5,645.0,871.2412719726562,644.1296997070312,866.6952514648438,692.0623779296875,779.9498291015625,693.963134765625
1235,08,1568048145093,0386,0320,857.6381225585938,652.7379760742188,77.2790298461914,88.44860076904297,118.76861572265625,775.5,645.0,871.3726806640625,644.0523681640625,866.6952514648438,692.0623779296875,779.9498291015625,693.963134765625
1236,08,1568048145105,0386,0320,857.640380859375,652.7627563476562,77.26696014404297,88.55177307128906,119.41936492919922,775.5,645.0,871.3726806640625,644.0523681640625,866.7066040039062,692.0,780.0458984375,693.9945678710938
1237,08,1568048145118,0386,0320,857.6425170898438,652.6981811523438,77.35071563720703,88.11795806884766,118.2674560546875,775.5,644.9945678710938,871.279296875,644.0,866.7066040039062,692.0,779.9498291015625,693.963134765625
1238,08,1568048145132,0386,0320,857.4793090820312,652.8632202148438,78.13204193115234,88.88666534423828,118.02511596679688,775.5,644.9945678710938,871.279296875,644.0,866.6952514648438,691.9376220703125,779.9498291015625,693.963134765625
1239,08,1568048145144,0386,0320,857.487548828125,652.7442626953125,78.34214782714844,88.67938232421875,118.77820587158203,775.5,644.9945678710938,871.2879638671875,643.9512329101562,866.7120361328125,692.0487670898438,780.0,694.0
1240,08,1568048145155,0386,0320,857.431884765625,652.81982421875,78.32447052001953,88.6869888305664,119.68449401855469,775.5,644.9945678710938,871.2879638671875,643.9512329101562,866.70166015625,692.007568359375,779.9219970703125,694.0439453125
1241,08,1568048145167,0386,0320,857.554443359375,652.6949462890625,78.03678131103516,88.6365966796875,119.11027526855469,775.5,644.9945678710938,871.2269287109375,644.0800170898438,866.6273193359375,691.9476318359375,779.9569702148438,694.0755615234375
1242,08,1568048145180,0386,0320,857.3880004882812,652.7022705078125,78.2580795288086,88.78062438964844,118.4039535522461,775.5,644.9945678710938,871.2269287109375,644.0800170898438,866.6350708007812,691.9901123046875,779.9569702148438,694.0755615234375
1243,08,1568048145192,0386,0320,857.42822265625,652.505126953125,78.443603515625,88.72444152832031,118.82014465332031,775.5,644.9945678710938,871.2197265625,644.10546875,866.6273193359375,691.9476318359375,779.8530883789062,693.9513549804688
1244,08,1568048145205,0386,0320,857.2369384765625,652.5557250976562,78.08061218261719,88.88770294189453,120.24992370605469,775.5,644.9945678710938,871.279296875,644.0,866.6273193359375,691.9476318359375,779.81982421875,693.892578125
1245,08,1568048145217,0386,0320,857.3272094726562,652.5379638671875,78.11207580566406,88.88213348388672,118.25498962402344,775.3726806640625,644.9476318359375,871.279296875,644.0,866.6726684570312,691.8199462890625,779.8177490234375,693.8344116210938
1246,08,1568048145227,0386,0320,857.3346557617188,652.5419311523438,78.12114715576172,88.82294464111328,118.02413940429688,775.3726806640625,644.9476318359375,871.279296875,644.0,866.6726684570312,691.8199462890625,779.8134155273438,693.8711547851562
1247,08,1568048145240,0386,0320,857.47998046875,652.4652099609375,78.09517669677734,88.44602966308594,119.64627838134766,775.2907104492188,644.8490600585938,871.279296875,644.0,866.6726684570312,691.8199462890625,780.0538330078125,693.85595703125
1248,08,1568048145252,0386,0320,857.3378295898438,652.3944702148438,78.81709289550781,89.04754638671875,118.00664520263672,775.5,644.7739868164062,871.279296875,644.0,866.7570190429688,691.7271728515625,780.1369018554688,693.7376098632812
1249,08,1568048145264,0386,0320,857.56103515625,652.3216552734375,78.22114562988281,89.10072326660156,119.35747528076172,775.4583740234375,644.811767578125,871.3642578125,643.988037109375,866.7578125,691.8408203125,780.1369018554688,693.7376098632812
1250,08,1568048145277,0386,0320,857.6576538085938,652.44189453125,78.74818420410156,88.6944351196289,119.11136627197266,775.5496215820312,644.93798828125,871.3642578125,643.988037109375,866.8886108398438,691.7810668945312,780.1718139648438,693.6693725585938
1251,08,1568048145290,0386,0320,857.6483764648438,652.5242919921875,78.43109130859375,89.36263275146484,118.9691390991211,775.5496215820312,644.93798828125,871.3642578125,643.988037109375,867.007568359375,691.70166015625,780.1718139648438,693.6693725585938
1252,08,1568048145301,0386,0320,857.5414428710938,652.3569946289062,78.5488052368164,89.66136169433594,119.11061096191406,775.5496215820312,644.93798828125,871.3726806640625,643.9476318359375,867.007568359375,691.70166015625,780.1718139648438,693.6693725585938
1253,08,1568048145312,0386,0320,857.5390014648438,652.4616088867188,78.11119079589844,89.33413696289062,119.92625427246094,775.6734008789062,644.8701782226562,871.3726806640625,643.9476318359375,867.007568359375,691.70166015625,780.1718139648438,693.6693725585938
1254,08,1568048145326,0386,0320,857.586669921875,652.41650390625,78.6255874633789,89.20943450927734,120.11080169677734,775.57568359375,644.7635498046875,871.6273193359375,643.9476318359375,867.007568359375,691.70166015625,780.1718139648438,693.6693725585938
1255,08,1568048145340,0386,0320,857.6491088867188,652.3158569335938,78.57362365722656,89.10072326660156,120.82049560546875,775.6554565429688,644.6072998046875,871.6726684570312,643.8199462890625,866.9476318359375,691.6273193359375,780.1718139648438,693.6693725585938
1256,08,1568048145352,0386,0320,857.666748046875,652.2334594726562,78.45980834960938,89.2486572265625,121.73540496826172,775.75,644.582275390625,871.6726684570312,643.8199462890625,866.9761962890625,691.6158447265625,780.1718139648438,693.6693725585938
1257,08,1568048145364,0386,0320,857.7006225585938,652.2702026367188,78.47701263427734,89.10612487792969,121.2423095703125,775.6669311523438,644.4777221679688,871.4781494140625,643.6097412109375,866.9761962890625,691.6158447265625,780.130859375,693.5676879882812
1258,08,1568048145376,0386,0320,857.7010498046875,652.1131591796875,79.00225830078125,89.19053649902344,120.33036041259766,775.7177124023438,644.3856201171875,871.5643920898438,643.4867553710938,867.0238037109375,691.3841552734375,780.130859375,693.5676879882812
1259,08,1568048145388,0386,0320,857.658203125,651.9752197265625,78.89080047607422,89.46570587158203,121.71453094482422,775.7177124023438,644.3856201171875,871.4292602539062,643.5,867.091796875,691.38134765625,780.2706298828125,693.4035034179688
1260,08,1568048145399,0386,0320,857.6649780273438,651.9697875976562,78.83807373046875,89.30591583251953,120.41262817382812,775.8750610351562,644.3055419921875,871.5169067382812,643.4799194335938,867.0623779296875,691.3047485351562,780.3577880859375,693.3140258789062
1261,08,1568048145411,0386,0320,857.629638671875,651.7130737304688,78.60139465332031,89.2479019165039,119.78782653808594,775.7293701171875,644.2562866210938,871.6539916992188,643.3638305664062,867.0623779296875,691.3047485351562,780.4224853515625,693.270263671875
1262,08,1568048145427,0386,0320,857.58642578125,651.7501831054688,78.70974731445312,89.43744659423828,119.21956634521484,775.6726684570312,644.1800537109375,871.6539916992188,643.3638305664062,867.0623779296875,691.3047485351562,780.4063720703125,693.21826171875
1263,08,1568048145440,0386,0320,857.6571044921875,651.86669921875,78.40828704833984,88.9221420288086,120.4996337890625,775.6273193359375,644.0523681640625,871.7293701171875,643.2562866210938,867.0623779296875,691.3047485351562,780.4063720703125,693.21826171875
1264,08,1568048145454,0386,0320,857.7402954101562,651.7822875976562,78.75977325439453,89.0784683227539,120.38127899169922,775.6726684570312,644.1800537109375,871.6539916992188,643.3638305664062,867.0623779296875,691.3047485351562,780.4063720703125,693.21826171875
1265,08,1568048145466,0386,0320,857.6954345703125,651.8650512695312,78.5233154296875,89.08975219726562,119.76304626464844,775.6726684570312,644.1800537109375,871.6539916992188,643.3638305664062,867.0623779296875,691.3047485351562,780.4063720703125,693.21826171875
1266,08,1568048145481,0386,0320,857.77392578125,651.8148193359375,78.68824768066406,89.4001235961914,120.53016662597656,775.7293701171875,644.2562866210938,871.6539916992188,643.3638305664062,867.0623779296875,691.3047485351562,780.4224853515625,693.270263671875
1267,08,1568048145494,0386,0320,857.5985107421875,651.8240966796875,78.76935577392578,89.7883071899414,120.1394271850586,775.7293701171875,644.2562866210938,871.6539916992188,643.3638305664062,867.0623779296875,691.3047485351562,780.4224853515625,693.270263671875
1268,08,1568048145507,0386,0320,857.5588989257812,651.7901000976562,78.61767578125,89.5461654663086,120.13117980957031,775.7293701171875,644.2562866210938,871.5687255859375,643.399658203125,867.0623779296875,691.3047485351562,780.4224853515625,693.270263671875
1269,08,1568048145518,0386,0320,857.6510620117188,651.8193359375,78.34468078613281,88.99982452392578,120.98860168457031,775.7570190429688,644.2728271484375,871.5687255859375,643.399658203125,867.0623779296875,691.3047485351562,780.4063720703125,693.21826171875
1270,08,1568048145530,0386,0320,857.5762329101562,651.81396484375,78.40254974365234,89.1715316772461,120.90558624267578,775.6273193359375,644.0523681640625,871.6539916992188,643.3638305664062,867.0623779296875,691.3047485351562,780.3445434570312,693.1788940429688
1271,08,1568048145543,0386,0320,857.500244140625,651.7544555664062,78.44246673583984,89.1500015258789,120.6518783569336,775.6273193359375,644.0523681640625,871.6539916992188,643.3638305664062,867.0623779296875,691.3047485351562,780.3445434570312,693.1788940429688
1272,08,1568048145555,0386,0320,857.5764770507812,651.7293701171875,78.51438903808594,89.1268081665039,120.685791015625,775.6273193359375,644.0523681640625,871.6539916992188,643.3638305664062,867.0213623046875,691.2669677734375,780.3445434570312,693.1788940429688
1273,08,1568048145568,0386,0320,857.578857421875,651.6771240234375,78.49578094482422,88.79124450683594,121.00154113769531,775.6357421875,644.011962890625,871.6795654296875,643.1270141601562,867.1104125976562,691.1521606445312,780.264892578125,693.0787963867188
1274,08,1568048145580,0386,0320,857.6838989257812,651.4609985351562,78.60879516601562,88.78720092773438,122.24617767333984,775.6357421875,644.011962890625,871.736572265625,643.065673828125,867.1104125976562,691.1521606445312,780.264892578125,693.0787963867188
1275,08,1568048145594,0386,0320,857.5908813476562,651.5855102539062,78.82315826416016,88.83928680419922,119.55520629882812,775.6319580078125,644.0748901367188,871.7303466796875,643.034912109375,867.08740234375,690.929931640625,780.1416015625,692.963623046875
1276,08,1568048145608,0386,0320,857.5051879882812,651.4277954101562,79.04120635986328,89.09479522705078,120.2030029296875,775.6319580078125,644.0748901367188,871.7303466796875,643.034912109375,867.1436157226562,690.944580078125,780.1416015625,692.963623046875
1277,08,1568048145621,0386,0320,857.6824951171875,651.3605346679688,78.99683380126953,88.8265609741211,121.38703155517578,775.6211547851562,644.10498046875,871.70166015625,642.992431640625,867.1436157226562,690.944580078125,780.1416015625,692.963623046875
1278,08,1568048145634,0386,0320,857.5077514648438,651.5274658203125,79.28907775878906,89.17339324951172,120.08415985107422,775.6155395507812,644.0626220703125,871.70166015625,642.992431640625,867.0877685546875,690.9498901367188,780.224365234375,692.8449096679688
1279,08,1568048145646,0386,0320,857.58740234375,651.5806884765625,78.76466369628906,89.15123748779297,120.22886657714844,775.5,643.9945678710938,871.501953125,642.9642333984375,866.9501342773438,690.907470703125,780.1416015625,692.963623046875
1280,08,1568048145658,0386,0320,857.3109741210938,651.4807739257812,78.97827911376953,89.4562759399414,121.59878540039062,775.5,643.9945678710938,871.501953125,642.9642333984375,866.8927612304688,690.8978271484375,780.1416015625,692.963623046875
1281,08,1568048145670,0386,0320,857.4306030273438,651.7884521484375,78.9420166015625,88.94562530517578,120.45407104492188,775.5,643.9945678710938,871.3726806640625,643.0523681640625,866.74365234375,690.9529418945312,780.1880493164062,693.0
1282,08,1568048145683,0386,0320,857.3171997070312,651.5579833984375,78.68415069580078,88.88850402832031,122.52104187011719,775.5,643.9945678710938,871.3726806640625,643.0523681640625,866.7730712890625,690.9199829101562,780.1880493164062,693.0
1283,08,1568048145697,0386,0320,857.336181640625,651.6881103515625,79.0557632446289,88.9128189086914,122.73902893066406,775.501953125,644.0357666015625,871.3726806640625,643.0523681640625,866.7120361328125,691.0487670898438,780.1106567382812,693.036865234375
1284,08,1568048145711,0386,0320,857.2118530273438,651.7351684570312,78.72883605957031,89.27050018310547,121.45111083984375,775.5,644.0,871.3726806640625,643.0523681640625,866.7120361328125,690.9512329101562,779.9219970703125,693.0439453125
1285,08,1568048145725,0386,0320,857.4085083007812,651.760986328125,79.09957885742188,88.74208068847656,122.06859588623047,775.5,644.0,871.43896484375,643.27001953125,866.7446899414062,690.9963989257812,779.85107421875,692.9847412109375
1286,08,1568048145739,0386,0320,857.4633178710938,651.8162231445312,79.0633316040039,89.18950653076172,121.37835693359375,775.5,644.0,871.43896484375,643.27001953125,866.7446899414062,690.9963989257812,779.85107421875,692.9847412109375
1287,08,1568048145752,0386,0320,857.4439697265625,651.7985229492188,78.94989013671875,88.77409362792969,123.09687042236328,775.5,644.0,871.43896484375,643.27001953125,866.7446899414062,690.9963989257812,779.85107421875,692.9847412109375
1288,08,1568048145765,0386,0320,857.3462524414062,651.7578735351562,79.19511413574219,89.07859802246094,122.06788635253906,775.5,644.0,871.43896484375,643.27001953125,866.7446899414062,690.9963989257812,779.85107421875,692.9847412109375
1289,08,1568048145778,0386,0320,857.3341064453125,651.8038940429688,79.25457000732422,89.00139617919922,121.61930084228516,775.5,644.0,871.43896484375,643.27001953125,866.7446899414062,690.9963989257812,779.9127197265625,693.0138549804688
1290,08,1568048145792,0386,0320,857.2886352539062,651.832763671875,79.02096557617188,88.98506164550781,121.84807586669922,775.5,644.0,871.43896484375,643.27001953125,866.8594360351562,691.1207275390625,780.0458984375,692.9945678710938
1291,08,1568048145806,0386,0320,857.35986328125,652.0241088867188,79.07380676269531,89.2745132446289,122.36190795898438,775.5,644.0054321289062,871.43896484375,643.27001953125,866.934326171875,691.263427734375,780.0338745117188,693.2164306640625
1292,08,1568048145820,0386,0320,857.29248046875,652.0162963867188,79.34298706054688,89.504150390625,123.28330993652344,775.6273193359375,644.0523681640625,871.52197265625,643.3096313476562,866.8585205078125,691.1414794921875,780.0338745117188,693.2164306640625
1293,08,1568048145833,0386,0320,857.26953125,651.980712890625,78.77661895751953,89.5978775024414,122.07910919189453,775.5,644.0054321289062,871.52197265625,643.3096313476562,866.934326171875,691.263427734375,780.0462646484375,693.1475219726562
1294,08,1568048145846,0386,0320,857.2053833007812,651.8841552734375,79.05530548095703,89.66166687011719,123.37015533447266,775.6273193359375,644.0523681640625,871.52197265625,643.3096313476562,866.934326171875,691.263427734375,780.0338745117188,693.2164306640625
1295,08,1568048145859,0386,0320,857.265869140625,651.9027709960938,78.87609100341797,89.86549377441406,123.05805969238281,775.6726684570312,644.1800537109375,871.5687255859375,643.399658203125,866.934326171875,691.263427734375,779.9500732421875,693.3236694335938
1296,08,1568048145873,0386,0320,857.4251708984375,651.9891967773438,79.10291290283203,89.97777557373047,122.80239868164062,775.6726684570312,644.1800537109375,871.4622192382812,643.5377807617188,866.934326171875,691.263427734375,780.0269775390625,693.4666748046875
1297,08,1568048145886,0386,0320,857.3338623046875,652.155517578125,79.17922973632812,89.84619903564453,122.84953308105469,775.639404296875,644.412109375,871.4622192382812,643.5377807617188,867.007568359375,691.29833984375,780.0,693.5
1298,08,1568048145900,0386,0320,857.2600708007812,652.165771484375,79.50567626953125,90.37688446044922,122.97391510009766,775.639404296875,644.412109375,871.5,643.5,867.007568359375,691.29833984375,780.0,693.5
1299,08,1568048145913,0386,0320,857.4468383789062,652.2031860351562,79.09468078613281,89.44026184082031,125.05693817138672,775.639404296875,644.412109375,871.5377807617188,643.4622192382812,866.8886108398438,691.2189331054688,780.0,693.5
1300,08,1568048145925,0386,0320,857.2711791992188,652.218505859375,79.38780212402344,89.8924560546875,123.81146240234375,775.639404296875,644.412109375,871.5377807617188,643.4622192382812,866.8886108398438,691.2189331054688,780.0,693.5
1301,08,1568048145939,0386,0320,857.2706909179688,652.2606201171875,78.8834228515625,89.64385223388672,124.33132934570312,775.639404296875,644.412109375,871.5377807617188,643.4622192382812,866.8886108398438,691.2189331054688,780.0,693.5
1302,08,1568048145952,0386,0320,857.2055053710938,652.1981201171875,79.40980529785156,90.40316772460938,122.4559326171875,775.5200805664062,644.4830932617188,871.5377807617188,643.4622192382812,866.8886108398438,691.2189331054688,780.0,693.5
1303,08,1568048145964,0386,0320,857.1417236328125,652.3536987304688,79.3368911743164,89.9192886352539,123.9839859008789,775.5377807617188,644.5377807617188,871.5377807617188,643.4622192382812,866.8886108398438,691.2189331054688,780.0,693.5
1304,08,1568048145978,0386,0320,857.27001953125,652.28173828125,79.43859100341797,89.76467895507812,124.5443115234375,775.5377807617188,644.5377807617188,871.5377807617188,643.4622192382812,866.8261108398438,691.3447875976562,780.0,693.5
1305,08,1568048145991,0386,0320,857.1674194335938,652.2687377929688,79.0286865234375,89.91854095458984,124.36687469482422,775.5377807617188,644.5377807617188,871.5377807617188,643.4622192382812,866.8261108398438,691.3447875976562,780.0,693.5
1306,08,1568048146005,0386,0320,857.3236083984375,652.19287109375,79.65083312988281,89.87388610839844,124.02568817138672,775.5377807617188,644.5377807617188,871.5377807617188,643.4622192382812,866.8886108398438,691.2189331054688,780.0,693.5
1307,08,1568048146018,0386,0320,857.222412109375,652.1987915039062,79.52387237548828,90.13970947265625,123.05265808105469,775.5377807617188,644.5377807617188,871.5707397460938,643.5,866.934326171875,691.263427734375,780.0,693.5
1308,08,1568048146032,0386,0320,857.1799926757812,652.1946411132812,79.50777435302734,89.98958587646484,123.89430236816406,775.3273315429688,644.1800537109375,871.4830932617188,643.4799194335938,866.934326171875,691.263427734375,779.9261474609375,693.3427124023438
1309,08,1568048146045,0386,0320,857.2628173828125,651.9713134765625,79.57926940917969,89.86946105957031,123.3565673828125,775.5,644.0054321289062,871.389404296875,643.389404296875,866.8585205078125,691.1414794921875,780.0,693.240234375
1310,08,1568048146059,0386,0320,857.2366333007812,652.0250244140625,79.89301300048828,90.17247772216797,124.123046875,775.501953125,643.9642333984375,871.360595703125,643.412109375,866.736572265625,691.065673828125,779.9678344726562,693.1220092773438
1311,08,1568048146073,0386,0320,857.1441650390625,651.9932861328125,79.5924301147461,90.03273010253906,123.5293197631836,775.5,644.0,871.3726806640625,643.0523681640625,866.720703125,691.0,779.9219970703125,693.0439453125
1312,08,1568048146086,0386,0320,857.0980834960938,651.59326171875,80.3157958984375,90.28125,122.2876968383789,775.3726806640625,643.9476318359375,871.279296875,643.0,866.735107421875,690.9008178710938,780.0487060546875,692.8114013671875
1313,08,1568048146098,0386,0320,857.3202514648438,651.2904663085938,79.59883117675781,90.05870056152344,123.05348205566406,775.677734375,643.7427368164062,871.3726806640625,642.9476318359375,866.8703002929688,690.7587280273438,780.0538330078125,692.85595703125
1314,08,1568048146112,0386,0320,857.3967895507812,651.47802734375,79.95687103271484,90.45529174804688,123.05265045166016,775.677734375,643.7427368164062,871.5,642.87890625,867.007568359375,690.70166015625,780.1718139648438,692.6693725585938
1315,08,1568048146125,0386,0320,857.442138671875,651.4201049804688,79.64212036132812,89.90018463134766,123.70419311523438,775.6389770507812,643.7659912109375,871.5,642.87890625,867.007568359375,690.70166015625,780.1718139648438,692.6693725585938
1316,08,1568048146138,0386,0320,857.322509765625,651.4349975585938,79.9731216430664,90.39398193359375,123.12591552734375,775.6271362304688,643.632080078125,871.6273193359375,642.9476318359375,867.007568359375,690.70166015625,780.1718139648438,692.6693725585938
1317,08,1568048146151,0386,0320,857.2840576171875,651.4313354492188,79.95638275146484,90.2474594116211,122.88929748535156,775.5218505859375,643.6097412109375,871.5,642.87890625,867.007568359375,690.70166015625,780.1718139648438,692.6693725585938
1318,08,1568048146165,0386,0320,857.2578735351562,651.35498046875,79.92825317382812,90.41427612304688,123.82536315917969,775.3663940429688,643.5048217773438,871.5,642.87890625,867.007568359375,690.70166015625,780.1718139648438,692.6693725585938
1319,08,1568048146179,0386,0320,857.2301635742188,651.3594360351562,79.84379577636719,90.5662612915039,123.93760681152344,775.3663940429688,643.5048217773438,871.4596557617188,642.7578735351562,867.007568359375,690.70166015625,780.130859375,692.5676879882812
1320,08,1568048146192,0386,0320,857.1937866210938,651.4104614257812,79.70966339111328,90.6968765258789,123.96244049072266,775.3663940429688,643.5048217773438,871.4596557617188,642.7578735351562,867.007568359375,690.70166015625,780.130859375,692.5676879882812
1321,08,1568048146205,0386,0320,857.1182861328125,651.4807739257812,79.99030303955078,90.79830169677734,122.15449523925781,775.3663940429688,643.5048217773438,871.3273315429688,642.8199462890625,866.9476318359375,690.6273193359375,780.0,692.5
1322,08,1568048146220,0386,0320,857.0341796875,651.45556640625,80.30147552490234,91.04956817626953,122.38084411621094,775.3663940429688,643.5048217773438,871.3273315429688,642.8199462890625,867.007568359375,690.70166015625,780.0,692.5
1323,08,1568048146233,0386,0320,857.0851440429688,651.5718383789062,80.24463653564453,90.74553680419922,122.70479583740234,775.4141235351562,643.4689331054688,871.3273315429688,642.8199462890625,866.9476318359375,690.6273193359375,779.9791259765625,692.5679931640625
1324,08,1568048146245,0386,0320,857.1080322265625,651.5472412109375,80.61422729492188,90.85710906982422,123.10606384277344,775.4141235351562,643.4689331054688,871.2412719726562,642.8703002929688,866.8199462890625,690.6726684570312,779.9791259765625,692.5679931640625
1325,08,1568048146259,0386,0320,857.02392578125,651.5213012695312,79.85673522949219,90.6070327758789,124.53265380859375,775.4141235351562,643.4689331054688,871.2412719726562,642.8703002929688,866.8199462890625,690.6726684570312,779.9791259765625,692.5679931640625
1326,08,1568048146273,0386,0320,856.9884643554688,651.401611328125,80.14408874511719,91.30939483642578,122.88385009765625,775.4656372070312,643.5042114257812,871.1591796875,642.7578125,866.8668823242188,690.5370483398438,780.0,692.5
1327,08,1568048146287,0386,0320,857.0519409179688,651.3780517578125,79.8582992553711,90.3486328125,123.1961669921875,775.4180908203125,643.5478515625,871.3206787109375,642.7923583984375,866.6394653320312,690.5,780.0,692.5
1328,08,1568048146300,0386,0320,856.9244995117188,651.217041015625,80.46747589111328,91.37337493896484,124.26773834228516,775.4390869140625,643.5665893554688,871.3206787109375,642.7923583984375,866.7880859375,690.417236328125,780.0,692.5
1329,08,1568048146312,0386,0320,857.0719604492188,651.2798461914062,80.21112823486328,90.60897064208984,123.67020416259766,775.4390869140625,643.5665893554688,871.4938354492188,642.659423828125,866.7880859375,690.417236328125,780.0,692.5
1330,08,1568048146324,0386,0320,857.115966796875,651.4780883789062,80.38790130615234,91.04393768310547,124.5482406616211,775.5377807617188,643.5377807617188,871.4938354492188,642.659423828125,866.8668823242188,690.5370483398438,780.0,692.5
1331,08,1568048146337,0386,0320,857.1175537109375,651.4146728515625,80.07805633544922,91.076416015625,125.79908752441406,775.4180908203125,643.5478515625,871.4938354492188,642.659423828125,866.9476318359375,690.6273193359375,780.0,692.5
1332,08,1568048146349,0386,0320,857.0142822265625,651.435302734375,80.3960952758789,90.89723205566406,125.34618377685547,775.3663940429688,643.5048217773438,871.3981323242188,642.577392578125,866.9476318359375,690.6273193359375,780.0,692.5
1333,08,1568048146362,0386,0320,856.9429931640625,651.3109741210938,79.95620727539062,91.02472686767578,121.79640197753906,775.3663940429688,643.5048217773438,871.5,642.6712036132812,866.9476318359375,690.6273193359375,780.0,692.5
1334,08,1568048146374,0386,0320,857.0298461914062,651.4169311523438,80.2869873046875,91.6413345336914,121.86609649658203,775.4141235351562,643.4689331054688,871.3273315429688,642.8199462890625,866.9476318359375,690.6273193359375,780.0,692.5
1335,08,1568048146386,0386,0320,857.0823364257812,651.5855712890625,80.5133056640625,91.40644836425781,121.95764923095703,775.4141235351562,643.4689331054688,871.3273315429688,642.8199462890625,866.8703002929688,690.7587280273438,780.0,692.5
1336,08,1568048146399,0386,0320,856.9266967773438,651.5004272460938,80.52893829345703,91.56737518310547,123.15275573730469,775.4141235351562,643.4689331054688,871.3273315429688,642.8199462890625,866.8703002929688,690.7587280273438,780.0,692.5
1337,08,1568048146411,0386,0320,857.0181884765625,651.4808349609375,80.506591796875,91.06886291503906,123.8046875,775.4141235351562,643.4689331054688,871.3273315429688,642.8199462890625,866.8703002929688,690.7587280273438,779.9791259765625,692.5679931640625
1338,08,1568048146424,0386,0320,856.9758911132812,651.5870361328125,80.4791488647461,90.99547576904297,123.09794616699219,775.4141235351562,643.4689331054688,871.3273315429688,642.8199462890625,866.9008178710938,690.735107421875,780.0529174804688,692.6884765625
1339,08,1568048146437,0386,0320,857.001953125,651.5807495117188,80.39695739746094,90.73863220214844,122.06128692626953,775.5218505859375,643.6097412109375,871.2412719726562,642.8703002929688,866.8031616210938,690.8031616210938,780.0529174804688,692.6884765625
1340,08,1568048146450,0386,0320,857.025146484375,651.7179565429688,80.08667755126953,91.22827911376953,123.59758758544922,775.43896484375,643.72998046875,871.2269287109375,642.9199829101562,866.8031616210938,690.8031616210938,780.0529174804688,692.6884765625
1341,08,1568048146462,0386,0320,857.2352905273438,651.5408325195312,80.6247329711914,90.94692993164062,121.11856842041016,775.43896484375,643.72998046875,871.2269287109375,642.9199829101562,866.8031616210938,690.8031616210938,780.0529174804688,692.6884765625
1342,08,1568048146474,0386,0320,857.264892578125,651.5266723632812,80.96866607666016,91.38578033447266,121.16181182861328,775.43896484375,643.72998046875,871.2269287109375,642.9199829101562,866.9008178710938,690.735107421875,780.0529174804688,692.6884765625
1343,08,1568048146486,0386,0320,856.9896850585938,651.6443481445312,80.55093383789062,91.02517700195312,121.77308654785156,775.5218505859375,643.6097412109375,871.2269287109375,642.9199829101562,866.9008178710938,690.735107421875,780.0529174804688,692.6884765625
1344,08,1568048146501,0386,0320,856.927734375,651.5073852539062,80.66510772705078,90.94263458251953,121.89446258544922,775.360595703125,643.587890625,871.2269287109375,642.9199829101562,866.8703002929688,690.7587280273438,780.0529174804688,692.6884765625
1345,08,1568048146515,0386,0320,856.822265625,651.5858154296875,80.1620864868164,90.957275390625,123.06905364990234,775.3839721679688,643.6160278320312,871.2465209960938,642.8704833984375,866.6160278320312,690.6160278320312,779.9791259765625,692.5679931640625
1346,08,1568048146531,0386,0320,856.7275390625,651.5724487304688,80.94320678710938,91.39512634277344,123.06037902832031,775.4356079101562,643.4867553710938,871.2421875,642.8408203125,866.6160278320312,690.6160278320312,779.9791259765625,692.5679931640625
1347,08,1568048146544,0386,0320,856.6542358398438,651.4860229492188,80.30049133300781,91.48016357421875,122.25577545166016,775.412109375,643.639404296875,870.992431640625,642.70166015625,866.6160278320312,690.6160278320312,779.6536865234375,692.8422241210938
1348,08,1568048146556,0386,0320,856.7364501953125,651.4970703125,80.45722198486328,91.57522583007812,122.29205322265625,775.1509399414062,643.7092895507812,870.992431640625,642.70166015625,866.4666137695312,690.4666137695312,779.7163696289062,692.7562255859375
1349,08,1568048146568,0386,0320,856.6386108398438,651.4739379882812,80.88597869873047,91.51183319091797,123.14757537841797,775.3605346679688,643.5,870.992431640625,642.70166015625,866.5,690.5,779.7293701171875,692.5267944335938
1350,08,1568048146580,0386,0320,856.6824340820312,651.355712890625,81.05519104003906,91.39472961425781,123.2046890258789,775.2119140625,643.417236328125,870.992431640625,642.70166015625,866.5,690.5,779.7828979492188,692.5
1351,09,1568048152714,0672,0320,823.650146484375,649.275634765625,77.78971099853516,87.67231750488281,107.57344055175781,757.2421875,642.8408203125,851.3680419921875,642.0748901367188,846.913330078125,690.2705078125,763.400634765625,690.6793823242188
1352,09,1568048152730,0672,0320,823.4788818359375,649.2847290039062,77.70620727539062,87.89073944091797,107.2226333618164,757.2421875,642.8408203125,851.3680419921875,642.0748901367188,846.913330078125,690.2705078125,763.400634765625,690.6793823242188
1353,09,1568048152746,0672,0320,823.640869140625,649.2427978515625,77.39347076416016,87.6150131225586,106.99012756347656,757.2044677734375,642.7955322265625,851.3680419921875,642.0748901367188,847.0,690.3109130859375,763.400634765625,690.6793823242188
1354,09,1568048152760,0672,0320,823.6078491210938,649.246337890625,77.94039916992188,87.75779724121094,106.82911682128906,757.1591796875,642.7578125,851.3680419921875,642.0748901367188,847.0,690.3109130859375,763.4363403320312,690.8379516601562
1355,09,1568048152774,0672,0320,823.7081909179688,649.2078247070312,77.47315216064453,87.78099822998047,108.29307556152344,757.2412719726562,642.8703002929688,851.4596557617188,642.2421264648438,847.0535888671875,690.3615112304688,763.3839111328125,690.929931640625
1356,09,1568048152787,0672,0320,823.6966552734375,649.3469848632812,77.6946029663086,87.50240325927734,107.35065460205078,757.2412719726562,642.8703002929688,851.593505859375,642.3008422851562,847.0535888671875,690.3615112304688,763.5057373046875,691.0130615234375
1357,09,1568048152800,0672,0320,823.7987670898438,649.3662109375,77.60784149169922,87.2345962524414,107.30029296875,757.2269287109375,642.9199829101562,851.5,642.3287963867188,846.96875,690.5283203125,763.474609375,691.091064453125
1358,09,1568048152812,0672,0320,823.7135620117188,649.3580322265625,77.28936767578125,87.4209976196289,107.32270050048828,757.279296875,643.0,851.5,642.3287963867188,846.96875,690.5283203125,763.474609375,691.091064453125
1359,09,1568048152824,0672,0320,823.7607421875,649.3443603515625,76.85049438476562,87.05802917480469,105.81038665771484,757.279296875,643.0,851.5,642.3287963867188,846.96875,690.5283203125,763.3095092773438,691.103271484375
1360,09,1568048152836,0672,0320,823.668212890625,649.3920288085938,77.68416595458984,86.8294906616211,107.3581314086914,757.279296875,643.0,851.5,642.3287963867188,846.96875,690.5283203125,763.323974609375,691.143798828125
1361,09,1568048152848,0672,0320,823.655029296875,649.4459228515625,77.16899871826172,86.60079956054688,107.6387939453125,757.279296875,643.0,851.5,642.3287963867188,846.96875,690.5283203125,763.323974609375,691.143798828125
1362,09,1568048152859,0672,0320,823.591796875,649.571533203125,77.35612487792969,86.8667984008789,105.57574462890625,757.279296875,643.0,851.5,642.5707397460938,847.0,690.5,763.323974609375,691.143798828125
1363,09,1568048152873,0672,0320,823.792236328125,649.6959838867188,77.48160552978516,87.2059555053711,106.46829223632812,757.2197265625,643.10546875,851.4666137695312,642.5333862304688,847.0,690.5,763.323974609375,691.143798828125
1364,09,1568048152889,0672,0320,823.7657470703125,649.6080932617188,77.05374908447266,87.0319595336914,106.62010955810547,757.2197265625,643.10546875,851.5,642.5707397460938,847.0,690.5,763.323974609375,691.143798828125
1365,09,1568048152903,0672,0320,823.772216796875,649.6337890625,77.20220184326172,87.05427551269531,106.52244567871094,757.2197265625,643.10546875,851.5,642.5707397460938,847.0,690.5,763.323974609375,691.143798828125
1366,09,1568048152917,0672,0320,823.7413330078125,649.5430908203125,77.2779769897461,87.30604553222656,106.04365539550781,757.2197265625,643.10546875,851.4666137695312,642.5333862304688,847.0,690.5,763.323974609375,691.143798828125
1367,09,1568048152931,0672,0320,823.7769775390625,649.605712890625,77.1314468383789,87.14820098876953,106.33363342285156,757.2197265625,643.10546875,851.5,642.5707397460938,847.0,690.5,763.323974609375,691.143798828125
1368,09,1568048152944,0672,0320,823.8411254882812,649.6316528320312,77.12834930419922,87.12663269042969,106.00275421142578,757.2197265625,643.10546875,851.5,642.5707397460938,847.0,690.5,763.323974609375,691.143798828125
1369,09,1568048152958,0672,0320,823.7969970703125,649.6953125,77.1474838256836,86.78361511230469,107.14598846435547,757.2197265625,643.10546875,851.5,642.5707397460938,847.0,690.5,763.323974609375,691.143798828125
1370,09,1568048152972,0672,0320,823.8116455078125,649.5530395507812,77.33269500732422,87.30162048339844,106.06366729736328,757.279296875,643.0,851.5,642.5707397460938,847.0,690.5,763.323974609375,691.143798828125
1371,09,1568048152985,0672,0320,823.7618408203125,649.646728515625,77.22086334228516,87.07147979736328,106.05030059814453,757.279296875,643.0,851.6018676757812,642.422607421875,847.0,690.5,763.3095092773438,691.103271484375
1372,09,1568048152999,0672,0320,823.8386840820312,649.668212890625,77.15340423583984,86.92230987548828,105.19286346435547,757.279296875,643.0,851.6018676757812,642.422607421875,846.96875,690.5283203125,763.323974609375,691.143798828125
1373,09,1568048153013,0672,0320,823.7774047851562,649.6259765625,77.16554260253906,86.6320571899414,105.6555404663086,757.279296875,643.0,851.6018676757812,642.422607421875,846.96875,690.5283203125,763.323974609375,691.143798828125
1374,09,1568048153026,0672,0320,823.7298583984375,649.5944213867188,77.39879608154297,86.94123077392578,105.6163101196289,757.2197265625,643.10546875,851.3981323242188,642.422607421875,847.0,690.5,763.323974609375,691.143798828125
1375,09,1568048153040,0672,0320,823.1484985351562,649.34033203125,77.17867279052734,87.01715087890625,105.0053482055664,757.1500854492188,643.0,851.29638671875,642.2908325195312,846.8267211914062,690.5,763.209716796875,691.0794677734375
1376,09,1568048153054,0672,0320,823.1369018554688,649.3273315429688,77.29225158691406,86.8029556274414,103.94476318359375,757.0694580078125,643.0,851.29638671875,642.2908325195312,846.8267211914062,690.5,763.209716796875,691.0794677734375
1377,09,1568048153068,0672,0320,823.1800537109375,649.4883422851562,77.36715698242188,86.74417877197266,105.16079711914062,757.1500854492188,643.0,851.29638671875,642.2908325195312,846.8267211914062,690.5,763.209716796875,691.0794677734375
1378,09,1568048153081,0672,0320,823.1796875,649.4413452148438,78.1422348022461,87.23979187011719,103.11829376220703,757.1500854492188,643.0,851.29638671875,642.2908325195312,846.8267211914062,690.5,763.209716796875,691.0794677734375
1379,09,1568048153094,0672,0320,823.1242065429688,649.4607543945312,77.41809844970703,86.90773010253906,104.4206314086914,757.1500854492188,643.0,851.29638671875,642.2908325195312,846.8267211914062,690.5,763.209716796875,691.0794677734375
1380,09,1568048153106,0672,0320,823.1985473632812,649.434814453125,77.51022338867188,87.14454650878906,103.88743591308594,757.2197265625,643.10546875,851.38916015625,642.3276977539062,846.8952026367188,690.3854370117188,763.2396850585938,691.0799560546875
1381,09,1568048153120,0672,0320,823.259521484375,649.5140380859375,77.515625,86.43975830078125,104.1639175415039,757.2473754882812,643.0731811523438,851.38916015625,642.3276977539062,846.8952026367188,690.3854370117188,763.323974609375,691.143798828125
1382,09,1568048153132,0672,0320,823.3148193359375,649.5379028320312,77.54690551757812,87.31278228759766,104.54119110107422,757.14453125,643.16357421875,851.38916015625,642.3276977539062,846.7896728515625,690.4606323242188,763.323974609375,691.143798828125
1383,09,1568048153143,0672,0320,823.2396240234375,649.4344482421875,77.5704345703125,87.07086944580078,104.70159912109375,757.14453125,643.16357421875,851.26416015625,642.3713989257812,846.7896728515625,690.4606323242188,763.323974609375,691.143798828125
1384,09,1568048153154,0672,0320,823.2144775390625,649.672607421875,78.13034057617188,87.80107116699219,104.4819107055664,757.14453125,643.16357421875,851.407958984375,642.3795776367188,846.7501831054688,690.5725708007812,763.323974609375,691.143798828125
1385,09,1568048153166,0672,0320,823.3248901367188,649.72802734375,77.81934356689453,87.24852752685547,105.41973114013672,757.14453125,643.16357421875,851.38916015625,642.6723022460938,846.7501831054688,690.5725708007812,763.323974609375,691.143798828125
1386,09,1568048153178,0672,0320,823.193359375,649.6878051757812,77.81835174560547,87.79625701904297,104.36878204345703,757.1470336914062,643.1138305664062,851.38916015625,642.6723022460938,846.7501831054688,690.5725708007812,763.323974609375,691.143798828125
1387,09,1568048153190,0672,0320,823.1348266601562,649.798095703125,77.85177612304688,87.3709716796875,104.56845092773438,756.992431640625,643.29833984375,851.29638671875,642.7091674804688,846.9046630859375,690.8705444335938,763.323974609375,691.143798828125
1388,09,1568048153202,0672,0320,823.138916015625,649.6753540039062,78.14614868164062,87.26020050048828,105.62019348144531,756.992431640625,643.29833984375,851.29638671875,642.7091674804688,846.9046630859375,690.8705444335938,763.416748046875,691.2376098632812
1389,09,1568048153217,0672,0320,823.2369384765625,649.7407836914062,77.79074096679688,87.1920166015625,105.44542694091797,756.992431640625,643.29833984375,851.29638671875,642.7091674804688,846.9046630859375,690.8705444335938,763.2843017578125,691.2843017578125
1390,09,1568048153232,0672,0320,823.2221069335938,649.6337890625,78.4840316772461,87.35205841064453,105.13430786132812,756.992431640625,643.29833984375,851.38916015625,642.6723022460938,846.9046630859375,690.8705444335938,763.2843017578125,691.2843017578125
1391,09,1568048153246,0672,0320,823.1922607421875,649.7407836914062,78.39144897460938,87.85906982421875,105.79190063476562,756.992431640625,643.29833984375,851.38916015625,642.6723022460938,846.9046630859375,690.8705444335938,763.2843017578125,691.2843017578125
1392,09,1568048153259,0672,0320,823.2369384765625,649.760498046875,78.45857238769531,87.26504516601562,106.18883514404297,756.992431640625,643.29833984375,851.38916015625,642.6723022460938,846.9046630859375,690.8705444335938,763.416748046875,691.2376098632812
1393,09,1568048153272,0672,0320,823.2877807617188,649.7608032226562,78.38206481933594,87.62869262695312,105.80687713623047,756.9882202148438,643.2706298828125,851.3369750976562,642.641845703125,846.9046630859375,690.8705444335938,763.416748046875,691.2376098632812
1394,09,1568048153284,0672,0320,823.1838989257812,649.7346801757812,78.27159118652344,88.08231353759766,105.53673553466797,757.1309814453125,643.2036743164062,851.3369750976562,642.641845703125,846.9046630859375,690.8705444335938,763.416748046875,691.2376098632812
1395,09,1568048153297,0672,0320,823.2630004882812,649.7938842773438,78.44482421875,87.82989501953125,105.8010025024414,757.1296997070312,643.2412719726562,851.3369750976562,642.641845703125,846.9046630859375,690.8705444335938,763.416748046875,691.2376098632812
1396,09,1568048153308,0672,0320,823.2393798828125,649.79638671875,78.42569732666016,87.83618927001953,105.2650375366211,757.2421875,643.1591796875,851.406494140625,642.6991577148438,846.8732299804688,690.8305053710938,763.349853515625,691.349853515625
1397,09,1568048153320,0672,0320,823.1515502929688,649.844482421875,78.51730346679688,87.8333511352539,105.98091888427734,756.992431640625,643.29833984375,851.406494140625,642.6991577148438,846.8732299804688,690.8305053710938,763.439453125,691.4854125976562
1398,09,1568048153332,0672,0320,823.2708129882812,649.8897705078125,78.43235778808594,88.04150390625,104.48487854003906,756.992431640625,643.29833984375,851.406494140625,642.6991577148438,846.8732299804688,690.8305053710938,763.3223266601562,691.5519409179688
1399,09,1568048153344,0672,0320,823.244384765625,649.9714965820312,78.45317840576172,87.74812316894531,103.84452056884766,756.992431640625,643.29833984375,851.406494140625,642.6991577148438,847.0,690.9137573242188,763.5,691.5
1400,09,1568048153357,0672,0320,823.2655639648438,649.9637451171875,78.38467407226562,87.93050384521484,102.2569580078125,756.992431640625,643.29833984375,851.406494140625,642.6991577148438,847.0,690.9137573242188,763.3675537109375,691.56884765625
1401,09,1568048153369,0672,0320,823.234375,650.020263671875,78.12854766845703,87.88430786132812,103.11943817138672,757.063232421875,643.4242553710938,851.3273315429688,642.8199462890625,846.9945068359375,690.97021484375,763.3340454101562,691.6659545898438
1402,09,1568048153381,0672,0320,823.113037109375,649.9647216796875,78.72991180419922,88.0427474975586,102.66992950439453,757.063232421875,643.4242553710938,851.316162109375,642.8663940429688,846.9945068359375,690.97021484375,763.3340454101562,691.6659545898438
1403,09,1568048153392,0672,0320,823.3142700195312,650.0344848632812,77.97709655761719,87.63054656982422,102.80635833740234,757.0523681640625,643.3726806640625,851.3215942382812,642.8233642578125,846.9945068359375,690.97021484375,763.5,691.5
1404,09,1568048153404,0672,0320,823.2362060546875,649.9537963867188,78.04490661621094,87.89246368408203,105.63789367675781,757.12109375,643.5,851.3215942382812,642.8233642578125,846.9945068359375,690.97021484375,763.5,691.5
1405,09,1568048153417,0672,0320,823.0684204101562,650.0347290039062,78.65969848632812,88.00213623046875,104.743896484375,757.12109375,643.5,851.3215942382812,642.8233642578125,847.0,691.0,763.5,691.5
1406,09,1568048153431,0672,0320,823.1531372070312,650.1129150390625,78.8276138305664,88.1658935546875,104.08501434326172,757.2119140625,643.582763671875,851.3215942382812,642.8233642578125,847.0,691.0,763.3340454101562,691.6659545898438
1407,09,1568048153444,0672,0320,823.082763671875,650.1519165039062,78.47784423828125,87.92658233642578,104.54791259765625,757.2119140625,643.582763671875,851.3680419921875,642.9251098632812,847.0,691.0862426757812,763.3340454101562,691.6659545898438
1408,09,1568048153458,0672,0320,823.1407470703125,650.144775390625,78.7348861694336,88.05235290527344,104.11295318603516,757.063232421875,643.5757446289062,851.3680419921875,642.9251098632812,846.9229125976562,691.1219482421875,763.3340454101562,691.6659545898438
1409,09,1568048153471,0672,0320,823.164794921875,650.1633911132812,78.43699645996094,87.45437622070312,104.933837890625,757.063232421875,643.5757446289062,851.279296875,643.0,846.9229125976562,691.1219482421875,763.3340454101562,691.6659545898438
1410,09,1568048153483,0672,0320,823.1566162109375,650.0939331054688,78.46306610107422,87.8070068359375,105.28668212890625,757.063232421875,643.5757446289062,851.279296875,643.0,846.810791015625,691.090087890625,763.3340454101562,691.6659545898438
1411,09,1568048153497,0672,0320,822.982177734375,650.0733032226562,78.55760192871094,88.17385864257812,103.13673400878906,756.992431640625,643.29833984375,851.2197265625,642.89453125,846.8096313476562,690.9676513671875,763.2759399414062,691.6416625976562
1412,09,1568048153513,0672,0320,822.9094848632812,650.082763671875,78.70631408691406,88.23889923095703,103.21685028076172,756.992431640625,643.29833984375,851.25634765625,642.9529418945312,846.765380859375,690.9312744140625,763.2759399414062,691.6416625976562
1413,09,1568048153527,0672,0320,823.1536865234375,650.0162963867188,78.37886810302734,87.32927703857422,105.48095703125,756.992431640625,643.29833984375,851.3248291015625,642.7588500976562,846.6785888671875,690.898681640625,763.1866455078125,691.5429077148438
1414,09,1568048153541,0672,0320,823.1069946289062,649.817626953125,78.70897674560547,87.67936706542969,105.67987823486328,756.9512329101562,643.2879638671875,851.3248291015625,642.7588500976562,846.6785888671875,690.898681640625,763.2759399414062,691.6416625976562
1415,09,1568048153553,0672,0320,823.1261596679688,649.9097290039062,78.35107421875,87.96800231933594,105.00318908691406,756.9512329101562,643.2879638671875,851.264892578125,642.9008178710938,846.6785888671875,690.898681640625,763.1866455078125,691.5429077148438
1416,09,1568048153563,0672,0320,823.1358642578125,649.8565673828125,78.29647064208984,87.99567413330078,104.33768463134766,756.992431640625,643.29833984375,851.264892578125,642.9008178710938,846.6785888671875,690.898681640625,763.1866455078125,691.5429077148438
1417,09,1568048153575,0672,0320,823.1257934570312,649.9937133789062,78.4130630493164,87.90843963623047,103.99653625488281,756.992431640625,643.29833984375,851.264892578125,642.9008178710938,846.6727905273438,690.8419799804688,763.1866455078125,691.5429077148438
1418,09,1568048153587,0672,0320,823.1044311523438,649.8681640625,78.17027282714844,87.98207092285156,104.26750946044922,756.992431640625,643.29833984375,851.264892578125,642.9008178710938,846.7477416992188,690.922119140625,763.1866455078125,691.5429077148438
1419,09,1568048153599,0672,0320,823.1051025390625,649.9140625,78.27751159667969,87.9134521484375,104.324951171875,756.992431640625,643.29833984375,851.3248291015625,642.7588500976562,846.75244140625,690.864501953125,763.3223266601562,691.5519409179688
1420,09,1568048153613,0672,0320,823.277099609375,649.982421875,78.26724243164062,87.71198272705078,104.23429107666016,756.992431640625,643.29833984375,851.3248291015625,642.7588500976562,846.75244140625,690.864501953125,763.2376098632812,691.416748046875
1421,09,1568048153626,0672,0320,823.0416259765625,649.9763793945312,78.44807434082031,88.10990142822266,103.46025085449219,756.992431640625,643.29833984375,851.3248291015625,642.7588500976562,846.75244140625,690.864501953125,763.1866455078125,691.5429077148438
1422,09,1568048153638,0672,0320,823.0786743164062,649.92822265625,78.4124755859375,87.85169219970703,104.31411743164062,756.992431640625,643.29833984375,851.264892578125,642.9008178710938,846.6727905273438,690.8419799804688,763.1866455078125,691.5429077148438
1423,09,1568048153649,0672,0320,822.9913330078125,649.9398803710938,78.62870025634766,88.10399627685547,103.45333099365234,757.007568359375,643.29833984375,851.1309814453125,642.7963256835938,846.6727905273438,690.8419799804688,763.0747680664062,691.4545288085938
1424,09,1568048153662,0672,0320,822.949951171875,650.0036010742188,78.64675903320312,87.7595443725586,105.08482360839844,757.007568359375,643.29833984375,850.9613037109375,642.7791137695312,846.6727905273438,690.8419799804688,763.0747680664062,691.4545288085938
1425,09,1568048153674,0672,0320,822.9454345703125,649.8649291992188,78.23419189453125,87.9154052734375,105.8081283569336,757.007568359375,643.29833984375,850.9613037109375,642.7791137695312,846.6727905273438,690.8419799804688,763.1159057617188,691.4542236328125
1426,09,1568048153686,0672,0320,822.8226318359375,649.8936767578125,78.7042236328125,88.0730972290039,103.84965515136719,757.007568359375,643.29833984375,850.9613037109375,642.7791137695312,846.6305541992188,690.8980712890625,763.0,691.5
1427,09,1568048153698,0672,0320,822.791259765625,649.92529296875,78.76109313964844,88.14954376220703,104.04357147216797,756.936767578125,643.4242553710938,851.065673828125,642.7741088867188,846.6305541992188,690.8980712890625,763.0,691.5
1428,09,1568048153711,0672,0320,822.8668823242188,649.9552612304688,78.84858703613281,87.96968841552734,103.62171936035156,756.936767578125,643.4242553710938,851.065673828125,642.7741088867188,846.6741943359375,690.8986206054688,763.0421142578125,691.4472045898438
1429,09,1568048153723,0672,0320,822.9254150390625,649.9083251953125,78.38668823242188,87.67656707763672,104.81232452392578,756.936767578125,643.4242553710938,851.065673828125,642.7741088867188,846.6654052734375,690.9327392578125,762.8840942382812,691.5457763671875
1430,09,1568048153735,0672,0320,823.0008544921875,649.8613891601562,78.68006134033203,88.08512878417969,104.43694305419922,756.936767578125,643.4242553710938,851.109619140625,642.7908935546875,846.6149291992188,690.933837890625,763.1126098632812,691.4354858398438
1431,09,1568048153747,0672,0320,822.9788818359375,649.9519653320312,78.7289810180664,88.35540771484375,104.2574462890625,757.007568359375,643.29833984375,851.14453125,642.83642578125,846.6661376953125,690.9305419921875,763.1159057617188,691.4542236328125
1432,09,1568048153759,0672,0320,822.9066772460938,649.939453125,78.65834045410156,88.14689636230469,104.98049926757812,757.007568359375,643.29833984375,851.2473754882812,642.9268188476562,846.6661376953125,690.9305419921875,763.2308959960938,691.5478515625
1433,09,1568048153772,0672,0320,823.0135498046875,649.9160766601562,78.8253173828125,88.22987365722656,104.06318664550781,757.007568359375,643.29833984375,851.2197265625,642.89453125,846.73095703125,691.016845703125,763.2759399414062,691.6416625976562
1434,09,1568048153785,0672,0320,823.1787719726562,650.077880859375,79.02980041503906,87.93916320800781,103.80924224853516,756.9634399414062,643.4285888671875,851.2197265625,642.89453125,846.810791015625,691.090087890625,763.2759399414062,691.6416625976562
1435,09,1568048153797,0672,0320,823.0833740234375,650.2771606445312,79.00115966796875,88.17381286621094,103.62145233154297,757.063232421875,643.5757446289062,851.2197265625,642.89453125,846.810791015625,691.090087890625,763.2759399414062,691.6416625976562
1436,09,1568048153811,0672,0320,823.0712890625,650.273681640625,78.88334655761719,88.12853240966797,104.09386444091797,757.063232421875,643.5757446289062,851.2197265625,642.89453125,846.810791015625,691.090087890625,763.2759399414062,691.6416625976562
1437,09,1568048153824,0672,0320,823.1005249023438,650.2620849609375,79.03791046142578,88.3479232788086,104.19770050048828,757.063232421875,643.5757446289062,851.2197265625,642.89453125,846.810791015625,691.090087890625,763.2759399414062,691.6416625976562
1438,09,1568048153838,0672,0320,823.0532836914062,650.2763061523438,78.6408462524414,87.92082214355469,104.35579681396484,757.063232421875,643.5757446289062,851.2197265625,642.89453125,846.810791015625,691.090087890625,763.2759399414062,691.6416625976562
1439,09,1568048153851,0672,0320,823.0355834960938,650.1838989257812,78.89767456054688,87.80492401123047,104.3465347290039,756.992431640625,643.70166015625,851.2197265625,642.89453125,846.810791015625,691.090087890625,763.3206176757812,691.599365234375
1440,09,1568048153864,0672,0320,822.8679809570312,650.2754516601562,79.27493286132812,87.87556457519531,103.36668395996094,756.992431640625,643.70166015625,851.279296875,643.0,846.810791015625,691.090087890625,763.2201538085938,691.6007690429688
1441,09,1568048153877,0672,0320,823.0050659179688,650.2128295898438,79.06953430175781,87.79190063476562,105.17598724365234,756.9376220703125,643.6952514648438,851.2197265625,642.89453125,846.7406616210938,691.109619140625,763.2201538085938,691.6007690429688
1442,09,1568048153890,0672,0320,822.9345092773438,650.26416015625,79.15701293945312,87.93467712402344,104.2100830078125,757.007568359375,643.70166015625,851.1500854492188,643.0,846.721435546875,691.0997314453125,763.2201538085938,691.6007690429688
1443,09,1568048153903,0672,0320,822.7900390625,650.3248901367188,79.2474136352539,88.28026580810547,103.39263153076172,757.007568359375,643.70166015625,851.1500854492188,643.0,846.721435546875,691.0997314453125,763.26806640625,691.6016845703125
1444,09,1568048153915,0672,0320,822.7904052734375,650.3577270507812,79.44630432128906,88.42095947265625,104.70512390136719,757.007568359375,643.70166015625,851.1500854492188,643.0,846.5612182617188,691.0734252929688,763.2063598632812,691.5986328125
1445,09,1568048153928,0672,0320,822.9188232421875,650.2490844726562,79.23284912109375,88.40581512451172,103.67921447753906,757.007568359375,643.70166015625,851.14453125,642.83642578125,846.5612182617188,691.0734252929688,763.0301513671875,691.6984252929688
1446,09,1568048153941,0672,0320,822.8759765625,650.1368408203125,79.4814224243164,88.21102905273438,103.26058959960938,756.936767578125,643.5757446289062,851.1380615234375,642.83447265625,846.5818481445312,691.0968017578125,762.9277954101562,691.6341552734375
1447,09,1568048153955,0672,0320,822.8604125976562,650.3190307617188,79.25406646728516,88.56000518798828,105.48099517822266,756.6394653320312,643.5,851.0530395507812,642.9288940429688,846.5,691.0054321289062,762.9277954101562,691.6341552734375
1448,09,1568048153969,0672,0320,822.7742919921875,650.1597290039062,79.5933609008789,88.7014389038086,106.70406341552734,756.7880859375,643.582763671875,851.0841064453125,642.971923828125,846.5,691.0054321289062,762.9277954101562,691.6341552734375
1449,09,1568048153981,0672,0320,822.7463989257812,650.2620239257812,79.33531188964844,88.32542419433594,103.73429870605469,756.67236328125,643.6244506835938,850.9201049804688,642.962646484375,846.5,691.0054321289062,763.0023193359375,691.6306762695312
1450,09,1568048153995,0672,0320,822.8734130859375,650.197509765625,79.4476089477539,88.53578186035156,104.2584457397461,756.5169067382812,643.5200805664062,850.9201049804688,642.962646484375,846.5,691.0054321289062,763.0023193359375,691.6306762695312
1451,09,1568048154008,0672,0320,822.8211669921875,650.192138671875,79.20116424560547,88.59606170654297,104.7582015991211,756.5169067382812,643.5200805664062,850.9201049804688,642.962646484375,846.501953125,691.0615234375,762.9252319335938,691.5454711914062
1452,09,1568048154021,0672,0320,822.71533203125,650.2000122070312,79.22074127197266,88.59142303466797,107.0760726928711,756.4292602539062,643.5,851.0386962890625,642.7791137695312,846.5,691.0,762.7240600585938,691.3583374023438
1453,09,1568048154034,0672,0320,822.627197265625,650.05615234375,79.32928466796875,88.76172637939453,106.12635040283203,756.61083984375,643.3276977539062,851.0386962890625,642.7791137695312,846.5,691.0,762.7240600585938,691.3583374023438
1454,09,1568048154047,0672,0320,822.7793579101562,650.0595703125,79.52398681640625,89.12377166748047,105.97738647460938,756.6726684570312,643.1800537109375,850.936767578125,642.5757446289062,846.57568359375,690.7635498046875,762.6793823242188,691.400634765625
1455,09,1568048154060,0672,0320,822.8328247070312,650.0809936523438,79.53997802734375,88.97089385986328,105.66390228271484,756.7730712890625,643.0800170898438,851.008544921875,642.5,846.6036987304688,690.7861938476562,762.7798461914062,691.3992309570312
1456,09,1568048154072,0672,0320,822.8568115234375,650.0922241210938,79.63763427734375,89.25263977050781,105.83357238769531,756.7802734375,643.10546875,851.0,642.5,846.6036987304688,690.7861938476562,762.9288330078125,691.1340942382812
1457,09,1568048154085,0672,0320,822.9344482421875,649.8406372070312,79.81067657470703,89.15186309814453,106.18614959716797,756.7802734375,643.10546875,851.0,642.5,846.5767211914062,690.7748413085938,763.1456298828125,691.1598510742188
1458,09,1568048154098,0672,0320,822.8827514648438,649.8085327148438,80.06122589111328,89.20269012451172,106.71878814697266,756.8499145507812,643.0,851.063232421875,642.4242553710938,846.7404174804688,690.59912109375,763.1383666992188,691.1103515625
1459,09,1568048154111,0672,0320,822.986328125,649.9227294921875,80.39591217041016,89.14386749267578,105.61156463623047,756.8790893554688,643.0094604492188,850.992431640625,642.29833984375,846.8267211914062,690.5,763.119384765625,691.0874633789062
1460,09,1568048154126,0672,0320,822.9974975585938,649.8805541992188,80.72808837890625,89.14986419677734,106.3142318725586,756.7990112304688,642.8947143554688,850.9882202148438,642.2706298828125,846.8267211914062,690.5,763.119384765625,691.0874633789062
1461,09,1568048154140,0672,0320,823.0054321289062,649.9558715820312,80.07294464111328,88.75813293457031,106.64923858642578,756.7990112304688,642.8947143554688,850.9882202148438,642.2706298828125,846.8267211914062,690.5,763.1448974609375,691.181396484375
1462,09,1568048154153,0672,0320,823.0121459960938,649.8878784179688,80.01850891113281,88.8241958618164,106.19031524658203,756.7990112304688,642.8947143554688,850.9882202148438,642.2706298828125,846.8267211914062,690.5,763.1448974609375,691.181396484375
1463,09,1568048154166,0672,0320,822.9637451171875,649.9049072265625,79.97752380371094,88.9981460571289,106.7508316040039,756.8790893554688,643.0094604492188,850.9882202148438,642.2706298828125,846.8267211914062,690.5,763.119384765625,691.0874633789062
1464,09,1568048154179,0672,0320,822.8101806640625,649.8585815429688,80.32855987548828,89.44085693359375,106.58296966552734,756.8499145507812,643.0,851.0626220703125,642.39794921875,846.8267211914062,690.5,763.1448974609375,691.181396484375
1465,09,1568048154191,0672,0320,822.9401245117188,649.8587646484375,79.98674011230469,89.0103530883789,107.73910522460938,756.7802734375,642.89453125,851.0626220703125,642.39794921875,846.7276611328125,690.3991088867188,763.119384765625,691.0874633789062
1466,09,1568048154204,0672,0320,822.9116821289062,649.9945678710938,80.15534973144531,89.11615753173828,105.19453430175781,756.7802734375,642.89453125,851.0916748046875,642.419921875,846.6423950195312,690.450439453125,763.0,691.0
1467,09,1568048154217,0672,0320,822.9854736328125,649.9010009765625,80.17546081542969,89.0881118774414,106.60087585449219,756.7802734375,642.89453125,851.0623779296875,642.3047485351562,846.7046508789062,690.643310546875,763.0199584960938,691.0648193359375
1468,09,1568048154229,0672,0320,822.96484375,649.9461669921875,80.17149353027344,89.00375366210938,106.85655212402344,756.7802734375,642.89453125,850.947998046875,642.4991455078125,846.7046508789062,690.643310546875,762.9038696289062,690.9277954101562
1469,09,1568048154243,0672,0320,822.7841186523438,649.824462890625,80.0912094116211,89.02484130859375,105.298095703125,756.7802734375,643.10546875,850.947998046875,642.4991455078125,846.7046508789062,690.643310546875,762.819580078125,690.9993896484375
1470,09,1568048154257,0672,0320,822.7376708984375,649.9325561523438,80.39421081542969,89.53649139404297,106.43875885009766,756.7802734375,643.10546875,850.947998046875,642.4991455078125,846.6036987304688,690.7861938476562,762.888916015625,691.0908203125
1471,09,1568048154270,0672,0320,822.657470703125,650.0534057617188,80.5900650024414,90.09341430664062,106.05401611328125,756.7802734375,643.10546875,851.008544921875,642.5,846.6036987304688,690.7861938476562,762.8798828125,691.1138916015625
1472,09,1568048154286,0672,0320,822.6817626953125,650.055419921875,80.40634155273438,90.11597442626953,105.42387390136719,756.7802734375,643.10546875,851.008544921875,642.5,846.57568359375,690.7635498046875,762.9288330078125,691.1340942382812
1473,09,1568048154299,0672,0320,822.8333740234375,650.0363159179688,80.2979965209961,89.59093475341797,105.1964340209961,756.74365234375,643.0470581054688,851.008544921875,642.5,846.57568359375,690.7635498046875,762.7936401367188,691.4013671875
1474,09,1568048154313,0672,0320,822.84033203125,650.1653442382812,80.23387908935547,89.63684844970703,104.77572631835938,756.735107421875,643.0991821289062,851.0,642.5,846.65869140625,690.8561401367188,762.9134521484375,691.4610595703125
1475,09,1568048154325,0672,0320,822.8336181640625,650.271484375,80.50193786621094,89.4171371459961,106.15518951416016,756.8895874023438,643.1976318359375,851.063232421875,642.5757446289062,846.65869140625,690.8561401367188,763.0722045898438,691.3658447265625
1476,09,1568048154338,0672,0320,822.9890747070312,650.2444458007812,80.52914428710938,89.72482299804688,105.57171630859375,757.0117797851562,643.2706298828125,851.063232421875,642.5757446289062,846.65869140625,690.8561401367188,763.0722045898438,691.3658447265625
1477,09,1568048154351,0672,0320,823.0320434570312,650.1609497070312,80.16424560546875,88.95648193359375,106.3983383178711,757.007568359375,643.29833984375,851.063232421875,642.5757446289062,846.65869140625,690.8561401367188,763.0722045898438,691.3658447265625
1478,09,1568048154365,0672,0320,823.1103515625,650.1510009765625,80.7100830078125,89.71013641357422,104.64102935791016,757.007568359375,643.29833984375,851.063232421875,642.5757446289062,846.65869140625,690.8561401367188,763.0722045898438,691.3658447265625
1479,09,1568048154377,0672,0320,822.7827758789062,650.3582763671875,81.03028869628906,89.9366683959961,105.38557434082031,757.007568359375,643.29833984375,851.0626220703125,642.60205078125,846.65869140625,690.8561401367188,763.0722045898438,691.3658447265625
1480,09,1568048154390,0672,0320,822.9866943359375,650.285400390625,80.65654754638672,89.89132690429688,106.18173217773438,757.007568359375,643.29833984375,850.9882202148438,642.7293701171875,846.6461181640625,690.8768920898438,763.2308959960938,691.5478515625
1481,09,1568048154403,0672,0320,822.9639892578125,650.3120727539062,80.73925018310547,89.81806945800781,106.0980453491211,757.007568359375,643.29833984375,851.14453125,642.83642578125,846.659912109375,690.871826171875,763.097900390625,691.6976928710938
1482,09,1568048154417,0672,0320,822.948974609375,650.58642578125,81.3880844116211,90.17062377929688,106.62639617919922,756.936767578125,643.4242553710938,851.14453125,642.83642578125,846.6063232421875,691.0118408203125,763.154541015625,691.6472778320312
1483,09,1568048154430,0672,0320,822.9489135742188,650.6786499023438,80.72844696044922,89.48165130615234,106.87089538574219,757.007568359375,643.70166015625,851.14453125,642.83642578125,846.7406616210938,691.109619140625,763.2063598632812,691.5986328125
1484,09,1568048154445,0672,0320,822.7935791015625,650.6431884765625,80.95635223388672,89.74407958984375,106.609375,757.007568359375,643.70166015625,851.0277709960938,642.968994140625,846.721435546875,691.0997314453125,763.2063598632812,691.5986328125
1485,09,1568048154459,0672,0320,822.9423217773438,650.6486206054688,80.39960479736328,89.75534057617188,106.97444152832031,757.007568359375,643.70166015625,851.2197265625,642.89453125,846.7239379882812,691.090576171875,763.2063598632812,691.5986328125
1486,09,1568048154473,0672,0320,822.98779296875,650.6158447265625,80.48893737792969,90.02073669433594,106.4532470703125,757.007568359375,643.70166015625,851.1500854492188,643.0,846.759033203125,691.0863037109375,763.2063598632812,691.5986328125
1487,09,1568048154486,0672,0320,823.0983276367188,650.6202392578125,80.67922973632812,89.66099548339844,107.42909240722656,757.007568359375,643.70166015625,851.1500854492188,643.0,846.759033203125,691.0863037109375,763.26806640625,691.6016845703125
1488,09,1568048154498,0672,0320,822.9422607421875,650.7095947265625,81.25413513183594,90.22982788085938,105.49089813232422,757.007568359375,643.70166015625,851.2197265625,643.10546875,846.9046630859375,691.1294555664062,763.1151123046875,691.7455444335938
1489,09,1568048154511,0672,0320,822.9169921875,650.8203735351562,81.06249237060547,89.63488006591797,106.78781127929688,757.007568359375,643.70166015625,851.2197265625,643.10546875,846.9046630859375,691.1294555664062,763.2109375,691.782470703125
1490,09,1568048154524,0672,0320,822.9450073242188,650.7532348632812,81.18292999267578,90.0426254272461,106.19920349121094,757.007568359375,643.70166015625,851.2197265625,643.10546875,846.9046630859375,691.1294555664062,763.1841430664062,691.7708129882812
1491,09,1568048154537,0672,0320,822.9036254882812,650.7838745117188,80.90628814697266,90.38655853271484,105.46379089355469,757.0487670898438,643.7120361328125,851.2197265625,643.10546875,846.9046630859375,691.1294555664062,763.1841430664062,691.7708129882812
1492,09,1568048154550,0672,0320,822.9140014648438,650.7898559570312,80.89450073242188,90.22846984863281,106.29421997070312,757.0487670898438,643.7120361328125,851.2197265625,643.10546875,846.9395141601562,691.2430419921875,763.1841430664062,691.7708129882812
1493,09,1568048154562,0672,0320,822.9549560546875,650.7073974609375,80.69994354248047,90.25328826904297,105.99600219726562,757.0487670898438,643.7120361328125,851.2197265625,643.10546875,846.846923828125,691.347412109375,763.1841430664062,691.7708129882812
1494,09,1568048154574,0672,0320,823.17822265625,650.6946411132812,80.81916809082031,90.49913787841797,103.78021240234375,757.0487670898438,643.7120361328125,851.2197265625,643.10546875,846.846923828125,691.347412109375,763.1841430664062,691.7708129882812
1495,09,1568048154585,0672,0320,823.073974609375,650.9447021484375,81.02167510986328,90.18798065185547,105.2141342163086,756.992431640625,643.70166015625,851.2197265625,643.10546875,846.913330078125,691.2705078125,763.328369140625,691.6096801757812
1496,09,1568048154598,0672,0320,823.1284790039062,650.8611450195312,80.83088684082031,90.34767150878906,104.540283203125,756.992431640625,643.70166015625,851.2197265625,643.10546875,846.913330078125,691.2705078125,763.328369140625,691.6096801757812
1497,09,1568048154610,0672,0320,823.2167358398438,650.904296875,81.04872131347656,90.47454071044922,106.71095275878906,756.992431640625,643.70166015625,851.2197265625,643.10546875,846.913330078125,691.2705078125,763.394775390625,691.605224609375
1498,09,1568048154622,0672,0320,823.1806030273438,650.8571166992188,80.91280364990234,90.31655883789062,107.6054916381836,757.1296997070312,643.7587280273438,851.279296875,643.0,846.913330078125,691.2705078125,763.394775390625,691.605224609375
1499,09,1568048154634,0672,0320,823.3449096679688,650.7481689453125,81.32514953613281,90.41786193847656,108.04209899902344,757.1296997070312,643.7587280273438,851.279296875,643.0,846.913330078125,691.2705078125,763.3340454101562,691.6659545898438
1500,09,1568048154646,0672,0320,823.2493286132812,650.8701171875,81.42733001708984,90.42642974853516,108.20880126953125,757.1296997070312,643.7587280273438,851.279296875,643.0,846.913330078125,691.2705078125,763.3340454101562,691.6659545898438
1501,10,1568048118326,0958,0320,784.9942016601562,649.8604736328125,91.57154846191406,99.32308197021484,103.34282684326172,734.0,641.0,828.2473754882812,641.0731811523438,823.776611328125,689.424072265625,740.783935546875,688.6671752929688
1502,10,1568048118338,0958,0320,784.95849609375,649.8858642578125,91.66670989990234,99.50846862792969,103.7197494506836,734.0,641.0,828.2473754882812,641.0731811523438,823.776611328125,689.424072265625,740.783935546875,688.6671752929688
1503,10,1568048118352,0958,0320,784.9561157226562,649.677734375,91.0572509765625,99.25467681884766,103.60726165771484,734.0,641.0,828.2473754882812,641.0731811523438,823.6446533203125,689.3518676757812,740.6842041015625,688.6283569335938
1504,10,1568048118364,0958,0320,784.9070434570312,649.715576171875,91.70209503173828,99.45933532714844,101.77326202392578,734.0,641.0,828.2473754882812,641.0731811523438,823.59130859375,689.2533569335938,740.7612915039062,688.6046752929688
1505,10,1568048118375,0958,0320,784.8333129882812,649.7428588867188,91.35094451904297,99.50553131103516,102.60723876953125,734.0,640.77392578125,828.1500854492188,641.0,823.59130859375,689.2533569335938,740.7050170898438,688.5712280273438
1506,10,1568048118387,0958,0320,784.8328247070312,649.70166015625,91.50028228759766,99.53235626220703,102.57107543945312,734.0,640.77392578125,828.0798950195312,641.037353515625,823.59130859375,689.2533569335938,740.7050170898438,688.5712280273438
1507,10,1568048118398,0958,0320,784.8236083984375,649.649169921875,91.23233795166016,99.41799926757812,101.80506896972656,734.0,640.77392578125,828.1500854492188,641.0,823.59130859375,689.2533569335938,740.60302734375,688.4679565429688
1508,10,1568048118409,0958,0320,784.6912841796875,649.571044921875,91.25682830810547,99.44115447998047,102.88823699951172,734.0,640.77392578125,828.1500854492188,641.0,823.6019897460938,689.2732543945312,740.60302734375,688.4679565429688
1509,10,1568048118420,0958,0320,784.8397216796875,649.5447387695312,91.37889862060547,99.30040740966797,101.96379089355469,734.0,640.77392578125,828.0277709960938,640.968994140625,823.6727905273438,689.1580200195312,740.60302734375,688.4679565429688
1510,10,1568048118430,0958,0320,784.821533203125,649.4978637695312,91.58370971679688,99.27320861816406,101.83341217041016,734.0,640.77392578125,828.0277709960938,640.968994140625,823.6257934570312,689.1565551757812,740.60302734375,688.4679565429688
1511,10,1568048118442,0958,0320,784.8704833984375,649.594482421875,91.48995208740234,99.24525451660156,102.50670623779297,734.0,640.77392578125,828.0277709960938,640.968994140625,823.6305541992188,689.1019287109375,740.6842041015625,688.3716430664062
1512,10,1568048118453,0958,0320,784.8366088867188,649.6016845703125,91.51551818847656,99.5093765258789,101.82574462890625,734.0,640.77392578125,828.14453125,640.83642578125,823.7341918945312,689.0381469726562,740.5961303710938,688.233154296875
1513,10,1568048118464,0958,0320,784.6478271484375,649.6110229492188,91.42642974853516,98.9334487915039,101.92263793945312,734.0,640.77392578125,828.14453125,640.83642578125,823.7510375976562,689.0,740.6058349609375,688.1724243164062
1514,10,1568048118476,0958,0320,784.6915283203125,649.5538940429688,91.7734375,99.45024108886719,100.18354034423828,734.1015014648438,640.720947265625,828.1022338867188,640.8302001953125,823.7510375976562,689.0,740.6058349609375,688.1724243164062
1515,10,1568048118488,0958,0320,784.6611328125,649.441162109375,91.47279357910156,99.06676483154297,100.24566650390625,734.0,640.77392578125,828.1022338867188,640.8302001953125,823.7341918945312,689.0381469726562,740.6058349609375,688.1724243164062
1516,10,1568048118500,0958,0320,784.5932006835938,649.7066650390625,91.84361267089844,99.37548828125,101.03032684326172,734.0,640.77392578125,828.0277709960938,640.968994140625,823.7341918945312,689.0381469726562,740.6058349609375,688.1724243164062
1517,10,1568048118512,0958,0320,784.6453857421875,649.6209716796875,91.45405578613281,99.02898406982422,100.42988586425781,734.0,640.77392578125,828.0277709960938,640.968994140625,823.6678466796875,689.0745239257812,740.521240234375,688.3782348632812
1518,10,1568048118523,0958,0320,784.6213989257812,649.6600952148438,91.29450225830078,99.27005767822266,100.23211669921875,734.0,640.77392578125,828.0277709960938,640.968994140625,823.6305541992188,689.1019287109375,740.521240234375,688.3782348632812
1519,10,1568048118536,0958,0320,784.5770263671875,649.5978393554688,91.4393539428711,99.15581512451172,101.16189575195312,734.0,640.77392578125,827.9963989257812,641.0,823.6741943359375,689.1013793945312,740.60302734375,688.4679565429688
1520,10,1568048118549,0958,0320,784.6326293945312,649.6725463867188,91.58331298828125,99.12515258789062,101.61698150634766,734.0,640.77392578125,827.9963989257812,641.0,823.5489501953125,689.2807006835938,740.60302734375,688.4679565429688
1521,10,1568048118561,0958,0320,784.6432495117188,649.6817626953125,91.38896942138672,99.11959838867188,101.64994812011719,734.0,640.77392578125,827.9963989257812,641.0,823.5489501953125,689.2807006835938,740.5,688.5
1522,10,1568048118573,0958,0320,784.6354370117188,649.7374267578125,91.88131713867188,99.21758270263672,99.64511108398438,734.0,640.77392578125,827.9963989257812,641.0,823.5422973632812,689.243896484375,740.5,688.5
1523,10,1568048118586,0958,0320,784.61962890625,649.6793823242188,91.21056365966797,99.11414337158203,99.98599243164062,734.0,640.77392578125,827.9963989257812,641.0,823.5422973632812,689.243896484375,740.5,688.5
1524,10,1568048118598,0958,0320,784.5641479492188,649.7007446289062,91.2027816772461,99.06910705566406,100.86083984375,734.0,640.77392578125,827.9963989257812,641.0,823.5804443359375,689.2783203125,740.40087890625,688.4087524414062
1525,10,1568048118609,0958,0320,784.6688842773438,649.4561157226562,91.56244659423828,99.19187927246094,98.77143859863281,733.8984985351562,640.720947265625,828.1022338867188,640.8302001953125,823.6302490234375,689.0,740.6058349609375,688.1724243164062
1526,10,1568048118623,0958,0320,784.7191772460938,649.3014526367188,91.08097839355469,98.98297119140625,100.32456970214844,734.3603515625,640.4356079101562,828.1989135742188,640.6632690429688,823.8946533203125,688.837646484375,740.7335815429688,688.1153564453125
1527,10,1568048118635,0958,0320,785.5313720703125,648.9939575195312,90.34379577636719,98.38021850585938,101.13587188720703,734.6567993164062,640.3167724609375,828.5435180664062,640.3665161132812,824.2051391601562,688.598388671875,741.1616821289062,688.0
1528,10,1568048118647,0958,0320,785.7540283203125,648.6630249023438,91.0606689453125,98.85588836669922,102.54442596435547,734.720947265625,640.1015014648438,828.6751708984375,640.2411499023438,824.5,688.5,741.3618774414062,687.8635864257812
1529,10,1568048118659,0958,0320,785.6802368164062,648.8384399414062,90.5339126586914,98.85447692871094,101.34175872802734,734.7230224609375,640.0985107421875,828.6793823242188,640.1790771484375,824.4882202148438,688.3604125976562,741.3618774414062,687.8635864257812
1530,10,1568048118672,0958,0320,785.5838012695312,648.780029296875,90.52267456054688,98.68862915039062,101.49029541015625,734.68896484375,640.0,828.6793823242188,640.1790771484375,824.3695678710938,688.3126831054688,741.3618774414062,687.8635864257812
1531,10,1568048118684,0958,0320,785.6190795898438,648.5628662109375,89.7107925415039,98.50023651123047,98.7059326171875,734.68896484375,640.0,828.735107421875,640.0991821289062,824.3250122070312,688.3236083984375,741.3618774414062,687.8635864257812
1532,10,1568048118697,0958,0320,785.4524536132812,648.8385009765625,91.07308959960938,98.69842529296875,100.82951354980469,734.68896484375,640.0,828.7526245117188,640.0731811523438,824.3250122070312,688.3236083984375,741.3618774414062,687.8635864257812
1533,10,1568048118709,0958,0320,785.6983032226562,648.6090698242188,90.0015869140625,98.47798156738281,99.63243865966797,734.68896484375,640.0,828.7802734375,640.10546875,824.380859375,688.233642578125,741.3618774414062,687.8635864257812
1534,10,1568048118721,0958,0320,785.5879516601562,648.6898193359375,90.05305480957031,98.80844116210938,99.00362396240234,734.68896484375,640.0,828.7802734375,640.10546875,824.380859375,688.233642578125,741.3618774414062,687.8635864257812
1535,10,1568048118732,0958,0320,785.4900512695312,648.4857177734375,90.17683410644531,98.20796966552734,100.74937438964844,734.68896484375,640.0,828.7802734375,640.10546875,824.380859375,688.233642578125,741.2552490234375,687.7297973632812
1536,10,1568048118744,0958,0320,785.4204711914062,648.5052490234375,89.8270034790039,97.6124038696289,96.5699691772461,734.55908203125,640.0933227539062,828.7802734375,640.10546875,824.380859375,688.233642578125,741.2634887695312,687.7249755859375
1537,10,1568048118757,0958,0320,785.43603515625,648.4578857421875,89.96387481689453,97.41959381103516,99.8183822631836,734.5,640.0,828.720703125,640.0,824.3142700195312,688.1900024414062,741.2634887695312,687.7249755859375
1538,10,1568048118770,0958,0320,785.3049926757812,648.3003540039062,90.06952667236328,97.58248138427734,99.78910827636719,734.5,640.0803833007812,828.720703125,640.0,824.345947265625,688.22705078125,741.1814575195312,687.702392578125
1539,10,1568048118783,0958,0320,785.3618774414062,648.31982421875,89.61221313476562,97.03302001953125,100.55097198486328,734.5,640.0803833007812,828.720703125,640.0,824.2857666015625,688.2123413085938,741.216064453125,687.6671752929688
1540,10,1568048118796,0958,0320,785.2908325195312,648.3671875,89.66399383544922,96.78668212890625,100.99903869628906,734.484619140625,639.9910888671875,828.6319580078125,639.9251098632812,824.2807006835938,688.150146484375,741.0892944335938,687.4730834960938
1541,10,1568048118808,0958,0320,785.2550659179688,648.2171630859375,89.5450439453125,96.49748992919922,100.00499725341797,734.3742065429688,639.777587890625,828.3680419921875,639.9251098632812,824.17626953125,688.0,741.1099853515625,687.46240234375
1542,10,1568048118819,0958,0320,785.2529296875,648.3096313476562,89.6493148803711,96.6181869506836,103.00483703613281,734.2194213867188,639.6326904296875,828.4596557617188,639.7578735351562,824.0,688.0,741.1241455078125,687.2832641601562
1543,10,1568048118831,0958,0320,785.206787109375,648.1591796875,88.61466217041016,96.7695541381836,100.58001708984375,734.2194213867188,639.6326904296875,828.5,639.6712036132812,824.0,687.9436645507812,741.0,687.3117065429688
1544,10,1568048118844,0958,0320,785.2919921875,648.0176391601562,88.99340057373047,96.6574478149414,99.9764404296875,734.316162109375,639.56494140625,828.5,639.6712036132812,823.8471069335938,687.8471069335938,741.0869750976562,687.2091064453125
1545,10,1568048118856,0958,0320,785.22509765625,647.8740234375,88.3829116821289,96.2376708984375,100.5538330078125,734.3243408203125,639.5,828.4564819335938,639.6334838867188,824.0,687.5916748046875,741.0869750976562,687.2091064453125
1546,10,1568048118868,0958,0320,785.1968994140625,647.7023315429688,88.72835540771484,96.16178131103516,98.72534942626953,734.3243408203125,639.5,828.4564819335938,639.6334838867188,824.0256958007812,687.5348510742188,741.119384765625,687.0874633789062
1547,10,1568048118881,0958,0320,785.1751708984375,647.807373046875,88.51141357421875,96.33963012695312,99.75837707519531,734.3088989257812,639.4952392578125,828.5,639.5,824.0256958007812,687.5348510742188,741.119384765625,687.0874633789062
1548,10,1568048118892,0958,0320,785.2377319335938,647.6214599609375,87.92610168457031,96.1124267578125,98.68403625488281,734.3088989257812,639.4952392578125,828.4666137695312,639.5333862304688,823.9948120117188,687.572998046875,741.23779296875,687.0
1549,10,1568048118904,0958,0320,785.2713623046875,647.6281127929688,87.99919891357422,95.4852066040039,101.26070404052734,734.5,639.3798217773438,828.4292602539062,639.5,824.1177368164062,687.6986694335938,741.1616821289062,687.0
1550,10,1568048118918,0958,0320,785.4114990234375,647.652099609375,88.06980895996094,95.85823059082031,98.91928100585938,734.4112548828125,639.2839965820312,828.4292602539062,639.5,824.1177368164062,687.6986694335938,741.1616821289062,687.0
1551,10,1568048118930,0958,0320,785.3970947265625,647.5165405273438,87.48616790771484,95.6242446899414,98.91909790039062,734.5711669921875,639.4317016601562,828.5061645507812,639.659423828125,824.2376098632812,687.7539672851562,741.1616821289062,687.0
1552,10,1568048118943,0958,0320,785.5194702148438,647.5674438476562,87.58781433105469,95.52722930908203,101.51081085205078,734.5743408203125,639.4103393554688,828.5061645507812,639.659423828125,824.3250122070312,687.6763916015625,741.1616821289062,687.0
1553,10,1568048118955,0958,0320,785.4952392578125,647.4775390625,87.69347381591797,95.38890075683594,100.51087188720703,734.6756591796875,639.5,828.61083984375,639.6723022460938,824.3250122070312,687.6763916015625,741.1616821289062,687.0
1554,10,1568048118968,0958,0320,785.5169677734375,647.4984741210938,87.4691390991211,95.49482727050781,99.99413299560547,734.6756591796875,639.5,828.70361328125,639.7091674804688,824.3698120117188,687.7991943359375,741.1616821289062,687.0
1555,10,1568048118980,0958,0320,785.5487670898438,647.6299438476562,87.10474395751953,95.2957763671875,100.0942611694336,734.6756591796875,639.5,828.6934814453125,639.7378540039062,824.309814453125,687.8237915039062,741.3086547851562,687.207275390625
1556,10,1568048118993,0958,0320,785.4852294921875,647.65869140625,87.27462768554688,95.15851593017578,98.947021484375,734.7664184570312,639.6217041015625,828.6751708984375,639.7588500976562,824.3878784179688,687.7874755859375,741.3086547851562,687.207275390625
1557,10,1568048119006,0958,0320,785.4420166015625,647.6608276367188,87.28977966308594,95.25495910644531,99.37865447998047,734.7805786132812,639.6326904296875,828.7587280273438,639.8703002929688,824.3349609375,687.8102416992188,741.199462890625,687.3026123046875
1558,10,1568048119019,0958,0320,785.2178344726562,647.6583251953125,87.05242156982422,94.72801971435547,100.91472625732422,734.6257934570312,639.777587890625,828.6726684570312,639.8199462890625,824.268310546875,687.8768310546875,741.237060546875,687.3511352539062
1559,10,1568048119030,0958,0320,785.0996704101562,647.66455078125,86.91722869873047,94.80265808105469,100.6108169555664,734.4112548828125,639.7160034179688,828.593505859375,639.6991577148438,824.268310546875,687.8768310546875,741.2041015625,687.286865234375
1560,10,1568048119042,0958,0320,785.1923217773438,647.5642700195312,86.9381332397461,94.80558013916016,100.10281372070312,734.4112548828125,639.7160034179688,828.593505859375,639.6991577148438,824.268310546875,687.8768310546875,741.1414184570312,687.3174438476562
1561,10,1568048119055,0958,0320,785.0706787109375,647.7042236328125,86.95166015625,93.69656372070312,98.93925476074219,734.3243408203125,639.5,828.5,639.6712036132812,824.08740234375,687.8385620117188,741.0869750976562,687.2091064453125
1562,10,1568048119068,0958,0320,785.1406860351562,647.6102294921875,86.95976257324219,93.72288513183594,97.05657196044922,734.3243408203125,639.5,828.5,639.6712036132812,824.0933837890625,687.815673828125,741.0869750976562,687.2091064453125
1563,10,1568048119081,0958,0320,785.0554809570312,647.4387817382812,86.61042022705078,93.2716293334961,99.76668548583984,734.3243408203125,639.5,828.5,639.6712036132812,824.002197265625,687.6444702148438,741.119384765625,687.0874633789062
1564,10,1568048119094,0958,0320,785.1365356445312,647.3384399414062,86.74654388427734,93.91094970703125,100.99297332763672,734.3243408203125,639.5,828.6018676757812,639.577392578125,824.024658203125,687.5336303710938,741.119384765625,687.0874633789062
1565,10,1568048119106,0958,0320,785.15185546875,647.3955078125,86.80255889892578,93.39379119873047,100.9327392578125,734.3243408203125,639.5,828.6018676757812,639.577392578125,824.024658203125,687.5336303710938,741.119384765625,687.0874633789062
1566,10,1568048119119,0958,0320,785.1543579101562,647.438720703125,86.88343811035156,93.376220703125,100.30818939208984,734.3243408203125,639.5,828.5,639.4292602539062,824.024658203125,687.5336303710938,741.060546875,687.0809326171875
1567,10,1568048119132,0958,0320,785.0589599609375,647.3704223632812,86.28028869628906,93.740234375,97.50161743164062,734.3243408203125,639.5,828.4666137695312,639.4666137695312,824.0256958007812,687.5348510742188,741.1616821289062,687.0
1568,10,1568048119144,0958,0320,785.275390625,647.3642578125,86.51200103759766,93.0452651977539,98.1742935180664,734.3243408203125,639.5,828.4292602539062,639.5,823.9948120117188,687.572998046875,741.1616821289062,687.0
1569,10,1568048119156,0958,0320,785.3363647460938,647.3150634765625,86.23788452148438,93.06049346923828,99.91365051269531,734.3873291015625,639.4093627929688,828.4292602539062,639.5,823.9948120117188,687.572998046875,741.1616821289062,687.0
1570,10,1568048119168,0958,0320,785.1815795898438,647.3837280273438,86.63033294677734,93.20508575439453,99.14171600341797,734.5,639.4462280273438,828.4292602539062,639.5,823.9948120117188,687.572998046875,741.1616821289062,687.0
1571,10,1568048119181,0958,0320,785.292724609375,647.3504638671875,86.18534088134766,93.16636657714844,98.83493041992188,734.5659790039062,639.4681396484375,828.61083984375,639.6723022460938,823.9827270507812,687.5884399414062,741.1616821289062,687.0
1572,10,1568048119193,0958,0320,785.28857421875,647.3649291992188,86.09078216552734,93.11409759521484,98.73040008544922,734.6489868164062,639.3510131835938,828.61083984375,639.6723022460938,824.2376098632812,687.7539672851562,741.1616821289062,687.0
1573,10,1568048119205,0958,0320,785.3690795898438,647.162353515625,85.91026306152344,92.35050964355469,96.17194366455078,734.7379760742188,639.28955078125,828.8261108398438,639.3447875976562,824.3250122070312,687.6763916015625,741.1616821289062,687.0
1574,10,1568048119219,0958,0320,785.5463256835938,647.1968383789062,86.70555114746094,92.5578384399414,99.49767303466797,734.7379760742188,639.28955078125,828.8261108398438,639.3447875976562,824.3250122070312,687.6763916015625,741.2664184570312,686.8846435546875
1575,10,1568048119232,0958,0320,785.3567504882812,647.0845947265625,86.4067611694336,92.38199615478516,98.35961151123047,734.6791381835938,639.357421875,828.8261108398438,639.3447875976562,824.3381958007812,687.4216918945312,741.3618774414062,686.8635864257812
1576,10,1568048119245,0958,0320,785.4129028320312,647.1080932617188,86.50064849853516,92.38584899902344,97.67426300048828,734.6791381835938,639.357421875,828.735107421875,639.0991821289062,824.3250122070312,687.3236083984375,741.3618774414062,686.8635864257812
1577,10,1568048119257,0958,0320,785.231689453125,646.8817749023438,85.70020294189453,92.6908950805664,96.78893280029297,734.471435546875,639.1653442382812,828.7587280273438,639.1296997070312,824.2376098632812,687.2460327148438,741.3618774414062,686.8635864257812
1578,10,1568048119270,0958,0320,785.2377319335938,646.9318237304688,85.84848022460938,92.7301254272461,96.75450134277344,734.5,639.0,828.7802734375,639.10546875,824.2489624023438,687.2651977539062,741.368896484375,686.87353515625
1579,10,1568048119282,0958,0320,785.2964477539062,646.8681030273438,85.75003051757812,92.5699691772461,95.54094696044922,734.5,639.0,828.720703125,639.0,824.2409057617188,687.30419921875,741.2634887695312,686.7249755859375
1580,10,1568048119293,0958,0320,785.1473999023438,646.7470092773438,85.88209533691406,92.68631744384766,96.64360809326172,734.4501953125,638.9158325195312,828.6319580078125,639.0748901367188,824.2257690429688,687.2257690429688,741.1814575195312,686.702392578125
1581,10,1568048119305,0958,0320,785.155517578125,646.8028564453125,85.57417297363281,92.61084747314453,96.0126953125,734.5471801757812,639.0447998046875,828.5,639.0,824.2409057617188,687.30419921875,741.0977783203125,686.7162475585938
1582,10,1568048119318,0958,0320,785.1552734375,646.82568359375,85.8128890991211,92.2548599243164,95.61302185058594,734.504638671875,638.9727783203125,828.5,639.0,824.002197265625,687.3555297851562,741.0977783203125,686.7162475585938
1583,10,1568048119330,0958,0320,784.9911499023438,646.8038940429688,85.83793640136719,91.95050048828125,94.36035919189453,734.3419799804688,638.952392578125,828.5,639.0,824.0,687.4083251953125,741.0,686.6882934570312
1584,10,1568048119343,0958,0320,784.8301391601562,646.770263671875,85.87837219238281,92.01386260986328,92.12779998779297,734.1500854492188,639.0731811523438,828.5,639.0,824.0,687.4083251953125,741.0,686.6882934570312
1585,10,1568048119355,0958,0320,784.8148193359375,646.6486206054688,85.69305419921875,92.1204833984375,99.7923583984375,733.9963989257812,639.0,828.279296875,639.0,823.89794921875,687.3641357421875,740.8395385742188,686.62060546875
1586,10,1568048119369,0958,0320,784.7734985351562,646.6784057617188,85.77740478515625,92.18385314941406,96.6421890258789,733.9963989257812,639.0,828.3680419921875,639.0748901367188,823.7590942382812,687.30419921875,740.8267822265625,686.6201782226562
1587,10,1568048119382,0958,0320,784.6361083984375,646.618408203125,85.59920501708984,92.45508575439453,96.67316436767578,733.9963989257812,639.0,828.2197265625,639.10546875,823.7590942382812,687.30419921875,740.8267822265625,686.6201782226562
1588,10,1568048119395,0958,0320,784.686279296875,646.62890625,85.3277359008789,92.3206787109375,95.01293182373047,733.9963989257812,639.0,828.2197265625,639.10546875,823.7191162109375,687.2962036132812,740.8585815429688,686.6825561523438
1589,10,1568048119408,0958,0320,784.6065673828125,646.7184448242188,85.06623840332031,92.36618041992188,96.51166534423828,734.0,639.0,828.279296875,639.0,823.7191162109375,687.2962036132812,740.783935546875,686.6671752929688
1590,10,1568048119420,0958,0320,784.7281494140625,646.6832275390625,86.21063232421875,92.28397369384766,98.63005065917969,734.0,639.0,828.279296875,639.0,823.7167358398438,687.3478393554688,740.7612915039062,686.6046752929688
1591,10,1568048119433,0958,0320,784.6505126953125,646.4779052734375,85.84272003173828,92.37715148925781,97.9017105102539,734.0,639.0,828.279296875,639.0,823.7636108398438,687.2523193359375,740.7612915039062,686.6046752929688
1592,10,1568048119445,0958,0320,784.6322021484375,646.4716796875,85.86547088623047,92.52339172363281,97.44683837890625,734.1746215820312,638.8253784179688,828.279296875,639.0,823.7636108398438,687.2523193359375,740.7612915039062,686.6046752929688
1593,10,1568048119456,0958,0320,784.7085571289062,646.4596557617188,85.62409973144531,92.6279525756836,97.89188385009766,734.1649780273438,638.8277587890625,828.279296875,639.0,823.8942260742188,687.3140258789062,740.9181518554688,686.5723266601562
1594,10,1568048119469,0958,0320,784.7080688476562,646.5821533203125,85.873046875,92.49212646484375,97.06377410888672,734.1649780273438,638.8277587890625,828.279296875,639.0,823.8942260742188,687.3140258789062,740.9181518554688,686.5723266601562
1595,10,1568048119482,0958,0320,784.7674560546875,646.57861328125,85.83210754394531,92.32730865478516,97.54976654052734,734.1649780273438,638.8277587890625,828.279296875,639.0,823.8942260742188,687.3140258789062,740.9181518554688,686.5723266601562
1596,10,1568048119495,0958,0320,784.68798828125,646.4713745117188,85.88772583007812,93.1107406616211,94.30980682373047,734.1649780273438,638.8277587890625,828.279296875,639.0,823.8942260742188,687.3140258789062,740.8209228515625,686.5
1597,10,1568048119509,0958,0320,784.7394409179688,646.5805053710938,85.5377197265625,92.30854034423828,98.20902252197266,734.1649780273438,638.8277587890625,828.3680419921875,638.9251098632812,823.7742309570312,687.2257690429688,741.1204833984375,686.5
1598,10,1568048119523,0958,0320,784.62255859375,646.60205078125,86.08067321777344,92.84209442138672,95.45819091796875,734.1649780273438,638.8277587890625,828.3680419921875,638.9251098632812,823.7742309570312,687.2257690429688,741.1204833984375,686.5
1599,10,1568048119536,0958,0320,784.6806640625,646.516845703125,86.00991821289062,92.78483581542969,95.14107513427734,734.2769775390625,638.9014892578125,828.5,639.0,823.89990234375,687.2853393554688,741.06884765625,686.4361572265625
1600,10,1568048119548,0958,0320,784.5849609375,646.637451171875,85.91722869873047,92.84918212890625,93.7150650024414,734.2769775390625,638.9014892578125,828.5,639.0,823.89990234375,687.2853393554688,741.0977783203125,686.7162475585938
1601,10,1568048119561,0958,0320,784.6279296875,646.7453002929688,85.9485092163086,92.50274658203125,93.56373596191406,734.2506103515625,639.0,828.3680419921875,639.0748901367188,824.0,687.4083251953125,741.1241455078125,686.7167358398438
1602,10,1568048119574,0958,0320,784.5665283203125,646.6196899414062,86.26263427734375,92.6872787475586,92.97470092773438,734.2506103515625,639.0,828.3680419921875,639.0748901367188,823.975341796875,687.4663696289062,741.0,686.7661743164062
1603,10,1568048119587,0958,0320,784.674072265625,646.6138305664062,85.926025390625,92.66900634765625,91.82229614257812,734.1500854492188,639.0731811523438,828.3680419921875,639.0748901367188,823.9743041992188,687.4651489257812,740.8758544921875,686.7167358398438
1604,10,1568048119600,0958,0320,784.6007690429688,646.5880737304688,86.14799499511719,92.6761703491211,94.14969635009766,734.0,639.0,828.279296875,639.0,823.7167358398438,687.3478393554688,740.9022216796875,686.7162475585938
1605,10,1568048119613,0958,0320,784.52294921875,646.55712890625,86.10604095458984,92.67739868164062,94.54869842529297,734.0,639.0,828.279296875,639.0,823.7636108398438,687.2523193359375,740.8267822265625,686.6201782226562
1606,10,1568048119626,0958,0320,784.5795288085938,646.628173828125,85.65544128417969,92.72602081298828,94.94425201416016,734.076171875,638.8660888671875,828.279296875,639.0,823.7742309570312,687.2257690429688,740.8209228515625,686.5
1607,10,1568048119638,0958,0320,784.3056640625,646.6238403320312,86.0410385131836,93.19903564453125,96.5187759399414,734.076171875,638.8660888671875,828.279296875,639.0,823.7192993164062,687.150146484375,740.7612915039062,686.6046752929688
1608,10,1568048119651,0958,0320,784.4242553710938,646.7401733398438,85.64608001708984,93.3502426147461,96.73590087890625,734.0,639.0,828.279296875,639.0,823.7192993164062,687.150146484375,740.7612915039062,686.6046752929688
1609,10,1568048119664,0958,0320,784.5869140625,646.6555786132812,85.71318054199219,92.64080047607422,96.3676986694336,734.0,639.0,828.279296875,639.0,823.7192993164062,687.150146484375,740.7612915039062,686.6046752929688
1610,10,1568048119678,0958,0320,784.5711059570312,646.6658935546875,86.2293930053711,92.78345489501953,93.83890533447266,734.0,639.0,828.279296875,639.0,823.7192993164062,687.150146484375,740.7612915039062,686.6046752929688
1611,10,1568048119691,0958,0320,784.6692504882812,646.5180053710938,86.2075424194336,92.70134735107422,95.27424621582031,734.076171875,638.8660888671875,828.279296875,639.0,823.731689453125,687.1231689453125,740.8209228515625,686.5
1612,10,1568048119705,0958,0320,784.7252807617188,646.5957641601562,86.1304702758789,92.68781280517578,96.52947235107422,734.1746215820312,638.8253784179688,828.279296875,639.0,823.731689453125,687.1231689453125,740.8209228515625,686.5
1613,10,1568048119718,0958,0320,784.7849731445312,646.5266723632812,86.15850830078125,92.51079559326172,97.66963958740234,734.1015014648438,638.720947265625,828.2197265625,638.89453125,823.82373046875,687.0,740.8209228515625,686.5
1614,10,1568048119731,0958,0320,784.6820678710938,646.5677490234375,85.82894134521484,92.95552062988281,96.47802734375,734.1780395507812,638.7086791992188,828.2269287109375,638.9199829101562,823.731689453125,686.8768310546875,740.6552124023438,686.3447875976562
1615,10,1568048119745,0958,0320,784.609130859375,646.5960693359375,86.56192016601562,92.9813232421875,96.20033264160156,734.1780395507812,638.7086791992188,828.264892578125,638.9008178710938,823.731689453125,686.8768310546875,740.706298828125,686.293701171875
1616,10,1568048119757,0958,0320,784.4974365234375,646.4513549804688,86.48323059082031,92.67645263671875,94.04019165039062,734.282958984375,638.5556030273438,828.264892578125,638.9008178710938,823.731689453125,686.8768310546875,740.665771484375,686.2268676757812
1617,10,1568048119770,0958,0320,784.4833374023438,646.4979858398438,86.67610168457031,92.74951171875,92.11915588378906,734.1282348632812,638.645263671875,828.2465209960938,638.8704833984375,823.6940307617188,686.8402709960938,740.631103515625,686.12646484375
1618,10,1568048119783,0958,0320,784.5228881835938,646.3611450195312,86.24279022216797,92.91446685791016,93.07926177978516,734.138427734375,638.69189453125,828.1738891601562,638.6552124023438,823.694580078125,686.8299560546875,740.6381225585938,686.1364135742188
1619,10,1568048119796,0958,0320,784.525634765625,646.3275146484375,86.29867553710938,92.93596649169922,93.27898406982422,734.2326049804688,638.5963745117188,828.063232421875,638.5757446289062,823.627685546875,686.7438354492188,740.7335815429688,686.1153564453125
1620,10,1568048119809,0958,0320,784.4700317382812,646.2732543945312,86.66495513916016,92.79790496826172,95.1549072265625,734.0,638.3064575195312,827.991455078125,638.5,823.483642578125,686.7091674804688,740.7335815429688,686.1153564453125
1621,10,1568048119822,0958,0320,784.5037841796875,646.1422729492188,86.24114227294922,93.26773834228516,93.99659729003906,733.8984985351562,638.279052734375,828.0,638.5,823.5,686.5,740.5,686.0
1622,10,1568048119836,0958,0320,784.3469848632812,645.8777465820312,86.46057891845703,93.6735610961914,92.94004821777344,733.8984985351562,638.279052734375,828.0365600585938,638.4285888671875,823.5,686.5,740.5,686.0
1623,10,1568048119848,0958,0320,784.4356079101562,645.9711303710938,85.5496597290039,93.03201293945312,94.73469543457031,733.8984985351562,638.279052734375,827.9776611328125,638.4312133789062,823.5,686.5,740.6141357421875,685.7535400390625
1624,10,1568048119862,0958,0320,784.3984375,646.1314086914062,86.4044189453125,92.93475341796875,92.96349334716797,733.8984985351562,638.279052734375,827.9776611328125,638.4312133789062,823.5,686.5,740.6141357421875,685.7535400390625
1625,10,1568048119875,0958,0320,784.4035034179688,645.9983520507812,86.22272491455078,93.04149627685547,94.84447479248047,733.8984985351562,638.279052734375,827.9776611328125,638.4312133789062,823.5,686.5,740.6141357421875,685.7535400390625
1626,10,1568048119888,0958,0320,784.4259643554688,646.1233520507812,86.76185607910156,92.79741668701172,92.53256225585938,733.8219604492188,638.2913208007812,828.0885620117188,638.4136962890625,823.5,686.5,740.5,686.0
1627,10,1568048119902,0958,0320,784.1494750976562,646.092041015625,86.2320327758789,93.5857162475586,93.43634796142578,733.717041015625,638.4443969726562,828.008544921875,638.5,823.5,686.5,740.5,686.0
1628,10,1568048119915,0958,0320,784.087890625,646.197998046875,85.70516204833984,93.4713363647461,94.78762817382812,733.717041015625,638.4443969726562,828.008544921875,638.5,823.5,686.5,740.5,686.0
1629,10,1568048119928,0958,0320,784.1237182617188,645.9576416015625,85.80010986328125,93.62110900878906,92.91454315185547,733.717041015625,638.4443969726562,828.008544921875,638.5,823.5,686.5,740.5,686.0
1630,10,1568048119940,0958,0320,784.287353515625,645.9767456054688,86.16999816894531,93.37430572509766,94.22513580322266,733.8984985351562,638.279052734375,827.9776611328125,638.4312133789062,823.5,686.5,740.3618774414062,685.8635864257812
1631,10,1568048119951,0958,0320,784.3050537109375,645.936767578125,86.2404556274414,93.3572998046875,93.35115814208984,734.0,638.22607421875,827.9376220703125,638.3047485351562,823.5,686.5,740.5,685.8504028320312
1632,10,1568048119963,0958,0320,784.267822265625,645.927734375,86.4692153930664,93.51432800292969,95.67955017089844,734.0,638.22607421875,827.9376220703125,638.3047485351562,823.581787109375,686.3662719726562,740.5,685.6640014648438
1633,10,1568048119975,0958,0320,784.2936401367188,646.0064697265625,86.12080383300781,92.76730346679688,94.35987854003906,733.923828125,638.1339111328125,827.93212890625,638.2742919921875,823.5,686.5,740.5,685.6640014648438
1634,10,1568048119988,0958,0320,784.2760620117188,646.0496826171875,86.57209777832031,92.96083068847656,94.98591613769531,733.923828125,638.1339111328125,827.93212890625,638.2742919921875,823.581787109375,686.3662719726562,740.5,685.6640014648438
1635,10,1568048120000,0958,0320,784.3328857421875,646.1925659179688,86.33545684814453,92.91546630859375,94.19139862060547,733.923828125,638.1339111328125,827.93212890625,638.2742919921875,823.581787109375,686.3662719726562,740.5,685.6640014648438
1636,10,1568048120012,0958,0320,784.3574829101562,645.9348754882812,86.23818969726562,93.03286743164062,93.1928939819336,733.923828125,638.1339111328125,827.93212890625,638.2742919921875,823.581787109375,686.3662719726562,740.5,685.6640014648438
1637,10,1568048120024,0958,0320,784.2921142578125,645.8921508789062,86.43236541748047,93.079833984375,94.74702453613281,733.923828125,638.1339111328125,827.93212890625,638.2742919921875,823.581787109375,686.3662719726562,740.5,685.6640014648438
1638,10,1568048120035,0958,0320,784.26171875,645.9427490234375,86.1867904663086,93.10453033447266,94.39510345458984,733.923828125,638.1339111328125,827.93212890625,638.2742919921875,823.581787109375,686.3662719726562,740.5,685.6640014648438
1639,10,1568048120047,0958,0320,784.3512573242188,646.1007080078125,85.99809265136719,92.86296844482422,92.63069152832031,733.923828125,638.1339111328125,827.9376220703125,638.3047485351562,823.5,686.5,740.6141357421875,685.7535400390625
1640,10,1568048120059,0958,0320,784.3080444335938,646.0802612304688,86.42108154296875,92.93101501464844,92.6845932006836,733.8984985351562,638.279052734375,827.9376220703125,638.3047485351562,823.5,686.5,740.5501098632812,685.9931030273438
1641,10,1568048120071,0958,0320,784.2786865234375,646.2313232421875,85.84008026123047,93.09002685546875,92.83047485351562,733.8717651367188,638.354736328125,828.008544921875,638.5,823.5,686.5,740.5501098632812,685.9931030273438
1642,10,1568048120084,0958,0320,784.2496337890625,646.1633911132812,85.86060333251953,93.31385040283203,94.2834701538086,733.717041015625,638.4443969726562,827.947998046875,638.4991455078125,823.5,686.5,740.5,686.0
1643,10,1568048120095,0958,0320,784.2490234375,646.263427734375,85.90780639648438,93.2784423828125,93.88224029541016,733.717041015625,638.4443969726562,827.947998046875,638.4991455078125,823.5,686.5,740.5,686.0
1644,10,1568048120107,0958,0320,784.211669921875,646.1823120117188,86.08792877197266,93.3025131225586,92.6520004272461,733.717041015625,638.4443969726562,828.008544921875,638.5,823.5,686.5,740.5,686.0
1645,10,1568048120119,0958,0320,784.0391235351562,646.1951904296875,86.18194580078125,93.11746978759766,93.5953140258789,733.717041015625,638.4443969726562,828.008544921875,638.5,823.5,686.5,740.4901123046875,685.9404296875
1646,10,1568048120131,0958,0320,784.0816650390625,646.1671142578125,86.20521545410156,92.99053192138672,95.61776733398438,733.8219604492188,638.2913208007812,828.007568359375,638.29833984375,823.5015869140625,686.5,740.3618774414062,685.8635864257812
1647,10,1568048120143,0958,0320,784.1472778320312,646.049072265625,85.36073303222656,92.97156524658203,95.88661193847656,733.8219604492188,638.2913208007812,828.007568359375,638.29833984375,823.5015869140625,686.5,740.3618774414062,685.8635864257812
1648,10,1568048120155,0958,0320,784.2699584960938,645.9711303710938,86.19436645507812,92.86650085449219,96.55241394042969,733.8253784179688,638.1746215820312,828.0117797851562,638.2706298828125,823.5015869140625,686.5,740.3618774414062,685.8635864257812
1649,10,1568048120166,0958,0320,784.1904296875,645.9085693359375,85.83057403564453,92.59236907958984,93.76846313476562,733.8253784179688,638.1746215820312,828.0386962890625,638.2208862304688,823.5015869140625,686.5,740.3858642578125,685.7535400390625
1650,10,1568048120178,0958,0320,784.30322265625,645.6946411132812,86.25849914550781,92.67166137695312,91.53253936767578,733.8253784179688,638.1746215820312,827.9281616210938,638.197265625,823.5549926757812,686.280517578125,740.5,685.722412109375
1651,11,1568048128182,1244,0320,746.7413330078125,653.6952514648438,83.8987808227539,92.57550811767578,80.51979064941406,712.7232666015625,646.89013671875,807.10009765625,646.2853393554688,803.5,695.5,719.1702880859375,693.8297119140625
1652,11,1568048128194,1244,0320,746.8845825195312,653.6654663085938,84.3823471069336,92.68743896484375,82.21847534179688,712.7232666015625,646.89013671875,807.268310546875,646.1231689453125,803.5,695.5,719.1715698242188,693.8668212890625
1653,11,1568048128209,1244,0320,746.7796020507812,653.5310668945312,83.82942199707031,92.24677276611328,81.76640319824219,712.7232666015625,646.89013671875,807.268310546875,646.1231689453125,803.5,695.5,719.1715698242188,693.8668212890625
1654,11,1568048128222,1244,0320,746.8988647460938,653.5441284179688,84.16744995117188,92.38261413574219,82.33476257324219,712.8984985351562,646.720947265625,807.268310546875,646.1231689453125,803.4598388671875,695.498046875,719.146728515625,693.853271484375
1655,11,1568048128235,1244,0320,746.8690795898438,653.6233520507812,83.77676391601562,92.12753295898438,80.76115417480469,712.8033447265625,646.863037109375,807.268310546875,646.1231689453125,803.4984130859375,695.5,719.146728515625,693.853271484375
1656,11,1568048128248,1244,0320,746.9525146484375,653.609375,84.02506256103516,92.4406967163086,81.6542739868164,712.8033447265625,646.863037109375,807.268310546875,646.1231689453125,803.4984130859375,695.5,719.146728515625,693.853271484375
1657,11,1568048128260,1244,0320,746.9940185546875,653.6806030273438,84.10993957519531,92.42167663574219,83.17930603027344,712.8033447265625,646.863037109375,807.2807006835938,646.150146484375,803.4984130859375,695.5,719.146728515625,693.853271484375
1658,11,1568048128272,1244,0320,746.8867797851562,653.7901000976562,84.00077819824219,92.5127944946289,83.36368560791016,712.8033447265625,646.863037109375,807.2807006835938,646.150146484375,803.4984130859375,695.5,719.146728515625,693.853271484375
1659,11,1568048128284,1244,0320,746.9110107421875,653.7741088867188,83.96866607666016,92.27032470703125,80.41674041748047,712.8033447265625,646.863037109375,807.2807006835938,646.150146484375,803.4984130859375,695.5,719.1331787109375,693.8284301757812
1660,11,1568048128296,1244,0320,746.9269409179688,653.749267578125,84.0934829711914,92.74347686767578,82.74845886230469,712.8969116210938,646.906494140625,807.2832641601562,646.3478393554688,803.6618041992188,695.5783081054688,719.1331787109375,693.8284301757812
1661,11,1568048128308,1244,0320,746.76708984375,653.9105224609375,84.26617431640625,92.62154388427734,82.2939224243164,712.8969116210938,646.906494140625,807.2832641601562,646.3478393554688,803.4984130859375,695.5,719.1331787109375,693.8284301757812
1662,11,1568048128321,1244,0320,746.5565795898438,653.8294067382812,83.7992172241211,93.04185485839844,82.92882537841797,712.8969116210938,646.906494140625,807.2832641601562,646.3478393554688,803.4984130859375,695.5,719.1331787109375,693.8284301757812
1663,11,1568048128334,1244,0320,746.8111572265625,653.8145751953125,83.76652526855469,92.75704956054688,80.65996551513672,713.0,647.0,807.2489624023438,646.2651977539062,803.5497436523438,695.631591796875,719.1331787109375,693.8284301757812
1664,11,1568048128348,1244,0320,746.7164916992188,653.8632202148438,84.28314971923828,92.88646697998047,79.35352325439453,713.0,647.0,807.2489624023438,646.2651977539062,803.5497436523438,695.631591796875,719.1331787109375,693.8284301757812
1665,11,1568048128361,1244,0320,746.9364013671875,653.8600463867188,84.07665252685547,92.50321960449219,82.01707458496094,713.0,647.0,807.2489624023438,646.2651977539062,803.6749877929688,695.6763916015625,719.1331787109375,693.8284301757812
1666,11,1568048128374,1244,0320,746.8003540039062,654.04296875,84.22331237792969,92.99451446533203,80.87568664550781,712.8893432617188,647.036865234375,807.2489624023438,646.2651977539062,803.6749877929688,695.6763916015625,719.1331787109375,693.8284301757812
1667,11,1568048128386,1244,0320,746.6517333984375,654.0573120117188,84.29744720458984,92.21525573730469,82.01827239990234,712.8893432617188,647.036865234375,807.2489624023438,646.2651977539062,803.6749877929688,695.6763916015625,719.1331787109375,693.8284301757812
1668,11,1568048128398,1244,0320,746.9053955078125,653.9781494140625,84.37242889404297,92.56938171386719,82.85539245605469,712.8893432617188,647.036865234375,807.2376098632812,646.2460327148438,803.6749877929688,695.6763916015625,719.1331787109375,693.8284301757812
1669,11,1568048128410,1244,0320,746.8636474609375,653.9210815429688,84.28526306152344,91.89537048339844,81.99077606201172,712.8893432617188,647.036865234375,807.2376098632812,646.2460327148438,803.6749877929688,695.6763916015625,719.1331787109375,693.8284301757812
1670,11,1568048128422,1244,0320,746.8656616210938,653.955810546875,84.14216613769531,92.52610778808594,84.36970520019531,712.8033447265625,647.136962890625,807.2376098632812,646.2460327148438,803.6304321289062,695.6873168945312,719.1331787109375,693.8284301757812
1671,11,1568048128433,1244,0320,746.7136840820312,653.9494018554688,84.08526611328125,92.12171173095703,82.67704010009766,712.8033447265625,647.136962890625,807.2376098632812,646.2460327148438,803.6749877929688,695.6763916015625,719.1331787109375,693.8284301757812
1672,11,1568048128445,1244,0320,746.8095703125,653.9603881835938,84.080322265625,92.38799285888672,81.92467498779297,712.8033447265625,647.136962890625,807.2376098632812,646.2460327148438,803.6749877929688,695.6763916015625,719.1331787109375,693.8284301757812
1673,11,1568048128456,1244,0320,746.8587036132812,653.8887329101562,84.13680267333984,92.4246597290039,83.00746154785156,713.0,647.0,807.2376098632812,646.2460327148438,803.6749877929688,695.6763916015625,719.1331787109375,693.8284301757812
1674,11,1568048128468,1244,0320,746.8292236328125,654.0521240234375,84.22151184082031,92.5401382446289,81.58423614501953,713.0,647.0,807.2489624023438,646.2651977539062,803.6749877929688,695.6763916015625,719.1331787109375,693.8284301757812
1675,11,1568048128482,1244,0320,746.93359375,653.9099731445312,83.96243286132812,92.47312927246094,82.63460540771484,713.0,646.77392578125,807.305419921875,646.1700439453125,803.4984130859375,695.5,719.1331787109375,693.8284301757812
1676,11,1568048128495,1244,0320,747.092041015625,653.6300048828125,84.68269348144531,92.76678466796875,82.27404022216797,713.0,646.77392578125,807.305419921875,646.1700439453125,803.4984130859375,695.5,719.1331787109375,693.8284301757812
1677,11,1568048128509,1244,0320,746.8754272460938,653.8370361328125,84.38128662109375,92.6168441772461,81.7846450805664,713.0,646.77392578125,807.2396850585938,646.1199951171875,803.6749877929688,695.3236083984375,719.3618774414062,693.8635864257812
1678,11,1568048128522,1244,0320,746.90283203125,653.705322265625,84.13260650634766,92.7125473022461,82.75867462158203,713.0,646.77392578125,807.305419921875,646.1700439453125,803.7948608398438,695.401611328125,719.3618774414062,693.8635864257812
1679,11,1568048128535,1244,0320,746.9141845703125,653.917724609375,84.29747009277344,92.45796203613281,81.50175476074219,713.1015014648438,646.720947265625,807.3698120117188,646.2008056640625,803.7948608398438,695.401611328125,719.3618774414062,693.8635864257812
1680,11,1568048128548,1244,0320,746.9610595703125,653.7627563476562,84.0444564819336,92.9233627319336,84.50086212158203,713.1015014648438,646.720947265625,807.4197998046875,646.2051391601562,804.062744140625,695.5,719.4901123046875,693.9404296875
1681,11,1568048128560,1244,0320,747.0018920898438,653.83251953125,83.7186279296875,92.66990661621094,82.18002319335938,713.1015014648438,646.720947265625,807.3698120117188,646.2008056640625,804.062744140625,695.5,719.4901123046875,693.9404296875
1682,11,1568048128572,1244,0320,746.921630859375,653.8160400390625,84.59915161132812,93.28024291992188,83.65017700195312,713.1185913085938,646.686279296875,807.3698120117188,646.2008056640625,804.062744140625,695.5,719.4901123046875,693.9404296875
1683,11,1568048128584,1244,0320,746.8366088867188,653.6770629882812,84.02715301513672,93.21822357177734,83.67852783203125,713.1185913085938,646.686279296875,807.3698120117188,646.2008056640625,804.0172729492188,695.4115600585938,719.4901123046875,693.9404296875
1684,11,1568048128596,1244,0320,746.857177734375,653.79052734375,84.2816390991211,93.20305633544922,84.14710235595703,713.1185913085938,646.686279296875,807.3698120117188,646.2008056640625,803.8543701171875,695.3338012695312,719.4842529296875,693.91748046875
1685,11,1568048128608,1244,0320,746.7811279296875,653.7694091796875,84.23497009277344,93.17926025390625,82.68406677246094,713.119384765625,646.6416015625,807.2282104492188,646.091796875,803.7218017578125,695.2840576171875,719.4038696289062,693.766845703125
1686,11,1568048128621,1244,0320,746.729736328125,653.720458984375,83.96757507324219,93.23757934570312,83.3829574584961,713.0,646.5,807.3309326171875,646.0,803.7218017578125,695.2840576171875,719.4038696289062,693.766845703125
1687,11,1568048128635,1244,0320,746.8627319335938,653.4771118164062,83.89720153808594,93.05279541015625,80.83486938476562,713.0,646.5,807.2396850585938,645.8800048828125,803.7192993164062,695.150146484375,719.2387084960938,693.3953247070312
1688,11,1568048128648,1244,0320,746.8938598632812,653.2941284179688,84.6806411743164,93.83258819580078,83.40638732910156,713.0,646.5,807.279541015625,645.84521484375,803.7192993164062,695.150146484375,719.2387084960938,693.3953247070312
1689,11,1568048128661,1244,0320,746.8519287109375,653.29443359375,83.85087585449219,93.2116470336914,82.50379180908203,712.8397827148438,646.3416748046875,807.2440795898438,645.687744140625,803.731689453125,695.1231689453125,719.2387084960938,693.3953247070312
1690,11,1568048128673,1244,0320,746.726318359375,653.2385864257812,84.31356048583984,93.38188171386719,83.13626098632812,712.8397827148438,646.3416748046875,807.2376098632812,645.7539672851562,803.731689453125,695.1231689453125,719.2387084960938,693.3953247070312
1691,11,1568048128686,1244,0320,746.91796875,653.29736328125,83.7657699584961,92.2762222290039,83.3843002319336,712.840576171875,646.400390625,807.2376098632812,645.7539672851562,803.7094116210938,694.869873046875,719.216064453125,693.3328247070312
1692,11,1568048128699,1244,0320,746.66015625,653.2819213867188,83.85295104980469,92.82135772705078,83.97579956054688,712.8463745117188,646.355224609375,807.4502563476562,645.631591796875,803.6849975585938,694.867919921875,719.2360229492188,693.228759765625
1693,11,1568048128711,1244,0320,746.83056640625,653.21923828125,84.09707641601562,92.8831558227539,80.79254913330078,712.8814086914062,646.313720703125,807.2083129882812,645.4608764648438,803.661865234375,694.81689453125,719.3651733398438,693.1475830078125
1694,11,1568048128724,1244,0320,746.81103515625,653.1499633789062,84.01388549804688,93.163818359375,83.28820037841797,712.8984985351562,646.279052734375,807.1279296875,645.4423828125,803.661865234375,694.81689453125,719.3651733398438,693.1475830078125
1695,11,1568048128735,1244,0320,746.739990234375,653.2606811523438,84.01632690429688,93.23249816894531,84.20799255371094,712.8984985351562,646.279052734375,807.1279296875,645.4423828125,803.6361083984375,694.798828125,719.3651733398438,693.1475830078125
1696,11,1568048128747,1244,0320,746.8522338867188,653.0940551757812,84.25674438476562,93.72056579589844,83.94590759277344,712.8984985351562,646.279052734375,807.5015869140625,645.5,803.6650390625,694.8102416992188,719.3651733398438,693.1475830078125
1697,11,1568048128759,1244,0320,746.9922485351562,653.2730712890625,84.0291519165039,93.36643981933594,82.38990783691406,712.8814086914062,646.313720703125,807.5015869140625,645.5,803.7192993164062,694.849853515625,719.394775390625,693.248779296875
1698,11,1568048128772,1244,0320,746.9760131835938,653.3475952148438,84.26446533203125,93.0509033203125,81.7142333984375,713.0,646.4257202148438,807.5015869140625,645.5,803.731689453125,694.8768310546875,719.394775390625,693.248779296875
1699,11,1568048128785,1244,0320,747.0679931640625,653.4030151367188,84.10340118408203,92.7793960571289,82.81692504882812,713.119384765625,646.3583984375,807.5015869140625,645.5,803.82373046875,695.0,719.394775390625,693.248779296875
1700,11,1568048128798,1244,0320,746.9896850585938,653.4058227539062,84.2051010131836,93.36589813232422,82.57537841796875,713.159423828125,646.400390625,807.5015869140625,645.5,803.82373046875,695.0,719.394775390625,693.248779296875
1701,11,1568048128811,1244,0320,747.2029418945312,653.631591796875,83.72740936279297,92.88098907470703,83.20128631591797,713.159423828125,646.400390625,807.5015869140625,645.5,803.82373046875,695.0,719.394775390625,693.248779296875
1702,11,1568048128824,1244,0320,747.25,653.439453125,83.95402526855469,92.58769226074219,83.77951049804688,713.159423828125,646.400390625,807.5015869140625,645.5,803.82373046875,695.0,719.3900756835938,693.1797485351562
1703,11,1568048128836,1244,0320,747.2646484375,653.2944946289062,83.62797546386719,93.04116821289062,84.50428009033203,713.159423828125,646.400390625,807.5015869140625,645.5,803.82373046875,695.0,719.3900756835938,693.1797485351562
1704,11,1568048128849,1244,0320,747.08056640625,653.3319091796875,84.17958068847656,93.94422912597656,85.02210998535156,713.0208740234375,646.4320068359375,807.4502563476562,645.631591796875,803.82373046875,695.0,719.3900756835938,693.1797485351562
1705,11,1568048128861,1244,0320,747.077880859375,653.4237670898438,83.83819580078125,93.7549057006836,84.57894134521484,713.0,646.5,807.516357421875,645.7091674804688,803.82373046875,695.0,719.3953247070312,693.2387084960938
1706,11,1568048128872,1244,0320,747.0437622070312,653.4194946289062,84.09290313720703,93.26099395751953,84.71186828613281,713.0,646.5,807.516357421875,645.7091674804688,803.82373046875,695.0,719.3953247070312,693.2387084960938
1707,11,1568048128884,1244,0320,747.2709350585938,653.4966430664062,83.74346923828125,92.57723999023438,83.65624237060547,713.0,646.5,807.498291015625,645.7137451171875,803.82373046875,695.0,719.3953247070312,693.2387084960938
1708,11,1568048128897,1244,0320,747.07373046875,653.5900268554688,83.97005462646484,93.86675262451172,85.87220001220703,713.0,646.5,807.48876953125,645.7708740234375,803.82373046875,695.0,719.3572387695312,693.3572387695312
1709,11,1568048128909,1244,0320,747.1346435546875,653.6005249023438,84.26961517333984,93.64431762695312,86.09352111816406,713.0,646.5,807.5338745117188,645.7650756835938,803.7192993164062,695.150146484375,719.3572387695312,693.3572387695312
1710,11,1568048128922,1244,0320,747.138671875,653.4523315429688,83.92601776123047,93.4946517944336,85.60453796386719,713.0,646.5,807.48876953125,645.7708740234375,803.731689453125,695.1231689453125,719.3572387695312,693.3572387695312
1711,11,1568048128934,1244,0320,747.1105346679688,652.7894287109375,83.8004150390625,93.39190673828125,83.48844909667969,712.9730224609375,646.4666748046875,807.5015869140625,645.5,803.731689453125,694.8768310546875,719.3988647460938,693.125
1712,11,1568048128947,1244,0320,747.15234375,652.6754760742188,83.85110473632812,93.68962860107422,86.41548919677734,713.0,646.4257202148438,807.5015869140625,645.5,803.7192993164062,694.849853515625,719.3988647460938,693.125
1713,11,1568048128960,1244,0320,747.38916015625,652.8734741210938,83.83142852783203,93.27701568603516,84.91178131103516,713.1015014648438,646.279052734375,807.5015869140625,645.5,803.830322265625,694.7591552734375,719.5,693.0
1714,11,1568048128972,1244,0320,747.2552490234375,652.8381958007812,84.05938720703125,93.7294692993164,86.70755004882812,713.1185913085938,646.313720703125,807.5015869140625,645.5,803.830322265625,694.7591552734375,719.5098876953125,693.0595703125
1715,11,1568048128984,1244,0320,747.2276000976562,652.7989501953125,83.6850814819336,93.40267181396484,85.61579895019531,713.1185913085938,646.313720703125,807.5015869140625,645.5,803.830322265625,694.7591552734375,719.5098876953125,693.0595703125
1716,11,1568048128996,1244,0320,747.2301635742188,652.8155517578125,83.93587493896484,93.48250579833984,86.45353698730469,713.1015014648438,646.279052734375,807.5015869140625,645.5,803.8624877929688,694.6552734375,719.5098876953125,693.0595703125
1717,11,1568048129009,1244,0320,747.3274536132812,652.8358764648438,83.82194519042969,93.1733627319336,85.1087875366211,713.1015014648438,646.279052734375,807.5015869140625,645.5,803.8624877929688,694.6552734375,719.5098876953125,693.0595703125
1718,11,1568048129021,1244,0320,747.24462890625,652.7429809570312,83.76573944091797,94.00800323486328,85.41271209716797,713.1015014648438,646.279052734375,807.5015869140625,645.5,803.8624877929688,694.6552734375,719.5098876953125,693.0595703125
1719,11,1568048129033,1244,0320,747.3968505859375,652.843017578125,83.7426528930664,93.66249084472656,85.84622955322266,713.1015014648438,646.279052734375,807.5015869140625,645.5,803.8624877929688,694.6552734375,719.5098876953125,693.0595703125
1720,11,1568048129046,1244,0320,747.342529296875,652.8206176757812,84.2737045288086,93.91555786132812,86.64237213134766,713.1015014648438,646.279052734375,807.5015869140625,645.5,803.8624877929688,694.6552734375,719.5098876953125,693.0595703125
1721,11,1568048129058,1244,0320,747.5359497070312,652.6927490234375,84.12781524658203,93.7471923828125,84.6900405883789,713.1015014648438,646.279052734375,807.5015869140625,645.5,803.8624877929688,694.6552734375,719.5098876953125,693.0595703125
1722,11,1568048129069,1244,0320,747.40625,652.8323364257812,83.9374008178711,93.76861572265625,85.56684875488281,713.1015014648438,646.279052734375,807.5015869140625,645.5,803.8624877929688,694.6552734375,719.5,693.0
1723,11,1568048129082,1244,0320,747.1536865234375,652.7308349609375,83.77265167236328,93.84268188476562,84.85061645507812,713.1030883789062,646.093505859375,807.5015869140625,645.5,803.830810546875,694.6275634765625,719.4901123046875,692.9404296875
1724,11,1568048129095,1244,0320,747.1337890625,652.7122802734375,83.93022918701172,94.3335952758789,86.2297592163086,713.1030883789062,646.093505859375,807.4502563476562,645.368408203125,803.830810546875,694.6275634765625,719.4901123046875,692.9404296875
1725,11,1568048129108,1244,0320,747.1646728515625,652.82421875,84.29548645019531,94.16015625,87.46611022949219,713.1030883789062,646.093505859375,807.4502563476562,645.368408203125,803.830810546875,694.6275634765625,719.4901123046875,692.9404296875
1726,11,1568048129121,1244,0320,747.2239379882812,652.746826171875,84.03854370117188,94.23677825927734,87.80657196044922,713.1030883789062,646.093505859375,807.4502563476562,645.368408203125,803.830810546875,694.6275634765625,719.4901123046875,692.9404296875
1727,11,1568048129133,1244,0320,747.22265625,652.8190307617188,84.44723510742188,94.06378936767578,87.48456573486328,713.1030883789062,646.093505859375,807.4502563476562,645.368408203125,803.830810546875,694.6275634765625,719.5,693.0
1728,11,1568048129145,1244,0320,747.17626953125,652.8653564453125,84.27092742919922,94.44413757324219,87.04448699951172,713.1030883789062,646.093505859375,807.5015869140625,645.5,803.8302001953125,694.6033325195312,719.5,693.0
1729,11,1568048129158,1244,0320,747.1986694335938,652.9691162109375,84.44918823242188,94.27281951904297,86.69332885742188,713.1030883789062,646.093505859375,807.5015869140625,645.5,803.8302001953125,694.6033325195312,719.5,693.0
1730,11,1568048129170,1244,0320,747.2847900390625,652.9513549804688,84.46021270751953,94.20174407958984,87.5353775024414,713.1030883789062,646.093505859375,807.5015869140625,645.5,803.830810546875,694.6275634765625,719.5,693.0
1731,11,1568048129183,1244,0320,747.2938232421875,652.9278564453125,84.48295593261719,94.03720092773438,87.52429962158203,713.1030883789062,646.093505859375,807.5015869140625,645.5,803.830810546875,694.6275634765625,719.3733520507812,693.0581665039062
1732,11,1568048129195,1244,0320,747.1865844726562,653.0465087890625,84.3814926147461,94.5380859375,87.20146179199219,713.1030883789062,646.093505859375,807.5015869140625,645.5,803.830810546875,694.6275634765625,719.5,693.0
1733,11,1568048129208,1244,0320,747.3582153320312,652.8540649414062,84.64568328857422,93.97433471679688,87.47746276855469,713.1030883789062,646.093505859375,807.5015869140625,645.5,803.830810546875,694.6275634765625,719.5,693.0
1734,11,1568048129220,1244,0320,747.44921875,652.84521484375,84.66558837890625,94.39713287353516,86.96228790283203,713.1030883789062,646.093505859375,807.4502563476562,645.368408203125,803.830810546875,694.6275634765625,719.5,693.0
1735,11,1568048129232,1244,0320,747.5521240234375,653.0057983398438,84.5382308959961,93.76276397705078,85.65135192871094,713.1880493164062,646.0,807.5549926757812,645.280517578125,804.0,694.4415283203125,719.5,693.0
1736,11,1568048129245,1244,0320,747.4561157226562,652.8164672851562,85.15068054199219,95.18179321289062,84.75069427490234,713.1880493164062,646.0,807.5549926757812,645.280517578125,804.0,694.4415283203125,719.5,693.0
1737,11,1568048129258,1244,0320,747.53955078125,652.7438354492188,84.86981964111328,94.7943344116211,86.7914047241211,713.1880493164062,646.0,807.5,645.2735595703125,804.03125,694.4716796875,719.5,693.0
1738,11,1568048129271,1244,0320,747.5147094726562,652.7429809570312,84.96443176269531,94.65547943115234,87.71234130859375,713.1880493164062,646.0,807.5,645.2735595703125,804.03125,694.4716796875,719.5,693.0
1739,11,1568048129283,1244,0320,747.4652709960938,652.635986328125,84.848876953125,94.71527862548828,88.04039764404297,713.1880493164062,646.0,807.5338745117188,645.2349243164062,804.03125,694.5283203125,719.4901123046875,692.9404296875
1740,11,1568048129295,1244,0320,747.5509033203125,652.67333984375,85.22454071044922,94.77339172363281,88.17667388916016,713.1015014648438,645.720947265625,807.4197998046875,645.2051391601562,804.03125,694.5283203125,719.4842529296875,692.91748046875
1741,11,1568048129308,1244,0320,747.5618286132812,652.5650634765625,85.123291015625,94.66011810302734,86.6985855102539,713.1185913085938,645.686279296875,807.2807006835938,645.150146484375,803.8543701171875,694.3338012695312,719.368896484375,692.87353515625
1742,11,1568048129320,1244,0320,747.1830444335938,652.4642944335938,84.9867172241211,95.12863159179688,86.84146118164062,713.0,645.5742797851562,807.268310546875,644.8768310546875,803.7218017578125,694.2840576171875,719.3447875976562,692.6552124023438
1743,11,1568048129331,1244,0320,747.2644653320312,652.5278930664062,85.04029083251953,94.90709686279297,85.29949951171875,712.9791259765625,645.5679931640625,807.268310546875,644.8768310546875,803.7218017578125,694.2840576171875,719.3447875976562,692.6552124023438
1744,11,1568048129344,1244,0320,747.4317016601562,652.54443359375,84.95244598388672,94.84065246582031,86.32709503173828,712.9791259765625,645.5679931640625,807.268310546875,644.8768310546875,803.7218017578125,694.2840576171875,719.3212280273438,692.5327758789062
1745,11,1568048129356,1244,0320,747.3507690429688,652.5250244140625,84.99375915527344,94.6170425415039,86.14608001708984,712.9791259765625,645.5679931640625,807.268310546875,644.8768310546875,803.7218017578125,694.2840576171875,719.3447875976562,692.6552124023438
1746,11,1568048129369,1244,0320,747.4177856445312,652.5111083984375,84.8578872680664,95.01293182373047,86.03011322021484,712.9791259765625,645.5679931640625,807.268310546875,644.8768310546875,803.7218017578125,694.2840576171875,719.3447875976562,692.6552124023438
1747,11,1568048129381,1244,0320,747.1151123046875,652.6453247070312,85.23894500732422,95.42112731933594,85.7014389038086,713.0269775390625,645.5333251953125,807.3261108398438,644.8507080078125,803.8543701171875,694.3338012695312,719.3977661132812,692.443359375
1748,11,1568048129395,1244,0320,747.4188232421875,652.609130859375,85.0904312133789,95.40838623046875,86.19055938720703,713.0269775390625,645.5333251953125,807.3261108398438,644.8507080078125,803.8543701171875,694.3338012695312,719.3977661132812,692.443359375
1749,11,1568048129409,1244,0320,747.3170776367188,652.8335571289062,85.78746795654297,95.66548156738281,85.9713363647461,713.0269775390625,645.5333251953125,807.3261108398438,644.8507080078125,803.8543701171875,694.3338012695312,719.3977661132812,692.443359375
1750,11,1568048129422,1244,0320,747.3010864257812,652.5989379882812,84.87638092041016,95.02552032470703,84.44306182861328,713.0,645.5742797851562,807.17626953125,645.0,803.6446533203125,694.3518676757812,719.2713623046875,692.416748046875
1751,11,1568048129435,1244,0320,747.2853393554688,652.7891235351562,85.2057113647461,94.73527526855469,85.39408111572266,712.880615234375,645.6416015625,807.3309326171875,645.0,803.6446533203125,694.3518676757812,719.150634765625,692.6376953125
1752,11,1568048129448,1244,0320,747.1251220703125,652.6953125,85.35763549804688,94.99118041992188,86.32025909423828,712.840576171875,645.599609375,807.268310546875,645.1231689453125,803.6304321289062,694.3126831054688,719.0692749023438,692.7479248046875
1753,11,1568048129461,1244,0320,747.0984497070312,652.8016357421875,85.2174301147461,94.79794311523438,85.25410461425781,712.840576171875,645.599609375,807.17626953125,645.0,803.6801147460938,694.3198852539062,719.0692749023438,692.7479248046875
1754,11,1568048129474,1244,0320,747.1307983398438,652.7822875976562,85.08919525146484,95.01361846923828,85.4469985961914,712.716552734375,645.7095947265625,807.17626953125,645.0,803.6801147460938,694.3198852539062,719.0692749023438,692.7479248046875
1755,11,1568048129487,1244,0320,747.0823974609375,652.6820068359375,85.01380157470703,94.58301544189453,84.85687255859375,712.6378173828125,645.7612915039062,807.1104125976562,644.9766845703125,803.5,694.2735595703125,719.0692749023438,692.7479248046875
1756,11,1568048129500,1244,0320,746.9591064453125,652.7570190429688,85.3288345336914,95.07243347167969,84.78242492675781,712.6215209960938,645.6497802734375,807.1104125976562,644.9766845703125,803.5,694.2735595703125,718.984375,692.6214599609375
1757,11,1568048129512,1244,0320,747.0370483398438,652.6962280273438,85.41938018798828,94.76437377929688,85.82341766357422,712.554443359375,645.6416625976562,806.8895874023438,644.9766845703125,803.5,694.2735595703125,718.984375,692.6214599609375
1758,11,1568048129525,1244,0320,747.0191650390625,652.6488037109375,85.48844146728516,95.35831451416016,86.18202209472656,712.554443359375,645.6416625976562,806.8895874023438,644.9766845703125,803.5,694.2735595703125,719.0595703125,692.5098876953125
1759,11,1568048129538,1244,0320,747.1326904296875,652.3989868164062,85.93900299072266,95.65730285644531,84.79523468017578,712.4603271484375,645.5,807.0941162109375,644.7498168945312,803.3963012695312,694.2138061523438,719.0,692.5
1760,11,1568048129552,1244,0320,747.0213623046875,652.6195068359375,85.26890563964844,94.86405944824219,86.26851654052734,712.5326538085938,645.5835571289062,807.0933837890625,644.815673828125,803.5,694.1455078125,719.0,692.5
1761,11,1568048129564,1244,0320,747.2216186523438,652.4370727539062,85.6821517944336,95.24476623535156,86.55211639404297,712.5326538085938,645.5835571289062,807.0933837890625,644.815673828125,803.5,694.1455078125,719.0,692.5
1762,11,1568048129578,1244,0320,747.09912109375,652.5795288085938,86.1191635131836,95.91100311279297,85.60487365722656,712.6322021484375,645.7117309570312,807.0941162109375,644.7498168945312,803.6036987304688,694.2138061523438,719.0581665039062,692.3733520507812
1763,11,1568048129590,1244,0320,747.2486572265625,652.6327514648438,85.57353210449219,95.15230560302734,85.71244812011719,712.7387084960938,645.624755859375,807.0933837890625,644.815673828125,803.5804443359375,694.2783203125,719.0581665039062,692.3733520507812
1764,11,1568048129603,1244,0320,747.3947143554688,652.5797119140625,85.531494140625,95.20972442626953,86.9923095703125,712.856689453125,645.5,807.0933837890625,644.815673828125,803.575927734375,694.223388671875,719.0581665039062,692.3733520507812
1765,11,1568048129616,1244,0320,747.306640625,652.5697631835938,85.34367370605469,95.37844848632812,86.10660552978516,712.856689453125,645.5,807.2111206054688,644.7800903320312,803.5574340820312,694.22314453125,719.125,692.3988647460938
1766,11,1568048129628,1244,0320,747.3798828125,652.5866088867188,85.3834457397461,95.25341033935547,86.54788208007812,712.9393920898438,645.482177734375,807.2111206054688,644.7800903320312,803.5574340820312,694.22314453125,719.125,692.3988647460938
1767,11,1568048129641,1244,0320,747.3895874023438,652.516845703125,85.42328643798828,95.45672607421875,85.5123291015625,712.9393920898438,645.482177734375,807.2807006835938,644.849853515625,803.5804443359375,694.2783203125,719.125,692.3988647460938
1768,11,1568048129654,1244,0320,747.292724609375,652.5414428710938,85.48499298095703,96.37834167480469,86.64692687988281,712.9393920898438,645.482177734375,807.2857666015625,644.7876586914062,803.57568359375,694.2364501953125,719.125,692.3988647460938
1769,11,1568048129667,1244,0320,747.4681396484375,652.6669921875,85.70096588134766,95.549560546875,85.73078155517578,712.9393920898438,645.482177734375,807.2857666015625,644.7876586914062,803.5422973632812,694.243896484375,719.125,692.3988647460938
1770,11,1568048129679,1244,0320,747.3614501953125,652.7363891601562,85.45215606689453,95.81216430664062,86.47183990478516,712.9393920898438,645.517822265625,807.2857666015625,644.7876586914062,803.5489501953125,694.2807006835938,719.125,692.3988647460938
1771,11,1568048129693,1244,0320,747.454345703125,652.5853271484375,85.39958953857422,95.82506561279297,85.4342269897461,712.7387084960938,645.624755859375,807.2807006835938,644.849853515625,803.5422973632812,694.243896484375,719.125,692.3988647460938
1772,11,1568048129706,1244,0320,747.5306396484375,652.6610717773438,85.61797332763672,95.93856811523438,85.24336242675781,712.7387084960938,645.624755859375,807.2807006835938,644.849853515625,803.5422973632812,694.243896484375,719.125,692.3988647460938
1773,11,1568048129719,1244,0320,747.5274047851562,652.5430908203125,85.46102142333984,95.9641342163086,85.56922912597656,712.7387084960938,645.624755859375,807.2807006835938,644.849853515625,803.5422973632812,694.243896484375,719.125,692.3988647460938
1774,11,1568048129731,1244,0320,747.4334106445312,652.5864868164062,85.43372344970703,96.15229034423828,86.56886291503906,712.7387084960938,645.624755859375,807.2807006835938,644.849853515625,803.5574340820312,694.22314453125,719.125,692.3988647460938
1775,11,1568048129744,1244,0320,747.3098754882812,652.62353515625,84.88787078857422,95.14157104492188,85.63045501708984,712.7387084960938,645.624755859375,807.2807006835938,644.849853515625,803.5489501953125,694.2807006835938,719.125,692.3988647460938
1776,11,1568048129757,1244,0320,747.3905029296875,652.4937744140625,85.50761413574219,96.23656463623047,86.99595642089844,712.7387084960938,645.624755859375,807.2807006835938,644.849853515625,803.5489501953125,694.2807006835938,719.125,692.3988647460938
1777,11,1568048129770,1244,0320,747.4070434570312,652.5440063476562,84.97312927246094,95.8079833984375,85.78598022460938,712.8397827148438,645.6583251953125,807.2807006835938,644.849853515625,803.5489501953125,694.2807006835938,719.125,692.3988647460938
1778,11,1568048129783,1244,0320,747.6165771484375,652.5738525390625,85.9435806274414,95.89131927490234,85.73868560791016,712.8397827148438,645.6583251953125,807.2807006835938,644.849853515625,803.5422973632812,694.243896484375,719.125,692.3988647460938
1779,11,1568048129796,1244,0320,747.4945068359375,652.5447387695312,85.38273620605469,95.53375244140625,85.35633087158203,712.8397827148438,645.6583251953125,807.2807006835938,644.849853515625,803.5422973632812,694.243896484375,719.125,692.3988647460938
1780,11,1568048129809,1244,0320,747.4735107421875,652.6004028320312,85.42225646972656,95.85267639160156,84.84001922607422,713.0,645.5,807.2807006835938,644.849853515625,803.5422973632812,694.243896484375,719.125,692.3988647460938
1781,11,1568048129822,1244,0320,747.5208740234375,652.6195678710938,86.22824096679688,95.86660766601562,85.11213684082031,713.0,645.5,807.3349609375,644.8102416992188,803.5574340820312,694.22314453125,719.125,692.3988647460938
1782,11,1568048129833,1244,0320,747.5078735351562,652.4651489257812,85.83882904052734,95.8697509765625,85.24919891357422,713.0,645.5,807.279541015625,644.84521484375,803.5574340820312,694.22314453125,719.125,692.3988647460938
1783,11,1568048129845,1244,0320,747.454833984375,652.6703491210938,86.06819152832031,96.13013458251953,86.46153259277344,713.0,645.5,807.380859375,644.766357421875,803.82373046875,694.0,719.2387084960938,692.3953247070312
1784,11,1568048129858,1244,0320,747.5060424804688,652.5759887695312,85.58903503417969,96.01268768310547,84.41950225830078,713.0,645.5,807.516357421875,644.7091674804688,803.82373046875,694.0,719.3572387695312,692.3572387695312
1785,11,1568048129870,1244,0320,747.5874633789062,652.6364135742188,85.73892974853516,95.84999084472656,85.82847595214844,713.0,645.5,807.516357421875,644.7091674804688,803.82373046875,694.0,719.3572387695312,692.3572387695312
1786,11,1568048129882,1244,0320,747.6290893554688,652.4600830078125,86.23075103759766,96.29769134521484,86.51245880126953,713.0,645.5,807.516357421875,644.7091674804688,803.82373046875,694.0,719.3572387695312,692.3572387695312
1787,11,1568048129894,1244,0320,747.4959716796875,652.3877563476562,86.28556823730469,96.06877136230469,87.36859130859375,713.0,645.5,807.516357421875,644.7091674804688,803.82373046875,694.0,719.3572387695312,692.3572387695312
1788,11,1568048129905,1244,0320,747.6219482421875,652.4354248046875,86.20640563964844,96.48802185058594,84.77881622314453,713.0269775390625,645.4666748046875,807.516357421875,644.7091674804688,803.82373046875,694.0,719.3572387695312,692.3572387695312
1789,11,1568048129917,1244,0320,747.5941162109375,652.485107421875,86.24647521972656,96.49638366699219,85.37461853027344,713.0,645.4257202148438,807.5015869140625,644.5,803.82373046875,694.0,719.3475952148438,692.28564453125
1790,11,1568048129929,1244,0320,747.5949096679688,652.5072021484375,86.42132568359375,96.36873626708984,85.38755798339844,713.0269775390625,645.4666748046875,807.4502563476562,644.631591796875,803.82373046875,694.0,719.3900756835938,692.1797485351562
1791,11,1568048129941,1244,0320,747.525390625,652.4593505859375,86.26116180419922,96.57591247558594,84.23363494873047,713.0269775390625,645.4666748046875,807.5015869140625,644.5,803.82373046875,694.0,719.3475952148438,692.28564453125
1792,11,1568048129952,1244,0320,747.419677734375,652.4393920898438,86.48099517822266,96.57935333251953,84.62117004394531,713.0,645.4257202148438,807.5015869140625,644.5,803.9334716796875,693.9677734375,719.3475952148438,692.28564453125
1793,11,1568048129965,1244,0320,747.3580932617188,652.6051635742188,86.3511734008789,95.92487335205078,86.48271942138672,713.119384765625,645.3583984375,807.5015869140625,644.5,803.82373046875,694.0,719.394775390625,692.248779296875
1794,11,1568048129977,1244,0320,747.32763671875,652.46435546875,86.45189666748047,96.78363800048828,87.05453491210938,713.0,645.4257202148438,807.5015869140625,644.5,803.82373046875,694.0,719.3540649414062,692.339111328125
1795,11,1568048129991,1244,0320,747.5723876953125,652.5386352539062,86.05842590332031,96.28845977783203,84.80908966064453,712.8814086914062,645.313720703125,807.5015869140625,644.5,803.7192993164062,693.849853515625,719.3651733398438,692.1475830078125
1796,11,1568048130003,1244,0320,747.5343017578125,652.4706420898438,86.47106170654297,96.56153106689453,84.66592407226562,712.8814086914062,645.313720703125,807.5015869140625,644.5,803.7192993164062,693.849853515625,719.2520751953125,692.0692749023438
1797,11,1568048130015,1244,0320,747.67724609375,652.6239013671875,86.00996398925781,96.17123413085938,83.84485626220703,712.8984985351562,645.279052734375,807.5015869140625,644.5,803.6940307617188,693.8402709960938,719.2806396484375,692.0689086914062
1798,11,1568048130026,1244,0320,747.600341796875,652.4744262695312,86.61761474609375,96.46673583984375,85.85343933105469,712.8814086914062,645.313720703125,807.2860107421875,644.5516357421875,803.6650390625,693.8102416992188,719.2806396484375,692.0689086914062
1799,11,1568048130038,1244,0320,747.5575561523438,652.41748046875,86.40164184570312,96.59497833251953,84.71424102783203,712.8814086914062,645.313720703125,807.2860107421875,644.5516357421875,803.6361083984375,693.798828125,719.1903686523438,692.1903686523438
1800,11,1568048130050,1244,0320,747.4994506835938,652.5538940429688,86.70392608642578,96.4388656616211,83.48051452636719,712.8814086914062,645.313720703125,807.2860107421875,644.5516357421875,803.6940307617188,693.8402709960938,719.1903686523438,692.1903686523438
1801,12,1568048131472,1530,0320,712.3225708007812,657.8759155273438,86.37408447265625,96.35797882080078,65.8637924194336,693.0,649.0,789.5846557617188,648.9464721679688,787.3673706054688,698.8690185546875,699.398681640625,695.7316284179688
1802,12,1568048131484,1530,0320,712.2960815429688,657.9312744140625,86.4861831665039,96.53328704833984,66.4955825805664,693.0,649.0,789.5846557617188,648.9464721679688,787.3673706054688,698.8690185546875,699.3040771484375,695.6959228515625
1803,12,1568048131497,1530,0320,712.25634765625,658.0222778320312,86.06281280517578,96.29251098632812,68.50975799560547,693.0,649.0,789.5404663085938,648.9515991210938,787.3673706054688,698.8690185546875,699.22216796875,695.7440795898438
1804,12,1568048131509,1530,0320,712.3668212890625,657.8832397460938,86.92401885986328,96.4180679321289,65.84355926513672,692.8119506835938,649.0,789.5,649.0,787.28125,699.030029296875,699.1236572265625,695.8763427734375
1805,12,1568048131521,1530,0320,712.2351684570312,658.0001831054688,86.67547607421875,96.1518783569336,66.57524108886719,692.8119506835938,649.0,789.5,649.0,787.28125,699.030029296875,699.1236572265625,695.8763427734375
1806,12,1568048131533,1530,0320,712.3926391601562,658.0004272460938,86.90616607666016,96.19292449951172,66.56808471679688,692.8119506835938,649.0,789.4966430664062,649.0205688476562,787.28125,699.030029296875,699.1236572265625,695.8763427734375
1807,12,1568048131545,1530,0320,712.2998657226562,658.093505859375,86.72954559326172,96.84976196289062,66.50907897949219,692.8119506835938,649.0,789.4966430664062,649.0205688476562,787.2352905273438,699.1176147460938,699.1236572265625,695.8763427734375
1808,12,1568048131558,1530,0320,712.2425537109375,658.1004638671875,86.75529479980469,96.82572174072266,66.42479705810547,692.8119506835938,649.0,789.405029296875,649.1371459960938,787.2352905273438,699.1176147460938,699.1236572265625,695.8763427734375
1809,12,1568048131570,1530,0320,712.2892456054688,658.0489501953125,86.63278198242188,96.17925262451172,68.1868667602539,692.8583984375,648.963623046875,789.3591918945312,649.156005859375,787.2352905273438,699.1176147460938,699.1236572265625,695.8763427734375
1810,12,1568048131582,1530,0320,712.0087280273438,658.1264038085938,87.30088806152344,97.01510620117188,66.86143493652344,692.8583984375,648.963623046875,789.3591918945312,649.156005859375,787.2095336914062,699.1290893554688,699.1236572265625,695.8763427734375
1811,12,1568048131593,1530,0320,712.2461547851562,658.0735473632812,86.75408172607422,96.28832244873047,66.89417266845703,692.7784423828125,649.0626220703125,789.3591918945312,649.156005859375,787.2095336914062,699.1290893554688,699.1236572265625,695.8763427734375
1812,12,1568048131605,1530,0320,712.187744140625,657.9697875976562,86.962646484375,96.48910522460938,66.1144027709961,692.6554565429688,649.1788940429688,789.3021240234375,649.2349853515625,787.2095336914062,699.1290893554688,699.1236572265625,695.8763427734375
1813,12,1568048131618,1530,0320,712.2517700195312,658.0967407226562,87.08868408203125,96.7928695678711,64.7800521850586,692.6554565429688,649.1788940429688,789.3021240234375,649.2349853515625,787.2311401367188,699.1058959960938,699.0488891601562,695.9977416992188
1814,12,1568048131630,1530,0320,712.2470092773438,658.2265625,87.30734252929688,97.81809997558594,67.7816162109375,692.6554565429688,649.1788940429688,789.3021240234375,649.2349853515625,787.2311401367188,699.1058959960938,699.0,696.0
1815,12,1568048131642,1530,0320,712.3005981445312,658.1005859375,87.31710815429688,97.1123275756836,66.1383056640625,692.735107421875,649.0787963867188,789.3591918945312,649.156005859375,787.2095336914062,699.1290893554688,699.0488891601562,695.9977416992188
1816,12,1568048131654,1530,0320,712.3350219726562,658.158203125,87.49615478515625,97.53179168701172,64.57341003417969,692.735107421875,649.0787963867188,789.3591918945312,649.156005859375,787.1045532226562,699.0775146484375,699.1236572265625,695.8763427734375
1817,12,1568048131666,1530,0320,712.26025390625,658.2484130859375,87.04264068603516,97.23251342773438,64.83305358886719,692.8583984375,648.963623046875,789.3591918945312,649.156005859375,787.1045532226562,699.0775146484375,699.1236572265625,695.8763427734375
1818,12,1568048131678,1530,0320,712.2060546875,658.0646362304688,87.23282623291016,97.20379638671875,68.01126098632812,692.8583984375,648.963623046875,789.3591918945312,649.156005859375,787.2352905273438,699.1176147460938,699.1236572265625,695.8763427734375
1819,12,1568048131690,1530,0320,712.3909912109375,658.0326538085938,87.54281616210938,97.22967529296875,66.54085540771484,692.8583984375,648.963623046875,789.38232421875,649.1644287109375,787.2352905273438,699.1176147460938,699.1236572265625,695.8763427734375
1820,12,1568048131702,1530,0320,712.3560180664062,658.21337890625,87.67118835449219,97.35549926757812,64.70541381835938,692.735107421875,649.0787963867188,789.459716796875,649.2138671875,787.2352905273438,699.1176147460938,699.0488891601562,695.9977416992188
1821,12,1568048131713,1530,0320,712.3777465820312,658.2700805664062,87.26803588867188,97.57083129882812,63.7438850402832,692.6554565429688,649.1788940429688,789.48876953125,649.2291259765625,787.2352905273438,699.1176147460938,699.123779296875,696.0
1822,12,1568048131726,1530,0320,712.3084716796875,658.1972045898438,87.65412902832031,97.64598083496094,65.93216705322266,692.8886108398438,649.309814453125,789.4755859375,649.4755859375,787.2352905273438,699.1176147460938,699.123779296875,696.0
1823,12,1568048131739,1530,0320,712.4531860351562,658.2489624023438,87.1910400390625,97.24440002441406,65.08995056152344,692.8886108398438,649.309814453125,789.4755859375,649.4755859375,787.2581787109375,699.0945434570312,699.123779296875,696.0
1824,12,1568048131752,1530,0320,712.4320678710938,658.2288818359375,87.17707061767578,97.72213745117188,67.14973449707031,692.8886108398438,649.309814453125,789.4755859375,649.4755859375,787.2581787109375,699.0945434570312,699.123779296875,696.0
1825,12,1568048131764,1530,0320,712.3870239257812,658.3125,87.39338684082031,97.55973052978516,65.50958251953125,692.6554565429688,649.1788940429688,789.48876953125,649.2291259765625,787.2352905273438,699.1176147460938,699.2241821289062,695.8914184570312
1826,12,1568048131777,1530,0320,712.2013549804688,658.2352294921875,88.41790771484375,98.37847900390625,66.20516967773438,692.735107421875,649.0787963867188,789.48876953125,649.2291259765625,787.2352905273438,699.1176147460938,699.2241821289062,695.8914184570312
1827,12,1568048131790,1530,0320,712.3422241210938,658.2844848632812,87.92082977294922,98.25801086425781,65.62700653076172,692.8583984375,648.963623046875,789.4990844726562,649.2164306640625,787.2352905273438,699.1176147460938,699.1236572265625,695.8763427734375
1828,12,1568048131803,1530,0320,712.3697509765625,658.2056274414062,87.7190170288086,97.99546813964844,65.50189971923828,692.8119506835938,649.0,789.4028930664062,649.1340942382812,787.28125,699.030029296875,699.1236572265625,695.8763427734375
1829,12,1568048131816,1530,0320,712.3397827148438,658.1936645507812,87.81961822509766,98.2297592163086,66.05558013916016,692.8119506835938,649.0,789.430419921875,649.0966186523438,787.28125,699.030029296875,699.22216796875,695.7440795898438
1830,12,1568048131828,1530,0320,712.3821411132812,658.2192993164062,88.39509582519531,98.1436996459961,66.94087219238281,692.8119506835938,649.0,789.5,649.0,787.28125,699.030029296875,699.22216796875,695.7440795898438
1831,12,1568048131840,1530,0320,712.5367431640625,657.985107421875,87.69341278076172,96.98478698730469,66.85172271728516,692.8119506835938,649.0,789.5,649.0,787.28125,699.030029296875,699.22216796875,695.7440795898438
1832,12,1568048131852,1530,0320,712.272705078125,657.9686279296875,88.49590301513672,98.2694091796875,66.64299011230469,692.8893432617188,648.963134765625,789.5404663085938,648.9515991210938,787.3673706054688,698.8690185546875,699.1565551757812,695.6337890625
1833,12,1568048131864,1530,0320,712.418212890625,658.0687255859375,88.3158187866211,98.06556701660156,65.74309539794922,693.0,648.8150024414062,789.5460815429688,648.97216796875,787.3345336914062,698.7588500976562,699.1565551757812,695.6337890625
1834,12,1568048131877,1530,0320,712.21533203125,658.1216430664062,88.60780334472656,98.18162536621094,66.0609359741211,693.0,648.8150024414062,789.6384887695312,648.8640747070312,787.1970825195312,698.7673950195312,699.214111328125,695.5
1835,12,1568048131889,1530,0320,712.3818359375,657.9315185546875,88.675048828125,98.33661651611328,64.50798797607422,693.0,648.5742797851562,789.61767578125,648.8355712890625,787.1661376953125,698.6395874023438,699.214111328125,695.5
1836,12,1568048131902,1530,0320,712.556640625,657.8804931640625,88.37640380859375,98.6656494140625,66.20547485351562,693.0,648.5,789.61767578125,648.8355712890625,787.1661376953125,698.6395874023438,699.214111328125,695.5
1837,12,1568048131915,1530,0320,712.3850708007812,658.0510864257812,88.23030853271484,98.16244506835938,64.07315826416016,693.0,648.5,789.5740356445312,648.6700439453125,787.2738647460938,698.5979614257812,699.214111328125,695.5
1838,12,1568048131928,1530,0320,712.4921875,657.962158203125,88.90005493164062,98.79552459716797,67.06809997558594,693.0,648.5,789.51123046875,648.7708740234375,787.2738647460938,698.5979614257812,699.214111328125,695.5
1839,12,1568048131940,1530,0320,712.433837890625,658.1029052734375,88.47481536865234,98.06278991699219,64.71324157714844,693.0,648.5,789.51123046875,648.7708740234375,787.2738647460938,698.5979614257812,699.214111328125,695.5
1840,12,1568048131953,1530,0320,712.4767456054688,658.1887817382812,89.05101013183594,99.19059753417969,65.2729263305664,693.0,648.5,789.51123046875,648.7708740234375,787.161376953125,698.61767578125,699.214111328125,695.5
1841,12,1568048131965,1530,0320,712.5218505859375,658.0760498046875,88.60698699951172,97.51544189453125,66.42608642578125,693.0,648.5034790039062,789.51123046875,648.7708740234375,787.1661376953125,698.6395874023438,699.214111328125,695.5
1842,12,1568048131977,1530,0320,712.3701171875,658.3507690429688,88.6367416381836,98.7828369140625,64.98445129394531,693.0,648.5034790039062,789.51123046875,648.7708740234375,787.1451416015625,698.7032470703125,699.214111328125,695.5
1843,12,1568048131991,1530,0320,712.4348754882812,658.2018432617188,88.58792877197266,98.29747772216797,66.17062377929688,693.0269775390625,648.5333251953125,789.61767578125,648.8355712890625,787.1451416015625,698.7032470703125,699.214111328125,695.5
1844,12,1568048132004,1530,0320,712.499267578125,658.096435546875,88.48377227783203,98.61863708496094,65.03208923339844,693.0269775390625,648.5333251953125,789.61767578125,648.8355712890625,787.1451416015625,698.7032470703125,699.214111328125,695.5
1845,12,1568048132016,1530,0320,712.3675537109375,658.1980590820312,88.49421691894531,98.12390899658203,65.28302764892578,693.0269775390625,648.5333251953125,789.61767578125,648.8355712890625,787.1451416015625,698.7032470703125,699.214111328125,695.5
1846,12,1568048132029,1530,0320,712.495849609375,658.0584106445312,88.62635040283203,98.03932189941406,64.48023223876953,693.0,648.5034790039062,789.61767578125,648.8355712890625,787.1661376953125,698.6395874023438,699.214111328125,695.5
1847,12,1568048132041,1530,0320,712.54296875,657.969482421875,88.41338348388672,97.72437286376953,65.9743423461914,693.0,648.5034790039062,789.61767578125,648.8355712890625,787.1661376953125,698.6395874023438,699.214111328125,695.5
1848,12,1568048132054,1530,0320,712.4732055664062,658.1004028320312,88.77155303955078,98.41747283935547,65.43697357177734,693.0,648.5034790039062,789.61767578125,648.8355712890625,787.1661376953125,698.6395874023438,699.214111328125,695.5
1849,12,1568048132066,1530,0320,712.3056030273438,658.2325439453125,88.76277923583984,97.99768829345703,63.340579986572266,693.0,648.5,789.61767578125,648.8355712890625,787.3021240234375,698.687255859375,699.214111328125,695.5
1850,12,1568048132079,1530,0320,712.35595703125,658.1459350585938,88.96675872802734,98.4509506225586,65.46714782714844,693.0738525390625,648.6572875976562,789.6585693359375,648.869873046875,787.2836303710938,698.7447509765625,699.2607421875,695.5706176757812
1851,12,1568048132092,1530,0320,712.3954467773438,658.21435546875,88.51094818115234,98.10377502441406,65.2834701538086,693.1113891601562,648.690185546875,789.6585693359375,648.869873046875,787.3345336914062,698.7588500976562,699.2607421875,695.5706176757812
1852,12,1568048132107,1530,0320,712.5020141601562,658.0800170898438,88.67059326171875,98.05744171142578,62.83778381347656,693.1113891601562,648.690185546875,789.6585693359375,648.869873046875,787.3345336914062,698.7588500976562,699.2607421875,695.5706176757812
1853,12,1568048132119,1530,0320,712.4375610351562,657.94482421875,88.54498291015625,98.19611358642578,64.83897399902344,693.1113891601562,648.690185546875,789.6585693359375,648.869873046875,787.3345336914062,698.7588500976562,699.2607421875,695.5706176757812
1854,12,1568048132132,1530,0320,712.3905639648438,658.0791015625,89.01226806640625,98.49008178710938,61.60996627807617,693.0,648.5034790039062,789.51123046875,648.7708740234375,787.1661376953125,698.6395874023438,699.214111328125,695.5
1855,12,1568048132144,1530,0320,712.3634033203125,657.8900756835938,88.45829010009766,97.6746597290039,63.671424865722656,693.0,648.5,789.51123046875,648.7708740234375,787.161376953125,698.61767578125,699.214111328125,695.5
1856,12,1568048132156,1530,0320,712.3418579101562,657.884765625,88.34932708740234,97.7982177734375,65.1342544555664,693.0,648.5,789.4237670898438,648.6177368164062,787.161376953125,698.61767578125,699.1970825195312,695.521240234375
1857,12,1568048132168,1530,0320,712.27490234375,657.8495483398438,88.23670959472656,97.53813171386719,64.47119903564453,693.0,648.5,789.5595703125,648.5018310546875,787.13818359375,698.6139526367188,699.1249389648438,695.4471435546875
1858,12,1568048132180,1530,0320,712.3154907226562,657.7977294921875,88.13896179199219,97.9970474243164,63.88866424560547,693.0,648.5,789.5,648.5,787.13818359375,698.6139526367188,699.1939086914062,695.3341064453125
1859,12,1568048132193,1530,0320,712.3492431640625,657.947265625,88.47561645507812,97.70821380615234,64.99565887451172,693.0,648.5,789.564208984375,648.6218872070312,787.161376953125,698.61767578125,699.214111328125,695.5
1860,12,1568048132206,1530,0320,712.3992919921875,657.9427490234375,88.3904037475586,97.6803970336914,65.373046875,693.0,648.5,789.501708984375,648.7137451171875,787.161376953125,698.61767578125,699.214111328125,695.5
1861,12,1568048132219,1530,0320,712.66259765625,657.9949951171875,87.81851959228516,96.9030532836914,65.53636169433594,693.0,648.5,789.6585693359375,648.869873046875,787.4539794921875,698.6221313476562,699.214111328125,695.5
1862,12,1568048132232,1530,0320,712.4718017578125,658.136962890625,88.41157531738281,97.67059326171875,62.35944366455078,693.0208740234375,648.5679931640625,789.6408081054688,648.843994140625,787.4539794921875,698.6221313476562,699.214111328125,695.5
1863,12,1568048132245,1530,0320,712.61279296875,657.9403686523438,87.9715347290039,97.0750961303711,64.87567901611328,693.0208740234375,648.5679931640625,789.6408081054688,648.843994140625,787.4539794921875,698.6221313476562,699.2607421875,695.5706176757812
1864,12,1568048132258,1530,0320,712.5735473632812,657.9259643554688,88.43489074707031,97.33882904052734,63.8421516418457,693.0208740234375,648.5679931640625,789.6978759765625,648.7650146484375,787.4539794921875,698.6221313476562,699.2607421875,695.5706176757812
1865,12,1568048132270,1530,0320,712.5208740234375,657.8195190429688,88.22692108154297,97.74649047851562,63.987518310546875,693.0208740234375,648.5679931640625,789.6978759765625,648.7650146484375,787.4539794921875,698.6221313476562,699.2607421875,695.5706176757812
1866,12,1568048132283,1530,0320,712.6043701171875,657.9844360351562,88.55888366699219,97.52960205078125,64.3541030883789,693.0,648.5,789.61767578125,648.8355712890625,787.3685913085938,698.6649169921875,699.214111328125,695.5
1867,12,1568048132295,1530,0320,712.3450317382812,657.8631591796875,87.61105346679688,96.6078872680664,62.86469650268555,693.0,648.5,789.5623779296875,648.7647705078125,787.161376953125,698.61767578125,699.214111328125,695.5
1868,12,1568048132306,1530,0320,712.2822875976562,658.1067504882812,88.33505249023438,96.97901153564453,62.594932556152344,693.0,648.5,789.48876953125,648.7708740234375,787.161376953125,698.61767578125,699.214111328125,695.5
1869,12,1568048132318,1530,0320,712.2538452148438,657.8814086914062,87.62345123291016,97.07774353027344,65.474609375,693.0,648.5,789.48876953125,648.7708740234375,787.13818359375,698.6139526367188,699.1242065429688,695.6063842773438
1870,12,1568048132332,1530,0320,712.1891479492188,657.9398803710938,88.02119445800781,96.543212890625,64.5374755859375,692.8397827148438,648.6583251953125,789.4259643554688,648.6700439453125,787.0951538085938,698.6199951171875,699.0,695.5
1871,12,1568048132345,1530,0320,711.981201171875,657.6564331054688,87.92085266113281,96.88456726074219,64.6388931274414,692.7293701171875,648.5267944335938,789.4502563476562,648.631591796875,787.0435791015625,698.584228515625,699.0,695.5288696289062
1872,12,1568048132357,1530,0320,711.716064453125,657.4478759765625,87.70012664794922,96.83488464355469,64.20494842529297,692.554443359375,648.6416625976562,789.2279663085938,648.616943359375,786.972900390625,698.5758056640625,699.0,695.5288696289062
1873,12,1568048132370,1530,0320,711.7843017578125,657.4239501953125,88.0025634765625,96.9890365600586,63.520999908447266,692.554443359375,648.3583374023438,789.290771484375,648.5,787.0,698.5,698.8763427734375,695.1236572265625
1874,12,1568048132384,1530,0320,712.0712280273438,657.4970703125,87.77207946777344,97.34935760498047,63.643836975097656,692.7293701171875,648.4732055664062,789.419189453125,648.4155883789062,787.0253295898438,698.5,699.0,695.31787109375
1875,12,1568048132397,1530,0320,712.0198974609375,657.4769287109375,87.53010559082031,97.14354705810547,64.17861938476562,692.7293701171875,648.4732055664062,789.5015869140625,648.5,787.0253295898438,698.5,699.1236572265625,695.1236572265625
1876,12,1568048132410,1530,0320,711.95703125,657.5463256835938,87.85689544677734,97.32710266113281,63.91102981567383,693.0,648.5,789.5015869140625,648.5,787.1905517578125,698.5,699.1236572265625,695.1236572265625
1877,12,1568048132423,1530,0320,712.008544921875,657.6783447265625,86.9703140258789,96.39970397949219,62.20684051513672,693.0,648.5,789.5595703125,648.4981689453125,787.2904052734375,698.5245971679688,699.1236572265625,695.1236572265625
1878,12,1568048132436,1530,0320,712.1543579101562,657.6102905273438,87.6750717163086,97.41793823242188,64.83119201660156,693.0,648.5,789.4984130859375,648.5,787.2904052734375,698.5245971679688,699.22216796875,695.2559204101562
1879,12,1568048132448,1530,0320,712.1637573242188,657.4546508789062,87.24273681640625,96.25102996826172,63.71614456176758,693.0,648.5,789.4984130859375,648.5,787.2416381835938,698.5844116210938,699.22216796875,695.2559204101562
1880,12,1568048132462,1530,0320,712.1757202148438,657.59423828125,87.3400650024414,96.27735137939453,64.41349029541016,693.0,648.5,789.4984130859375,648.5,787.2416381835938,698.5844116210938,699.1970825195312,695.521240234375
1881,12,1568048132475,1530,0320,712.1771240234375,657.5648803710938,87.51083374023438,96.67792510986328,62.867645263671875,693.0,648.5,789.564208984375,648.6218872070312,787.2416381835938,698.5844116210938,699.2683715820312,695.398681640625
1882,12,1568048132488,1530,0320,712.3229370117188,657.6883544921875,87.38860321044922,96.77706146240234,63.56332015991211,693.0,648.5,789.564208984375,648.6218872070312,787.243896484375,698.5827026367188,699.1970825195312,695.521240234375
1883,12,1568048132501,1530,0320,712.150634765625,657.6206665039062,87.56729125976562,96.9215316772461,63.97234344482422,693.0,648.5,789.564208984375,648.6218872070312,787.2536010742188,698.6094970703125,699.214111328125,695.5
1884,12,1568048132513,1530,0320,712.0267944335938,657.7694702148438,87.24602508544922,96.66183471679688,63.9428825378418,693.0,648.5,789.5740356445312,648.6700439453125,787.2536010742188,698.6094970703125,699.214111328125,695.5
1885,12,1568048132526,1530,0320,712.2093505859375,657.7083740234375,87.74242401123047,95.96546173095703,62.674285888671875,693.0,648.5,789.51123046875,648.7708740234375,787.2536010742188,698.6094970703125,699.214111328125,695.5
1886,12,1568048132541,1530,0320,712.3209228515625,657.7391967773438,87.84722900390625,96.12693786621094,64.65968322753906,693.0,648.5,789.51123046875,648.7708740234375,787.2536010742188,698.6094970703125,699.214111328125,695.5
1887,12,1568048132555,1530,0320,712.2658081054688,657.6077880859375,86.64961242675781,95.6438980102539,64.39904022216797,693.0,648.5,789.51123046875,648.7708740234375,787.2536010742188,698.6094970703125,699.214111328125,695.5
1888,12,1568048132568,1530,0320,712.29638671875,657.6422119140625,87.15250396728516,95.92826843261719,65.32917022705078,693.0,648.5,789.51123046875,648.7708740234375,787.2536010742188,698.6094970703125,699.214111328125,695.5
1889,12,1568048132580,1530,0320,712.235107421875,657.6033935546875,86.98799133300781,95.41613006591797,63.410179138183594,693.0,648.5,789.51123046875,648.7708740234375,787.243896484375,698.5827026367188,699.214111328125,695.5
1890,12,1568048132593,1530,0320,712.2285766601562,657.7006225585938,87.11296081542969,96.0337905883789,64.43331909179688,693.0,648.5,789.5497436523438,648.631591796875,787.243896484375,698.5827026367188,699.1970825195312,695.521240234375
1891,12,1568048132606,1530,0320,712.2078857421875,657.68212890625,86.82833099365234,96.12808990478516,64.18885803222656,693.0,648.5,789.5497436523438,648.631591796875,787.243896484375,698.5827026367188,699.1249389648438,695.4471435546875
1892,12,1568048132619,1530,0320,712.1214599609375,657.818359375,86.94930267333984,95.657470703125,64.81782531738281,693.0,648.5,789.5930786132812,648.622802734375,787.243896484375,698.5827026367188,699.0,695.5288696289062
1893,12,1568048132631,1530,0320,712.1329956054688,657.5808715820312,86.70184326171875,95.7926025390625,63.81585693359375,693.0,648.5,789.5269165039062,648.6199340820312,787.243896484375,698.5827026367188,699.1249389648438,695.4471435546875
1894,12,1568048132644,1530,0320,712.1415405273438,657.5360107421875,86.88594818115234,95.94851684570312,64.85707092285156,693.0,648.5,789.5269165039062,648.6199340820312,787.243896484375,698.5827026367188,699.1249389648438,695.4471435546875
1895,12,1568048132657,1530,0320,712.1865844726562,657.5294799804688,86.70980834960938,95.71475219726562,64.11592102050781,693.0,648.5,789.4404296875,648.5018310546875,787.243896484375,698.5827026367188,699.1939086914062,695.3341064453125
1896,12,1568048132670,1530,0320,712.1211547851562,657.5250854492188,86.2391586303711,95.41241455078125,64.77816772460938,693.0,648.5,789.4404296875,648.5018310546875,787.243896484375,698.5827026367188,699.1939086914062,695.3341064453125
1897,12,1568048132682,1530,0320,712.146728515625,657.3245239257812,86.37184143066406,95.52360534667969,64.41291046142578,693.0,648.5,789.4404296875,648.4981689453125,787.2904052734375,698.4754028320312,699.1236572265625,695.1236572265625
1898,12,1568048132695,1530,0320,711.9765014648438,657.3885498046875,86.31188201904297,95.30111694335938,64.61837005615234,693.0,648.5,789.5,648.5,787.3572387695312,698.4761352539062,699.1236572265625,695.1236572265625
1899,12,1568048132708,1530,0320,711.954833984375,657.3794555664062,85.99375915527344,95.15139770507812,63.88326644897461,693.0,648.5,789.5595703125,648.4981689453125,787.4830322265625,698.4613647460938,699.1236572265625,695.1236572265625
1900,12,1568048132721,1530,0320,712.0275268554688,657.3905639648438,86.486083984375,95.13225555419922,63.53520202636719,693.0,648.5,789.4984130859375,648.5,787.474609375,698.3440551757812,699.2241821289062,695.1085815429688
1901,12,1568048132733,1530,0320,712.0228881835938,657.3721923828125,86.26013946533203,95.52629089355469,64.30792999267578,693.0,648.5,789.4984130859375,648.5,787.474609375,698.3440551757812,699.2241821289062,695.1085815429688
1902,12,1568048132747,1530,0320,712.2197875976562,657.3363037109375,86.7545394897461,96.06828308105469,65.6676254272461,693.0,648.5,789.4984130859375,648.5,787.474609375,698.3440551757812,699.2241821289062,695.1085815429688
1903,12,1568048132759,1530,0320,711.965576171875,657.5181884765625,86.3184585571289,95.5138931274414,64.06156158447266,693.0,648.5,789.4984130859375,648.5,787.474609375,698.3440551757812,699.2241821289062,695.1085815429688
1904,12,1568048132772,1530,0320,712.1415405273438,657.3424682617188,86.2047348022461,95.61097717285156,63.70982360839844,693.0,648.5,789.4984130859375,648.5,787.48974609375,698.3710327148438,699.2241821289062,695.1085815429688
1905,12,1568048132786,1530,0320,712.2529296875,657.2278442382812,85.6358642578125,95.11572265625,65.07130432128906,693.0,648.5,789.4984130859375,648.5,787.48974609375,698.3710327148438,699.3309936523438,695.2208862304688
1906,12,1568048132800,1530,0320,712.0631103515625,657.3978271484375,86.41422271728516,94.98711395263672,64.95841217041016,693.0,648.5,789.4984130859375,648.5,787.4396362304688,698.4273071289062,699.3309936523438,695.2208862304688
1907,12,1568048132812,1530,0320,712.216796875,657.3966064453125,86.28990936279297,95.19124603271484,64.87783813476562,693.0,648.5,789.4984130859375,648.5,787.4396362304688,698.4273071289062,699.22216796875,695.2559204101562
1908,12,1568048132825,1530,0320,712.1539306640625,657.216064453125,85.47601318359375,95.28569030761719,65.27243041992188,693.0,648.5,789.4984130859375,648.5,787.4396362304688,698.4273071289062,699.1939086914062,695.3341064453125
1909,12,1568048132839,1530,0320,712.142333984375,657.2723999023438,85.98242950439453,94.62093353271484,63.8802375793457,693.0,648.5,789.5015869140625,648.5,787.1661376953125,698.3604125976562,699.1085815429688,695.2241821289062
1910,12,1568048132852,1530,0320,712.0872802734375,657.1851196289062,85.98339080810547,94.7060546875,62.03966522216797,693.0,648.5,789.5015869140625,648.5,787.1661376953125,698.3604125976562,699.1085815429688,695.2241821289062
1911,12,1568048132865,1530,0320,711.9769897460938,657.3428344726562,85.81315612792969,94.66261291503906,63.844764709472656,693.0,648.5,789.5015869140625,648.5,787.1417846679688,698.363525390625,699.0,695.31787109375
1912,12,1568048132879,1530,0320,711.9703979492188,657.2532958984375,86.43731689453125,94.54947662353516,64.13993072509766,692.7163696289062,648.2437744140625,789.5015869140625,648.5,787.0274047851562,698.2471313476562,699.0,695.31787109375
1913,12,1568048132891,1530,0320,711.7965087890625,657.0173950195312,85.75215911865234,94.47054290771484,64.13134002685547,692.6422119140625,648.3140258789062,789.419189453125,648.4155883789062,787.0274047851562,698.2471313476562,699.0,695.31787109375
1914,12,1568048132904,1530,0320,711.9891967773438,657.0838012695312,85.96379852294922,94.73192596435547,66.39533233642578,692.569580078125,648.2254028320312,789.419189453125,648.4155883789062,787.0130615234375,698.2620239257812,698.8763427734375,695.1236572265625
1915,12,1568048132917,1530,0320,711.9276733398438,656.9649047851562,85.73596954345703,94.89205932617188,64.66114044189453,692.5775146484375,648.270263671875,789.4435424804688,648.4468383789062,787.0,698.2196044921875,698.8763427734375,695.1236572265625
1916,12,1568048132930,1530,0320,711.8912963867188,657.0156860351562,85.56690979003906,94.55963897705078,64.08567810058594,692.5775146484375,648.270263671875,789.3751220703125,648.3133544921875,786.9577026367188,698.27978515625,698.9511108398438,695.0022583007812
1917,12,1568048132943,1530,0320,711.9520263671875,656.8630981445312,85.14826965332031,94.48310852050781,65.63153076171875,692.5936279296875,648.21826171875,789.3642578125,648.3336181640625,786.8670043945312,698.279541015625,698.9511108398438,695.0022583007812
1918,12,1568048132956,1530,0320,711.7945556640625,656.919189453125,86.29170227050781,94.46337127685547,64.45500946044922,692.5936279296875,648.21826171875,789.3642578125,648.3336181640625,787.0707397460938,698.2876586914062,698.9511108398438,695.0022583007812
1919,12,1568048132970,1530,0320,712.0222778320312,656.919677734375,84.94718170166016,93.9249496459961,65.04301452636719,692.6554565429688,648.1788940429688,789.3751220703125,648.3133544921875,787.1612548828125,698.132080078125,699.0,695.0
1920,12,1568048132983,1530,0320,711.947265625,657.056396484375,85.9736557006836,94.8328857421875,63.452720642089844,692.6378173828125,648.2387084960938,789.5015869140625,648.5,787.1273193359375,698.107421875,699.1236572265625,695.1236572265625
1921,12,1568048132996,1530,0320,712.0855102539062,657.1293334960938,85.30415344238281,94.66459655761719,64.68334197998047,693.0,648.5,789.4404296875,648.4981689453125,787.267333984375,698.1353759765625,699.1236572265625,695.1236572265625
1922,12,1568048133010,1530,0320,712.1223754882812,657.0938720703125,85.22384643554688,94.65010070800781,65.39408874511719,693.0,648.5,789.4984130859375,648.5,787.3530883789062,698.1920776367188,699.1236572265625,695.1236572265625
1923,12,1568048133023,1530,0320,712.1224975585938,657.2296752929688,84.9106674194336,94.01998901367188,63.54493713378906,693.0,648.5,789.4984130859375,648.5,787.4396362304688,698.4273071289062,699.1085815429688,695.2241821289062
1924,12,1568048133036,1530,0320,712.04296875,657.3582763671875,85.76045989990234,94.52216339111328,64.76527404785156,693.0,648.5,789.4984130859375,648.5,787.332763671875,698.4635009765625,699.1939086914062,695.3341064453125
1925,12,1568048133049,1530,0320,712.0386962890625,657.4197998046875,85.03038787841797,94.28746032714844,64.96845245361328,693.0,648.5,789.4984130859375,648.5,787.332763671875,698.4635009765625,699.1939086914062,695.3341064453125
1926,12,1568048133062,1530,0320,712.1168212890625,657.3243408203125,85.65522766113281,94.61894989013672,64.97826385498047,693.0,648.5,789.4984130859375,648.5,787.332763671875,698.4635009765625,699.1939086914062,695.3341064453125
1927,12,1568048133075,1530,0320,712.0847778320312,657.2891845703125,85.48905181884766,94.2795639038086,63.63373565673828,693.0,648.5,789.4984130859375,648.5,787.4396362304688,698.4273071289062,699.1939086914062,695.3341064453125
1928,12,1568048133088,1530,0320,712.1427001953125,657.304931640625,85.67570495605469,95.206298828125,65.33154296875,693.0,648.5,789.4984130859375,648.5,787.4396362304688,698.4273071289062,699.1939086914062,695.3341064453125
1929,12,1568048133101,1530,0320,711.9884643554688,657.1769409179688,85.17010498046875,94.25263214111328,64.08979034423828,693.0,648.5,789.4984130859375,648.5,787.4396362304688,698.4273071289062,699.1939086914062,695.3341064453125
1930,12,1568048133113,1530,0320,711.9021606445312,657.2777709960938,85.39215850830078,95.32164764404297,66.5260009765625,693.0,648.5,789.5,648.493896484375,787.348388671875,698.3782348632812,699.1939086914062,695.3341064453125
1931,12,1568048133125,1530,0320,712.070556640625,657.2251586914062,84.9986572265625,94.21266174316406,63.442527770996094,693.0,648.5,789.5015869140625,648.5,787.2354125976562,698.4244384765625,699.1939086914062,695.3341064453125
1932,12,1568048133139,1530,0320,711.8931884765625,657.1199340820312,85.13864135742188,94.89075469970703,64.0866928100586,693.0,648.5,789.5015869140625,648.5,787.0274047851562,698.2471313476562,699.0,695.31787109375
1933,12,1568048133152,1530,0320,711.9161376953125,657.0650634765625,85.03248596191406,94.47637176513672,65.38194274902344,692.7163696289062,648.2437744140625,789.5015869140625,648.5,787.0089111328125,698.2702026367188,699.0,695.31787109375
1934,12,1568048133166,1530,0320,711.8515625,657.120849609375,85.09371185302734,94.04732513427734,65.27147674560547,692.7163696289062,648.2437744140625,789.419189453125,648.4155883789062,787.0274047851562,698.2471313476562,699.0,695.31787109375
1935,12,1568048133180,1530,0320,711.9534912109375,657.2533569335938,85.22478485107422,94.08869934082031,65.1990737915039,692.7163696289062,648.2437744140625,789.5015869140625,648.5,787.0274047851562,698.2471313476562,699.0,695.31787109375
1936,12,1568048133193,1530,0320,711.8674926757812,657.0736083984375,85.51636505126953,94.5783920288086,62.96319580078125,692.6422119140625,648.3140258789062,789.5015869140625,648.5,787.0274047851562,698.2471313476562,699.0,695.31787109375
1937,12,1568048133205,1530,0320,711.89453125,657.0830078125,84.84021759033203,93.9225845336914,64.87806701660156,692.6422119140625,648.3140258789062,789.5015869140625,648.5,787.0274047851562,698.2471313476562,699.0,695.31787109375
1938,12,1568048133217,1530,0320,711.92041015625,657.15673828125,85.38162231445312,94.6466293334961,63.28502655029297,692.6422119140625,648.3140258789062,789.5015869140625,648.5,787.0274047851562,698.2471313476562,699.0,695.31787109375
1939,12,1568048133230,1530,0320,712.034423828125,657.235107421875,85.08313751220703,94.05850982666016,65.20409393310547,692.6422119140625,648.3140258789062,789.5015869140625,648.5,787.0274047851562,698.2471313476562,699.0,695.31787109375
1940,12,1568048133242,1530,0320,712.00341796875,657.1701049804688,85.215087890625,94.13395690917969,65.00125122070312,692.6422119140625,648.3140258789062,789.5015869140625,648.5,787.0274047851562,698.2471313476562,699.0,695.31787109375
1941,12,1568048133254,1530,0320,712.030517578125,656.99560546875,85.25151824951172,94.34305572509766,64.55140686035156,692.6422119140625,648.3140258789062,789.5015869140625,648.5,787.0274047851562,698.2471313476562,699.0,695.31787109375
1942,12,1568048133265,1530,0320,712.0338745117188,657.1663208007812,85.33216094970703,93.86759948730469,64.76008605957031,692.6422119140625,648.3140258789062,789.5015869140625,648.5,787.0411987304688,698.2958984375,699.0,695.31787109375
1943,12,1568048133277,1530,0320,712.1022338867188,657.0933227539062,85.14188385009766,94.29191589355469,63.216190338134766,692.569580078125,648.2254028320312,789.5015869140625,648.5,787.0411987304688,698.2958984375,699.0,695.31787109375
1944,12,1568048133289,1530,0320,711.9307861328125,657.1751098632812,85.28303527832031,94.77679443359375,61.61732482910156,692.6536865234375,648.1577758789062,789.5015869140625,648.5,787.0411987304688,698.2958984375,699.0,695.31787109375
1945,12,1568048133303,1530,0320,711.955322265625,657.03369140625,85.3257064819336,94.46558380126953,64.451904296875,692.6536865234375,648.1577758789062,789.5015869140625,648.5,787.1012573242188,698.1136474609375,699.1236572265625,695.1236572265625
1946,12,1568048133317,1530,0320,711.757080078125,657.1141967773438,85.55702209472656,94.97908782958984,64.12813568115234,692.6536865234375,648.1577758789062,789.5015869140625,648.5,787.1012573242188,698.1136474609375,699.1236572265625,695.1236572265625
1947,12,1568048133330,1530,0320,712.0025024414062,656.9186401367188,85.08238983154297,94.29369354248047,67.72257995605469,692.6378173828125,648.2387084960938,789.419189453125,648.4155883789062,787.1380615234375,698.1414794921875,699.1236572265625,695.1236572265625
1948,12,1568048133343,1530,0320,711.8894653320312,657.0283203125,85.22578430175781,94.77261352539062,66.78427124023438,692.6378173828125,648.2387084960938,789.5015869140625,648.5,787.1380615234375,698.1414794921875,699.1236572265625,695.1236572265625
1949,12,1568048133357,1530,0320,711.7334594726562,657.21337890625,85.47045135498047,95.3381576538086,64.71746826171875,692.6378173828125,648.2387084960938,789.5015869140625,648.5,787.1380615234375,698.1414794921875,699.0,695.0
1950,12,1568048133370,1530,0320,711.804443359375,657.1092529296875,85.60175323486328,95.10281372070312,66.89093017578125,692.6554565429688,648.1788940429688,789.4502563476562,648.368408203125,787.1380615234375,698.1414794921875,699.0,695.0
1951,13,1568048143014,1816,0320,680.4623413085938,664.4342651367188,82.22010803222656,94.42723846435547,48.50626754760742,676.076171875,653.8660888671875,782.4454956054688,656.7381591796875,788.5633544921875,712.5809326171875,682.0689086914062,700.7193603515625
1952,13,1568048143030,1816,0320,680.3765869140625,664.315185546875,81.94094848632812,94.24703979492188,49.027835845947266,676.076171875,653.8660888671875,782.4273681640625,656.6834106445312,788.6017456054688,712.5789184570312,682.0689086914062,700.7193603515625
1953,13,1568048143048,1816,0320,680.419189453125,664.4649047851562,82.30365753173828,94.23786163330078,49.20226287841797,676.0,654.0,782.392578125,656.7028198242188,788.4713745117188,712.5226440429688,682.0689086914062,700.7193603515625
1954,13,1568048143062,1816,0320,680.5332641601562,664.4364624023438,82.34976196289062,94.08735656738281,49.89622116088867,676.0,654.0,782.4454956054688,656.7381591796875,788.1881713867188,712.4633178710938,682.0689086914062,700.7193603515625
1955,13,1568048143075,1816,0320,680.5849609375,664.1734619140625,81.61898803710938,93.07710266113281,48.866329193115234,676.0,654.0,782.4454956054688,656.7381591796875,786.1061401367188,711.5011596679688,682.0689086914062,700.7193603515625
1956,13,1568048143088,1816,0320,680.6546020507812,664.3043823242188,82.31097412109375,94.26579284667969,49.785728454589844,676.0,654.0,782.07568359375,656.661376953125,785.7584838867188,711.43017578125,682.0689086914062,700.7193603515625
1957,13,1568048143100,1816,0320,680.5421752929688,664.33349609375,82.40065002441406,94.70632934570312,49.64096450805664,676.0,654.0,782.07568359375,656.661376953125,785.9749145507812,711.6382446289062,682.0689086914062,700.7193603515625
1958,13,1568048143112,1816,0320,680.4026489257812,664.400390625,82.44625854492188,94.30186462402344,49.02629470825195,676.0,654.0,782.07568359375,656.661376953125,785.9948120117188,711.6522827148438,682.0689086914062,700.7193603515625
1959,13,1568048143125,1816,0320,680.3388061523438,664.39306640625,82.48052215576172,93.56597137451172,49.56157684326172,676.0,654.0,782.07568359375,656.661376953125,785.7959594726562,711.489501953125,682.0689086914062,700.7193603515625
1960,13,1568048143138,1816,0320,680.460205078125,664.3316040039062,82.37464904785156,93.74036407470703,50.541751861572266,675.923828125,653.8660888671875,782.1930541992188,656.7108764648438,786.2638549804688,711.7591552734375,682.0689086914062,700.7193603515625
1961,13,1568048143150,1816,0320,680.3601684570312,664.290283203125,81.86666107177734,93.61392974853516,50.007259368896484,675.923828125,653.8660888671875,781.91015625,656.6060180664062,786.4422607421875,711.8890380859375,682.0689086914062,700.7193603515625
1962,13,1568048143163,1816,0320,680.5078125,664.5043334960938,82.601318359375,93.71298217773438,48.944095611572266,675.923828125,653.8660888671875,781.91015625,656.6060180664062,786.4422607421875,711.8890380859375,682.0689086914062,700.7193603515625
1963,13,1568048143176,1816,0320,680.4088134765625,664.3693237304688,81.82176971435547,93.01144409179688,51.54274368286133,675.9517822265625,653.8677368164062,781.949951171875,656.5786743164062,786.473876953125,711.70263671875,682.0689086914062,700.7193603515625
1964,13,1568048143189,1816,0320,680.423095703125,664.2390747070312,82.77909088134766,93.8194580078125,49.67699432373047,675.923828125,653.8660888671875,781.949951171875,656.5786743164062,786.485595703125,711.7158813476562,682.0689086914062,700.7193603515625
1965,13,1568048143201,1816,0320,680.377197265625,664.2339477539062,82.49147033691406,93.63043975830078,50.56623458862305,675.923828125,653.8660888671875,781.949951171875,656.5786743164062,786.3784790039062,711.562255859375,682.0689086914062,700.7193603515625
1966,13,1568048143216,1816,0320,680.4725341796875,664.1564331054688,82.69495391845703,94.17301940917969,51.42781066894531,675.923828125,653.8660888671875,781.949951171875,656.5786743164062,786.480712890625,711.7910766601562,682.0,700.68212890625
1967,13,1568048143230,1816,0320,680.4502563476562,664.1322021484375,82.18184661865234,93.61699676513672,50.7490234375,676.0,653.77392578125,781.949951171875,656.5786743164062,786.3563842773438,711.632568359375,682.0,700.68212890625
1968,13,1568048143242,1816,0320,680.3543090820312,664.131103515625,82.7357177734375,93.73517608642578,51.2115478515625,676.0,653.77392578125,781.949951171875,656.5786743164062,786.3563842773438,711.632568359375,682.088623046875,700.5755004882812
1969,13,1568048143255,1816,0320,680.4478149414062,664.1212768554688,82.81095123291016,93.54023742675781,50.68099594116211,676.0,653.77392578125,782.230712890625,656.6376342773438,786.5416259765625,711.669189453125,682.088623046875,700.5755004882812
1970,13,1568048143266,1816,0320,680.4867553710938,664.053466796875,82.72574615478516,93.3199691772461,51.14060974121094,676.0,653.77392578125,782.230712890625,656.6376342773438,786.7053833007812,711.8277587890625,682.088623046875,700.5755004882812
1971,13,1568048143277,1816,0320,680.5402221679688,663.9833374023438,82.27852630615234,93.2461166381836,51.107975006103516,676.0,653.77392578125,782.1774291992188,656.6527099609375,786.9228515625,711.9328002929688,682.088623046875,700.5755004882812
1972,13,1568048143290,1816,0320,680.4979248046875,663.8140258789062,82.66692352294922,93.32992553710938,49.53154373168945,675.8034057617188,653.628173828125,782.2496948242188,656.6089477539062,787.0003662109375,711.9432373046875,682.088623046875,700.5755004882812
1973,13,1568048143301,1816,0320,680.4745483398438,664.0128784179688,82.32801818847656,93.05952453613281,51.36874771118164,675.8771362304688,653.6300048828125,782.2496948242188,656.6089477539062,787.5775146484375,712.0631713867188,682.088623046875,700.5755004882812
1974,13,1568048143313,1816,0320,680.571044921875,664.025634765625,82.40339660644531,94.00749206542969,49.89554214477539,675.8771362304688,653.6300048828125,782.2496948242188,656.6089477539062,787.4298706054688,711.9793090820312,682.0,700.4711303710938
1975,13,1568048143325,1816,0320,680.399658203125,664.0227661132812,82.34285736083984,93.8875961303711,50.44878005981445,675.717041015625,653.5556030273438,782.2802734375,656.605224609375,787.3401489257812,711.998046875,682.0,700.4711303710938
1976,13,1568048143339,1816,0320,680.51708984375,664.0785522460938,82.49739837646484,93.80442810058594,50.329200744628906,675.717041015625,653.5556030273438,782.2560424804688,656.6287231445312,787.3169555664062,711.9893798828125,682.0,700.4711303710938
1977,13,1568048143352,1816,0320,680.4129028320312,664.046630859375,82.49653625488281,93.78242492675781,49.7069206237793,675.717041015625,653.5556030273438,782.2560424804688,656.6287231445312,787.3499755859375,712.0067138671875,682.0,700.4711303710938
1978,13,1568048143365,1816,0320,680.6072998046875,664.0266723632812,82.49132537841797,94.05644989013672,49.18809127807617,675.7706298828125,653.5597534179688,782.2560424804688,656.6287231445312,787.26806640625,711.9594116210938,682.0,700.4711303710938
1979,13,1568048143378,1816,0320,680.5242919921875,664.0375366210938,82.4083023071289,94.0458984375,49.90343475341797,675.7706298828125,653.5597534179688,782.1920166015625,656.5874633789062,787.248046875,711.9583740234375,682.0,700.4711303710938
1980,13,1568048143393,1816,0320,680.4000244140625,664.0750732421875,83.01957702636719,94.13336181640625,50.97274398803711,675.717041015625,653.5556030273438,782.2447509765625,656.6324462890625,787.2379150390625,712.0217895507812,682.0,700.4711303710938
1981,13,1568048143407,1816,0320,680.4113159179688,664.1542358398438,82.27938842773438,93.75716400146484,51.092132568359375,675.7706298828125,653.5597534179688,782.2447509765625,656.6324462890625,787.1213989257812,711.8267822265625,682.0,700.4711303710938
1982,13,1568048143419,1816,0320,680.4749755859375,664.0438232421875,82.6107177734375,93.89053344726562,50.228538513183594,675.7706298828125,653.5597534179688,782.1920166015625,656.5874633789062,789.50830078125,712.8450927734375,682.0,700.4711303710938
1983,13,1568048143431,1816,0320,680.5809326171875,664.1248779296875,82.24879455566406,93.96085357666016,50.16672134399414,675.7706298828125,653.5597534179688,782.1416015625,656.6468505859375,789.808349609375,713.033935546875,682.0,700.4711303710938
1984,13,1568048143446,1816,0320,680.5572509765625,664.1380615234375,82.38632202148438,93.8611068725586,49.544185638427734,675.8771362304688,653.6300048828125,782.1016235351562,656.6213989257812,789.5914306640625,712.9096069335938,682.0,700.4711303710938
1985,13,1568048143461,1816,0320,680.6248168945312,664.1246337890625,82.18572998046875,93.80574798583984,50.92240524291992,675.9664306640625,653.76416015625,782.1016235351562,656.6213989257812,789.9706420898438,713.015625,682.0,700.4711303710938
1986,13,1568048143475,1816,0320,680.698486328125,664.285888671875,82.7594985961914,93.8260269165039,49.00813674926758,675.9664306640625,653.76416015625,782.2125244140625,656.6500244140625,787.3980712890625,712.0805053710938,682.0,700.4711303710938
1987,13,1568048143488,1816,0320,680.6659545898438,664.1672973632812,83.06326293945312,94.63809967041016,51.21153259277344,676.0,653.77392578125,782.3377685546875,656.6583251953125,787.02490234375,711.8348388671875,682.0,700.4711303710938
1988,13,1568048143503,1816,0320,680.6638793945312,664.208740234375,82.72813415527344,94.79785919189453,51.644344329833984,676.0,653.77392578125,782.1920166015625,656.5874633789062,787.5494995117188,712.0911865234375,682.0,700.4711303710938
1989,13,1568048143517,1816,0320,680.8029174804688,664.3377685546875,82.5064926147461,93.97779846191406,50.46407699584961,675.9244995117188,653.764404296875,782.1920166015625,656.5874633789062,787.338623046875,712.0067138671875,682.0,700.4711303710938
1990,13,1568048143531,1816,0320,680.7141723632812,664.0234985351562,82.92497253417969,94.29484558105469,51.80955123901367,675.9244995117188,653.764404296875,782.1920166015625,656.5874633789062,787.5928344726562,712.129150390625,682.0,700.5
1991,13,1568048143545,1816,0320,680.6990356445312,664.045166015625,82.32803344726562,93.43515014648438,51.41205978393555,675.9244995117188,653.764404296875,782.1920166015625,656.5874633789062,787.59912109375,712.1306762695312,682.0,700.5
1992,13,1568048143559,1816,0320,680.6445922851562,664.0404663085938,82.60565185546875,94.39688110351562,51.44776153564453,676.0,653.77392578125,782.3377685546875,656.6583251953125,789.6994018554688,713.1293334960938,682.0,700.5
1993,13,1568048143572,1816,0320,680.8858032226562,664.085205078125,82.35554504394531,93.51123046875,51.95296859741211,676.0,653.77392578125,782.3635864257812,656.7028198242188,789.7481079101562,713.191162109375,682.0,700.5
1994,13,1568048143583,1816,0320,680.6691284179688,664.25048828125,82.91946411132812,93.51870727539062,50.79033660888672,676.0,653.77392578125,782.3635864257812,656.7028198242188,789.9024658203125,713.2587890625,682.0,700.5
1995,13,1568048143595,1816,0320,680.6504516601562,664.21044921875,82.36561584472656,94.01094055175781,50.72029495239258,675.8034057617188,653.628173828125,782.22314453125,656.6307373046875,789.9169311523438,713.22802734375,682.0,700.5
1996,13,1568048143607,1816,0320,680.6585083007812,663.9441528320312,83.03278350830078,94.48155975341797,49.98276138305664,675.6742553710938,653.498291015625,782.0408325195312,656.5042724609375,790.1454467773438,713.385986328125,682.0,700.5288696289062
1997,13,1568048143620,1816,0320,680.7108154296875,663.877685546875,82.92147064208984,94.63378143310547,50.75479507446289,675.629150390625,653.5,782.69921875,657.0958862304688,789.9312744140625,713.2179565429688,682.0,700.5288696289062
1998,13,1568048143633,1816,0320,680.5819091796875,664.099365234375,82.8162841796875,94.48185729980469,50.917049407958984,675.6396484375,653.4356079101562,782.4591674804688,656.886962890625,789.9926147460938,713.20654296875,682.0,700.5288696289062
1999,13,1568048143646,1816,0320,680.3458251953125,663.9663696289062,82.69868469238281,94.11426544189453,53.427738189697266,675.7381591796875,653.5148315429688,782.38134765625,656.8388671875,789.9105834960938,712.9947509765625,681.911376953125,700.4244995117188
2000,13,1568048143659,1816,0320,680.4439086914062,664.0006103515625,83.336181640625,94.85711669921875,52.822227478027344,675.6511840820312,653.5030517578125,782.38134765625,656.8388671875,790.1142578125,713.25146484375,681.911376953125,700.4244995117188
2001,13,1568048143671,1816,0320,680.3724975585938,663.9450073242188,82.74713134765625,94.44507598876953,54.088706970214844,675.6511840820312,653.5030517578125,782.4591674804688,656.886962890625,790.0264892578125,713.2914428710938,681.911376953125,700.4244995117188
2002,13,1568048143685,1816,0320,680.518310546875,664.1017456054688,82.77288818359375,94.321044921875,51.991050720214844,675.629150390625,653.5,782.4591674804688,656.886962890625,790.3450927734375,713.5034790039062,682.0,700.5288696289062
2003,13,1568048143700,1816,0320,680.5038452148438,663.9580688476562,82.32889556884766,94.174560546875,53.40292739868164,675.629150390625,653.5,782.4591674804688,656.886962890625,790.1099243164062,713.3944702148438,682.0,700.5288696289062
2004,13,1568048143714,1816,0320,680.42236328125,663.899169921875,83.00210571289062,94.63792419433594,52.77819061279297,675.6315307617188,653.5379638671875,782.4591674804688,656.886962890625,790.1863403320312,713.2010498046875,682.0,700.5288696289062
2005,13,1568048143728,1816,0320,680.4688110351562,663.8836059570312,82.10952758789062,93.80471801757812,52.89440155029297,675.6315307617188,653.5379638671875,782.4591674804688,656.886962890625,790.3034057617188,713.2291870117188,682.0,700.5288696289062
2006,13,1568048143740,1816,0320,680.46630859375,664.0772705078125,82.3429183959961,94.05670928955078,51.68258285522461,675.6315307617188,653.5379638671875,781.733642578125,656.1428833007812,790.491943359375,713.3932495117188,682.0,700.5288696289062
2007,13,1568048143754,1816,0320,680.4772338867188,664.0137939453125,82.29118347167969,93.66968536376953,52.117801666259766,675.6315307617188,653.5379638671875,782.4449462890625,656.9881591796875,790.4031982421875,713.3947143554688,681.911376953125,700.4244995117188
2008,13,1568048143768,1816,0320,680.3578491210938,664.11083984375,82.72149658203125,93.85877990722656,52.447998046875,675.7014770507812,653.5396728515625,782.453125,657.057373046875,790.2657470703125,713.3594970703125,681.911376953125,700.4244995117188
2009,13,1568048143783,1816,0320,680.3919677734375,664.10302734375,82.473388671875,94.09962463378906,53.01877975463867,675.7014770507812,653.5396728515625,782.453125,657.057373046875,789.7384643554688,712.987060546875,681.911376953125,700.4244995117188
2010,13,1568048143797,1816,0320,680.2381591796875,664.0557250976562,82.88652801513672,94.14703369140625,53.513816833496094,675.7014770507812,653.5396728515625,781.4019775390625,656.0929565429688,789.4669799804688,712.8032836914062,681.911376953125,700.4244995117188
2011,13,1568048143810,1816,0320,680.4296875,663.9409790039062,82.8475341796875,94.40362548828125,51.75960159301758,675.6911010742188,653.4952392578125,781.4410400390625,656.0703735351562,789.7787475585938,712.8606567382812,681.911376953125,700.4244995117188
2012,13,1568048143823,1816,0320,680.3400268554688,664.0293579101562,82.37068939208984,94.44842529296875,52.16135025024414,675.6911010742188,653.4952392578125,781.4410400390625,656.0703735351562,789.751708984375,712.8385009765625,681.8267211914062,700.3684692382812
2013,13,1568048143835,1816,0320,680.3699951171875,663.9288940429688,82.03206634521484,93.79523468017578,52.61581039428711,675.6911010742188,653.4952392578125,781.5411376953125,656.0575561523438,789.3838500976562,712.5708618164062,681.8267211914062,700.3684692382812
2014,13,1568048143846,1816,0320,680.3545532226562,663.8011474609375,82.0970458984375,93.63685607910156,52.21078109741211,675.6911010742188,653.4952392578125,781.5411376953125,656.0575561523438,789.00830078125,712.4050903320312,681.8267211914062,700.3684692382812
2015,13,1568048143858,1816,0320,680.5277099609375,663.855712890625,82.42903137207031,93.9635009765625,52.781524658203125,675.6911010742188,653.4952392578125,781.5411376953125,656.0575561523438,789.2033081054688,712.5740966796875,681.8267211914062,700.3684692382812
2016,13,1568048143872,1816,0320,680.41015625,663.8800659179688,82.7574234008789,94.15228271484375,52.87763977050781,675.6911010742188,653.4952392578125,781.5411376953125,656.0575561523438,789.5350341796875,712.8480224609375,681.911376953125,700.4244995117188
2017,13,1568048143885,1816,0320,680.5037231445312,663.8978271484375,82.11682891845703,94.00005340576172,52.21305465698242,675.6911010742188,653.4952392578125,781.5411376953125,656.0575561523438,789.5831909179688,712.8626098632812,681.911376953125,700.4244995117188
2018,13,1568048143898,1816,0320,680.567626953125,663.9752197265625,82.48767852783203,93.65621185302734,52.4408073425293,675.7014770507812,653.5396728515625,781.5169067382812,656.1353759765625,790.7625732421875,713.3757934570312,681.911376953125,700.4244995117188
2019,13,1568048143912,1816,0320,680.560302734375,663.9745483398438,82.47630310058594,93.62814331054688,52.175636291503906,675.7014770507812,653.5396728515625,781.41748046875,656.0667724609375,790.8350219726562,713.4667358398438,681.911376953125,700.4244995117188
2020,13,1568048143924,1816,0320,680.5033569335938,663.984130859375,82.72877502441406,93.5508041381836,52.570457458496094,675.7122802734375,653.5,781.6395263671875,656.0878295898438,790.6264038085938,713.6488037109375,682.0,700.5288696289062
2021,13,1568048143937,1816,0320,680.4067993164062,664.0245361328125,82.21224212646484,93.33056640625,52.6419792175293,675.7546997070312,653.498291015625,781.6360473632812,656.1377563476562,790.9286499023438,713.6879272460938,682.0,700.5288696289062
2022,13,1568048143950,1816,0320,680.2601928710938,664.04541015625,82.51018524169922,94.26558685302734,53.175106048583984,675.7014770507812,653.4603271484375,781.9074096679688,656.57568359375,790.05224609375,713.3016967773438,682.0,700.5
2023,13,1568048143963,1816,0320,679.6346435546875,664.4244384765625,81.37649536132812,93.62374877929688,52.52251052856445,675.2894287109375,653.8063354492188,781.7256469726562,656.5669555664062,786.4705200195312,711.735107421875,681.5863647460938,700.73828125
2024,13,1568048143976,1816,0320,679.1134643554688,664.6845703125,82.13098907470703,93.87194061279297,53.3335075378418,675.0,653.77392578125,781.9644165039062,656.8933715820312,786.5625,711.9771118164062,681.268310546875,700.7279052734375
2025,13,1568048143991,1816,0320,679.1823120117188,664.7996826171875,81.96185302734375,93.51016998291016,52.71723937988281,675.0,653.77392578125,781.926025390625,656.92919921875,786.6084594726562,712.0082397460938,681.268310546875,700.7279052734375
2026,13,1568048144006,1816,0320,679.6353149414062,664.6205444335938,82.73624420166016,93.79426574707031,53.34524917602539,675.1015014648438,653.720947265625,781.8678588867188,656.8917236328125,786.37353515625,711.6190795898438,681.5,700.6954345703125
2027,13,1568048144019,1816,0320,679.7725830078125,664.4530639648438,81.82868194580078,92.59679412841797,54.08625411987305,675.2769775390625,653.9014892578125,781.5087890625,656.5933227539062,786.382568359375,711.6268920898438,681.5,700.6954345703125
2028,13,1568048144032,1816,0320,679.727294921875,664.3291625976562,81.68970489501953,92.59663391113281,53.69978332519531,675.208740234375,653.8226928710938,781.6268920898438,656.5651245117188,786.2694702148438,711.61279296875,681.5,700.6954345703125
2029,13,1568048144044,1816,0320,679.5946655273438,664.4340209960938,81.58126831054688,93.09768676757812,53.83122634887695,675.3154907226562,653.6946411132812,781.6420288085938,656.5220336914062,786.4725952148438,711.7526245117188,681.5,700.6954345703125
2030,13,1568048144056,1816,0320,679.72119140625,664.1705932617188,81.98106384277344,92.46858978271484,52.19797134399414,675.19189453125,653.6312255859375,781.6420288085938,656.5220336914062,786.4254760742188,711.6768798828125,681.5,700.6954345703125
2031,13,1568048144069,1816,0320,679.6182250976562,664.479736328125,81.12416076660156,92.08595275878906,52.79349899291992,675.19189453125,653.6312255859375,781.6420288085938,656.5220336914062,786.4409790039062,711.6799926757812,681.5560302734375,700.666015625
2032,13,1568048144081,1816,0320,679.781005859375,664.325927734375,81.46064758300781,92.39459228515625,54.187156677246094,675.19189453125,653.6312255859375,781.6420288085938,656.5220336914062,786.4409790039062,711.6799926757812,681.5560302734375,700.666015625
2033,13,1568048144095,1816,0320,679.7001953125,664.29541015625,81.81138610839844,92.81575775146484,53.04298400878906,675.19189453125,653.6312255859375,781.6420288085938,656.5220336914062,786.4409790039062,711.6799926757812,681.47509765625,700.6046752929688
2034,13,1568048144107,1816,0320,679.6655883789062,664.2721557617188,81.78907012939453,92.86322784423828,53.46548843383789,675.19189453125,653.6312255859375,781.6420288085938,656.5220336914062,786.4409790039062,711.6799926757812,681.5,700.6954345703125
2035,13,1568048144120,1816,0320,679.712158203125,664.1386108398438,81.32350158691406,92.85181427001953,53.003440856933594,675.2454223632812,653.6400756835938,781.5643310546875,656.4767456054688,786.3929443359375,711.68212890625,681.4788818359375,700.553955078125
2036,13,1568048144133,1816,0320,679.7575073242188,664.0798950195312,81.73514556884766,93.1111068725586,54.3846549987793,675.2454223632812,653.6400756835938,781.552490234375,656.4841918945312,786.5703125,711.8567504882812,681.4788818359375,700.553955078125
2037,13,1568048144145,1816,0320,679.8067626953125,664.2499389648438,81.54788208007812,92.61234283447266,53.69723892211914,675.3488159179688,653.4969482421875,781.572509765625,656.4655151367188,786.2736206054688,711.578857421875,681.5213012695312,700.4093627929688
2038,13,1568048144158,1816,0320,679.5399780273438,664.0852661132812,81.2571029663086,92.17298889160156,54.10970687866211,675.3699340820312,653.5,781.572509765625,656.4655151367188,786.0299682617188,711.318115234375,681.5213012695312,700.4093627929688
2039,13,1568048144171,1816,0320,679.7074584960938,664.0990600585938,80.84839630126953,91.85469818115234,53.564456939697266,675.3699340820312,653.5,781.5301513671875,656.2982788085938,786.0299682617188,711.318115234375,681.52490234375,700.3953247070312
2040,13,1568048144184,1816,0320,679.72509765625,663.7929077148438,80.92880249023438,91.69347381591797,53.24406433105469,675.3684692382812,653.5379638671875,781.6231079101562,656.2552490234375,785.6456909179688,710.97998046875,681.5,700.3045654296875
2041,13,1568048144198,1816,0320,679.7637329101562,663.7701416015625,80.9591293334961,91.72787475585938,52.60401916503906,675.3488159179688,653.5030517578125,781.9624633789062,656.26708984375,785.567626953125,710.9506225585938,681.5,700.3045654296875
2042,13,1568048144211,1816,0320,679.8778076171875,663.8012084960938,81.31108093261719,91.47093200683594,52.542545318603516,675.3767700195312,653.3010864257812,781.93896484375,656.2100219726562,785.8424072265625,711.0814208984375,681.6820068359375,700.1599731445312
2043,13,1568048144224,1816,0320,679.8290405273438,663.6153564453125,81.18164825439453,91.72161102294922,52.27183532714844,675.2894287109375,653.1936645507812,781.7286376953125,656.0512084960938,786.2776489257812,711.2266845703125,681.7461547851562,700.0
2044,13,1568048144237,1816,0320,679.7776489257812,663.6390380859375,81.23686218261719,91.42736053466797,50.80846405029297,675.2894287109375,653.1936645507812,781.8191528320312,656.1153564453125,786.2776489257812,711.2266845703125,681.7461547851562,700.0
2045,13,1568048144250,1816,0320,679.9890747070312,663.8070068359375,80.61782836914062,91.20638275146484,53.987178802490234,675.3010864257812,653.0841064453125,781.8191528320312,656.1153564453125,786.5946044921875,711.3218994140625,681.7461547851562,700.0
2046,13,1568048144263,1816,0320,679.9862060546875,663.557373046875,81.25950622558594,91.8726577758789,55.77539825439453,675.3010864257812,653.0841064453125,781.8191528320312,656.1153564453125,786.5946044921875,711.3218994140625,681.7461547851562,700.0
2047,13,1568048144276,1816,0320,679.931396484375,663.7127075195312,80.81320190429688,92.39584350585938,54.644920349121094,675.3010864257812,653.0841064453125,781.7286376953125,656.0512084960938,786.806640625,711.4462890625,681.7461547851562,700.0
2048,13,1568048144290,1816,0320,679.7981567382812,663.67626953125,80.9113540649414,92.1466064453125,54.54978561401367,675.3010864257812,653.0841064453125,781.7286376953125,656.0512084960938,786.806640625,711.4462890625,681.7461547851562,700.0
2049,13,1568048144303,1816,0320,679.8970947265625,663.7868041992188,80.84231567382812,91.80894470214844,55.006752014160156,675.3010864257812,653.0841064453125,781.7286376953125,656.0512084960938,786.841796875,711.4622802734375,681.7461547851562,700.0
2050,13,1568048144316,1816,0320,679.7509155273438,663.6774291992188,80.94320678710938,92.1717300415039,53.86515426635742,675.245849609375,653.07421875,781.7286376953125,656.0512084960938,786.841796875,711.4622802734375,681.7461547851562,700.0
2051,13,1568048144329,1816,0320,679.7947998046875,663.7302856445312,80.74754333496094,91.51299285888672,55.68467712402344,675.2371826171875,653.195068359375,781.7286376953125,656.0512084960938,786.7951049804688,711.4017333984375,681.5,700.0
2052,13,1568048144343,1816,0320,679.5682373046875,663.7645874023438,80.836669921875,91.43833923339844,53.49384689331055,675.1246948242188,653.24609375,781.7286376953125,656.0512084960938,786.418701171875,711.280029296875,681.6259765625,700.094970703125
2053,13,1568048144357,1816,0320,679.7882690429688,663.7185668945312,80.9559326171875,91.80297088623047,53.39932632446289,675.1246948242188,653.24609375,781.8155517578125,656.1305541992188,786.0113525390625,711.2120361328125,681.3733520507812,700.0581665039062
2054,13,1568048144370,1816,0320,679.743408203125,663.51171875,81.25989532470703,91.69713592529297,54.46440887451172,675.0592041015625,653.242431640625,781.5477905273438,656.0303955078125,785.7852172851562,710.9964599609375,681.3389892578125,700.1575317382812
2055,13,1568048144383,1816,0320,679.8468017578125,663.5986328125,80.86798095703125,91.4483871459961,53.59261703491211,675.1015014648438,653.279052734375,781.3794555664062,655.9541015625,786.0113525390625,711.2120361328125,681.3389892578125,700.1575317382812
2056,13,1568048144396,1816,0320,679.5529174804688,663.7841186523438,81.15122985839844,92.00425720214844,53.91804504394531,675.1015014648438,653.279052734375,781.6683349609375,656.0426025390625,786.1361083984375,711.3140258789062,681.3389892578125,700.1575317382812
2057,13,1568048144409,1816,0320,679.5560302734375,663.5988159179688,80.30299377441406,91.9572982788086,52.93841552734375,675.1966552734375,653.136962890625,781.6683349609375,656.0426025390625,786.274658203125,711.3736572265625,681.2538452148438,700.0
2058,13,1568048144422,1816,0320,679.5990600585938,663.5115966796875,80.61644744873047,91.73682403564453,54.70648956298828,675.1966552734375,653.136962890625,781.6683349609375,656.0426025390625,786.333251953125,711.3772583007812,681.3733520507812,700.0581665039062
2059,13,1568048144435,1816,0320,679.8040161132812,663.484130859375,79.74066925048828,91.80657958984375,53.693050384521484,675.2767333984375,653.10986328125,781.6658935546875,656.0262451171875,786.918212890625,711.4586181640625,681.3733520507812,700.0581665039062
2060,13,1568048144450,1816,0320,679.5992431640625,663.35498046875,80.57647705078125,92.44087982177734,54.43659591674805,675.2767333984375,653.10986328125,781.7286376953125,656.0512084960938,786.78076171875,711.4217529296875,681.3733520507812,700.0581665039062
2061,13,1568048144464,1816,0320,679.9066162109375,663.5852661132812,80.02417755126953,91.63428497314453,53.91633224487305,675.2215576171875,653.0626220703125,781.7286376953125,656.0512084960938,786.822265625,711.475341796875,681.3733520507812,700.0581665039062
2062,13,1568048144477,1816,0320,679.8652954101562,663.6845703125,80.8730697631836,92.09076690673828,54.33144760131836,675.2215576171875,653.0626220703125,781.7286376953125,656.0512084960938,786.8975830078125,711.4210815429688,681.6259765625,700.094970703125
2063,13,1568048144490,1816,0320,679.919921875,663.6815185546875,80.26205444335938,92.1162338256836,55.142417907714844,675.28515625,653.0814819335938,781.7286376953125,656.0512084960938,786.9454345703125,711.4566650390625,681.5997924804688,700.209228515625
2064,13,1568048144503,1816,0320,679.7338256835938,663.6602172851562,80.2566909790039,91.52143859863281,55.400718688964844,675.3592529296875,653.3027954101562,781.8191528320312,656.1153564453125,785.8897705078125,710.9931640625,681.5,700.3045654296875
2065,13,1568048144516,1816,0320,679.9732055664062,663.62451171875,80.07061004638672,91.24313354492188,55.30278015136719,675.3592529296875,653.3027954101562,781.921875,656.244873046875,786.035400390625,711.2254638671875,681.5,700.3045654296875
2066,13,1568048144530,1816,0320,679.8565673828125,663.6531982421875,80.27236938476562,91.27754974365234,54.86197280883789,675.3699340820312,653.5,781.8589477539062,656.3223876953125,786.2296752929688,711.4650268554688,681.5,700.3045654296875
2067,13,1568048144544,1816,0320,679.8379516601562,663.9801025390625,80.48442840576172,91.87947082519531,52.81282043457031,675.3699340820312,653.5,781.7023315429688,656.3056640625,786.1395263671875,711.3639526367188,681.5,700.3045654296875
2068,13,1568048144558,1816,0320,679.8328857421875,663.8079833984375,80.472412109375,90.82787322998047,53.86665344238281,675.3699340820312,653.5,781.8396606445312,656.4525146484375,786.2904663085938,711.4269409179688,681.52490234375,700.3953247070312
2069,13,1568048144571,1816,0320,679.8023681640625,663.8148193359375,80.1118392944336,90.8333511352539,53.17720413208008,675.3699340820312,653.5,781.597900390625,656.4166259765625,786.4534301757812,711.5990600585938,681.52490234375,700.3953247070312
2070,13,1568048144585,1816,0320,679.5628051757812,663.8521728515625,80.2496566772461,91.80264282226562,55.259700775146484,675.3699340820312,653.5,781.597900390625,656.4166259765625,786.469970703125,711.6044921875,681.52490234375,700.3953247070312
2071,13,1568048144600,1816,0320,679.6600341796875,663.92822265625,80.18470001220703,91.95911407470703,53.1745719909668,675.3699340820312,653.5,781.3837280273438,656.3153686523438,786.66748046875,711.8028564453125,681.5211181640625,700.446044921875
2072,13,1568048144614,1816,0320,679.706787109375,663.8927001953125,80.29513549804688,91.78742218017578,53.89292907714844,675.3699340820312,653.5,781.597900390625,656.4166259765625,786.66748046875,711.8028564453125,681.5211181640625,700.446044921875
2073,13,1568048144626,1816,0320,679.6441040039062,663.963134765625,79.97766876220703,91.14042663574219,53.135337829589844,675.3699340820312,653.5,781.597900390625,656.4166259765625,786.66748046875,711.8028564453125,681.5213012695312,700.4093627929688
2074,13,1568048144638,1816,0320,679.57666015625,663.921630859375,80.48538970947266,91.59166717529297,52.53839111328125,675.3699340820312,653.5,781.597900390625,656.4166259765625,786.7994384765625,711.9319458007812,681.5213012695312,700.4093627929688
2075,13,1568048144651,1816,0320,679.6552734375,663.9890747070312,79.90145111083984,90.99623107910156,52.66768264770508,675.3699340820312,653.5,781.3837280273438,656.3153686523438,786.5225219726562,711.7576904296875,681.52490234375,700.3953247070312
2076,13,1568048144665,1816,0320,679.6129150390625,663.953369140625,79.9618148803711,91.11959075927734,53.413448333740234,675.2612915039062,653.375244140625,781.4197387695312,656.2659301757812,786.3372192382812,711.6001586914062,681.5,700.3045654296875
2077,13,1568048144680,1816,0320,679.7777099609375,663.8897705078125,79.89604187011719,90.81581115722656,52.085182189941406,675.2562866210938,653.4039916992188,781.51220703125,656.2178344726562,786.0029907226562,711.3177490234375,681.5,700.3045654296875
2078,13,1568048144694,1816,0320,679.7239379882812,663.763671875,80.21534729003906,90.96609497070312,52.43083572387695,675.2562866210938,653.4039916992188,781.3822631835938,656.1027221679688,785.8432006835938,711.17333984375,681.5,700.3045654296875
2079,13,1568048144707,1816,0320,679.7086181640625,663.7830810546875,79.95002746582031,90.87077331542969,51.85032272338867,675.2562866210938,653.4039916992188,781.4405517578125,656.114501953125,785.7699584960938,711.1179809570312,681.4136352539062,700.26171875
2080,13,1568048144721,1816,0320,679.7980346679688,663.7156372070312,80.06206512451172,91.14400482177734,51.793338775634766,675.2562866210938,653.4039916992188,781.3451538085938,656.0936889648438,785.6815185546875,711.0731201171875,681.4136352539062,700.26171875
2081,13,1568048144735,1816,0320,679.827392578125,663.7429809570312,79.51070404052734,90.85677337646484,51.971561431884766,675.2562866210938,653.4039916992188,781.2362060546875,656.0272216796875,785.7699584960938,711.1179809570312,681.4136352539062,700.26171875
2082,13,1568048144749,1816,0320,679.8870239257812,663.57177734375,80.2197494506836,91.42516326904297,52.45184326171875,675.2562866210938,653.4039916992188,781.2362060546875,656.0272216796875,785.7293090820312,711.1008911132812,681.4136352539062,700.26171875
2083,13,1568048144763,1816,0320,679.5802001953125,663.7433471679688,79.84994506835938,91.68965911865234,53.78129577636719,675.3784790039062,653.3502197265625,781.5319213867188,656.137939453125,786.1402587890625,711.2959594726562,681.5,700.3045654296875
2084,13,1568048144777,1816,0320,679.6146850585938,663.621826171875,79.8166732788086,92.21675872802734,53.81178283691406,675.3784790039062,653.3502197265625,781.5319213867188,656.137939453125,786.1402587890625,711.2959594726562,681.5,700.3045654296875
2085,13,1568048144790,1816,0320,679.6121826171875,663.5505981445312,79.75145721435547,91.26631164550781,55.28852081298828,675.283447265625,653.2904052734375,781.4759521484375,656.103515625,786.267822265625,711.3380126953125,681.5,700.3045654296875
2086,13,1568048144803,1816,0320,679.7371826171875,663.5407104492188,79.9363021850586,91.09003448486328,55.03173828125,675.3445434570312,653.1788940429688,781.61279296875,655.99853515625,786.8229370117188,711.3302001953125,681.6820068359375,700.1599731445312
2087,13,1568048144817,1816,0320,679.9042358398438,663.5103149414062,79.70925903320312,90.86426544189453,53.59873580932617,675.3445434570312,653.1788940429688,781.6707763671875,656.0159301757812,786.8165893554688,711.2938842773438,681.7461547851562,700.0
2088,13,1568048144830,1816,0320,679.8543090820312,663.4370727539062,79.77685546875,90.93370056152344,53.508277893066406,675.2215576171875,653.0626220703125,781.674072265625,656.0328369140625,786.9138793945312,711.3309936523438,681.7461547851562,700.0
2089,13,1568048144844,1816,0320,679.7349243164062,663.4927978515625,79.58118438720703,91.2066879272461,54.166500091552734,675.2215576171875,653.0626220703125,781.674072265625,656.0328369140625,786.6717529296875,711.20947265625,681.7461547851562,700.0
2090,13,1568048144857,1816,0320,679.6817626953125,663.5908203125,80.50303649902344,91.3189468383789,53.24740982055664,675.2215576171875,653.0626220703125,781.65380859375,656.02685546875,786.6717529296875,711.20947265625,681.7461547851562,700.0
2091,13,1568048144871,1816,0320,679.663330078125,663.6475830078125,80.47209930419922,91.53060913085938,53.974185943603516,675.2215576171875,653.0626220703125,781.5215454101562,656.0184936523438,787.04541015625,711.4058837890625,681.5,700.0
2092,13,1568048144884,1816,0320,679.5756225585938,663.5677490234375,80.39595794677734,91.4485092163086,53.70185089111328,675.2767333984375,653.10986328125,781.3577880859375,655.9203491210938,787.04541015625,711.4058837890625,681.3733520507812,700.0581665039062
2093,13,1568048144898,1816,0320,679.5919189453125,663.5184936523438,80.3628158569336,91.81597137451172,53.030189514160156,675.2767333984375,653.10986328125,781.4271850585938,655.8887329101562,786.8598022460938,711.2678833007812,681.3733520507812,700.0581665039062
2094,13,1568048144910,1816,0320,679.58544921875,663.5009155273438,80.31890106201172,91.40277099609375,53.69719314575195,675.2767333984375,653.10986328125,781.4271850585938,655.8887329101562,787.2767944335938,711.5731811523438,681.3733520507812,700.0581665039062
2095,13,1568048144925,1816,0320,679.6690673828125,663.5436401367188,79.8392562866211,91.55583190917969,54.118160247802734,675.2767333984375,653.10986328125,781.3577880859375,655.9203491210938,787.15625,711.468017578125,681.2538452148438,700.0
2096,13,1568048144939,1816,0320,679.6005859375,663.4571533203125,80.02391815185547,91.8765640258789,53.95587921142578,675.2767333984375,653.10986328125,781.3577880859375,655.9203491210938,787.15625,711.468017578125,681.2538452148438,700.0
2097,13,1568048144953,1816,0320,679.656494140625,663.6516723632812,80.06002807617188,91.71249389648438,52.31542205810547,675.2767333984375,653.10986328125,781.3577880859375,655.9203491210938,787.15625,711.468017578125,681.3733520507812,700.0581665039062
2098,13,1568048144966,1816,0320,679.4857788085938,663.48876953125,80.2580795288086,91.99726867675781,53.039649963378906,675.2215576171875,653.0626220703125,781.3385009765625,655.9088745117188,787.1132202148438,711.5158081054688,681.3733520507812,700.0581665039062
2099,13,1568048144979,1816,0320,679.5968017578125,663.54052734375,80.39962768554688,92.09040832519531,52.72930908203125,675.2215576171875,653.0626220703125,781.3385009765625,655.9088745117188,789.573486328125,712.3783569335938,681.3733520507812,700.0581665039062
2100,13,1568048144993,1816,0320,679.6126098632812,663.666748046875,80.33492279052734,91.96094512939453,54.361358642578125,675.2215576171875,653.0626220703125,781.4308471679688,655.9719848632812,789.4446411132812,712.293212890625,681.3733520507812,700.0581665039062
2101,14,1568048141355,0100,0540,887.7186889648438,675.7703857421875,77.6154556274414,87.77471160888672,139.91578674316406,788.4472045898438,655.9441528320312,888.3680419921875,655.0748901367188,884.063232421875,703.5757446289062,791.4898681640625,706.8450317382812
2102,14,1568048141369,0100,0540,887.7398071289062,675.6947631835938,77.84909057617188,87.65585327148438,140.69786071777344,788.4472045898438,655.9441528320312,888.3680419921875,655.0748901367188,884.063232421875,703.5757446289062,791.4898681640625,706.8450317382812
2103,14,1568048141384,0100,0540,887.77294921875,675.7014770507812,77.84752655029297,87.48397827148438,141.2895965576172,788.3899536132812,655.9830322265625,888.3680419921875,655.0748901367188,884.063232421875,703.5757446289062,791.4898681640625,706.8450317382812
2104,14,1568048141397,0100,0540,887.9053344726562,675.7202758789062,77.843994140625,87.44200897216797,139.8806915283203,788.3899536132812,655.9830322265625,888.3680419921875,655.0748901367188,884.12109375,703.5,791.4898681640625,706.8450317382812
2105,14,1568048141411,0100,0540,887.830322265625,675.7371826171875,77.92387390136719,87.87100982666016,138.5867919921875,788.5936889648438,655.7514038085938,888.5,655.17529296875,884.12109375,703.5,791.3991088867188,706.8546142578125
2106,14,1568048141426,0100,0540,887.9553833007812,675.6661987304688,77.68303680419922,87.87193298339844,139.7923583984375,788.7636108398438,655.7064819335938,888.6319580078125,655.0748901367188,884.12109375,703.5,791.4746704101562,706.80419921875
2107,14,1568048141440,0100,0540,887.997314453125,675.5850830078125,77.8302001953125,87.48709869384766,140.9629669189453,788.7636108398438,655.7064819335938,888.720703125,655.0,884.2119140625,703.582763671875,791.4746704101562,706.80419921875
2108,14,1568048141453,0100,0540,887.9656982421875,675.6983642578125,77.99486541748047,87.90101623535156,139.9307098388672,788.7636108398438,655.7064819335938,888.5901489257812,655.0982666015625,884.2119140625,703.582763671875,791.4746704101562,706.80419921875
2109,14,1568048141464,0100,0540,887.9321899414062,675.64453125,77.9053955078125,87.57504272460938,139.94451904296875,788.7636108398438,655.7064819335938,888.5901489257812,655.0982666015625,884.2119140625,703.582763671875,791.4746704101562,706.80419921875
2110,14,1568048141476,0100,0540,887.9324951171875,675.6958618164062,77.90691375732422,87.48502349853516,139.65771484375,788.7636108398438,655.7064819335938,888.5901489257812,655.0982666015625,884.2119140625,703.582763671875,791.3912963867188,707.0380859375
2111,14,1568048141490,0100,0540,887.838623046875,675.7022094726562,77.70049285888672,87.66959381103516,139.6392822265625,788.7636108398438,655.7064819335938,888.5901489257812,655.0982666015625,884.2119140625,703.582763671875,791.3272094726562,707.07763671875
2112,14,1568048141505,0100,0540,887.7803344726562,675.6788940429688,77.64268493652344,87.58699798583984,140.0888214111328,788.7636108398438,655.7064819335938,888.5901489257812,655.0982666015625,884.2119140625,703.582763671875,791.3272094726562,707.07763671875
2113,14,1568048141519,0100,0540,887.7099609375,675.6221923828125,77.43245697021484,87.51261901855469,140.83010864257812,788.4472045898438,655.9441528320312,888.3680419921875,655.0748901367188,884.063232421875,703.5757446289062,791.3568725585938,707.0914306640625
2114,14,1568048141533,0100,0540,887.7169799804688,675.539794921875,78.07740020751953,87.84123992919922,139.3467254638672,788.4472045898438,655.9441528320312,888.3680419921875,655.0748901367188,884.063232421875,703.5757446289062,791.2568969726562,707.1644897460938
2115,14,1568048141546,0100,0540,887.4730834960938,675.6875610351562,77.64456939697266,87.6693115234375,140.18418884277344,788.3917236328125,655.8269653320312,888.279296875,655.0,883.992431640625,703.70166015625,791.2568969726562,707.1644897460938
2116,14,1568048141561,0100,0540,887.4342651367188,675.5625610351562,78.29143524169922,88.09303283691406,139.28536987304688,788.20703125,655.7091674804688,888.279296875,655.0,883.9345703125,703.4911499023438,791.2568969726562,707.1644897460938
2117,14,1568048141575,0100,0540,887.3867797851562,675.6928100585938,77.99674224853516,88.13207244873047,138.28822326660156,788.1293334960938,655.8155517578125,888.2197265625,655.10546875,883.9345703125,703.4911499023438,791.2568969726562,707.1644897460938
2118,14,1568048141587,0100,0540,887.434326171875,675.5535888671875,78.2207260131836,87.98992156982422,139.7666473388672,788.3282470703125,655.8355712890625,888.2197265625,655.10546875,883.908203125,703.61865234375,791.110107421875,706.9388427734375
2119,14,1568048141599,0100,0540,887.3207397460938,675.55810546875,77.77781677246094,87.61860656738281,139.0116424560547,788.3282470703125,655.8355712890625,888.2197265625,655.10546875,883.9476318359375,703.6273193359375,790.7362670898438,706.8035278320312
2120,14,1568048141612,0100,0540,887.464111328125,675.5716552734375,78.02676391601562,87.92665100097656,139.82615661621094,788.3282470703125,655.8355712890625,888.2197265625,655.10546875,883.9476318359375,703.6273193359375,790.7362670898438,706.8035278320312
2121,14,1568048141624,0100,0540,887.5181274414062,675.6717529296875,78.15494537353516,87.98637390136719,138.7276611328125,788.20703125,655.7091674804688,888.2473754882812,655.0731811523438,884.007568359375,703.70166015625,790.7005004882812,707.2315673828125
2122,14,1568048141637,0100,0540,887.4037475585938,675.6448364257812,78.02713012695312,88.06501007080078,139.7334442138672,788.260009765625,655.9631958007812,888.2473754882812,655.0731811523438,884.007568359375,703.70166015625,791.1429443359375,706.9566040039062
2123,14,1568048141649,0100,0540,887.5079956054688,675.7026977539062,78.06880187988281,87.90535736083984,139.26144409179688,788.260009765625,655.9631958007812,888.264892578125,655.0991821289062,884.0,703.7066040039062,791.1678466796875,707.0130615234375
2124,14,1568048141661,0100,0540,887.6187133789062,675.6643676757812,78.31155395507812,88.29243469238281,138.0517120361328,788.369140625,656.0245361328125,888.5475463867188,655.2857666015625,884.0,703.7066040039062,791.4600830078125,707.121337890625
2125,14,1568048141675,0100,0540,887.5285034179688,675.9382934570312,78.37071228027344,87.97452545166016,139.908935546875,788.3970947265625,656.0772705078125,888.5475463867188,655.2857666015625,884.065673828125,703.736572265625,791.4600830078125,707.121337890625
2126,14,1568048141690,0100,0540,887.7576904296875,675.86767578125,78.37255859375,88.02659606933594,141.72024536132812,788.3970947265625,656.0772705078125,888.5475463867188,655.2857666015625,884.065673828125,703.736572265625,791.468505859375,707.1336669921875
2127,14,1568048141704,0100,0540,887.6090087890625,675.914306640625,78.59437561035156,88.10680389404297,139.63612365722656,788.5,656.0,888.5475463867188,655.2857666015625,884.2123413085938,703.831787109375,791.468505859375,707.1336669921875
2128,14,1568048141717,0100,0540,887.5706787109375,675.9562377929688,78.40594482421875,88.074951171875,139.27467346191406,788.501953125,655.9642333984375,888.6265258789062,655.3987426757812,884.2879638671875,704.0487670898438,791.468505859375,707.1336669921875
2129,14,1568048141731,0100,0540,887.6600952148438,676.0712890625,78.18766021728516,88.17620086669922,139.7818603515625,788.5,656.0054321289062,888.6265258789062,655.3987426757812,884.2879638671875,704.0487670898438,791.6215209960938,707.2310791015625
2130,14,1568048141744,0100,0540,887.6088256835938,676.0357055664062,78.6286392211914,88.45750427246094,139.21701049804688,788.5,656.0054321289062,888.4666137695312,655.4666137695312,884.2879638671875,704.0487670898438,791.6663208007812,707.2652587890625
2131,14,1568048141757,0100,0540,887.5492553710938,676.0718994140625,78.7774429321289,88.35906219482422,139.6638641357422,788.5714111328125,656.2744140625,888.3734741210938,655.6012573242188,884.2197265625,704.10546875,791.5540771484375,707.3538818359375
2132,14,1568048141770,0100,0540,887.45556640625,676.095947265625,78.53423309326172,88.51073455810547,139.99737548828125,788.5281982421875,656.2823486328125,888.4564819335938,655.6334838867188,884.2269287109375,704.0800170898438,791.5101928710938,707.46044921875
2133,14,1568048141781,0100,0540,887.5474853515625,676.1907958984375,78.75241088867188,88.80709838867188,139.9060516357422,788.5714111328125,656.2744140625,888.3062133789062,655.5980224609375,884.1612548828125,704.1612548828125,791.5692749023438,707.4943237304688
2134,14,1568048141792,0100,0540,887.387939453125,676.1901245117188,78.83700561523438,88.58636474609375,138.82681274414062,788.44873046875,656.369384765625,888.4052124023438,655.711669921875,884.1612548828125,704.1612548828125,791.5692749023438,707.4943237304688
2135,14,1568048141804,0100,0540,887.26806640625,676.247802734375,78.75664520263672,88.5928955078125,140.23719787597656,788.44873046875,656.369384765625,888.3062133789062,655.5980224609375,883.9882202148438,704.2706298828125,791.45703125,707.6630859375
2136,14,1568048141816,0100,0540,887.3221435546875,676.2249145507812,79.42253875732422,89.0696029663086,141.51368713378906,788.44873046875,656.369384765625,888.4052124023438,655.711669921875,884.06787109375,704.2742919921875,791.45703125,707.6630859375
2137,14,1568048141829,0100,0540,887.192626953125,676.4224853515625,79.3109130859375,88.88155364990234,140.35159301757812,788.3289184570312,656.4882202148438,888.30859375,655.74169921875,884.007568359375,704.29833984375,791.45703125,707.6630859375
2138,14,1568048141842,0100,0540,887.23095703125,676.488037109375,79.37763977050781,88.7936019897461,139.95960998535156,788.3289184570312,656.4882202148438,888.30859375,655.74169921875,884.007568359375,704.29833984375,791.45703125,707.6630859375
2139,14,1568048141853,0100,0540,887.2702026367188,676.53271484375,79.11984252929688,88.87171936035156,139.7208251953125,788.378173828125,656.4579467773438,888.30859375,655.74169921875,883.9376220703125,704.3047485351562,791.468994140625,707.6807861328125
2140,14,1568048141866,0100,0540,887.1990356445312,676.2554321289062,79.02716064453125,89.6676025390625,140.8131866455078,788.378173828125,656.5420532226562,888.29736328125,655.7986450195312,884.0,704.2933959960938,791.3883666992188,707.5931396484375
2141,14,1568048141878,0100,0540,887.2787475585938,676.427978515625,79.12541961669922,88.68090057373047,139.13169860839844,788.3338623046875,656.5653686523438,888.2197265625,655.89453125,884.0,704.2933959960938,791.390625,707.6317749023438
2142,14,1568048141890,0100,0540,887.174560546875,676.4077758789062,79.124267578125,89.40027618408203,138.9285125732422,788.3338623046875,656.5653686523438,888.2197265625,655.89453125,884.0,704.2933959960938,791.390625,707.6317749023438
2143,14,1568048141902,0100,0540,887.1671752929688,676.43994140625,79.16273498535156,89.13594818115234,139.56565856933594,788.4207763671875,656.6121215820312,888.2269287109375,655.9199829101562,884.0,704.2933959960938,791.3883666992188,707.5931396484375
2144,14,1568048141914,0100,0540,887.1238403320312,676.4384765625,79.25787353515625,89.29947662353516,139.2556915283203,788.6102905273438,656.54345703125,888.2269287109375,655.9199829101562,883.992431640625,704.29833984375,791.3883666992188,707.5931396484375
2145,14,1568048141925,0100,0540,887.1953735351562,676.514404296875,79.12977600097656,89.17467498779297,139.45932006835938,788.6102905273438,656.54345703125,888.4052124023438,655.711669921875,884.0623779296875,704.3047485351562,791.3883666992188,707.5931396484375
2146,14,1568048141938,0100,0540,887.1305541992188,676.456787109375,79.1868896484375,89.45901489257812,138.5574951171875,788.6102905273438,656.54345703125,888.4052124023438,655.711669921875,884.0623779296875,704.3047485351562,791.454345703125,707.4149169921875
2147,14,1568048141952,0100,0540,887.1897583007812,676.530517578125,78.960205078125,89.32677459716797,139.47291564941406,788.6102905273438,656.54345703125,888.4037475585938,655.7681884765625,883.992431640625,704.29833984375,791.454345703125,707.4149169921875
2148,14,1568048141966,0100,0540,887.1624145507812,676.5044555664062,79.07918548583984,89.34244537353516,139.53179931640625,788.6102905273438,656.54345703125,888.4037475585938,655.7681884765625,883.992431640625,704.29833984375,791.454345703125,707.4149169921875
2149,14,1568048141978,0100,0540,887.211669921875,676.4298706054688,79.130126953125,89.2865982055664,139.3375701904297,788.6102905273438,656.54345703125,888.4052124023438,655.711669921875,883.992431640625,704.29833984375,791.454345703125,707.4149169921875
2150,14,1568048141991,0100,0540,887.1307373046875,676.3490600585938,79.82318115234375,89.7182388305664,141.261474609375,788.6102905273438,656.54345703125,888.4052124023438,655.711669921875,883.992431640625,704.29833984375,791.454345703125,707.4149169921875
2151,14,1568048142005,0100,0540,887.2117309570312,676.4628295898438,79.51313018798828,89.45904541015625,139.1945037841797,788.6102905273438,656.54345703125,888.4052124023438,655.711669921875,884.1309814453125,704.2036743164062,791.454345703125,707.4149169921875
2152,14,1568048142019,0100,0540,887.2198486328125,676.3160400390625,79.80414581298828,89.41080474853516,140.5877227783203,788.6102905273438,656.54345703125,888.4052124023438,655.711669921875,884.1309814453125,704.2036743164062,791.454345703125,707.4149169921875
2153,14,1568048142031,0100,0540,887.24853515625,676.352783203125,79.23426055908203,89.1891098022461,139.67672729492188,788.6102905273438,656.54345703125,888.4052124023438,655.711669921875,883.9882202148438,704.2706298828125,791.454345703125,707.4149169921875
2154,14,1568048142043,0100,0540,887.0181884765625,676.379150390625,79.68266296386719,89.53663635253906,139.27377319335938,788.7044677734375,656.4404296875,888.4052124023438,655.711669921875,883.9882202148438,704.2706298828125,791.454345703125,707.4149169921875
2155,14,1568048142055,0100,0540,887.1389770507812,676.3524780273438,79.44612884521484,89.44145202636719,139.70584106445312,788.7044677734375,656.4404296875,888.4052124023438,655.711669921875,884.1309814453125,704.2036743164062,791.454345703125,707.4149169921875
2156,14,1568048142067,0100,0540,887.1062622070312,676.2555541992188,79.70799255371094,89.63440704345703,138.96495056152344,788.7044677734375,656.4404296875,888.4052124023438,655.711669921875,884.1612548828125,704.1612548828125,791.454345703125,707.4149169921875
2157,14,1568048142079,0100,0540,887.19873046875,676.3401489257812,79.50093078613281,89.41700744628906,139.3603515625,788.4949951171875,656.363525390625,888.3509521484375,655.6490478515625,884.1470336914062,704.1138305664062,791.1576538085938,707.0230102539062
2158,14,1568048142092,0100,0540,887.1605834960938,676.4442749023438,79.47395324707031,89.59815216064453,139.5951385498047,788.5960083007812,656.2599487304688,888.4564819335938,655.6334838867188,884.1470336914062,704.1138305664062,791.1576538085938,707.0230102539062
2159,14,1568048142105,0100,0540,887.2178344726562,676.241455078125,79.49388885498047,89.64762878417969,140.79324340820312,788.49755859375,656.1057739257812,888.4564819335938,655.6334838867188,884.1470336914062,704.1138305664062,791.6337890625,707.3341064453125
2160,14,1568048142116,0100,0540,887.1748657226562,676.3294677734375,79.61399841308594,89.38021087646484,140.21096801757812,788.49755859375,656.1057739257812,888.4564819335938,655.6334838867188,884.1470336914062,704.1138305664062,791.6337890625,707.3341064453125
2161,14,1568048142128,0100,0540,887.1461791992188,676.2604370117188,79.20106506347656,89.09521484375,139.3761444091797,788.5134887695312,656.329345703125,888.4019775390625,655.6937866210938,884.1380615234375,704.16552734375,791.1576538085938,707.0230102539062
2162,14,1568048142141,0100,0540,886.9395751953125,676.2115478515625,79.56480407714844,89.486328125,138.3045196533203,788.5134887695312,656.329345703125,888.4019775390625,655.6937866210938,884.1380615234375,704.16552734375,791.1576538085938,707.0230102539062
2163,14,1568048142154,0100,0540,886.9437866210938,676.283447265625,79.83444213867188,89.71357727050781,139.4170684814453,788.5134887695312,656.329345703125,888.4019775390625,655.6937866210938,884.1380615234375,704.16552734375,791.1576538085938,707.0230102539062
2164,14,1568048142168,0100,0540,887.1683959960938,676.2923583984375,79.54468536376953,89.38176727294922,139.91452026367188,788.5134887695312,656.329345703125,888.4019775390625,655.6937866210938,884.1380615234375,704.1234130859375,791.1576538085938,707.0230102539062
2165,14,1568048142181,0100,0540,887.2855224609375,676.3385009765625,79.40963745117188,89.23603057861328,140.60809326171875,788.6370849609375,656.4039306640625,888.3062133789062,655.5980224609375,884.1612548828125,704.1612548828125,791.1576538085938,707.0230102539062
2166,14,1568048142194,0100,0540,887.2442626953125,676.3931884765625,79.72225952148438,89.64323425292969,142.04061889648438,788.7044677734375,656.4404296875,888.5,655.6712036132812,884.1612548828125,704.1612548828125,791.5205688476562,707.268798828125
2167,14,1568048142205,0100,0540,887.1331787109375,676.3795776367188,79.61354064941406,89.41609954833984,140.59124755859375,788.7044677734375,656.4404296875,888.5,655.6712036132812,884.1612548828125,704.1612548828125,791.5205688476562,707.268798828125
2168,14,1568048142218,0100,0540,887.1702270507812,676.5473022460938,79.58547973632812,89.5345458984375,140.0555877685547,788.67041015625,656.3988037109375,888.5,655.6712036132812,884.1296997070312,704.2412719726562,791.78564453125,707.4802856445312
2169,14,1568048142230,0100,0540,887.4270629882812,676.5670166015625,79.24152374267578,89.40806579589844,140.7843017578125,788.733154296875,656.4932250976562,888.7587280273438,655.8703002929688,884.3617553710938,704.1463012695312,791.771484375,707.6331787109375
2170,14,1568048142241,0100,0540,888.0325317382812,676.608154296875,79.98812103271484,89.65473175048828,138.710205078125,789.0384521484375,656.6240234375,889.0,656.0,884.934326171875,704.263427734375,791.8489990234375,707.8896484375
2171,14,1568048142256,0100,0540,888.3136596679688,676.7740478515625,79.7843246459961,89.82522583007812,140.17178344726562,789.153076171875,656.652587890625,889.0694580078125,656.0,885.007568359375,704.29833984375,791.75537109375,708.1265869140625
2172,14,1568048142270,0100,0540,888.131103515625,676.8841552734375,79.90042877197266,89.861572265625,140.24232482910156,789.1436157226562,656.6427612304688,889.0694580078125,656.0,884.936767578125,704.4242553710938,791.9581298828125,708.0009155273438
2173,14,1568048142283,0100,0540,888.1007690429688,676.9699096679688,79.20292663574219,89.52754974365234,140.13131713867188,788.9403076171875,656.814208984375,889.1022338867188,656.1697998046875,884.7177124023438,704.6143798828125,792.0206909179688,707.9525756835938
2174,14,1568048142296,0100,0540,887.9257202148438,677.0598754882812,79.68694305419922,90.34821319580078,138.85206604003906,788.991943359375,656.9185791015625,889.1680908203125,656.1680908203125,884.587890625,704.639404296875,791.5101928710938,707.781982421875
2175,14,1568048142307,0100,0540,888.1251220703125,676.9351806640625,79.33832550048828,89.47069549560547,138.68409729003906,788.991943359375,656.9185791015625,889.1680908203125,656.1680908203125,884.6793212890625,704.7923583984375,791.5116577148438,707.79443359375
2176,14,1568048142319,0100,0540,888.1046752929688,677.0400390625,79.66219329833984,89.76691436767578,139.09814453125,788.991943359375,656.9185791015625,889.1680908203125,656.1680908203125,884.6793212890625,704.7923583984375,791.4613647460938,707.8916625976562
2177,14,1568048142333,0100,0540,888.017578125,676.932373046875,78.96666717529297,89.58015441894531,139.01373291015625,788.991943359375,656.9185791015625,889.1680908203125,656.1680908203125,884.587890625,704.639404296875,791.5101928710938,707.781982421875
2178,14,1568048142345,0100,0540,887.9017944335938,676.9352416992188,79.46269226074219,89.81741333007812,139.35296630859375,788.9403076171875,656.814208984375,889.0679321289062,656.0241088867188,884.5169067382812,704.5200805664062,791.8338623046875,708.0277099609375
2179,14,1568048142358,0100,0540,888.015625,676.9512939453125,79.2064437866211,89.64097595214844,139.4427032470703,788.9467163085938,656.8226318359375,889.0,656.0,884.5169067382812,704.5200805664062,791.7997436523438,707.997802734375
2180,14,1568048142370,0100,0540,887.9049682617188,676.9586791992188,79.80783081054688,89.6395034790039,139.14657592773438,788.829833984375,656.7689819335938,889.0,656.0,884.4622192382812,704.5377807617188,791.780029296875,707.9873657226562
2181,14,1568048142382,0100,0540,887.9253540039062,676.8271484375,79.22911834716797,89.52439880371094,140.4784698486328,788.829833984375,656.7689819335938,889.0,656.0,884.4622192382812,704.5377807617188,791.69091796875,707.8419799804688
2182,14,1568048142394,0100,0540,887.9271850585938,676.9935913085938,79.57763671875,90.1932601928711,141.18299865722656,788.829833984375,656.7689819335938,889.0,656.0,884.4292602539062,704.5,791.69091796875,707.8419799804688
2183,14,1568048142407,0100,0540,887.9745483398438,677.000732421875,79.52371978759766,89.57127380371094,140.76377868652344,788.829833984375,656.7689819335938,889.0,656.0,884.5169067382812,704.5200805664062,791.9186401367188,707.9679565429688
2184,14,1568048142419,0100,0540,887.9957275390625,677.0111694335938,79.79678344726562,89.625732421875,140.81251525878906,788.9403076171875,656.814208984375,889.0,656.0,884.5169067382812,704.5200805664062,791.8338623046875,708.0277099609375
2185,14,1568048142432,0100,0540,888.0988159179688,677.0693969726562,79.15130615234375,89.91181945800781,142.2553253173828,788.991943359375,656.9185791015625,889.1680908203125,656.1680908203125,884.6394653320312,704.5,792.1155395507812,707.9107666015625
2186,14,1568048142446,0100,0540,888.076171875,677.0830688476562,79.556884765625,89.745849609375,142.1994171142578,788.991943359375,656.9185791015625,889.1680908203125,656.1680908203125,884.6394653320312,704.5,792.1155395507812,707.9107666015625
2187,14,1568048142459,0100,0540,888.0751342773438,677.0601806640625,79.64958190917969,89.5197525024414,141.10484313964844,788.991943359375,656.9185791015625,889.1680908203125,656.1680908203125,884.6394653320312,704.5,792.067138671875,707.9368896484375
2188,14,1568048142473,0100,0540,888.0115356445312,677.0496215820312,79.7467041015625,90.4232406616211,140.6457061767578,788.991943359375,656.9185791015625,889.1680908203125,656.1680908203125,884.7177124023438,704.6143798828125,792.067138671875,707.9368896484375
2189,14,1568048142489,0100,0540,888.0964965820312,677.0059814453125,79.44417572021484,89.7964859008789,140.81460571289062,788.991943359375,656.9185791015625,889.1680908203125,656.1680908203125,884.587890625,704.639404296875,791.8338623046875,708.0277099609375
2190,14,1568048142503,0100,0540,888.0794677734375,677.0416870117188,79.43956756591797,89.85568237304688,141.27061462402344,788.9130859375,657.1065063476562,889.1680908203125,656.1680908203125,884.587890625,704.639404296875,791.94873046875,707.9773559570312
2191,14,1568048142517,0100,0540,887.9424438476562,677.0892944335938,79.52677154541016,90.07917022705078,142.07135009765625,788.9130859375,657.1065063476562,889.1116333007812,656.1925048828125,884.5169067382812,704.5200805664062,791.7783813476562,708.0731811523438
2192,14,1568048142530,0100,0540,887.9254150390625,677.1494140625,79.68506622314453,90.11343383789062,141.85971069335938,788.8670654296875,656.9470825195312,888.9320678710938,656.0241088867188,884.5169067382812,704.5200805664062,791.8338623046875,708.0277099609375
2193,14,1568048142544,0100,0540,887.9879150390625,677.1403198242188,79.51078033447266,90.28987121582031,141.64813232421875,788.9403076171875,656.814208984375,889.0,656.0,884.5169067382812,704.5200805664062,791.94873046875,707.9773559570312
2194,14,1568048142560,0100,0540,887.8255615234375,676.9921264648438,79.51082611083984,90.14266967773438,141.89564514160156,788.9403076171875,656.814208984375,889.0,656.0,884.5169067382812,704.5200805664062,791.94873046875,707.9773559570312
2195,14,1568048142574,0100,0540,887.8226928710938,676.9708251953125,79.37617492675781,90.03368377685547,141.92864990234375,788.9403076171875,656.814208984375,889.0,656.0,884.4292602539062,704.5,791.8916015625,707.9535522460938
2196,14,1568048142588,0100,0540,887.8548583984375,677.007080078125,79.41075134277344,90.15813446044922,142.2958526611328,788.8179321289062,656.7573852539062,888.9320678710938,655.9758911132812,884.4622192382812,704.5377807617188,791.8671875,707.94091796875
2197,14,1568048142602,0100,0540,888.0503540039062,677.0039672851562,79.29579162597656,89.88301086425781,140.7736053466797,788.9467163085938,656.8226318359375,888.9320678710938,655.9758911132812,884.5609130859375,704.5665893554688,791.7831420898438,707.9374389648438
2198,14,1568048142618,0100,0540,887.9378051757812,677.0949096679688,79.83037567138672,90.36573791503906,140.00186157226562,788.9403076171875,656.814208984375,888.9320678710938,655.9758911132812,884.6669311523438,704.5222778320312,791.7831420898438,707.9374389648438
2199,14,1568048142632,0100,0540,887.85009765625,676.8650512695312,79.78356170654297,90.6046371459961,140.79815673828125,788.8179321289062,656.7573852539062,888.8319091796875,655.8319091796875,884.7906494140625,704.4110107421875,791.853271484375,707.9205322265625
2200,14,1568048142647,0100,0540,887.8541259765625,676.93408203125,80.26071166992188,90.61103820800781,139.55612182617188,788.9403076171875,656.814208984375,889.0,656.0,884.6676635742188,704.4447631835938,791.9463500976562,708.0690307617188
2201,14,1568048142661,0100,0540,888.0131225585938,676.8885498046875,79.39458465576172,90.52169036865234,141.40200805664062,788.9403076171875,656.814208984375,889.0,656.0,884.5169067382812,704.5200805664062,792.0427856445312,707.9271850585938
2202,14,1568048142675,0100,0540,887.8966674804688,677.0346069335938,79.99407958984375,90.42710876464844,140.85496520996094,788.9403076171875,656.814208984375,889.0,656.0,884.5169067382812,704.5200805664062,791.94873046875,707.9773559570312
2203,14,1568048142688,0100,0540,887.9194946289062,677.209228515625,79.57594299316406,90.05863952636719,140.84495544433594,788.9130859375,657.1065063476562,889.1680908203125,656.1680908203125,884.587890625,704.639404296875,792.0786743164062,708.0692749023438
2204,14,1568048142702,0100,0540,887.978515625,677.2816162109375,79.76538848876953,90.08356475830078,142.19139099121094,788.9562377929688,657.1941528320312,889.1680908203125,656.1680908203125,884.587890625,704.639404296875,791.9392700195312,707.9852294921875
2205,14,1568048142715,0100,0540,887.9825439453125,677.3074951171875,79.73947143554688,89.95157623291016,141.67300415039062,788.9278564453125,657.0697021484375,889.0,656.2064208984375,884.7570190429688,704.7271728515625,791.88671875,708.0601806640625
2206,14,1568048142730,0100,0540,887.8903198242188,677.3346557617188,79.98478698730469,90.43585205078125,141.1719970703125,788.921142578125,657.0595703125,889.0,656.2064208984375,884.6726684570312,704.8199462890625,791.88671875,708.0601806640625
2207,14,1568048142745,0100,0540,887.882080078125,677.3795776367188,80.05420684814453,90.49201202392578,140.66598510742188,788.931396484375,657.113037109375,888.8897094726562,656.3230590820312,884.6726684570312,704.8199462890625,791.9801635742188,708.0386352539062
2208,14,1568048142761,0100,0540,887.9144897460938,677.3693237304688,79.90875244140625,90.77055358886719,141.40664672851562,788.931396484375,657.113037109375,888.9017333984375,656.4098510742188,884.6726684570312,704.8199462890625,791.9801635742188,708.0386352539062
2209,14,1568048142775,0100,0540,888.0465087890625,677.4259033203125,79.76138305664062,90.00804138183594,142.19387817382812,788.8765258789062,657.2382202148438,888.9017333984375,656.4098510742188,884.6726684570312,704.8199462890625,791.9801635742188,708.0386352539062
2210,14,1568048142789,0100,0540,887.8267822265625,677.4986572265625,80.44985961914062,90.92355346679688,139.91102600097656,788.8765258789062,657.2382202148438,888.9017333984375,656.4098510742188,884.6726684570312,704.8199462890625,791.9801635742188,708.0386352539062
2211,14,1568048142803,0100,0540,888.1221923828125,677.5144653320312,79.94226837158203,90.07510375976562,143.656982421875,788.8765258789062,657.2382202148438,888.9017333984375,656.4098510742188,884.6726684570312,704.8199462890625,791.9801635742188,708.0386352539062
2212,14,1568048142816,0100,0540,887.9977416992188,677.5060424804688,79.67772674560547,90.41080474853516,142.4470977783203,788.8765258789062,657.2382202148438,889.0,656.279296875,884.6726684570312,704.8199462890625,791.9801635742188,708.0386352539062
2213,14,1568048142829,0100,0540,888.0055541992188,677.4550170898438,79.4362564086914,90.34490966796875,142.2196807861328,788.8765258789062,657.2382202148438,888.9017333984375,656.4098510742188,884.6726684570312,704.8199462890625,791.9801635742188,708.0386352539062
2214,14,1568048142842,0100,0540,887.94775390625,677.7115478515625,80.09983825683594,90.48480224609375,142.66058349609375,788.8765258789062,657.2382202148438,888.9017333984375,656.4098510742188,884.6726684570312,704.8199462890625,791.9801635742188,708.0386352539062
2215,14,1568048142856,0100,0540,887.8806762695312,677.5257568359375,80.16035461425781,90.3075942993164,143.58139038085938,788.8765258789062,657.2382202148438,888.9017333984375,656.4098510742188,884.70166015625,705.007568359375,791.988525390625,708.1925048828125
2216,14,1568048142869,0100,0540,887.9037475585938,677.6099853515625,80.16078186035156,90.55455780029297,142.98045349121094,788.8765258789062,657.2382202148438,888.9017333984375,656.4098510742188,884.70166015625,705.007568359375,791.988525390625,708.1925048828125
2217,14,1568048142883,0100,0540,887.942138671875,677.495361328125,79.8448715209961,90.36910247802734,141.66021728515625,788.8765258789062,657.2382202148438,888.9017333984375,656.4098510742188,884.70166015625,705.007568359375,792.1658935546875,708.365966796875
2218,14,1568048142897,0100,0540,888.0408935546875,677.5263061523438,80.3268814086914,90.54122924804688,142.4955596923828,788.8765258789062,657.2382202148438,888.9017333984375,656.4098510742188,884.7587280273438,704.8703002929688,792.0874633789062,708.2120971679688
2219,14,1568048142911,0100,0540,887.9923095703125,677.4778442382812,79.72313690185547,90.20875549316406,141.53646850585938,788.8765258789062,657.2382202148438,888.9017333984375,656.4098510742188,884.7587280273438,704.8703002929688,791.988525390625,708.1925048828125
2220,14,1568048142924,0100,0540,887.9766845703125,677.3414916992188,80.47051239013672,90.36825561523438,140.74070739746094,788.8765258789062,657.2382202148438,888.9017333984375,656.4098510742188,884.7587280273438,704.8703002929688,791.9992065429688,707.9705200195312
2221,14,1568048142939,0100,0540,888.0794067382812,677.5143432617188,79.65705871582031,90.55630493164062,141.4518280029297,789.0016479492188,657.173583984375,889.0,656.279296875,884.7587280273438,704.8703002929688,792.016357421875,708.2349243164062
2222,14,1568048142954,0100,0540,888.1143188476562,677.6726684570312,80.19508361816406,90.56544494628906,142.17974853515625,789.0016479492188,657.173583984375,889.10546875,656.2197265625,884.7587280273438,704.8703002929688,792.2078247070312,708.301513671875
2223,14,1568048142968,0100,0540,888.1715698242188,677.581298828125,79.9891357421875,90.68803405761719,142.008544921875,789.0016479492188,657.173583984375,889.2659301757812,656.2975463867188,884.735107421875,704.9008178710938,792.016357421875,708.2349243164062
2224,14,1568048142982,0100,0540,888.2012939453125,677.5121459960938,79.97730255126953,90.64604949951172,141.64041137695312,789.2957763671875,657.1853637695312,889.1612548828125,656.1612548828125,884.9008178710938,704.735107421875,792.0518798828125,708.0590209960938
2225,14,1568048142996,0100,0540,888.2313842773438,677.5301513671875,79.85420989990234,90.67264556884766,142.084716796875,789.3065185546875,657.1668701171875,889.1612548828125,656.1612548828125,884.8703002929688,704.7587280273438,792.0518798828125,708.0590209960938
2226,14,1568048143009,0100,0540,888.2378540039062,677.516845703125,79.89532470703125,90.86951446533203,142.27545166015625,789.1578979492188,657.1123657226562,889.1612548828125,656.1612548828125,885.007568359375,704.70166015625,792.0518798828125,708.0590209960938
2227,14,1568048143026,0100,0540,888.3204956054688,677.4152221679688,79.80496978759766,90.4605712890625,140.0362091064453,789.3065185546875,657.1668701171875,889.1612548828125,656.1612548828125,885.007568359375,704.70166015625,791.9989013671875,708.0008544921875
2228,14,1568048143044,0100,0540,888.1868286132812,677.3125,79.879150390625,90.2037353515625,140.7245330810547,789.1578979492188,657.1123657226562,889.1470336914062,656.1138305664062,885.007568359375,704.70166015625,791.9989013671875,708.0008544921875
2229,14,1568048143061,0100,0540,888.193115234375,677.2564086914062,80.01720428466797,90.26487731933594,141.08091735839844,789.1578979492188,657.1123657226562,889.1470336914062,656.1138305664062,885.007568359375,704.70166015625,791.9989013671875,708.0008544921875
2230,14,1568048143074,0100,0540,888.1226806640625,677.341552734375,80.04046630859375,90.74923706054688,142.13211059570312,789.1578979492188,657.1123657226562,889.1470336914062,656.1138305664062,885.007568359375,704.70166015625,791.9392700195312,707.9852294921875
2231,14,1568048143087,0100,0540,888.2694702148438,677.34912109375,79.92608642578125,89.94340515136719,141.8365020751953,789.1470336914062,657.1467895507812,889.1470336914062,656.1138305664062,885.007568359375,704.70166015625,791.9392700195312,707.9852294921875
2232,14,1568048143100,0100,0540,887.953857421875,677.314453125,79.84708404541016,90.32027435302734,141.49136352539062,789.0077514648438,657.1375732421875,889.1022338867188,656.1697998046875,884.8886108398438,704.7810668945312,791.9392700195312,707.9852294921875
2233,14,1568048143113,0100,0540,888.0010986328125,677.2658081054688,79.7490005493164,90.55609130859375,140.76654052734375,788.925537109375,657.1607666015625,889.1680908203125,656.1680908203125,884.587890625,704.639404296875,791.9392700195312,707.9852294921875
2234,14,1568048143127,0100,0540,888.0697631835938,677.3735961914062,79.7861099243164,90.68329620361328,141.518310546875,788.925537109375,657.1607666015625,889.1680908203125,656.1680908203125,884.587890625,704.639404296875,791.9392700195312,707.9852294921875
2235,14,1568048143140,0100,0540,888.07763671875,677.30712890625,79.83263397216797,90.1015853881836,141.89161682128906,788.9182739257812,657.2003173828125,889.1680908203125,656.1680908203125,884.587890625,704.639404296875,791.9392700195312,707.9852294921875
2236,14,1568048143153,0100,0540,888.0818481445312,677.3948974609375,79.9354248046875,90.37198638916016,141.21939086914062,788.9182739257812,657.2003173828125,889.1680908203125,656.1680908203125,884.587890625,704.639404296875,791.9392700195312,707.9852294921875
2237,14,1568048143166,0100,0540,888.0835571289062,677.2125244140625,79.48321533203125,89.96284484863281,141.8734893798828,788.9278564453125,657.0697021484375,889.1680908203125,656.1680908203125,884.587890625,704.639404296875,791.9392700195312,707.9852294921875
2238,14,1568048143179,0100,0540,888.0431518554688,677.3267822265625,79.77012634277344,90.59539794921875,141.18585205078125,788.921142578125,657.0595703125,889.1697998046875,656.1022338867188,884.7578125,704.8408203125,791.9392700195312,707.9852294921875
2239,14,1568048143191,0100,0540,888.17041015625,677.3827514648438,79.51213073730469,90.41975402832031,141.07411193847656,788.931396484375,657.113037109375,889.0992431640625,656.0992431640625,884.7578125,704.8408203125,791.9392700195312,707.9852294921875
2240,14,1568048143204,0100,0540,888.0985717773438,677.423095703125,79.77273559570312,90.62519836425781,141.94842529296875,789.0071411132812,657.150146484375,889.0992431640625,656.0992431640625,884.7578125,704.8408203125,791.9392700195312,707.9852294921875
2241,14,1568048143218,0100,0540,888.298583984375,677.5278930664062,79.41993713378906,89.88953399658203,141.69888305664062,789.0016479492188,657.173583984375,889.1612548828125,656.1612548828125,884.735107421875,704.9008178710938,791.9989013671875,708.0008544921875
2242,14,1568048143231,0100,0540,888.1401977539062,677.6035766601562,79.69771575927734,90.25604248046875,141.3387451171875,789.0016479492188,657.173583984375,889.1917114257812,656.3717041015625,884.735107421875,704.9008178710938,792.2254638671875,708.1929321289062
2243,14,1568048143243,0100,0540,888.434814453125,677.6234130859375,79.22833251953125,89.70748901367188,141.01771545410156,789.2192993164062,657.3385620117188,889.1917114257812,656.3717041015625,884.735107421875,704.9008178710938,792.3851928710938,708.3204956054688
2244,14,1568048143256,0100,0540,888.35302734375,677.6748046875,79.7237319946289,90.0995101928711,139.7365264892578,789.3638916015625,657.2811889648438,889.1917114257812,656.3717041015625,884.735107421875,704.9008178710938,792.3851928710938,708.3204956054688
2245,14,1568048143268,0100,0540,888.0403442382812,677.7235107421875,79.76262664794922,90.5824966430664,141.66944885253906,789.1987915039062,657.447509765625,889.13330078125,656.4577026367188,884.74365234375,704.9529418945312,792.36376953125,708.4349365234375
2246,14,1568048143281,0100,0540,888.1640625,677.7025146484375,79.88516235351562,90.84132385253906,141.63816833496094,789.1987915039062,657.447509765625,889.13330078125,656.4577026367188,884.7730712890625,704.9199829101562,792.4496459960938,708.3796997070312
2247,14,1568048143293,0100,0540,888.1130981445312,677.7382202148438,80.03068542480469,90.42581176757812,142.3551025390625,789.1987915039062,657.447509765625,889.13330078125,656.4577026367188,884.7730712890625,704.9199829101562,792.4496459960938,708.3796997070312
2248,14,1568048143305,0100,0540,888.1368408203125,677.8388671875,80.16956329345703,90.51173400878906,142.13946533203125,789.1987915039062,657.447509765625,889.13330078125,656.4577026367188,884.7802734375,704.89453125,792.4496459960938,708.3796997070312
2249,14,1568048143317,0100,0540,888.0960083007812,677.9054565429688,79.31090545654297,90.22637939453125,140.78262329101562,789.1987915039062,657.447509765625,889.063232421875,656.5757446289062,884.720703125,705.0,792.3305053710938,708.4815063476562
2250,14,1568048143329,0100,0540,888.0839233398438,677.9705810546875,79.37894439697266,90.67279815673828,141.6470184326172,789.1987915039062,657.447509765625,889.063232421875,656.5757446289062,884.7120361328125,704.9512329101562,792.3305053710938,708.4815063476562
2251,15,1568048159340,0386,0540,859.0899047851562,673.272216796875,80.1356430053711,87.18580627441406,127.55059051513672,777.0,654.0,872.8886108398438,653.7810668945312,868.3204345703125,701.8729858398438,783.5,702.0
2252,15,1568048159355,0386,0540,859.0305786132812,673.1521606445312,80.15559387207031,87.117431640625,127.1860580444336,777.0,654.0,872.8886108398438,653.7810668945312,868.3204345703125,701.8729858398438,783.5,702.0
2253,15,1568048159372,0386,0540,858.92919921875,673.3006591796875,79.79512023925781,86.98712158203125,126.61278533935547,777.1022338867188,654.1697998046875,872.8886108398438,653.7810668945312,868.3204345703125,701.8729858398438,783.5,702.0
2254,15,1568048159385,0386,0540,859.0308227539062,673.2573852539062,80.33445739746094,87.04898834228516,128.30738830566406,777.1022338867188,654.1697998046875,872.8895874023438,653.8023681640625,868.2907104492188,701.8490600585938,783.5006103515625,701.9464721679688
2255,15,1568048159398,0386,0540,859.1910400390625,673.3967895507812,80.26729583740234,87.20553588867188,126.2066421508789,777.2178955078125,654.2501220703125,873.0386962890625,653.7791137695312,868.3726806640625,701.9476318359375,783.5,702.277587890625
2256,15,1568048159410,0386,0540,859.0790405273438,673.3314208984375,80.47379302978516,87.40210723876953,124.01814270019531,777.2178955078125,654.2501220703125,872.9105224609375,653.856689453125,868.5,701.9945678710938,783.5,702.277587890625
2257,15,1568048159421,0386,0540,859.1060180664062,673.4962158203125,80.12000274658203,87.27850341796875,125.44042205810547,777.2178955078125,654.2501220703125,872.7526245117188,653.9268188476562,868.5,701.9945678710938,783.5,702.277587890625
2258,15,1568048159432,0386,0540,859.0938720703125,673.45556640625,80.5385971069336,87.255615234375,125.91730499267578,777.2178955078125,654.2501220703125,872.74365234375,653.9529418945312,868.5,701.9945678710938,783.5,702.277587890625
2259,15,1568048159444,0386,0540,859.0228271484375,673.4954833984375,80.20899963378906,87.38751220703125,124.26115417480469,777.1822509765625,654.3026123046875,872.74365234375,653.9529418945312,868.3726806640625,701.9476318359375,783.323974609375,702.143798828125
2260,15,1568048159458,0386,0540,858.9174194335938,673.3309936523438,80.76959228515625,87.6396255493164,125.13318634033203,777.1695556640625,654.2457885742188,872.74365234375,653.9529418945312,868.3726806640625,701.9476318359375,783.323974609375,702.143798828125
2261,15,1568048159471,0386,0540,859.0859375,673.5694580078125,80.55541229248047,87.43362426757812,126.90858459472656,777.2766723632812,654.2422485351562,872.74365234375,653.9529418945312,868.29833984375,702.007568359375,783.323974609375,702.143798828125
2262,15,1568048159485,0386,0540,858.7017822265625,673.467529296875,81.12935638427734,88.00425720214844,124.30400085449219,777.2766723632812,654.2422485351562,872.74365234375,653.9529418945312,868.29833984375,702.007568359375,783.323974609375,702.143798828125
2263,15,1568048159499,0386,0540,858.8342895507812,673.4476928710938,81.030029296875,87.79869842529297,126.11016082763672,776.8464965820312,654.1740112304688,872.7730712890625,653.9199829101562,868.29833984375,702.007568359375,783.323974609375,702.143798828125
2264,15,1568048159514,0386,0540,858.9434204101562,673.3628540039062,81.22190856933594,87.71372985839844,127.15315246582031,776.8787231445312,654.1987915039062,872.7730712890625,653.9199829101562,868.29833984375,702.007568359375,783.323974609375,702.143798828125
2265,15,1568048159527,0386,0540,858.93017578125,673.5440673828125,80.48716735839844,87.61369323730469,127.36519622802734,776.9743041992188,654.2944946289062,872.7802734375,653.89453125,868.29833984375,702.007568359375,783.323974609375,702.143798828125
2266,15,1568048159539,0386,0540,858.945556640625,673.5573120117188,81.179443359375,87.58452606201172,125.83255767822266,777.1902465820312,654.3882446289062,872.7802734375,653.89453125,868.29833984375,702.007568359375,783.323974609375,702.143798828125
2267,15,1568048159550,0386,0540,858.9127807617188,673.627197265625,80.9399642944336,87.27537536621094,126.89970397949219,777.0125122070312,654.4692993164062,872.7802734375,653.89453125,868.29833984375,702.007568359375,783.323974609375,702.143798828125
2268,15,1568048159561,0386,0540,858.9213256835938,673.7440795898438,81.11160278320312,88.03241729736328,126.78912353515625,777.0,654.5,872.720703125,654.0,868.2879638671875,701.9512329101562,783.416748046875,702.2376098632812
2269,15,1568048159573,0386,0540,858.9610595703125,673.7028198242188,81.31043243408203,87.8935546875,125.85456085205078,777.0,654.5,872.720703125,654.0,868.2879638671875,701.9512329101562,783.56884765625,702.3675537109375
2270,15,1568048159586,0386,0540,858.7861328125,673.6676635742188,81.56629180908203,88.50630950927734,125.24718475341797,777.0,654.5,872.720703125,654.0,868.3726806640625,702.0523681640625,783.56884765625,702.3675537109375
2271,15,1568048159599,0386,0540,858.9913940429688,673.924072265625,81.2886734008789,87.9764633178711,125.2394027709961,777.1177368164062,654.5415649414062,872.951416015625,654.2927856445312,868.3726806640625,702.0523681640625,783.56884765625,702.3675537109375
2272,15,1568048159611,0386,0540,858.9229125976562,673.8565673828125,81.33934783935547,88.00595092773438,126.40459442138672,777.2293701171875,654.6942749023438,872.9105224609375,654.143310546875,868.3726806640625,702.0523681640625,783.56884765625,702.3675537109375
2273,15,1568048159622,0386,0540,859.0105590820312,673.9883422851562,81.4743423461914,88.16018676757812,125.6324691772461,777.2178955078125,654.7498779296875,872.934326171875,654.2258911132812,868.3726806640625,702.0523681640625,783.560546875,702.5145874023438
2274,15,1568048159634,0386,0540,859.0114135742188,673.923583984375,81.52613067626953,88.2174301147461,126.03788757324219,777.21240234375,654.7018432617188,872.9376220703125,654.3047485351562,868.5628051757812,702.341796875,783.560546875,702.5145874023438
2275,15,1568048159647,0386,0540,859.005615234375,674.2816772460938,81.3422622680664,88.45733642578125,126.88150787353516,777.21240234375,654.7018432617188,872.9376220703125,654.3047485351562,868.4334106445312,702.4390869140625,783.676025390625,702.856201171875
2276,15,1568048159660,0386,0540,859.0042724609375,674.3198852539062,81.54834747314453,88.73667907714844,126.00447082519531,777.0919189453125,654.8297119140625,872.936767578125,654.4242553710938,868.4622192382812,702.5377807617188,783.676025390625,702.856201171875
2277,15,1568048159672,0386,0540,858.9367065429688,674.2702026367188,81.6555404663086,88.50755310058594,127.09009552001953,777.0919189453125,654.8297119140625,872.936767578125,654.4242553710938,868.4622192382812,702.5377807617188,783.676025390625,702.856201171875
2278,15,1568048159684,0386,0540,858.9639282226562,674.2738037109375,81.49722290039062,88.36565399169922,127.9560775756836,777.0919189453125,654.8297119140625,872.936767578125,654.4242553710938,868.4622192382812,702.5377807617188,783.676025390625,702.856201171875
2279,15,1568048159697,0386,0540,858.9385986328125,674.3175659179688,81.44001770019531,88.61546325683594,126.47185516357422,777.0798950195312,654.962646484375,872.936767578125,654.4242553710938,868.4622192382812,702.5377807617188,783.676025390625,702.856201171875
2280,15,1568048159711,0386,0540,858.8582763671875,674.3736572265625,81.98797607421875,88.68122863769531,126.99036407470703,777.0277709960938,654.968994140625,872.936767578125,654.4242553710938,868.4622192382812,702.5377807617188,783.676025390625,702.856201171875
2281,15,1568048159724,0386,0540,858.9276733398438,674.402587890625,81.25440216064453,88.75341796875,129.1744842529297,777.0798950195312,654.962646484375,873.008544921875,654.5,868.5,702.5,783.676025390625,702.856201171875
2282,15,1568048159737,0386,0540,859.1041870117188,674.4625854492188,82.29183959960938,89.1212158203125,126.74091339111328,777.0798950195312,654.962646484375,872.947998046875,654.5008544921875,868.5,702.5,783.676025390625,702.856201171875
2283,15,1568048159750,0386,0540,859.0821533203125,674.57470703125,82.2927474975586,88.96443176269531,127.40692138671875,777.2022705078125,654.9519653320312,872.9776611328125,654.5687866210938,868.5260009765625,702.6099853515625,783.6904907226562,702.896728515625
2284,15,1568048159764,0386,0540,859.0618896484375,674.5599975585938,82.26806640625,89.4679183959961,128.02503967285156,777.2022705078125,654.9519653320312,872.9776611328125,654.5687866210938,868.4867553710938,702.5643920898438,783.6904907226562,702.896728515625
2285,15,1568048159777,0386,0540,858.9464111328125,674.281005859375,81.75513458251953,89.04349517822266,129.19415283203125,777.2022705078125,654.9519653320312,873.0365600585938,654.5714111328125,868.4666137695312,702.4666137695312,783.6904907226562,702.896728515625
2286,15,1568048159790,0386,0540,858.9755249023438,674.4598388671875,82.93894958496094,89.53518676757812,125.81136322021484,777.2022705078125,654.9519653320312,873.0365600585938,654.5714111328125,868.4666137695312,702.4666137695312,783.6904907226562,702.896728515625
2287,15,1568048159803,0386,0540,859.0109252929688,674.5845336914062,82.3846664428711,89.48790740966797,127.36514282226562,777.2022705078125,654.9519653320312,873.0365600585938,654.5714111328125,868.6099853515625,702.5260009765625,783.676025390625,702.856201171875
2288,15,1568048159815,0386,0540,858.9635620117188,674.60205078125,82.894775390625,89.46273040771484,128.27610778808594,777.2022705078125,654.9519653320312,873.0365600585938,654.5714111328125,868.5,702.5,783.676025390625,702.856201171875
2289,15,1568048159828,0386,0540,858.9872436523438,674.6449584960938,82.8727035522461,89.59996795654297,127.68531799316406,777.2022705078125,654.9519653320312,873.0365600585938,654.5714111328125,868.6099853515625,702.5260009765625,783.676025390625,702.856201171875
2290,15,1568048159840,0386,0540,859.0452880859375,674.6077270507812,83.08527374267578,89.74945831298828,125.86830139160156,777.2022705078125,654.9519653320312,873.0365600585938,654.5714111328125,868.5643920898438,702.4867553710938,783.676025390625,702.856201171875
2291,15,1568048159852,0386,0540,858.9988403320312,674.6090087890625,82.62101745605469,89.79671478271484,127.04512023925781,777.2022705078125,654.9519653320312,873.0365600585938,654.5714111328125,868.5643920898438,702.4867553710938,783.7603149414062,702.9200439453125
2292,15,1568048159866,0386,0540,858.9962768554688,674.5970458984375,82.78053283691406,89.9883041381836,127.64923858642578,777.2473754882812,655.0731811523438,873.063232421875,654.5757446289062,868.6160278320312,702.6160278320312,783.7797241210938,702.9537353515625
2293,15,1568048159880,0386,0540,859.0955200195312,674.7647705078125,82.3927001953125,89.0641860961914,126.68980407714844,777.312744140625,655.20068359375,873.063232421875,654.5757446289062,868.6160278320312,702.6160278320312,783.790283203125,702.9205322265625
2294,15,1568048159893,0386,0540,859.14990234375,674.7774658203125,82.33970642089844,89.3193588256836,127.06822204589844,777.312744140625,655.20068359375,873.0623779296875,654.6952514648438,868.6160278320312,702.6160278320312,783.790283203125,702.9205322265625
2295,15,1568048159905,0386,0540,859.1777954101562,674.7627563476562,82.7230224609375,89.4836654663086,127.88508605957031,777.312744140625,655.20068359375,872.992431640625,654.70166015625,868.6382446289062,702.8536987304688,783.790283203125,702.9205322265625
2296,15,1568048159918,0386,0540,859.1173706054688,674.8828125,82.9134521484375,89.39042663574219,127.93692779541016,777.4296264648438,655.24072265625,872.992431640625,654.70166015625,868.6726684570312,702.8199462890625,783.790283203125,702.9205322265625
2297,15,1568048159930,0386,0540,859.0741577148438,674.9088745117188,83.01657104492188,89.38050079345703,127.63060760498047,777.4296264648438,655.24072265625,872.9757080078125,654.72705078125,868.6726684570312,702.8199462890625,783.790283203125,702.9205322265625
2298,15,1568048159943,0386,0540,859.1292724609375,675.0526123046875,83.0393295288086,89.86414337158203,129.0491180419922,777.4296264648438,655.24072265625,873.0894775390625,654.856689453125,868.6726684570312,702.8199462890625,783.790283203125,702.9205322265625
2299,15,1568048159956,0386,0540,859.1278076171875,675.0775756835938,83.01483154296875,89.5751953125,130.3534393310547,777.4296264648438,655.24072265625,873.0369873046875,654.8139038085938,868.6726684570312,702.8199462890625,783.819580078125,702.9993896484375
2300,15,1568048159969,0386,0540,858.990478515625,674.9522705078125,83.08534240722656,90.4845199584961,128.547607421875,777.4296264648438,655.24072265625,873.0894775390625,654.856689453125,868.6726684570312,702.8199462890625,783.819580078125,702.9993896484375
2301,15,1568048159982,0386,0540,859.0665283203125,674.906982421875,82.82025146484375,89.71131896972656,130.64865112304688,777.4296264648438,655.24072265625,873.1903076171875,654.862060546875,868.6726684570312,702.8199462890625,783.819580078125,702.9993896484375
2302,15,1568048159995,0386,0540,859.142333984375,675.0015258789062,82.97291564941406,89.74440002441406,129.28492736816406,777.4296264648438,655.24072265625,873.1903076171875,654.862060546875,868.6726684570312,702.8199462890625,783.819580078125,702.9993896484375
2303,15,1568048160010,0386,0540,858.9578857421875,675.0643310546875,83.16787719726562,89.923828125,129.74935913085938,777.4296264648438,655.24072265625,873.1903076171875,654.862060546875,868.6726684570312,702.8199462890625,783.819580078125,702.9993896484375
2304,15,1568048160023,0386,0540,859.0663452148438,675.0182495117188,82.83161163330078,90.21192932128906,129.9149627685547,777.4373168945312,655.2521362304688,873.0369873046875,654.8139038085938,868.7587280273438,702.8703002929688,783.819580078125,702.9993896484375
2305,15,1568048160037,0386,0540,859.2017822265625,675.274658203125,82.65174865722656,89.24832916259766,130.2158966064453,777.4373168945312,655.2521362304688,873.0369873046875,654.8139038085938,868.7587280273438,702.8703002929688,783.7750244140625,703.0029296875
2306,15,1568048160050,0386,0540,859.1007690429688,675.0127563476562,82.91639709472656,89.94898223876953,129.58123779296875,777.4000854492188,655.2211303710938,873.221435546875,654.9651489257812,868.70166015625,703.007568359375,783.7750244140625,703.0029296875
2307,15,1568048160062,0386,0540,859.0872802734375,675.0750732421875,83.09698486328125,90.0557861328125,130.27203369140625,777.5,655.2513427734375,873.279296875,655.0,868.720703125,703.0,783.7936401367188,703.4013671875
2308,15,1568048160075,0386,0540,859.0350952148438,675.067626953125,83.23526763916016,89.87303161621094,131.10255432128906,777.3973999023438,655.4010620117188,873.279296875,655.0,868.7120361328125,702.9512329101562,783.7936401367188,703.4013671875
2309,15,1568048160087,0386,0540,859.1311645507812,675.1575927734375,83.1985855102539,90.1286392211914,129.05564880371094,777.5,655.5,873.2197265625,655.10546875,868.7120361328125,702.9512329101562,783.7936401367188,703.4013671875
2310,15,1568048160100,0386,0540,859.26123046875,675.2772216796875,83.38964080810547,90.49918365478516,129.8821258544922,777.4851684570312,655.6153564453125,873.2197265625,655.10546875,868.7120361328125,702.9512329101562,783.7936401367188,703.4013671875
2311,15,1568048160113,0386,0540,859.1333618164062,675.4765625,82.92575073242188,90.00166320800781,129.65806579589844,777.5,655.7486572265625,873.2269287109375,655.0800170898438,868.736572265625,703.065673828125,784.023193359375,703.3432006835938
2312,15,1568048160128,0386,0540,859.2354125976562,675.5877075195312,84.0377426147461,90.28812408447266,127.33597564697266,777.3887939453125,655.7960205078125,873.264892578125,655.0991821289062,868.7955322265625,703.2044677734375,784.023193359375,703.3432006835938
2313,15,1568048160141,0386,0540,859.125244140625,675.4580078125,83.60242462158203,89.74586486816406,128.8109130859375,777.3887939453125,655.7960205078125,873.264892578125,655.0991821289062,868.934326171875,703.263427734375,784.0421142578125,703.4472045898438
2314,15,1568048160154,0386,0540,859.3695068359375,675.5195922851562,83.18120574951172,89.86575317382812,129.47914123535156,777.3514404296875,655.760009765625,873.3617553710938,655.1463012695312,868.8886108398438,703.2189331054688,784.0865478515625,703.5389404296875
2315,15,1568048160167,0386,0540,859.24853515625,675.6630859375,83.16383361816406,89.7357177734375,131.222900390625,777.3514404296875,655.760009765625,873.38916015625,655.3276977539062,868.8261108398438,703.3447875976562,784.0865478515625,703.5389404296875
2316,15,1568048160181,0386,0540,859.047607421875,675.7095336914062,83.26937866210938,90.13490295410156,130.00973510742188,777.3514404296875,655.760009765625,873.38916015625,655.3276977539062,868.8261108398438,703.3447875976562,784.0865478515625,703.5389404296875
2317,15,1568048160194,0386,0540,859.3211669921875,675.6825561523438,83.2471694946289,89.77616119384766,130.84397888183594,777.39208984375,655.7161254882812,873.38916015625,655.3276977539062,868.8261108398438,703.3447875976562,784.2063598632812,703.5986328125
2318,15,1568048160207,0386,0540,859.2462158203125,675.637939453125,83.60386657714844,90.31671905517578,130.6006622314453,777.39208984375,655.7161254882812,873.38916015625,655.3276977539062,868.936767578125,703.4242553710938,784.2063598632812,703.5986328125
2319,15,1568048160220,0386,0540,859.3744506835938,675.7797241210938,83.17207336425781,90.06681060791016,131.37936401367188,777.39208984375,655.7161254882812,873.38916015625,655.3276977539062,868.936767578125,703.4242553710938,784.2063598632812,703.5986328125
2320,15,1568048160233,0386,0540,859.4375610351562,675.7222900390625,83.30303955078125,90.02832794189453,130.9914093017578,777.39208984375,655.7161254882812,873.38916015625,655.3276977539062,868.936767578125,703.4242553710938,784.2063598632812,703.5986328125
2321,15,1568048160245,0386,0540,859.31982421875,675.7325439453125,83.1969223022461,90.0369873046875,131.20526123046875,777.39208984375,655.7161254882812,873.26416015625,655.3713989257812,868.936767578125,703.4242553710938,784.2063598632812,703.5986328125
2322,15,1568048160258,0386,0540,859.403564453125,675.6834716796875,83.45423126220703,89.90251922607422,131.15472412109375,777.5,655.799072265625,873.3605346679688,655.5,868.87890625,703.5,784.1610717773438,703.70703125
2323,15,1568048160271,0386,0540,859.2730102539062,675.6961059570312,83.19551086425781,90.19327545166016,131.42498779296875,777.5415649414062,655.8822631835938,873.26416015625,655.6286010742188,868.8668823242188,703.5370483398438,784.0711669921875,703.8659057617188
2324,15,1568048160284,0386,0540,859.1412963867188,675.9071044921875,83.5296630859375,90.1109848022461,131.5459747314453,777.5415649414062,655.8822631835938,873.26416015625,655.6286010742188,868.9476318359375,703.6273193359375,784.0711669921875,703.8659057617188
2325,15,1568048160297,0386,0540,859.2034912109375,675.7538452148438,83.3265380859375,90.10958099365234,130.6329345703125,777.5415649414062,655.8822631835938,873.1738891601562,655.6552124023438,868.87890625,703.5,783.9550170898438,703.7804565429688
2326,15,1568048160312,0386,0540,859.16650390625,675.6317749023438,83.62293243408203,90.47308349609375,132.4788360595703,777.39208984375,655.7161254882812,872.991455078125,655.5,868.658203125,703.4371948242188,783.8543701171875,703.8401489257812
2327,15,1568048160325,0386,0540,859.1537475585938,675.7620849609375,83.48436737060547,90.41193389892578,129.75344848632812,777.3400268554688,655.841552734375,872.991455078125,655.5,868.5169067382812,703.5200805664062,783.8543701171875,703.8401489257812
2328,15,1568048160339,0386,0540,859.1012573242188,675.65087890625,83.5918960571289,90.52954864501953,130.9127960205078,777.4296264648438,655.75927734375,873.0223388671875,655.4312133789062,868.5609130859375,703.5665893554688,783.80078125,703.799560546875
2329,15,1568048160352,0386,0540,859.0825805664062,675.7062377929688,83.3746337890625,90.3028335571289,130.0515594482422,777.312744140625,655.79931640625,873.0623779296875,655.3047485351562,868.4622192382812,703.5377807617188,783.80078125,703.799560546875
2330,15,1568048160364,0386,0540,858.9884033203125,675.6142578125,83.56504821777344,90.65489959716797,131.7689971923828,777.312744140625,655.79931640625,873.0,655.3131713867188,868.4622192382812,703.5377807617188,783.7156982421875,703.7156982421875
2331,15,1568048160378,0386,0540,859.129638671875,675.7498168945312,83.58880615234375,90.3757095336914,130.99859619140625,777.312744140625,655.79931640625,873.0,655.3131713867188,868.4622192382812,703.5377807617188,783.650146484375,703.650146484375
2332,15,1568048160392,0386,0540,859.0477294921875,675.6964111328125,83.47132873535156,90.5330581665039,130.4343719482422,777.312744140625,655.79931640625,873.0,655.3131713867188,868.5687255859375,703.399658203125,783.650146484375,703.650146484375
2333,15,1568048160406,0386,0540,859.08837890625,675.7396240234375,83.77687072753906,90.16923522949219,132.81857299804688,777.21240234375,655.7018432617188,873.0,655.3131713867188,868.5687255859375,703.399658203125,783.650146484375,703.650146484375
2334,15,1568048160420,0386,0540,859.0123901367188,675.6092529296875,83.98136138916016,90.64557647705078,130.5648651123047,777.21240234375,655.7018432617188,873.0,655.3131713867188,868.52197265625,703.3096313476562,783.560546875,703.5145874023438
2335,15,1568048160433,0386,0540,858.9525146484375,675.4690551757812,83.95719909667969,90.59954833984375,129.17662048339844,777.2178955078125,655.7498779296875,873.0386962890625,655.2208862304688,868.3273315429688,703.1800537109375,783.56884765625,703.3675537109375
2336,15,1568048160446,0386,0540,858.8959350585938,675.4252319335938,83.77433013916016,90.56775665283203,131.4441680908203,777.2178955078125,655.7498779296875,872.9105224609375,655.143310546875,868.3273315429688,703.1800537109375,783.56884765625,703.3675537109375
2337,15,1568048160460,0386,0540,858.9197998046875,675.535888671875,83.63152313232422,90.29854583740234,129.24696350097656,777.1989135742188,655.6632690429688,872.951416015625,655.2927856445312,868.3726806640625,703.0523681640625,783.56884765625,703.3675537109375
2338,15,1568048160476,0386,0540,858.8607177734375,675.37890625,83.89663696289062,90.49173736572266,131.38662719726562,777.1177368164062,655.5415649414062,872.7802734375,655.10546875,868.3726806640625,703.0523681640625,783.56884765625,703.3675537109375
2339,15,1568048160490,0386,0540,858.7761840820312,675.37890625,83.60829162597656,90.54251861572266,131.924072265625,777.0,655.5,872.7802734375,655.10546875,868.3726806640625,703.0523681640625,783.56884765625,703.3675537109375
2340,15,1568048160504,0386,0540,858.77392578125,675.3289794921875,83.83335876464844,90.73871612548828,130.69691467285156,777.0,655.5,872.720703125,655.0,868.279296875,703.0,783.416748046875,703.2376098632812
2341,15,1568048160517,0386,0540,858.7639770507812,675.3032836914062,84.20404815673828,90.66825866699219,130.27572631835938,777.0,655.5,872.720703125,655.0,868.279296875,703.0,783.416748046875,703.2376098632812
2342,15,1568048160530,0386,0540,858.70458984375,675.3068237304688,83.7740249633789,90.93683624267578,130.7060546875,777.0,655.5,872.720703125,655.0,868.2879638671875,703.0487670898438,783.323974609375,703.143798828125
2343,15,1568048160545,0386,0540,858.7787475585938,675.20166015625,83.51445770263672,90.74906921386719,133.02001953125,776.907958984375,655.454833984375,872.7802734375,654.89453125,868.2879638671875,703.0487670898438,783.323974609375,703.143798828125
2344,15,1568048160560,0386,0540,858.65966796875,675.3173217773438,83.56099700927734,90.89510345458984,130.92056274414062,776.8575439453125,655.3696899414062,872.6784057617188,654.8233642578125,868.2553100585938,703.0036010742188,783.323974609375,703.143798828125
2345,15,1568048160573,0386,0540,858.8291015625,675.1534423828125,84.1323471069336,90.841796875,130.81349182128906,776.8575439453125,655.3696899414062,872.683837890625,654.8663940429688,868.2553100585938,703.0036010742188,783.323974609375,703.143798828125
2346,15,1568048160586,0386,0540,858.6595458984375,675.19189453125,84.00615692138672,91.06749725341797,130.2847137451172,776.8177490234375,655.3026123046875,872.683837890625,654.8663940429688,868.2553100585938,703.0036010742188,783.323974609375,703.143798828125
2347,15,1568048160599,0386,0540,858.7372436523438,675.1245727539062,84.01192474365234,91.1109619140625,130.926513671875,776.8304443359375,655.2457885742188,872.6726684570312,654.8199462890625,868.2696533203125,702.965087890625,783.323974609375,703.143798828125
2348,15,1568048160613,0386,0540,858.70947265625,675.2353515625,84.48638153076172,91.22139739990234,131.2033233642578,776.8304443359375,655.2457885742188,872.6726684570312,654.8199462890625,868.2696533203125,702.965087890625,783.3095092773438,703.103271484375
2349,15,1568048160626,0386,0540,858.808837890625,675.226318359375,83.86809539794922,90.58031463623047,131.16004943847656,776.8681640625,655.2808837890625,872.683837890625,654.8663940429688,868.2696533203125,702.965087890625,783.3095092773438,703.103271484375
2350,15,1568048160639,0386,0540,858.7222900390625,675.2434692382812,83.83839416503906,91.45298767089844,132.04647827148438,776.8681640625,655.2808837890625,872.683837890625,654.8663940429688,868.2696533203125,702.965087890625,783.3095092773438,703.103271484375
2351,15,1568048160652,0386,0540,858.6737060546875,675.2044677734375,83.66822052001953,91.20303344726562,130.74356079101562,776.8681640625,655.2808837890625,872.6726684570312,654.8199462890625,868.2696533203125,702.965087890625,783.3095092773438,703.103271484375
2352,15,1568048160665,0386,0540,858.7509155273438,675.3345947265625,84.4527587890625,91.2809066772461,131.10125732421875,776.8304443359375,655.2457885742188,872.6726684570312,654.8199462890625,868.2696533203125,702.965087890625,783.3095092773438,703.103271484375
2353,15,1568048160678,0386,0540,858.76953125,675.2112426757812,84.04695892333984,90.89968872070312,129.87741088867188,776.7821044921875,655.2501220703125,872.6726684570312,654.8199462890625,868.1414794921875,702.8585205078125,783.323974609375,703.143798828125
2354,15,1568048160692,0386,0540,858.5529174804688,675.2303466796875,84.62932586669922,91.85856628417969,131.5382843017578,776.7821044921875,655.2501220703125,872.683837890625,654.8663940429688,868.065673828125,702.736572265625,783.323974609375,703.143798828125
2355,15,1568048160705,0386,0540,858.5756225585938,675.2930297851562,84.4621810913086,91.516845703125,129.52552795410156,776.7821044921875,655.2501220703125,872.6726684570312,654.8199462890625,868.065673828125,702.736572265625,783.3095092773438,703.103271484375
2356,15,1568048160717,0386,0540,858.5516357421875,675.3029174804688,84.11884307861328,91.49580383300781,130.444091796875,776.7821044921875,655.2501220703125,872.6726684570312,654.8199462890625,868.065673828125,702.736572265625,783.323974609375,703.143798828125
2357,15,1568048160731,0386,0540,858.520751953125,675.205810546875,83.99900817871094,91.07438659667969,129.66383361816406,776.7821044921875,655.2501220703125,872.6726684570312,654.8199462890625,868.065673828125,702.736572265625,783.323974609375,703.143798828125
2358,15,1568048160745,0386,0540,858.4244995117188,675.3397216796875,84.16925811767578,91.57742309570312,131.04344177246094,776.7821044921875,655.2501220703125,872.6726684570312,654.8199462890625,868.065673828125,702.736572265625,783.2396850585938,703.0799560546875
2359,15,1568048160758,0386,0540,858.5160522460938,675.3635864257812,83.70022583007812,91.32496643066406,130.7858428955078,776.6751708984375,655.2411499023438,872.6726684570312,654.8199462890625,868.0469360351562,702.761474609375,783.323974609375,703.143798828125
2360,15,1568048160771,0386,0540,858.4583740234375,675.4181518554688,84.2618637084961,91.4135971069336,128.72781372070312,776.7706298828125,655.3057250976562,872.6726684570312,654.8199462890625,868.0469360351562,702.761474609375,783.323974609375,703.143798828125
2361,15,1568048160784,0386,0540,858.5763549804688,675.35595703125,84.10675048828125,91.09613800048828,131.71829223632812,776.7706298828125,655.3057250976562,872.6726684570312,654.8199462890625,868.0469360351562,702.761474609375,783.323974609375,703.143798828125
2362,15,1568048160798,0386,0540,858.5949096679688,675.3456420898438,84.09009552001953,91.15445709228516,131.2017364501953,776.7706298828125,655.3057250976562,872.6726684570312,654.8199462890625,868.0469360351562,702.761474609375,783.323974609375,703.143798828125
2363,15,1568048160812,0386,0540,858.5587768554688,675.3773803710938,84.26982879638672,91.30899047851562,130.0065155029297,776.6670532226562,655.3329467773438,872.5,655.0,868.1250610351562,702.8809814453125,783.323974609375,703.143798828125
2364,15,1568048160826,0386,0540,858.4483032226562,675.2854614257812,84.31922912597656,91.5454330444336,130.27906799316406,776.6670532226562,655.3329467773438,872.5,655.0,868.1174926757812,702.9225463867188,783.323974609375,703.143798828125
2365,15,1568048160839,0386,0540,858.4962158203125,675.3604125976562,83.8301010131836,91.24148559570312,132.9928741455078,776.6670532226562,655.3329467773438,872.5,655.0,868.1174926757812,702.9225463867188,783.323974609375,703.143798828125
2366,15,1568048160853,0386,0540,858.5907592773438,675.4257202148438,83.41675567626953,91.04826354980469,131.48721313476562,776.7706298828125,655.3057250976562,872.5,654.9945678710938,868.1174926757812,702.9225463867188,783.323974609375,703.143798828125
2367,15,1568048160865,0386,0540,858.435302734375,675.3203125,83.72974395751953,91.34532165527344,132.02178955078125,776.7706298828125,655.3057250976562,872.5789794921875,654.83056640625,868.065673828125,702.736572265625,783.323974609375,703.143798828125
2368,15,1568048160879,0386,0540,858.57080078125,675.1065063476562,83.99569702148438,91.44287109375,131.06781005859375,776.6793823242188,655.1790771484375,872.5789794921875,654.83056640625,868.1113891601562,702.7810668945312,783.2393798828125,703.1094360351562
2369,15,1568048160891,0386,0540,858.5369873046875,675.1605834960938,83.9753646850586,91.35296630859375,130.29811096191406,776.687255859375,655.20068359375,872.5,654.7211303710938,867.992431640625,702.70166015625,783.2393798828125,703.1094360351562
2370,15,1568048160905,0386,0540,858.5228881835938,675.0653076171875,84.1824951171875,91.50457763671875,132.16818237304688,776.7526245117188,655.0731811523438,872.593505859375,654.6991577148438,867.992431640625,702.70166015625,783.153076171875,703.0101928710938
2371,15,1568048160918,0386,0540,858.7235717773438,675.16845703125,84.37309265136719,91.34072875976562,129.46385192871094,776.7526245117188,655.0731811523438,872.5858764648438,654.4689331054688,868.0623779296875,702.6952514648438,783.2793579101562,702.8739013671875
2372,15,1568048160931,0386,0540,858.56689453125,675.1557006835938,84.84532165527344,91.65853881835938,129.14942932128906,776.7977294921875,654.9519653320312,872.5858764648438,654.4689331054688,867.992431640625,702.70166015625,783.2793579101562,702.8739013671875
2373,15,1568048160944,0386,0540,858.5476684570312,675.2275390625,84.38756561279297,91.76082611083984,129.91990661621094,776.7977294921875,654.9519653320312,872.5343627929688,654.5042114257812,867.992431640625,702.70166015625,783.2793579101562,702.8739013671875
2374,15,1568048160956,0386,0540,858.5813598632812,675.170654296875,84.2915267944336,91.64417266845703,132.49351501464844,776.7977294921875,654.9519653320312,872.5343627929688,654.5042114257812,867.992431640625,702.70166015625,783.1663208007812,702.8336791992188
2375,15,1568048160969,0386,0540,858.5770263671875,675.1459350585938,83.66998291015625,91.42176818847656,129.72557067871094,776.8499145507812,655.0,872.5609130859375,654.5665893554688,867.992431640625,702.70166015625,783.1663208007812,702.8336791992188
2376,15,1568048160982,0386,0540,858.6287841796875,674.9033203125,84.499755859375,91.77020263671875,129.41720581054688,776.7977294921875,655.0480346679688,872.4622192382812,654.5377807617188,868.063232421875,702.5757446289062,783.1663208007812,702.8336791992188
2377,15,1568048160996,0386,0540,858.6077880859375,675.0382690429688,83.99388122558594,91.7922134399414,129.3636016845703,776.7977294921875,655.0480346679688,872.4622192382812,654.5377807617188,868.063232421875,702.5757446289062,783.2440795898438,702.6817016601562
2378,15,1568048161009,0386,0540,858.5531005859375,675.061767578125,84.67060089111328,91.52729797363281,129.8525390625,776.7977294921875,655.0480346679688,872.4622192382812,654.5377807617188,868.0523681640625,702.3726806640625,783.1592407226562,702.6502075195312
2379,15,1568048161022,0386,0540,858.395263671875,675.1261596679688,84.30903625488281,91.65093994140625,132.22314453125,776.7977294921875,655.0480346679688,872.4622192382812,654.5377807617188,868.0523681640625,702.3726806640625,783.0585327148438,702.7815551757812
2380,15,1568048161035,0386,0540,858.3947143554688,675.1209716796875,84.6347885131836,91.71026611328125,129.8206787109375,776.7526245117188,654.9268188476562,872.5,654.5,868.0238037109375,702.3841552734375,783.0585327148438,702.7815551757812
2381,15,1568048161048,0386,0540,858.4464111328125,675.1192016601562,83.94444274902344,91.36741638183594,127.57855987548828,776.7526245117188,654.9268188476562,872.4656372070312,654.4957885742188,868.0,702.5,783.1024169921875,702.7720947265625
2382,15,1568048161061,0386,0540,858.3533325195312,675.0499267578125,84.29906463623047,91.78364562988281,130.9591064453125,776.6387939453125,654.8011474609375,872.4656372070312,654.4957885742188,867.9945678710938,702.5,783.1024169921875,702.7720947265625
2383,15,1568048161074,0386,0540,858.2962646484375,674.7685546875,84.44334411621094,91.72555541992188,129.3175506591797,776.39208984375,654.7161254882812,872.2093505859375,654.4110107421875,868.007568359375,702.29833984375,783.0112915039062,702.5426635742188
2384,15,1568048161086,0386,0540,858.2064208984375,674.841796875,84.3895034790039,91.86921691894531,128.67868041992188,776.39208984375,654.7161254882812,872.2706298828125,654.2562866210938,867.8886108398438,702.2189331054688,783.0,702.5
2385,15,1568048161099,0386,0540,858.26513671875,674.885498046875,84.00984191894531,91.96197509765625,128.68267822265625,776.5,654.653564453125,872.2123413085938,654.168212890625,867.8886108398438,702.2189331054688,783.0,702.5
2386,15,1568048161111,0386,0540,858.2571411132812,674.721435546875,84.46670532226562,91.8106918334961,130.08595275878906,776.4486083984375,654.70556640625,872.3273315429688,654.1800537109375,867.934326171875,702.263427734375,783.0,702.5
2387,15,1568048161123,0386,0540,858.1262817382812,674.723876953125,84.22882080078125,92.15164184570312,129.4674835205078,776.4466552734375,654.7724609375,872.2412719726562,654.1296997070312,867.934326171875,702.263427734375,783.0,702.5
2388,15,1568048161136,0386,0540,858.2894897460938,674.7507934570312,83.99134063720703,92.15310668945312,130.06141662597656,776.4524536132812,654.7142333984375,872.3726806640625,654.0523681640625,867.8585205078125,702.1414794921875,783.0,702.5
2389,15,1568048161148,0386,0540,858.3687744140625,674.7249145507812,83.90646362304688,92.01940155029297,129.9931182861328,776.4524536132812,654.7142333984375,872.3642578125,654.011962890625,867.8585205078125,702.1414794921875,782.9887084960938,702.4573364257812
2390,15,1568048161160,0386,0540,858.3378295898438,674.609375,84.24668884277344,91.99860382080078,129.43917846679688,776.4524536132812,654.7142333984375,872.3680419921875,654.0748901367188,867.8585205078125,702.1414794921875,782.9887084960938,702.4573364257812
2391,15,1568048161172,0386,0540,858.3468017578125,674.6143188476562,84.49118041992188,91.9425048828125,128.83291625976562,776.4524536132812,654.7142333984375,872.3642578125,654.011962890625,867.8585205078125,702.1414794921875,782.9887084960938,702.4573364257812
2392,15,1568048161186,0386,0540,858.310546875,674.5645141601562,84.52462768554688,92.43799591064453,125.73606872558594,776.4524536132812,654.7142333984375,872.3642578125,654.011962890625,867.965087890625,702.2696533203125,782.9887084960938,702.4573364257812
2393,15,1568048161198,0386,0540,858.4085693359375,674.598388671875,84.54302215576172,91.91860961914062,128.2456817626953,776.4524536132812,654.7142333984375,872.3642578125,654.011962890625,867.934326171875,702.263427734375,783.1434326171875,702.3279418945312
2394,15,1568048161211,0386,0540,858.36962890625,674.8252563476562,84.81256866455078,92.41287994384766,128.78822326660156,776.4524536132812,654.7142333984375,872.5,654.0,868.0,702.2933959960938,783.2420043945312,702.4202270507812
2395,15,1568048161224,0386,0540,858.4180297851562,674.646484375,84.59457397460938,91.69879150390625,127.40352630615234,776.5626831054688,654.7478637695312,872.5,654.0054321289062,868.0623779296875,702.3047485351562,783.2376098632812,702.416748046875
2396,15,1568048161238,0386,0540,858.1719360351562,674.6912231445312,85.20608520507812,92.47026824951172,124.27236938476562,776.5626831054688,654.7478637695312,872.5,654.0054321289062,868.0623779296875,702.3047485351562,783.2376098632812,702.416748046875
2397,15,1568048161251,0386,0540,858.3187866210938,674.8800048828125,84.26022338867188,91.5718002319336,126.00651550292969,776.5626831054688,654.7478637695312,872.5,654.0054321289062,868.0623779296875,702.3047485351562,783.2376098632812,702.416748046875
2398,15,1568048161263,0386,0540,858.4473876953125,674.8468627929688,84.65933990478516,92.31002044677734,123.65324401855469,776.5626831054688,654.7478637695312,872.5,654.0054321289062,868.0623779296875,702.3047485351562,783.2376098632812,702.416748046875
2399,15,1568048161276,0386,0540,858.464599609375,674.72412109375,84.50007629394531,91.79907989501953,127.21998596191406,776.5626831054688,654.7478637695312,872.5,654.0054321289062,868.0623779296875,702.3047485351562,783.2376098632812,702.416748046875
2400,15,1568048161290,0386,0540,858.4122314453125,674.9111328125,84.32793426513672,91.59974670410156,126.73165893554688,776.5902709960938,654.8598022460938,872.3273315429688,654.1800537109375,868.0623779296875,702.3047485351562,783.1866455078125,702.5429077148438
2401,16,1568048111890,0672,0540,822.5642700195312,673.79150390625,95.15535736083984,102.9288101196289,118.56062316894531,756.4524536132812,654.2857666015625,850.8572387695312,654.2027587890625,846.7802734375,701.89453125,763.21337890625,701.96484375
2402,16,1568048111903,0672,0540,822.5120849609375,673.73828125,95.30078887939453,102.96021270751953,119.12020874023438,756.5626831054688,654.2521362304688,850.9503173828125,653.9943237304688,846.7802734375,701.89453125,763.323974609375,701.856201171875
2403,16,1568048111917,0672,0540,822.642333984375,673.5508422851562,95.36457824707031,103.1153335571289,117.98872375488281,756.687255859375,654.20068359375,851.14453125,653.83642578125,846.85546875,701.83642578125,763.34326171875,701.6436767578125
2404,16,1568048111929,0672,0540,822.7316284179688,673.4834594726562,95.24639892578125,102.88435363769531,119.14337158203125,756.7526245117188,654.0731811523438,851.2473754882812,653.9268188476562,846.7706298828125,701.6942749023438,763.5,701.5
2405,16,1568048111941,0672,0540,822.6314086914062,673.5204467773438,95.1526107788086,103.09947204589844,120.762939453125,756.7977294921875,654.0480346679688,851.3248291015625,653.7588500976562,847.0072021484375,701.5301513671875,763.5,701.5
2406,16,1568048111953,0672,0540,822.6559448242188,673.3269653320312,94.9563217163086,102.90435791015625,118.33112335205078,756.7977294921875,654.0480346679688,851.437255859375,653.7233276367188,847.008544921875,701.5,763.5,701.5
2407,16,1568048111963,0672,0540,822.6375732421875,673.3974609375,95.00556182861328,102.9840316772461,119.6025161743164,756.9201049804688,653.962646484375,851.437255859375,653.7233276367188,847.0430908203125,701.4990844726562,763.5,701.5
2408,16,1568048111975,0672,0540,822.92333984375,673.3237915039062,95.29931640625,103.28192138671875,116.68746948242188,756.9682006835938,653.9650268554688,851.437255859375,653.7233276367188,846.9114379882812,701.4136962890625,763.56884765625,701.3675537109375
2409,16,1568048111987,0672,0540,822.7252807617188,673.3985595703125,95.06969451904297,103.02377319335938,119.00337219238281,756.8572387695312,653.7972412109375,851.5333862304688,653.4666137695312,846.9114379882812,701.4136962890625,763.65673828125,701.3563232421875
2410,16,1568048111999,0672,0540,823.1878662109375,673.30029296875,95.10709381103516,103.01763916015625,116.97087097167969,757.3206176757812,653.8209228515625,851.81201171875,653.4927978515625,847.437255859375,701.2766723632812,764.0459594726562,701.3630981445312
2411,16,1568048112010,0672,0540,824.1569213867188,673.2451782226562,94.63238525390625,102.54989624023438,119.39569091796875,757.6751708984375,653.7588500976562,852.1738891601562,653.3447875976562,847.9605102539062,701.3406372070312,764.5,701.277587890625
2412,16,1568048112022,0672,0540,824.4368286132812,673.12939453125,95.25016784667969,102.80880737304688,118.39076232910156,758.1211547851562,653.5929565429688,852.5,653.3287963867188,848.1470336914062,701.1138305664062,764.7603149414062,701.0799560546875
2413,16,1568048112034,0672,0540,824.2620239257812,673.17578125,94.97480773925781,103.19739532470703,116.36212158203125,758.0,653.5029907226562,852.499267578125,653.2763061523438,848.14453125,701.16357421875,764.78662109375,701.03515625
2414,16,1568048112046,0672,0540,824.0901489257812,673.1530151367188,95.63365173339844,103.25503540039062,116.2502212524414,757.86669921875,653.5422973632812,852.3965454101562,653.2471923828125,848.0780639648438,701.1687622070312,764.790283203125,701.0794677734375
2415,16,1568048112058,0672,0540,824.0415649414062,673.216796875,95.4406509399414,103.14379119873047,116.98748016357422,757.86669921875,653.5422973632812,852.3206176757812,653.1790771484375,848.1427612304688,701.2027587890625,764.5,701.3359985351562
2416,16,1568048112069,0672,0540,824.1347045898438,672.8677978515625,96.10385131835938,102.99408721923828,116.94490051269531,757.86669921875,653.5422973632812,852.3206176757812,653.1790771484375,848.1427612304688,701.2027587890625,764.5,701.2633056640625
2417,16,1568048112081,0672,0540,824.0266723632812,673.0774536132812,95.33472442626953,102.94529724121094,117.37601470947266,757.86669921875,653.5422973632812,852.29736328125,653.2013549804688,848.1427612304688,701.2027587890625,764.3699951171875,701.1195068359375
2418,16,1568048112093,0672,0540,823.9644775390625,672.9724731445312,95.26514434814453,102.6880111694336,118.10147857666016,757.86669921875,653.5422973632812,852.2269287109375,653.0800170898438,847.9755249023438,701.0953979492188,764.5,701.0
2419,16,1568048112105,0672,0540,824.027099609375,672.9677734375,95.02742767333984,102.61979675292969,119.27815246582031,757.86669921875,653.5422973632812,852.2197265625,653.10546875,847.7977294921875,700.9519653320312,764.5,701.0
2420,16,1568048112116,0672,0540,823.9559936523438,672.9976806640625,95.1805419921875,102.96810150146484,116.48546600341797,757.81201171875,653.5072021484375,852.2197265625,653.10546875,847.8499145507812,701.0,764.3699951171875,700.8804931640625
2421,16,1568048112128,0672,0540,824.000732421875,672.9578247070312,94.89947509765625,102.46611785888672,118.5603256225586,757.6820068359375,653.3544311523438,852.2197265625,653.10546875,847.8499145507812,701.0,764.3699951171875,700.8804931640625
2422,16,1568048112140,0672,0540,824.0056762695312,672.886962890625,95.34223937988281,102.88043975830078,119.2105484008789,757.70361328125,653.2908325195312,852.2197265625,653.10546875,847.8499145507812,701.0,764.3226318359375,700.8225708007812
2423,16,1568048112152,0672,0540,823.9339599609375,672.9170532226562,95.19134521484375,102.39494323730469,118.19052124023438,757.8261108398438,653.3447875976562,852.2197265625,653.10546875,847.85546875,700.83642578125,764.501708984375,700.7716674804688
2424,16,1568048112163,0672,0540,823.962646484375,672.807373046875,95.17852783203125,102.52734375,119.52635192871094,757.8261108398438,653.3447875976562,852.279296875,653.0,847.85546875,700.83642578125,764.5,700.722412109375
2425,16,1568048112175,0672,0540,824.2113037109375,672.7913208007812,95.08123779296875,103.20870208740234,117.09463500976562,757.9605102539062,653.3406372070312,852.279296875,653.0,847.9219360351562,700.8312377929688,764.5,700.722412109375
2426,16,1568048112187,0672,0540,824.2369384765625,672.8216552734375,95.43008422851562,102.73480224609375,116.98866271972656,757.9605102539062,653.3406372070312,852.279296875,653.0,847.9682006835938,700.9650268554688,764.5248413085938,700.7774047851562
2427,16,1568048112200,0672,0540,824.3807373046875,672.8507080078125,95.36138916015625,102.56430053710938,117.62201690673828,758.0067138671875,653.3392944335938,852.279296875,653.0,847.9963989257812,701.0,764.7603149414062,700.9200439453125
2428,16,1568048112212,0672,0540,824.3273315429688,672.8063354492188,94.80049133300781,103.00213623046875,118.51812744140625,758.1595458984375,653.3158569335938,852.279296875,653.0,848.1500854492188,701.0,764.7603149414062,700.9200439453125
2429,16,1568048112224,0672,0540,824.2572631835938,672.84375,94.50174713134766,102.22708892822266,117.6858901977539,758.06787109375,653.2742919921875,852.5,653.0,848.1500854492188,701.0,764.7603149414062,700.9200439453125
2430,16,1568048112236,0672,0540,824.3097534179688,672.8428344726562,94.89982604980469,102.62091064453125,119.67076873779297,757.9882202148438,653.2706298828125,852.6319580078125,653.0748901367188,848.1500854492188,701.0,764.7603149414062,700.9200439453125
2431,16,1568048112247,0672,0540,824.242919921875,672.9523315429688,94.68711853027344,102.63223266601562,117.39529418945312,758.2178955078125,653.2501220703125,852.6319580078125,653.0748901367188,848.1500854492188,701.0,764.7603149414062,700.9200439453125
2432,16,1568048112259,0672,0540,824.2411499023438,672.8172607421875,94.74765014648438,102.69251251220703,118.86180114746094,758.2178955078125,653.2501220703125,852.6319580078125,653.0748901367188,848.1500854492188,701.0,764.7603149414062,700.9200439453125
2433,16,1568048112271,0672,0540,824.2941284179688,672.905517578125,94.63378143310547,102.59953308105469,118.64613342285156,758.0626220703125,653.39794921875,852.6319580078125,653.0748901367188,848.1500854492188,701.0,764.7603149414062,700.9200439453125
2434,16,1568048112283,0672,0540,824.1824340820312,672.9846801757812,95.03487396240234,102.90763854980469,118.34622192382812,758.0626220703125,653.39794921875,852.6784057617188,653.1766357421875,848.2197265625,701.10546875,764.78662109375,700.96484375
2435,16,1568048112296,0672,0540,824.1470336914062,673.0064086914062,95.08338928222656,102.62002563476562,118.82118225097656,758.063232421875,653.4242553710938,852.6784057617188,653.1766357421875,848.2473754882812,701.0731811523438,764.78662109375,700.96484375
2436,16,1568048112307,0672,0540,824.1475830078125,672.9951782226562,94.963134765625,102.6649169921875,118.336181640625,757.991455078125,653.5,852.6784057617188,653.1766357421875,848.2473754882812,701.0731811523438,764.78662109375,700.96484375
2437,16,1568048112319,0672,0540,824.4226684570312,673.0509643554688,94.91511535644531,102.8338851928711,118.50995635986328,757.991455078125,653.5,852.5,653.346435546875,848.2473754882812,701.0731811523438,764.8383178710938,701.0
2438,16,1568048112331,0672,0540,824.3438720703125,672.9851684570312,95.7330093383789,102.44790649414062,117.1493911743164,757.991455078125,653.5,852.5,653.346435546875,848.2473754882812,701.0731811523438,764.8383178710938,701.0
2439,16,1568048112343,0672,0540,824.1993408203125,673.0662841796875,95.3352279663086,102.70616912841797,118.81500244140625,757.9569091796875,653.5009155273438,852.499267578125,653.2763061523438,848.2473754882812,701.0731811523438,764.8383178710938,701.0
2440,16,1568048112355,0672,0540,824.2836303710938,673.021728515625,94.9912109375,102.29443359375,116.6390609741211,757.991455078125,653.5,852.499267578125,653.2763061523438,848.14453125,701.16357421875,764.8383178710938,701.0
2441,16,1568048112367,0672,0540,824.24755859375,673.0103759765625,94.961181640625,102.1014175415039,118.59544372558594,757.991455078125,653.5,852.499267578125,653.2763061523438,848.14453125,701.16357421875,764.8383178710938,701.0
2442,16,1568048112378,0672,0540,824.133544921875,672.9901123046875,94.96746063232422,102.3484115600586,117.76188659667969,757.991455078125,653.5,852.499267578125,653.2763061523438,848.2473754882812,701.0731811523438,764.8383178710938,701.0
2443,16,1568048112390,0672,0540,824.2733764648438,673.0336303710938,94.58045196533203,102.12288665771484,119.85233306884766,757.991455078125,653.5,852.499267578125,653.2763061523438,848.2473754882812,701.0731811523438,764.8383178710938,701.0
2444,16,1568048112402,0672,0540,824.2807006835938,672.9826049804688,95.25464630126953,102.3023452758789,115.81321716308594,757.991455078125,653.5,852.562744140625,653.2766723632812,848.2473754882812,701.0731811523438,764.8383178710938,701.0
2445,16,1568048112414,0672,0540,824.2001342773438,673.036865234375,94.58210754394531,102.0090560913086,117.61344909667969,757.991455078125,653.5,852.562744140625,653.2766723632812,848.2473754882812,701.0731811523438,764.8383178710938,701.0
2446,16,1568048112425,0672,0540,824.1329345703125,673.0541381835938,94.93212890625,102.41145324707031,117.22471618652344,757.991455078125,653.5,852.562744140625,653.2766723632812,848.3599243164062,701.1400756835938,764.819580078125,700.9993896484375
2447,16,1568048112437,0672,0540,824.2977905273438,673.0042724609375,94.66604614257812,102.30583953857422,116.72402954101562,757.991455078125,653.5,852.562744140625,653.2766723632812,848.3599243164062,701.1400756835938,764.819580078125,700.9993896484375
2448,16,1568048112450,0672,0540,824.2869873046875,673.1284790039062,94.87674713134766,102.41205596923828,115.57853698730469,757.991455078125,653.5,852.562744140625,653.2766723632812,848.2473754882812,701.0731811523438,764.8383178710938,701.0
2449,16,1568048112462,0672,0540,824.2518920898438,673.00048828125,94.37254333496094,101.86650848388672,118.06883239746094,758.1401977539062,653.4097290039062,852.6784057617188,653.1766357421875,848.2197265625,701.10546875,764.8383178710938,701.0
2450,16,1568048112475,0672,0540,824.1660766601562,672.83935546875,94.80120849609375,102.58028411865234,115.70745086669922,758.2293701171875,653.3057250976562,852.6784057617188,653.1766357421875,848.2197265625,701.10546875,764.819580078125,701.0006103515625
2451,16,1568048112487,0672,0540,824.3466186523438,672.7625122070312,94.68917083740234,102.27783203125,118.9861068725586,758.3206176757812,653.1790771484375,852.720703125,653.0,848.279296875,701.0,764.8545532226562,700.8545532226562
2452,16,1568048112500,0672,0540,824.4098510742188,672.8308715820312,94.55078125,102.71973419189453,118.32193756103516,758.2473754882812,653.0731811523438,852.7802734375,652.89453125,848.2891845703125,700.7760009765625,764.9200439453125,700.7603149414062
2453,16,1568048112511,0672,0540,824.3827514648438,672.7743530273438,94.59720611572266,102.51575469970703,116.7449722290039,758.2473754882812,653.0731811523438,852.7802734375,652.89453125,848.2891845703125,700.7760009765625,764.8396606445312,700.6161499023438
2454,16,1568048112523,0672,0540,824.3139038085938,672.7110595703125,94.36112976074219,102.27083587646484,117.7072525024414,758.2197265625,653.10546875,852.7802734375,652.89453125,848.5,700.653564453125,765.0,700.5
2455,16,1568048112536,0672,0540,824.431640625,672.569580078125,94.63951873779297,102.15228271484375,115.80488586425781,758.2197265625,653.10546875,852.687255859375,652.79931640625,848.5,700.653564453125,765.046630859375,700.579833984375
2456,16,1568048112548,0672,0540,824.5790405273438,672.6557006835938,94.66944122314453,101.69053649902344,116.52879333496094,758.279296875,653.0,852.9605102539062,652.6593627929688,848.562744140625,700.7233276367188,764.9713745117188,700.5
2457,16,1568048112560,0672,0540,824.576416015625,672.5448608398438,94.47634887695312,101.51749420166016,116.4964599609375,758.5294189453125,652.8759155273438,853.0067138671875,652.6607055664062,848.562744140625,700.7233276367188,765.1603393554688,700.3838500976562
2458,16,1568048112572,0672,0540,824.6043701171875,672.4305419921875,94.44880676269531,101.73861694335938,116.43341827392578,758.6784057617188,652.8233642578125,853.064453125,652.5342407226562,848.562744140625,700.7233276367188,765.1603393554688,700.3838500976562
2459,16,1568048112584,0672,0540,824.6110229492188,672.4486694335938,94.3256607055664,101.60926818847656,117.3144302368164,758.535400390625,652.72607421875,853.008544921875,652.5,848.562744140625,700.7233276367188,765.1603393554688,700.3838500976562
2460,16,1568048112595,0672,0540,824.5128173828125,672.4251708984375,94.30755615234375,101.80863189697266,116.36483764648438,758.5,652.653564453125,853.008544921875,652.5,848.562744140625,700.7233276367188,765.1603393554688,700.3838500976562
2461,16,1568048112608,0672,0540,824.5059204101562,672.4779663085938,94.62161254882812,101.8528823852539,118.2417984008789,758.5,652.653564453125,853.008544921875,652.5,848.4524536132812,700.7142333984375,765.0799560546875,700.2396850585938
2462,16,1568048112620,0672,0540,824.3666381835938,672.5399169921875,94.4582748413086,101.7197036743164,118.38103485107422,758.5,652.653564453125,853.008544921875,652.5,848.5545043945312,700.5693969726562,765.1603393554688,700.3838500976562
2463,16,1568048112632,0672,0540,824.505126953125,672.58203125,93.84039306640625,101.43991088867188,116.80874633789062,758.2891845703125,652.7760009765625,853.008544921875,652.5,848.4037475585938,700.625244140625,764.9540405273438,700.3630981445312
2464,16,1568048112645,0672,0540,824.4218139648438,672.4296875,94.15071868896484,101.48800659179688,119.29740142822266,758.2891845703125,652.7760009765625,853.008544921875,652.5,848.5638427734375,700.5433959960938,765.1824340820312,700.3287353515625
2465,16,1568048112656,0672,0540,824.4122314453125,672.3374633789062,93.82483673095703,100.9398193359375,114.70906829833984,758.4037475585938,652.7681884765625,852.86669921875,652.4577026367188,848.5475463867188,700.2857666015625,764.9212036132812,700.1566162109375
2466,16,1568048112667,0672,0540,824.3947143554688,672.31201171875,94.09793853759766,101.01516723632812,117.80852508544922,758.5475463867188,652.7142333984375,852.7706298828125,652.3057250976562,848.437255859375,700.2766723632812,765.0,699.9971313476562
2467,16,1568048112680,0672,0540,824.370849609375,672.1200561523438,94.05742645263672,101.10724639892578,116.85126495361328,758.4564819335938,652.6334838867188,852.8529663085938,652.1138305664062,848.39990234375,700.2853393554688,765.0,700.0
2468,16,1568048112692,0672,0540,824.3107299804688,672.1406860351562,93.73338317871094,101.2457046508789,116.97517395019531,758.5,652.5,852.85546875,652.16357421875,848.3215942382812,700.1766357421875,765.23779296875,700.0
2469,16,1568048112705,0672,0540,824.396728515625,671.9878540039062,93.7841796875,101.46256256103516,115.43804931640625,758.5628662109375,652.349853515625,852.85546875,652.16357421875,848.5548706054688,700.2166137695312,765.1616821289062,700.0
2470,16,1568048112717,0672,0540,824.3793334960938,672.019775390625,93.76788330078125,101.22988891601562,116.41622924804688,758.5475463867188,652.2857666015625,852.9201049804688,652.037353515625,848.720703125,700.0,765.1616821289062,700.0
2471,16,1568048112730,0672,0540,824.5630493164062,672.0088500976562,93.46424102783203,101.08851623535156,118.60143280029297,758.500732421875,652.2763061523438,852.9963989257812,652.0,848.720703125,700.0,765.2396850585938,699.9200439453125
2472,16,1568048112741,0672,0540,824.5690307617188,672.0296020507812,93.33428192138672,101.23101806640625,119.69857025146484,758.4466552734375,652.2275390625,853.0277709960938,651.968994140625,848.7802734375,699.89453125,765.334228515625,699.7731323242188
2473,16,1568048112753,0672,0540,824.8281860351562,671.9254760742188,93.55665588378906,101.53466796875,119.1345443725586,758.7108154296875,652.2239990234375,853.14453125,651.83642578125,848.7526245117188,699.9268188476562,765.5,699.722412109375
2474,16,1568048112767,0672,0540,824.7387084960938,671.9166259765625,93.6208724975586,100.6469955444336,120.08934020996094,758.7526245117188,652.0731811523438,853.2473754882812,651.9268188476562,848.7526245117188,699.9268188476562,765.5,699.722412109375
2475,16,1568048112779,0672,0540,824.8038330078125,671.9515380859375,93.14082336425781,100.79011535644531,118.93663787841797,758.7526245117188,652.0731811523438,853.2473754882812,651.9268188476562,848.7526245117188,699.9268188476562,765.5,699.722412109375
2476,16,1568048112791,0672,0540,825.061767578125,671.9718017578125,93.57603454589844,100.8515625,118.87326049804688,758.7526245117188,652.0731811523438,853.2473754882812,651.9268188476562,848.85546875,699.83642578125,765.5,699.722412109375
2477,16,1568048112804,0672,0540,824.7424926757812,671.7546997070312,93.1136703491211,100.6964340209961,119.1340103149414,758.7526245117188,652.0731811523438,853.2197265625,651.89453125,848.85546875,699.83642578125,765.5,699.722412109375
2478,16,1568048112817,0672,0540,824.9902954101562,671.8269653320312,93.31063842773438,101.0971908569336,118.75082397460938,758.7526245117188,652.0731811523438,853.2197265625,651.89453125,848.8619384765625,699.83447265625,765.5,699.722412109375
2479,16,1568048112829,0672,0540,824.9421997070312,671.9959716796875,93.09510803222656,100.59667205810547,118.36853790283203,758.74365234375,652.0470581054688,853.2197265625,651.89453125,848.8619384765625,699.83447265625,765.5,699.722412109375
2480,16,1568048112840,0672,0540,824.9415893554688,671.9645385742188,93.1956558227539,100.58578491210938,118.84400939941406,758.74365234375,652.0470581054688,853.2197265625,651.89453125,848.8619384765625,699.83447265625,765.5,699.722412109375
2481,16,1568048112851,0672,0540,825.0099487304688,672.02783203125,93.01570129394531,99.87606811523438,119.5706558227539,758.74365234375,652.0470581054688,853.2197265625,651.89453125,848.85546875,699.83642578125,765.5,699.722412109375
2482,16,1568048112864,0672,0540,824.9920654296875,671.8157958984375,93.37642669677734,100.20147705078125,118.77378845214844,758.6793823242188,652.1790771484375,853.2197265625,651.89453125,848.85546875,699.83642578125,765.5,699.722412109375
2483,16,1568048112876,0672,0540,824.8639526367188,671.8394165039062,92.99752044677734,100.06828308105469,120.88507843017578,758.687255859375,652.20068359375,853.2473754882812,651.9268188476562,848.7526245117188,699.9268188476562,765.5,699.722412109375
2484,16,1568048112889,0672,0540,824.8367919921875,671.8358154296875,92.96875762939453,100.12393188476562,120.14544677734375,758.5962524414062,652.2318115234375,853.0798950195312,651.962646484375,848.7802734375,699.89453125,765.334228515625,699.7731323242188
2485,16,1568048112902,0672,0540,825.021240234375,671.8798828125,92.56732177734375,99.70333099365234,116.39311981201172,758.5,652.346435546875,853.0,652.0,848.7802734375,699.89453125,765.334228515625,699.7731323242188
2486,16,1568048112916,0672,0540,824.65869140625,671.9820556640625,93.1058120727539,100.3007583618164,118.24758911132812,758.5,652.346435546875,853.0036010742188,652.0,848.720703125,700.0,765.334228515625,699.7731323242188
2487,16,1568048112929,0672,0540,824.6110229492188,671.792724609375,92.93578338623047,99.66364288330078,115.45559692382812,758.5,652.346435546875,852.9201049804688,652.037353515625,848.6784057617188,699.8233642578125,765.1663208007812,699.8336791992188
2488,16,1568048112943,0672,0540,824.6474609375,671.691162109375,92.54485321044922,99.80030822753906,117.16937255859375,758.39990234375,652.2853393554688,852.9201049804688,652.037353515625,848.6784057617188,699.8233642578125,765.1603393554688,699.6161499023438
2489,16,1568048112955,0672,0540,824.6906127929688,671.711669921875,92.78193664550781,99.85623168945312,116.76652526855469,758.3215942382812,652.1766357421875,852.8499145507812,652.0,848.5831298828125,699.8640747070312,765.1603393554688,699.6161499023438
2490,16,1568048112968,0672,0540,824.5405883789062,671.5501708984375,92.88227081298828,100.19673156738281,116.88925170898438,758.3215942382812,652.1766357421875,852.8499145507812,652.0,848.5831298828125,699.8640747070312,765.046630859375,699.579833984375
2491,16,1568048112981,0672,0540,824.5274047851562,671.6903076171875,92.20793914794922,99.16138458251953,117.22666931152344,758.3215942382812,652.1766357421875,852.7802734375,651.89453125,848.2891845703125,699.7760009765625,765.046630859375,699.579833984375
2492,16,1568048112995,0672,0540,824.6674194335938,671.587646484375,93.2049560546875,99.59031677246094,116.5432357788086,758.2197265625,652.10546875,852.7802734375,651.89453125,848.2891845703125,699.7760009765625,765.046630859375,699.579833984375
2493,16,1568048113007,0672,0540,824.6572875976562,671.5869140625,92.86052703857422,99.59375762939453,116.74534606933594,758.2197265625,652.10546875,852.7526245117188,651.9268188476562,848.60009765625,699.7146606445312,765.046630859375,699.579833984375
2494,16,1568048113020,0672,0540,824.7503051757812,671.5734252929688,92.71758270263672,99.69166564941406,117.5369873046875,758.3215942382812,652.1766357421875,852.78759765625,651.7018432617188,848.60009765625,699.7146606445312,764.9713745117188,699.5
2495,16,1568048113033,0672,0540,824.6697387695312,671.6119995117188,92.72705078125,99.75325012207031,117.1976089477539,758.3680419921875,652.0748901367188,852.9476928710938,651.5191650390625,848.597412109375,699.7535400390625,765.0892944335938,699.4730834960938
2496,16,1568048113046,0672,0540,824.8095092773438,671.4845581054688,92.40364837646484,99.58153533935547,117.17353057861328,758.5,652.0,852.9605102539062,651.6593627929688,848.562744140625,699.7233276367188,765.1603393554688,699.3838500976562
2497,16,1568048113060,0672,0540,824.7499389648438,671.3554077148438,92.31280517578125,99.48468017578125,113.40577697753906,758.6784057617188,651.8233642578125,853.0430908203125,651.5009155273438,848.562744140625,699.7233276367188,765.1603393554688,699.3838500976562
2498,16,1568048113074,0672,0540,824.652587890625,671.2742309570312,92.83555603027344,99.96012878417969,114.0441665649414,758.6784057617188,651.8233642578125,853.0430908203125,651.5009155273438,848.562744140625,699.7233276367188,765.2440795898438,699.3182983398438
2499,16,1568048113088,0672,0540,824.713134765625,671.379638671875,92.12716674804688,99.12548065185547,114.77558898925781,758.5,651.653564453125,853.008544921875,651.5,848.5281982421875,699.3218994140625,765.2396850585938,699.0799560546875
2500,16,1568048113102,0672,0540,824.5556030273438,671.1861572265625,92.7659683227539,100.0601577758789,112.59913635253906,758.4524536132812,651.7142333984375,853.0072021484375,651.4698486328125,848.5497436523438,699.3619995117188,765.21337890625,699.03515625
2501,16,1568048113115,0672,0540,824.6910400390625,671.1165161132812,92.27963256835938,99.39962005615234,115.49005889892578,758.5,651.7486572265625,852.8529663085938,651.1138305664062,848.5,699.3287963867188,765.1616821289062,699.0
2502,16,1568048113128,0672,0540,824.6380615234375,671.0060424804688,92.48442840576172,99.53910064697266,116.91690063476562,758.5,651.5,852.85546875,651.16357421875,848.3215942382812,699.1766357421875,765.23779296875,699.0
2503,16,1568048113141,0672,0540,824.63720703125,670.9212036132812,92.01628112792969,99.54310607910156,116.29479217529297,758.5475463867188,651.2857666015625,852.85546875,651.16357421875,848.3215942382812,699.1766357421875,765.23779296875,699.0
2504,16,1568048113154,0672,0540,824.486083984375,671.06689453125,92.62901306152344,99.61532592773438,115.73824310302734,758.437255859375,651.2766723632812,852.7526245117188,651.0731811523438,848.3215942382812,699.1766357421875,765.0,699.0028686523438
2505,16,1568048113167,0672,0540,824.515380859375,670.9140014648438,92.29619598388672,99.35875701904297,118.16039276123047,758.4342651367188,651.2181396484375,852.7802734375,651.10546875,848.3215942382812,699.1766357421875,764.8887939453125,698.9287719726562
2506,16,1568048113180,0672,0540,824.2981567382812,670.88818359375,92.53058624267578,99.78663635253906,115.7423095703125,758.312744140625,651.20068359375,852.7802734375,651.10546875,848.2197265625,699.10546875,764.8175659179688,698.6712646484375
2507,16,1568048113193,0672,0540,824.554443359375,670.7752075195312,92.49820709228516,99.59606170654297,117.14281463623047,758.2473754882812,651.0731811523438,852.8499145507812,651.0,848.279296875,699.0,764.8905639648438,698.7606201171875
2508,16,1568048113206,0672,0540,824.5150146484375,670.68310546875,92.42098999023438,99.42743682861328,115.83100891113281,758.2473754882812,651.0731811523438,852.7802734375,650.89453125,848.279296875,699.0,765.1515502929688,698.59521484375
2509,16,1568048113220,0672,0540,824.4517822265625,670.8455810546875,92.21813201904297,98.62995910644531,116.15376281738281,758.2473754882812,651.0731811523438,852.7802734375,650.89453125,848.34521484375,698.843017578125,764.8905639648438,698.7606201171875
2510,16,1568048113233,0672,0540,824.3983764648438,670.682373046875,92.4029769897461,99.20243072509766,113.89508056640625,758.2473754882812,651.0731811523438,852.7802734375,650.89453125,848.34521484375,698.843017578125,764.8900146484375,698.53759765625
2511,16,1568048113246,0672,0540,824.2593994140625,670.692626953125,92.58856964111328,98.83267211914062,117.06303405761719,758.2197265625,651.10546875,852.7802734375,650.89453125,848.279296875,699.0,764.8900146484375,698.53759765625
2512,16,1568048113259,0672,0540,824.5634765625,670.8952026367188,92.18348693847656,99.23741912841797,115.14078521728516,758.2473754882812,651.0731811523438,852.7802734375,650.89453125,848.5831298828125,698.8640747070312,764.9277954101562,698.6341552734375
2513,16,1568048113272,0672,0540,824.5999145507812,670.952880859375,92.10430908203125,99.06452941894531,115.45299530029297,758.2197265625,651.10546875,852.7802734375,650.89453125,848.5831298828125,698.8640747070312,764.9334106445312,698.7105102539062
2514,16,1568048113285,0672,0540,824.5010375976562,670.7288208007812,92.53548431396484,98.7476577758789,115.77435302734375,758.2197265625,651.10546875,852.7802734375,650.89453125,848.5831298828125,698.8640747070312,765.0,698.692626953125
2515,16,1568048113297,0672,0540,824.4276123046875,670.7554931640625,91.90693664550781,98.71636199951172,118.37727355957031,758.2197265625,651.10546875,852.7802734375,650.89453125,848.5831298828125,698.8640747070312,765.046630859375,698.579833984375
2516,16,1568048113310,0672,0540,824.3557739257812,670.7669067382812,92.04493713378906,98.77031707763672,117.13867950439453,758.3215942382812,651.1766357421875,852.7802734375,650.89453125,848.5831298828125,698.8640747070312,765.0,698.692626953125
2517,16,1568048113323,0672,0540,824.5101318359375,670.8392944335938,91.97245025634766,98.26023864746094,117.21147155761719,758.3215942382812,651.1766357421875,852.8499145507812,651.0,848.5831298828125,698.8640747070312,764.9540405273438,698.6369018554688
2518,16,1568048113336,0672,0540,824.4387817382812,670.7029418945312,92.35807037353516,98.62388610839844,116.88265228271484,758.3599243164062,651.1400756835938,852.8499145507812,651.0,848.5831298828125,698.8640747070312,764.9540405273438,698.6369018554688
2519,16,1568048113349,0672,0540,824.4473876953125,670.7160034179688,92.31336975097656,98.55145263671875,115.42662048339844,758.3599243164062,651.1400756835938,852.8499145507812,651.0,848.3680419921875,699.0748901367188,764.9540405273438,698.6369018554688
2520,16,1568048113362,0672,0540,824.4583740234375,670.7362670898438,92.1240005493164,98.54977416992188,115.2156982421875,758.3599243164062,651.1400756835938,852.8499145507812,651.0,848.3680419921875,699.0748901367188,764.9540405273438,698.6369018554688
2521,16,1568048113375,0672,0540,824.5714721679688,670.7146606445312,91.91175842285156,98.54259490966797,115.59675598144531,758.2473754882812,651.0731811523438,852.7802734375,651.10546875,848.3680419921875,699.0748901367188,764.8175659179688,698.6712646484375
2522,16,1568048113389,0672,0540,824.3128051757812,670.8120727539062,92.18975830078125,98.93680572509766,113.6960220336914,758.2473754882812,651.0731811523438,852.8499145507812,651.0,848.3680419921875,699.0748901367188,764.8905639648438,698.7606201171875
2523,16,1568048113402,0672,0540,824.46826171875,670.780029296875,91.90353393554688,98.55208587646484,115.59101104736328,758.2473754882812,651.0731811523438,852.7802734375,651.10546875,848.3680419921875,699.0748901367188,764.9200439453125,698.7603149414062
2524,16,1568048113414,0672,0540,824.3590087890625,670.6669311523438,91.80522155761719,98.62313842773438,112.79348754882812,758.2473754882812,651.0731811523438,852.7802734375,651.10546875,848.3680419921875,699.0748901367188,764.9200439453125,698.7603149414062
2525,16,1568048113427,0672,0540,824.3484497070312,670.5051879882812,91.8747329711914,98.37718200683594,113.83771514892578,758.2473754882812,651.0731811523438,852.7802734375,650.89453125,848.279296875,699.0,764.9200439453125,698.7603149414062
2526,16,1568048113441,0672,0540,824.2955322265625,670.63720703125,92.0823974609375,98.7122802734375,114.60919189453125,758.2473754882812,651.0731811523438,852.7802734375,650.89453125,848.279296875,699.0,764.9200439453125,698.7603149414062
2527,16,1568048113453,0672,0540,824.2383422851562,670.6029663085938,91.70214080810547,98.70651245117188,115.07662963867188,758.2197265625,651.10546875,852.7802734375,650.89453125,848.279296875,699.0,764.9200439453125,698.7603149414062
2528,16,1568048113467,0672,0540,824.1785278320312,670.73291015625,91.5928726196289,98.44389343261719,114.71318054199219,758.2197265625,651.10546875,852.7108154296875,650.7760009765625,848.279296875,699.0,764.8396606445312,698.6161499023438
2529,16,1568048113480,0672,0540,824.440185546875,670.498291015625,91.99098205566406,98.44137573242188,116.18035125732422,758.2197265625,651.10546875,852.7108154296875,650.7760009765625,848.2891845703125,698.7760009765625,764.9107055664062,698.5269165039062
2530,16,1568048113492,0672,0540,824.2506103515625,670.4856567382812,92.01074981689453,98.77780151367188,116.12979888916016,758.2197265625,651.10546875,852.70263671875,650.7986450195312,848.29736328125,698.7986450195312,765.0286254882812,698.5
2531,16,1568048113505,0672,0540,824.24267578125,670.4216918945312,92.2039566040039,98.39872741699219,111.72228240966797,758.1500854492188,651.0,852.69140625,650.74169921875,848.26611328125,698.7680053710938,765.0286254882812,698.5
2532,16,1568048113516,0672,0540,824.0477294921875,670.3678588867188,92.16382598876953,98.69189453125,115.33724212646484,758.2197265625,650.89453125,852.62939453125,650.67724609375,848.2821655273438,698.7139282226562,764.9347534179688,698.4180297851562
2533,16,1568048113529,0672,0540,824.3545532226562,670.433349609375,91.81837463378906,98.0263442993164,114.07574462890625,758.2197265625,650.89453125,852.6820068359375,650.6455688476562,848.138916015625,698.6246948242188,764.9200439453125,698.2396850585938
2534,16,1568048113542,0672,0540,824.1602783203125,670.5098266601562,92.65719604492188,99.12802124023438,113.25912475585938,758.2473754882812,650.9268188476562,852.5980224609375,650.6937866210938,848.2093505859375,698.5889892578125,764.9200439453125,698.2396850585938
2535,16,1568048113554,0672,0540,824.3322143554688,670.4451293945312,92.17450714111328,98.34929656982422,116.3139419555664,758.25634765625,650.9529418945312,852.6264038085938,650.5,848.26416015625,698.6286010742188,764.9200439453125,698.2396850585938
2536,16,1568048113566,0672,0540,824.1784057617188,670.3073120117188,92.09453582763672,98.61962127685547,111.72087097167969,758.25634765625,650.9529418945312,852.6436767578125,650.4528198242188,848.26416015625,698.6286010742188,764.8336791992188,698.1663208007812
2537,16,1568048113578,0672,0540,824.2542114257812,670.1475830078125,92.62476348876953,98.53582000732422,111.91557312011719,758.3065185546875,650.7378540039062,852.6650390625,650.404296875,848.26416015625,698.6286010742188,764.7425537109375,698.2574462890625
2538,16,1568048113590,0672,0540,824.2354736328125,670.074951171875,92.5387191772461,98.68888854980469,112.48595428466797,758.29638671875,650.7091674804688,852.562744140625,650.2766723632812,848.407958984375,698.6204223632812,764.819580078125,697.9993896484375
2539,16,1568048113602,0672,0540,824.1917114257812,670.1958618164062,92.15573120117188,98.34113311767578,110.96678924560547,758.1738891601562,650.6552124023438,852.562744140625,650.2766723632812,848.38916015625,698.3276977539062,764.819580078125,697.9993896484375
2540,16,1568048113614,0672,0540,824.1758422851562,670.2477416992188,92.09654235839844,98.61396789550781,112.59564971923828,758.1738891601562,650.6552124023438,852.562744140625,650.2766723632812,848.437255859375,698.2766723632812,764.819580078125,697.9993896484375
2541,16,1568048113625,0672,0540,824.118896484375,670.0933837890625,92.61739349365234,98.65513610839844,113.34652709960938,758.1738891601562,650.6552124023438,852.562744140625,650.2766723632812,848.437255859375,698.2766723632812,764.819580078125,697.9993896484375
2542,16,1568048113637,0672,0540,824.1741333007812,670.058349609375,92.5950927734375,98.93370819091797,111.7387924194336,758.1738891601562,650.6552124023438,852.562744140625,650.2766723632812,848.437255859375,698.2766723632812,764.819580078125,697.9993896484375
2543,16,1568048113648,0672,0540,824.1111450195312,670.0875244140625,92.50191497802734,98.86173248291016,112.50170135498047,758.1738891601562,650.6552124023438,852.562744140625,650.2766723632812,848.437255859375,698.2766723632812,764.8383178710938,698.0
2544,16,1568048113660,0672,0540,824.1627807617188,670.0894165039062,92.73870849609375,99.00346374511719,110.94298553466797,758.063232421875,650.5757446289062,852.562744140625,650.2766723632812,848.437255859375,698.2766723632812,764.8383178710938,698.0
2545,16,1568048113672,0672,0540,823.9077758789062,670.1370849609375,92.54226684570312,98.70484924316406,110.78564453125,758.1738891601562,650.6552124023438,852.562744140625,650.2766723632812,848.271240234375,698.4674072265625,764.819580078125,697.9993896484375
2546,16,1568048113684,0672,0540,823.9595947265625,670.1681518554688,92.71829986572266,98.95541381835938,113.07845306396484,758.063232421875,650.5757446289062,852.562744140625,650.2766723632812,848.2916259765625,698.4286499023438,764.819580078125,697.9993896484375
2547,16,1568048113696,0672,0540,823.9140014648438,670.10986328125,92.67198944091797,98.86084747314453,113.91649627685547,758.063232421875,650.5757446289062,852.4524536132812,650.2857666015625,848.0406494140625,698.5263061523438,764.819580078125,697.9993896484375
2548,16,1568048113708,0672,0540,823.9066162109375,670.1802978515625,92.32907104492188,98.45450592041016,112.87488555908203,758.063232421875,650.5757446289062,852.4524536132812,650.2857666015625,848.0406494140625,698.5263061523438,764.819580078125,697.9993896484375
2549,16,1568048113719,0672,0540,823.9340209960938,670.1415405273438,92.81311798095703,98.86939239501953,112.36878967285156,758.0916748046875,650.580078125,852.4524536132812,650.2857666015625,847.991455078125,698.5,764.78662109375,698.03515625
2550,16,1568048113731,0672,0540,823.7981567382812,670.153564453125,92.92059326171875,99.15926361083984,111.50946044921875,758.0365600585938,650.5714111328125,852.4524536132812,650.2857666015625,847.991455078125,698.5,764.78662109375,698.03515625
2551,17,1568048162712,0958,0540,788.8881225585938,673.0843505859375,82.33427429199219,87.3625717163086,87.93193817138672,738.7526245117188,655.9268188476562,833.0,655.5584716796875,828.3876342773438,702.9784545898438,745.415771484375,703.20458984375
2552,17,1568048162727,0958,0540,788.8944091796875,673.0462646484375,81.8323745727539,87.54926300048828,87.84784698486328,738.8499145507812,656.0,833.0,655.5,828.405029296875,703.1371459960938,745.5,703.277587890625
2553,17,1568048162742,0958,0540,788.951171875,673.1348266601562,81.28804016113281,87.2774429321289,88.90557861328125,738.8499145507812,656.0,833.0,655.5,828.3794555664062,703.3724975585938,745.5,703.277587890625
2554,17,1568048162755,0958,0540,788.5291137695312,673.1690063476562,81.73171997070312,87.1081771850586,90.10904693603516,738.5,656.346435546875,832.8267211914062,655.5,828.1888427734375,703.20751953125,745.3340454101562,703.3340454101562
2555,17,1568048162768,0958,0540,788.5459594726562,673.3115234375,81.51480865478516,87.10001373291016,91.18991088867188,738.5,656.346435546875,832.8685302734375,655.5455932617188,828.4622192382812,703.4933471679688,745.43115234375,703.3675537109375
2556,17,1568048162781,0958,0540,788.8256225585938,673.4588012695312,82.01725769042969,87.51909637451172,89.46097564697266,738.78759765625,656.2981567382812,833.0,655.4415283203125,828.5,703.5,745.5,703.5
2557,17,1568048162793,0958,0540,788.9450073242188,673.4711303710938,81.4823989868164,87.27720642089844,89.72476196289062,738.7821044921875,656.2501220703125,833.2119750976562,655.72119140625,828.5,703.5,745.5,703.5
2558,17,1568048162806,0958,0540,788.9522705078125,673.5313110351562,81.53545379638672,87.5218734741211,91.79788208007812,738.9605102539062,656.3406372070312,833.2119750976562,655.72119140625,828.5,703.5,745.5,703.5
2559,17,1568048162817,0958,0540,788.96630859375,673.39111328125,81.30352783203125,87.02200317382812,94.06907653808594,738.9605102539062,656.3406372070312,833.1267700195312,655.8305053710938,828.5,703.5,745.56884765625,703.6324462890625
2560,17,1568048162829,0958,0540,788.6547241210938,673.6067504882812,81.3856201171875,87.50575256347656,89.50332641601562,738.936767578125,656.4242553710938,833.1267700195312,655.8305053710938,828.4598388671875,703.501953125,745.56884765625,703.6324462890625
2561,17,1568048162842,0958,0540,788.81201171875,673.5806274414062,81.17469787597656,87.04903411865234,93.22024536132812,739.008544921875,656.5,833.24755859375,655.864501953125,828.4984130859375,703.5,745.56884765625,703.6324462890625
2562,17,1568048162855,0958,0540,788.8653564453125,673.4826049804688,81.37047576904297,87.1301040649414,91.76668548583984,738.936767578125,656.4242553710938,833.24755859375,655.864501953125,828.4984130859375,703.5,745.56884765625,703.6324462890625
2563,17,1568048162869,0958,0540,789.041015625,673.7381591796875,81.30955505371094,86.23207092285156,87.1374282836914,739.0,656.5,833.189208984375,655.909912109375,828.510009765625,703.4780883789062,745.6659545898438,703.6659545898438
2564,17,1568048162883,0958,0540,789.0372314453125,673.8226928710938,81.40071868896484,86.36341094970703,90.53478240966797,739.0,656.5,833.24755859375,655.864501953125,828.510009765625,703.4780883789062,745.6659545898438,703.6659545898438
2565,17,1568048162897,0958,0540,788.9244384765625,673.6954956054688,81.46410369873047,86.49456024169922,88.70861053466797,739.0,656.5,833.2593383789062,655.890380859375,828.510009765625,703.4780883789062,745.6659545898438,703.6659545898438
2566,17,1568048162911,0958,0540,788.9483642578125,673.6619262695312,81.33306121826172,86.74313354492188,88.50872802734375,738.9373779296875,656.39794921875,833.345947265625,655.77294921875,828.4984130859375,703.5,745.6659545898438,703.6659545898438
2567,17,1568048162924,0958,0540,788.8113403320312,673.35009765625,80.66963958740234,86.27758026123047,88.4545669555664,738.9281616210938,656.197265625,833.1456298828125,655.6661987304688,828.4598388671875,703.498046875,745.5,703.5
2568,17,1568048162939,0958,0540,788.8906860351562,673.3233642578125,81.01317596435547,86.65402221679688,87.66162109375,738.9201049804688,656.037353515625,833.2103271484375,655.4606323242188,828.5,703.5015869140625,745.56884765625,703.3675537109375
2569,17,1568048162954,0958,0540,788.786865234375,673.2206420898438,80.73339080810547,86.123779296875,88.81405639648438,738.7977294921875,656.0480346679688,832.96875,655.5283203125,828.4683227539062,703.2547607421875,745.5,703.277587890625
2570,17,1568048162968,0958,0540,788.7940673828125,673.1466674804688,80.70856475830078,86.1792984008789,89.98052978515625,738.7526245117188,655.9268188476562,832.96875,655.5283203125,828.5525512695312,703.0565795898438,745.5248413085938,703.2225952148438
2571,17,1568048162980,0958,0540,788.7221069335938,673.10791015625,80.67161560058594,86.12283325195312,85.88401794433594,738.7526245117188,655.9268188476562,833.0,655.5584716796875,828.427734375,702.9342041015625,745.525390625,703.1798706054688
2572,17,1568048162992,0958,0540,788.767822265625,673.1378173828125,80.68905639648438,86.1441879272461,87.92908477783203,738.7526245117188,655.9268188476562,832.9743041992188,655.4651489257812,828.31591796875,702.9835205078125,745.5199584960938,703.3065795898438
2573,17,1568048163005,0958,0540,788.6920776367188,673.0054321289062,80.77603912353516,86.0461654663086,88.5570297241211,738.7802734375,655.89453125,832.830810546875,655.3724365234375,828.3876342773438,702.9784545898438,745.415771484375,703.20458984375
2574,17,1568048163020,0958,0540,788.6592407226562,673.032470703125,80.75102233886719,86.01008605957031,88.92205810546875,738.60009765625,655.7146606445312,832.8543701171875,655.3338012695312,828.3555297851562,702.997802734375,745.21337890625,703.03515625
2575,17,1568048163033,0958,0540,788.7465209960938,672.9622802734375,80.63256072998047,86.05261993408203,92.52740478515625,738.5,655.6712036132812,832.654052734375,655.22705078125,828.3309326171875,703.0,745.1616821289062,703.0
2576,17,1568048163045,0958,0540,788.7229614257812,672.8756713867188,80.39239501953125,86.1490249633789,93.42286682128906,738.5,655.6712036132812,832.6650390625,655.1897583007812,828.2853393554688,702.89990234375,745.1616821289062,703.0
2577,17,1568048163057,0958,0540,788.6943359375,672.7604370117188,80.22357940673828,86.04424285888672,93.70014190673828,738.4564819335938,655.6334838867188,832.7797241210938,655.0384521484375,828.2257690429688,702.7742309570312,745.21337890625,702.96484375
2578,17,1568048163069,0958,0540,788.6917114257812,672.7587280273438,80.4154281616211,85.95491027832031,92.50128936767578,738.4938354492188,655.659423828125,832.6149291992188,654.933837890625,828.10009765625,702.7146606445312,745.1456298828125,702.8401489257812
2579,17,1568048163082,0958,0540,788.5255737304688,672.6329345703125,80.25933074951172,85.6656723022461,91.76461791992188,738.4564819335938,655.3665161132812,832.5574340820312,654.77685546875,828.10009765625,702.7146606445312,745.1094360351562,702.7606201171875
2580,17,1568048163094,0958,0540,788.4606323242188,672.6375122070312,80.27557373046875,85.75588989257812,92.24308776855469,738.437255859375,655.2766723632812,832.5804443359375,654.7216796875,827.9968872070312,702.4845581054688,744.9540405273438,702.6369018554688
2581,17,1568048163106,0958,0540,788.5599365234375,672.5405883789062,80.41838073730469,85.48263549804688,94.39600372314453,738.437255859375,655.2766723632812,832.6036987304688,654.7861938476562,827.9515991210938,702.5404663085938,745.0,702.692626953125
2582,17,1568048163120,0958,0540,788.3267211914062,672.4801635742188,80.38648223876953,86.25804901123047,90.84207916259766,738.3206176757812,655.1790771484375,832.6036987304688,654.7861938476562,828.0,702.5,744.953369140625,702.579833984375
2583,17,1568048163133,0958,0540,788.3419799804688,672.52294921875,80.15299987792969,85.73725891113281,91.925048828125,738.25634765625,655.0470581054688,832.5,654.7264404296875,828.0184326171875,702.4750366210938,744.953369140625,702.579833984375
2584,17,1568048163146,0958,0540,788.3307495117188,672.509765625,81.23004913330078,85.90160369873047,93.85906982421875,738.25634765625,655.0470581054688,832.5,654.7264404296875,827.9766845703125,702.5861206054688,744.953369140625,702.579833984375
2585,17,1568048163159,0958,0540,788.3148803710938,672.4490966796875,80.22313690185547,85.67565155029297,93.01412200927734,738.1470336914062,655.1138305664062,832.5549926757812,654.719482421875,827.9839477539062,702.3714599609375,744.9347534179688,702.5819702148438
2586,17,1568048163172,0958,0540,788.3785400390625,672.5096435546875,80.95135498046875,86.22673034667969,89.46260833740234,738.1470336914062,655.1138305664062,832.5,654.7264404296875,827.9839477539062,702.3714599609375,744.9347534179688,702.5819702148438
2587,17,1568048163184,0958,0540,788.1495361328125,672.4743041992188,80.85684967041016,85.95150756835938,92.7266845703125,738.14453125,655.16357421875,832.5,654.7264404296875,827.9474487304688,702.4136352539062,744.9398803710938,702.4969482421875
2588,17,1568048163197,0958,0540,788.2844848632812,672.6414184570312,81.1303482055664,86.55207061767578,93.16870880126953,738.14453125,655.16357421875,832.5,654.7264404296875,827.9493408203125,702.4186401367188,745.0,702.5
2589,17,1568048163208,0958,0540,788.1962280273438,672.4641723632812,80.87554168701172,86.26777648925781,91.66718292236328,738.264892578125,655.0991821289062,832.5,654.7264404296875,827.9474487304688,702.4136352539062,745.0,702.5
2590,17,1568048163222,0958,0540,788.3402099609375,672.7033081054688,81.1266860961914,86.46580505371094,95.83428955078125,738.3248291015625,655.2411499023438,832.5,654.7264404296875,828.0184326171875,702.4750366210938,745.0,702.5
2591,17,1568048163236,0958,0540,788.4011840820312,672.5391235351562,80.40389251708984,86.3581314086914,93.60179901123047,738.3248291015625,655.2411499023438,832.5,654.7264404296875,827.9794311523438,702.5033569335938,744.953369140625,702.579833984375
2592,17,1568048163251,0958,0540,788.3164672851562,672.9261474609375,81.31653594970703,86.46044158935547,93.14376831054688,738.1401977539062,655.4097290039062,832.5,654.8267211914062,828.0145874023438,702.6886596679688,744.9540405273438,702.6369018554688
2593,17,1568048163264,0958,0540,788.32763671875,672.5855712890625,80.84111785888672,86.40494537353516,95.8353042602539,738.1917114257812,655.3717041015625,832.4606323242188,654.7896728515625,828.0145874023438,702.6886596679688,745.0,702.595458984375
2594,17,1568048163278,0958,0540,788.22314453125,672.704833984375,80.98017883300781,86.65104675292969,91.89044189453125,738.1917114257812,655.3717041015625,832.4606323242188,654.7896728515625,828.0145874023438,702.6886596679688,745.0,702.595458984375
2595,17,1568048163293,0958,0540,788.2538452148438,672.7077026367188,81.2081527709961,86.65116882324219,92.91487121582031,738.1917114257812,655.3717041015625,832.5,654.7568969726562,828.0145874023438,702.6886596679688,745.0,702.595458984375
2596,17,1568048163306,0958,0540,788.2158203125,672.7776489257812,81.05609130859375,86.70460510253906,90.90463256835938,738.063232421875,655.4242553710938,832.4425659179688,654.77685546875,828.0145874023438,702.6886596679688,744.9334106445312,702.7105102539062
2597,17,1568048163319,0958,0540,788.2235107421875,672.69140625,80.92628479003906,86.64068603515625,94.04655456542969,738.063232421875,655.4242553710938,832.4425659179688,654.77685546875,828.0113525390625,702.6611328125,744.8396606445312,702.6161499023438
2598,17,1568048163331,0958,0540,788.1708984375,672.8094482421875,81.34559631347656,86.6641845703125,91.82427215576172,738.063232421875,655.4242553710938,832.4425659179688,654.77685546875,828.0113525390625,702.6611328125,744.7559204101562,702.6817016601562
2599,17,1568048163344,0958,0540,788.24755859375,672.8960571289062,81.1799087524414,86.35445404052734,94.27169036865234,738.063232421875,655.4242553710938,832.4425659179688,654.77685546875,827.9749145507812,702.568603515625,744.7559204101562,702.6817016601562
2600,17,1568048163359,0958,0540,788.2325439453125,672.91162109375,81.59815216064453,86.3554458618164,89.04013061523438,738.063232421875,655.4242553710938,832.4425659179688,654.77685546875,827.9749145507812,702.568603515625,744.7559204101562,702.6817016601562
2601,17,1568048163373,0958,0540,788.3361206054688,673.0233154296875,81.80073547363281,86.46190643310547,93.24357604980469,738.063232421875,655.4242553710938,832.4425659179688,654.77685546875,827.9749145507812,702.568603515625,744.7559204101562,702.6817016601562
2602,17,1568048163386,0958,0540,788.3281860351562,672.9703979492188,81.67747497558594,86.84436798095703,93.7516860961914,738.063232421875,655.4242553710938,832.4425659179688,654.77685546875,827.9749145507812,702.568603515625,744.7559204101562,702.6817016601562
2603,17,1568048163399,0958,0540,788.3630981445312,672.9197998046875,81.56790161132812,86.78964233398438,92.70457458496094,738.063232421875,655.4242553710938,832.4510498046875,654.7192993164062,827.9794311523438,702.5033569335938,744.7559204101562,702.6817016601562
2604,17,1568048163411,0958,0540,788.3843994140625,672.79931640625,81.75896453857422,86.79902648925781,90.12957000732422,738.063232421875,655.4242553710938,832.4510498046875,654.7192993164062,827.8640747070312,702.6384887695312,744.7559204101562,702.6817016601562
2605,17,1568048163424,0958,0540,788.2342529296875,672.8507690429688,81.440185546875,86.8094253540039,91.91280364990234,738.063232421875,655.4242553710938,832.4510498046875,654.7192993164062,827.8628540039062,702.594970703125,744.7559204101562,702.6817016601562
2606,17,1568048163436,0958,0540,788.221923828125,672.99560546875,81.98452758789062,86.73440551757812,93.63257598876953,737.9882202148438,655.2706298828125,832.4577026367188,654.756103515625,827.8220825195312,702.5303344726562,744.7559204101562,702.6817016601562
2607,17,1568048163449,0958,0540,788.2718505859375,672.9028930664062,82.2939453125,86.74136352539062,93.57205200195312,737.9613037109375,655.2208862304688,832.380859375,654.766357421875,827.8236083984375,702.5634155273438,744.6659545898438,702.6659545898438
2608,17,1568048163463,0958,0540,788.2613525390625,672.9097900390625,82.40434265136719,86.85111236572266,94.0540542602539,738.0718383789062,655.197265625,832.3250122070312,654.6763916015625,827.7452392578125,702.5316772460938,744.560546875,702.4854125976562
2609,17,1568048163476,0958,0540,788.2127685546875,672.7972412109375,81.90099334716797,86.95106506347656,92.5062026977539,738.0,655.079833984375,832.2579956054688,654.5398559570312,827.7596435546875,702.2586669921875,744.65673828125,702.3563232421875
2610,17,1568048163490,0958,0540,787.86669921875,672.654052734375,82.82180786132812,87.60059356689453,93.52847290039062,738.0036010742188,655.0,832.1732788085938,654.5,827.7596435546875,702.2586669921875,744.65673828125,702.3563232421875
2611,17,1568048163502,0958,0540,788.0853271484375,672.7964477539062,82.42656707763672,87.48942565917969,91.70492553710938,738.0036010742188,655.0,832.1732788085938,654.5,827.6870727539062,702.3129272460938,744.676025390625,702.143798828125
2612,17,1568048163515,0958,0540,788.0018920898438,672.6415405273438,82.68421173095703,87.92656707763672,92.84226989746094,738.0036010742188,655.0,832.1732788085938,654.5,827.6870727539062,702.3129272460938,744.676025390625,702.143798828125
2613,17,1568048163528,0958,0540,788.0531005859375,672.5384521484375,82.0099868774414,87.83135986328125,94.16680908203125,738.0036010742188,655.0,832.1732788085938,654.5,827.6870727539062,702.3129272460938,744.676025390625,702.143798828125
2614,17,1568048163541,0958,0540,787.8494873046875,672.6854248046875,82.92111206054688,88.05364227294922,93.06599426269531,738.0036010742188,655.0,832.1732788085938,654.5,827.6870727539062,702.3129272460938,744.7512817382812,702.2215576171875
2615,17,1568048163554,0958,0540,787.9862670898438,672.8630981445312,82.77381134033203,88.01348876953125,89.89749908447266,737.8837890625,655.0840454101562,832.1732788085938,654.5,827.6870727539062,702.3129272460938,744.7512817382812,702.2215576171875
2616,17,1568048163567,0958,0540,787.8638916015625,672.7109985351562,83.07483673095703,88.15469360351562,92.17243957519531,737.8837890625,655.0840454101562,832.1732788085938,654.5,827.6870727539062,702.3129272460938,744.65673828125,702.3563232421875
2617,17,1568048163578,0958,0540,787.8219604492188,672.6266479492188,83.22016143798828,88.1953125,92.89744567871094,737.7526245117188,655.0,832.1732788085938,654.5,827.6870727539062,702.3129272460938,744.5656127929688,702.2748413085938
2618,17,1568048163589,0958,0540,787.8629760742188,672.7490844726562,83.27690887451172,88.17769622802734,91.4379653930664,737.7977294921875,655.0480346679688,832.2103271484375,654.5393676757812,827.7413330078125,702.2403564453125,744.676025390625,702.143798828125
2619,17,1568048163601,0958,0540,787.8698120117188,672.6809692382812,83.34468078613281,88.02405548095703,93.31847381591797,737.7977294921875,655.0480346679688,832.2103271484375,654.5393676757812,827.7413330078125,702.2403564453125,744.676025390625,702.143798828125
2620,17,1568048163613,0958,0540,787.8670043945312,672.7825317382812,83.62774658203125,88.05912017822266,93.2245864868164,737.7977294921875,655.0480346679688,832.2103271484375,654.5393676757812,827.687744140625,702.2440795898438,744.676025390625,702.143798828125
2621,17,1568048163626,0958,0540,787.8074340820312,672.6387939453125,83.58006286621094,88.04114532470703,91.5729751586914,737.7526245117188,654.9268188476562,832.1314697265625,654.4544067382812,827.5060424804688,702.131591796875,744.676025390625,702.143798828125
2622,17,1568048163636,0958,0540,787.570556640625,672.5840454101562,83.74983978271484,88.65715026855469,91.5071029663086,737.7526245117188,654.9268188476562,831.96875,654.5283203125,827.5,702.0214233398438,744.5248413085938,702.2225952148438
2623,17,1568048163650,0958,0540,787.7852172851562,672.7159423828125,83.3802261352539,87.98500061035156,92.97264862060547,737.70263671875,654.7986450195312,832.1087036132812,654.4098510742188,827.4966430664062,702.0205688476562,744.4800415039062,702.3065795898438
2624,17,1568048163666,0958,0540,787.7282104492188,672.8182983398438,83.82223510742188,88.55393981933594,96.06373596191406,737.70263671875,654.7986450195312,832.0,654.0925903320312,827.3876342773438,701.9784545898438,744.5,702.2633056640625
2625,17,1568048163681,0958,0540,787.6943969726562,672.744140625,83.43472290039062,88.52660369873047,92.2310791015625,737.70263671875,654.7986450195312,832.0,654.0925903320312,827.3876342773438,701.9784545898438,744.3699951171875,702.1195068359375
2626,17,1568048163696,0958,0540,787.6355590820312,672.6975708007812,84.21150207519531,88.8538818359375,88.58221435546875,737.69140625,654.74169921875,832.0,654.0925903320312,827.3876342773438,701.9784545898438,744.3699951171875,702.1195068359375
2627,17,1568048163708,0958,0540,787.7215576171875,672.840087890625,84.02826690673828,88.8307876586914,90.72868347167969,737.6751708984375,654.7588500976562,832.0,654.0925903320312,827.3641357421875,702.0,744.2720947265625,702.0
2628,17,1568048163721,0958,0540,787.5287475585938,672.6405029296875,84.6460952758789,89.01365661621094,87.57044219970703,737.6751708984375,654.7588500976562,832.0472412109375,654.218994140625,827.2951049804688,702.0,744.3699951171875,701.8804931640625
2629,17,1568048163733,0958,0540,787.6083374023438,672.8406982421875,84.12141418457031,88.98966217041016,93.07868194580078,737.6751708984375,654.7588500976562,832.0472412109375,654.218994140625,827.5,702.0,744.6773681640625,702.1774291992188
2630,17,1568048163746,0958,0540,787.6917114257812,672.7371826171875,84.14191436767578,89.83952331542969,91.18232727050781,737.6793823242188,654.8209228515625,832.1267700195312,654.1694946289062,827.5813598632812,702.0506591796875,744.6773681640625,702.1774291992188
2631,17,1568048163758,0958,0540,787.6515502929688,672.8958129882812,84.70703125,89.64501190185547,93.08732604980469,737.74365234375,654.9529418945312,832.1692504882812,654.2244262695312,827.6358642578125,702.0,744.6773681640625,702.1774291992188
2632,17,1568048163771,0958,0540,787.7430419921875,672.9265747070312,84.7962417602539,89.84579467773438,92.75593566894531,737.7526245117188,654.9268188476562,832.2648315429688,654.3097534179688,827.6611328125,701.9886474609375,744.6773681640625,702.1774291992188
2633,17,1568048163785,0958,0540,787.9351196289062,673.1539916992188,84.36316680908203,89.6600341796875,94.32257080078125,737.85546875,654.83642578125,832.2648315429688,654.3097534179688,827.6611328125,701.9886474609375,744.676025390625,702.143798828125
2634,17,1568048163798,0958,0540,787.8820190429688,673.0042724609375,84.69279479980469,89.92626953125,91.67280578613281,737.85546875,654.83642578125,832.2648315429688,654.3097534179688,827.79248046875,702.1888427734375,744.676025390625,702.143798828125
2635,17,1568048163811,0958,0540,787.986572265625,673.0006103515625,84.85137939453125,90.13800048828125,92.70975494384766,737.9722290039062,654.968994140625,832.40869140625,654.2533569335938,827.7476806640625,702.2363891601562,744.676025390625,702.143798828125
2636,17,1568048163824,0958,0540,788.0267333984375,673.036865234375,84.80642700195312,90.71492767333984,93.15380096435547,737.9722290039062,654.968994140625,832.40869140625,654.2533569335938,827.7476806640625,702.2363891601562,744.676025390625,702.143798828125
2637,17,1568048163837,0958,0540,788.0399169921875,672.9530029296875,85.0780258178711,90.6320571899414,93.13977813720703,737.85546875,654.83642578125,832.2648315429688,654.3097534179688,827.7366333007812,702.2445678710938,744.676025390625,702.143798828125
2638,17,1568048163850,0958,0540,787.7991333007812,672.9859619140625,85.46481323242188,91.21981811523438,90.837646484375,737.85546875,654.83642578125,832.2498168945312,654.4274291992188,827.6910400390625,702.2380981445312,744.676025390625,702.143798828125
2639,17,1568048163863,0958,0540,787.9114379882812,673.04638671875,84.615478515625,91.19988250732422,93.76155090332031,737.7526245117188,654.9268188476562,832.153076171875,654.347412109375,827.5884399414062,701.9827270507812,744.5223999023438,702.182861328125
2640,17,1568048163877,0958,0540,787.8660888671875,673.0230102539062,85.30426025390625,91.1007080078125,94.96003723144531,737.7526245117188,654.9268188476562,832.1087036132812,654.4098510742188,827.6285400390625,702.0160522460938,744.525390625,702.1798706054688
2641,17,1568048163890,0958,0540,787.8541259765625,672.9113159179688,85.40901947021484,91.14818572998047,92.44438171386719,737.7802734375,654.89453125,832.1087036132812,654.4098510742188,827.5525512695312,702.0565795898438,744.501708984375,702.2283325195312
2642,17,1568048163903,0958,0540,787.770263671875,673.000732421875,85.53327941894531,91.22422790527344,89.93348693847656,737.7802734375,654.89453125,832.1087036132812,654.4098510742188,827.4138793945312,702.0233154296875,744.501708984375,702.2283325195312
2643,17,1568048163916,0958,0540,787.819580078125,673.0185546875,86.19232940673828,91.07211303710938,94.19476318359375,737.687255859375,654.79931640625,832.0,654.3109130859375,827.31591796875,701.9835205078125,744.3858642578125,702.2464599609375
2644,17,1568048163929,0958,0540,787.7916259765625,673.121337890625,85.888427734375,91.08216094970703,94.6089096069336,737.687255859375,654.79931640625,832.0,654.3109130859375,827.31591796875,701.9835205078125,744.3858642578125,702.2464599609375
2645,17,1568048163942,0958,0540,787.7656860351562,673.1910400390625,85.94502258300781,91.15375518798828,93.43179321289062,737.687255859375,654.79931640625,832.1087036132812,654.4098510742188,827.31591796875,701.9835205078125,744.3858642578125,702.2464599609375
2646,17,1568048163955,0958,0540,787.7161865234375,673.2210693359375,86.34480285644531,91.27953338623047,93.02951049804688,737.687255859375,654.79931640625,832.1087036132812,654.4098510742188,827.31591796875,701.9835205078125,744.3858642578125,702.2464599609375
2647,17,1568048163968,0958,0540,787.822509765625,673.09326171875,86.27213287353516,92.2165756225586,95.74393463134766,737.687255859375,654.79931640625,831.913330078125,654.2705078125,827.4138793945312,702.0233154296875,744.209716796875,702.0794677734375
2648,17,1568048163982,0958,0540,787.69189453125,673.0505981445312,86.73565673828125,92.31587982177734,92.27142333984375,737.687255859375,654.79931640625,831.913330078125,654.2705078125,827.31591796875,701.9835205078125,744.209716796875,702.0794677734375
2649,17,1568048163996,0958,0540,787.7056274414062,673.133056640625,86.03626251220703,92.26146697998047,95.38855743408203,737.6793823242188,654.8209228515625,831.8732299804688,654.1694946289062,827.427734375,701.9342041015625,744.209716796875,702.0794677734375
2650,17,1568048164010,0958,0540,787.7537841796875,673.083984375,86.9424057006836,92.2791519165039,95.13228607177734,737.6751708984375,654.7588500976562,831.8732299804688,654.1694946289062,827.427734375,701.9342041015625,744.2720947265625,702.0
2651,17,1568048164024,0958,0540,787.6970825195312,673.0752563476562,86.80050659179688,92.58106994628906,94.64115142822266,737.6751708984375,654.7588500976562,832.0,654.0925903320312,827.4136352539062,701.9474487304688,744.2720947265625,702.0
2652,17,1568048164037,0958,0540,787.5396728515625,672.9114990234375,86.64706420898438,92.46861267089844,92.21581268310547,737.6751708984375,654.7588500976562,832.0,654.0925903320312,827.4136352539062,701.9474487304688,744.2720947265625,702.0
2653,17,1568048164050,0958,0540,787.5370483398438,673.0388793945312,86.14392852783203,92.28341674804688,91.845458984375,737.6751708984375,654.7588500976562,832.0,654.0925903320312,827.3714599609375,701.9839477539062,744.2720947265625,702.0
2654,17,1568048164064,0958,0540,787.7444458007812,672.9760131835938,86.53508758544922,92.39824676513672,95.70896911621094,737.6751708984375,654.7588500976562,831.9318237304688,654.035400390625,827.3714599609375,701.9839477539062,744.3699951171875,701.8804931640625
2655,17,1568048164077,0958,0540,787.6349487304688,673.0541381835938,86.7720718383789,92.33030700683594,92.66324615478516,737.6751708984375,654.7588500976562,831.9229125976562,654.1219482421875,827.3714599609375,701.9839477539062,744.3699951171875,701.8804931640625
2656,17,1568048164090,0958,0540,787.666748046875,673.085693359375,86.9814453125,92.35032653808594,95.64332580566406,737.562744140625,654.7233276367188,831.9229125976562,654.1219482421875,827.3714599609375,701.9839477539062,744.209716796875,701.9205322265625
2657,17,1568048164102,0958,0540,787.662841796875,673.2053833007812,86.65988159179688,92.38674926757812,95.77112579345703,737.562744140625,654.7233276367188,831.9229125976562,654.1219482421875,827.4115600585938,702.0172729492188,744.209716796875,701.9205322265625
2658,17,1568048164115,0958,0540,787.5977783203125,673.1043090820312,86.86786651611328,92.41111755371094,98.1317367553711,737.4524536132812,654.7142333984375,831.9229125976562,654.1219482421875,827.427001953125,702.0051879882812,744.209716796875,701.9205322265625
2659,17,1568048164130,0958,0540,787.6011962890625,673.053466796875,87.02622985839844,92.9211654663086,97.57660675048828,737.4524536132812,654.7142333984375,831.9242553710938,654.0598754882812,827.4500732421875,701.9974365234375,744.209716796875,701.9205322265625
2660,17,1568048164144,0958,0540,787.5109252929688,672.954345703125,87.3087387084961,92.98439025878906,94.8387451171875,737.4524536132812,654.7142333984375,831.9242553710938,654.0598754882812,827.3966674804688,701.8302001953125,744.209716796875,701.9205322265625
2661,17,1568048164157,0958,0540,787.5000610351562,673.0381469726562,87.28678131103516,93.09797668457031,96.70889282226562,737.4524536132812,654.7142333984375,831.8096313476562,654.0323486328125,827.3261108398438,701.8507080078125,744.209716796875,701.9205322265625
2662,17,1568048164170,0958,0540,787.4874267578125,673.0379638671875,87.66022491455078,93.13350677490234,94.26749420166016,737.4371337890625,654.650146484375,831.7942504882812,654.0,827.3878784179688,701.7874755859375,744.21337890625,701.96484375
2663,17,1568048164183,0958,0540,787.4826049804688,673.08935546875,87.72187042236328,93.104736328125,95.58513641357422,737.4371337890625,654.650146484375,831.8096313476562,653.9676513671875,827.3129272460938,701.6870727539062,744.21337890625,701.96484375
2664,17,1568048164197,0958,0540,787.4445190429688,673.0133056640625,87.8678970336914,92.96471405029297,94.98030090332031,737.3973999023438,654.4010620117188,831.8096313476562,653.9676513671875,827.3129272460938,701.6870727539062,744.2396850585938,701.9200439453125
2665,17,1568048164210,0958,0540,787.4157104492188,673.02587890625,87.64600372314453,92.9378662109375,93.9855728149414,737.5,654.2513427734375,831.8096313476562,653.9676513671875,827.3129272460938,701.6870727539062,744.2396850585938,701.9200439453125
2666,17,1568048164224,0958,0540,787.4799194335938,673.049560546875,87.78543853759766,92.61080169677734,92.112548828125,737.5,654.2513427734375,831.810791015625,653.909912109375,827.3129272460938,701.6870727539062,744.2396850585938,701.9200439453125
2667,17,1568048164237,0958,0540,787.5570678710938,672.8253173828125,87.29679870605469,92.56819915771484,93.3277816772461,737.5,654.2513427734375,831.7406616210938,653.890380859375,827.3129272460938,701.6870727539062,744.2396850585938,701.9200439453125
2668,17,1568048164250,0958,0540,787.6343383789062,672.8079223632812,87.72623443603516,92.70392608642578,95.49153137207031,737.5475463867188,654.2857666015625,831.759033203125,653.9136962890625,827.3163452148438,701.6405639648438,744.2440795898438,701.6817016601562
2669,17,1568048164264,0958,0540,787.4236450195312,672.8153076171875,88.04145050048828,92.8647689819336,96.16060638427734,737.5,654.3287963867188,831.6857299804688,653.8099975585938,827.3381958007812,701.5783081054688,744.1603393554688,701.6161499023438
2670,17,1568048164278,0958,0540,787.470947265625,672.95703125,88.09040832519531,93.10820007324219,96.50314331054688,737.5,654.346435546875,831.6857299804688,653.8099975585938,827.5015869140625,701.5,744.34326171875,701.6436767578125
2671,17,1568048164292,0958,0540,787.7037963867188,672.8541870117188,87.97038269042969,93.3143310546875,95.18016815185547,737.5,654.346435546875,831.7896728515625,653.4606323242188,827.5401611328125,701.498046875,744.43115234375,701.3675537109375
2672,17,1568048164307,0958,0540,787.6723022460938,673.0430908203125,88.25068664550781,93.39584350585938,94.83299255371094,737.5,654.346435546875,831.7896728515625,653.4606323242188,827.5401611328125,701.498046875,744.43115234375,701.3675537109375
2673,17,1568048164320,0958,0540,787.7966918945312,672.9173583984375,88.28807830810547,93.2125015258789,93.68330383300781,737.5,654.346435546875,831.7896728515625,653.4606323242188,827.5401611328125,701.498046875,744.3340454101562,701.3340454101562
2674,17,1568048164334,0958,0540,787.7625732421875,672.9385986328125,88.098388671875,93.26315307617188,95.98265838623047,737.5,654.346435546875,831.7896728515625,653.4606323242188,827.5015869140625,701.5,744.3340454101562,701.3340454101562
2675,17,1568048164348,0958,0540,787.6177978515625,672.9351196289062,88.58505249023438,92.94035339355469,96.78630828857422,737.3215942382812,654.1766357421875,831.6920166015625,653.4973754882812,827.3250122070312,701.3236083984375,744.233154296875,701.4038696289062
2676,17,1568048164362,0958,0540,787.5464477539062,672.8412475585938,88.52217864990234,93.24087524414062,98.86614990234375,737.2197265625,654.10546875,831.7420043945312,653.5398559570312,827.3250122070312,701.3236083984375,744.1603393554688,701.3838500976562
2677,17,1568048164374,0958,0540,787.6214599609375,672.7125244140625,88.43817901611328,93.14405822753906,100.718017578125,737.2197265625,654.10546875,831.6923217773438,653.4501953125,827.185791015625,701.2542724609375,744.2362060546875,701.4517211914062
2678,17,1568048164388,0958,0540,787.5623168945312,672.8023681640625,88.64229583740234,93.20940399169922,98.53382110595703,737.1500854492188,654.0,831.6423950195312,653.450439453125,827.2409057617188,701.30419921875,744.0,701.404541015625
2679,17,1568048164404,0958,0540,787.6708984375,672.57421875,88.01310729980469,93.28801727294922,101.09075927734375,737.2197265625,653.89453125,831.5208740234375,653.4210205078125,827.1375122070312,701.3447265625,744.0,701.404541015625
2680,17,1568048164418,0958,0540,787.3680419921875,672.7916259765625,88.61622619628906,93.7183609008789,97.77513122558594,737.2197265625,653.89453125,831.5,653.2735595703125,827.1375122070312,701.3447265625,744.0,701.404541015625
2681,17,1568048164433,0958,0540,787.2679443359375,672.7506713867188,88.8515396118164,93.90104675292969,97.9565200805664,737.2197265625,653.89453125,831.5,653.2735595703125,827.1231689453125,701.268310546875,743.7894897460938,701.2301025390625
2682,17,1568048164445,0958,0540,787.2208862304688,672.7968139648438,88.77635192871094,93.98226928710938,96.72544860839844,737.2197265625,653.89453125,831.5,653.2735595703125,827.1231689453125,701.268310546875,743.7894897460938,701.2301025390625
2683,17,1568048164459,0958,0540,787.4534301757812,672.6199340820312,88.94249725341797,94.5727767944336,94.80594635009766,737.2473754882812,653.9268188476562,831.5,653.2735595703125,827.1231689453125,701.268310546875,743.928955078125,701.0643310546875
2684,17,1568048164473,0958,0540,787.4805297851562,672.5682983398438,88.86685180664062,94.43592834472656,98.44886779785156,737.14453125,653.83642578125,831.3963012695312,653.2138061523438,827.1231689453125,701.268310546875,743.928955078125,701.0643310546875
2685,17,1568048164487,0958,0540,787.4557495117188,672.5856323242188,88.6698989868164,94.24221801757812,97.76187896728516,737.1470336914062,653.8861694335938,831.3963012695312,653.2138061523438,827.0,701.17626953125,743.819580078125,700.9993896484375
2686,17,1568048164500,0958,0540,787.208740234375,672.6046752929688,88.81644439697266,94.44098663330078,95.54985046386719,737.0992431640625,653.9007568359375,831.42431640625,653.2364501953125,826.731689453125,701.1231689453125,743.8383178710938,701.0
2687,17,1568048164514,0958,0540,787.3720092773438,672.50537109375,88.92664337158203,94.01774597167969,98.02090454101562,736.9007568359375,653.9007568359375,831.40869140625,653.2533569335938,826.731689453125,701.1231689453125,743.790283203125,701.0794677734375
2688,17,1568048164527,0958,0540,787.4373779296875,672.7269287109375,89.24571990966797,94.36764526367188,97.53910827636719,736.8529663085938,653.8861694335938,831.40869140625,653.2533569335938,826.731689453125,701.1231689453125,743.790283203125,701.0794677734375
2689,17,1568048164539,0958,0540,787.2208862304688,672.6055297851562,89.1707992553711,94.54916381835938,96.06086730957031,736.7706298828125,653.6942749023438,831.34130859375,653.1438598632812,826.82373046875,701.0,743.6773681640625,701.1774291992188
2690,17,1568048164551,0958,0540,787.0616455078125,672.539794921875,89.18888092041016,94.06608581542969,95.34722900390625,736.7706298828125,653.6942749023438,831.2408447265625,653.1318969726562,826.6552734375,700.8624877929688,743.6773681640625,701.1774291992188
2691,17,1568048164563,0958,0540,787.0635375976562,672.4087524414062,88.76983642578125,94.04060363769531,94.04450225830078,736.86669921875,653.5422973632812,831.2053833007812,653.0598754882812,826.6991577148438,700.9019165039062,743.6773681640625,701.1774291992188
2692,17,1568048164574,0958,0540,787.0220947265625,672.47412109375,89.43526458740234,93.99620819091797,97.24407958984375,736.86669921875,653.5422973632812,831.189208984375,652.909912109375,826.5802001953125,700.7948608398438,743.498291015625,700.7716674804688
2693,17,1568048164586,0958,0540,787.0086669921875,672.3672485351562,89.23873138427734,94.02405548095703,97.88639831542969,737.008544921875,653.5,831.0681762695312,652.964599609375,826.5802001953125,700.7948608398438,743.5,700.722412109375
2694,17,1568048164598,0958,0540,787.1173706054688,672.3031005859375,89.5024642944336,94.35618591308594,95.10540771484375,737.008544921875,653.5,831.1954956054688,653.0308227539062,826.6870727539062,700.6870727539062,743.5,700.722412109375
2695,17,1568048164609,0958,0540,787.139892578125,672.1461181640625,89.74147033691406,95.09561157226562,95.53057861328125,736.9605102539062,653.3406372070312,831.345947265625,652.77294921875,826.7948608398438,700.598388671875,743.56884765625,700.6324462890625
2696,17,1568048164622,0958,0540,787.1658935546875,672.2059936523438,89.44517517089844,95.08976745605469,92.91216278076172,736.9605102539062,653.3406372070312,831.345947265625,652.77294921875,826.6836547851562,700.6405639648438,743.56884765625,700.6324462890625
2697,17,1568048164634,0958,0540,787.1632080078125,672.1339721679688,89.21029663085938,95.08199310302734,92.13871765136719,736.9605102539062,653.3406372070312,831.3142700195312,652.8099975585938,826.7948608398438,700.5802001953125,743.6659545898438,700.6659545898438
2698,17,1568048164647,0958,0540,787.129638671875,672.30859375,89.14682006835938,95.11224365234375,92.044921875,736.9373779296875,653.39794921875,831.3142700195312,652.8099975585938,826.7948608398438,700.5802001953125,743.6659545898438,700.6659545898438
2699,17,1568048164661,0958,0540,787.1710205078125,672.3589477539062,89.0483627319336,94.88167572021484,96.49646759033203,736.9373779296875,653.39794921875,831.3510131835938,652.804931640625,826.6836547851562,700.6405639648438,743.6659545898438,700.6659545898438
2700,17,1568048164675,0958,0540,787.083984375,672.3761596679688,89.24412536621094,95.03018951416016,94.8545913696289,736.936767578125,653.4242553710938,831.4223022460938,652.7823486328125,826.7948608398438,700.5802001953125,743.6659545898438,700.6659545898438
2701,18,1568048134759,1244,0540,747.9606323242188,674.742919921875,88.9773941040039,94.62077331542969,78.28961181640625,712.9407958984375,656.242431640625,807.1903686523438,655.9676513671875,802.91259765625,703.8385620117188,719.0,703.5
2702,18,1568048134771,1244,0540,747.9595947265625,674.7486572265625,88.52033233642578,94.66698455810547,76.12481689453125,712.8463745117188,656.355224609375,807.1903686523438,655.9676513671875,802.91259765625,703.8385620117188,719.0,703.5
2703,18,1568048134785,1244,0540,748.119384765625,674.8062744140625,88.52819061279297,94.2936782836914,76.45513153076172,712.9407958984375,656.242431640625,807.17626953125,656.0,802.91259765625,703.8385620117188,719.0,703.5
2704,18,1568048134797,1244,0540,748.0747680664062,674.697509765625,88.90214538574219,94.12760925292969,78.76744079589844,712.8463745117188,656.355224609375,807.17626953125,656.0,803.0,703.9436645507812,719.0,703.5
2705,18,1568048134809,1244,0540,748.3077392578125,674.8018188476562,88.3149185180664,93.64176177978516,76.11532592773438,712.8463745117188,656.355224609375,807.17626953125,656.0,803.0665283203125,703.9677734375,719.0548706054688,703.557373046875
2706,18,1568048134821,1244,0540,748.107666015625,674.8116455078125,88.89908599853516,94.28623962402344,77.84152221679688,712.840576171875,656.400390625,807.1903686523438,656.0323486328125,803.0,704.0,719.1314086914062,703.6786499023438
2707,18,1568048134833,1244,0540,748.1483764648438,674.8551635742188,88.5323486328125,94.17276763916016,75.96659088134766,712.840576171875,656.400390625,807.1903686523438,656.0323486328125,803.0665283203125,703.9677734375,719.1314086914062,703.6786499023438
2708,18,1568048134846,1244,0540,748.0979614257812,674.7259521484375,88.78184509277344,94.19929504394531,76.4890365600586,712.840576171875,656.400390625,807.1903686523438,656.0323486328125,803.0665283203125,703.9677734375,719.1314086914062,703.6786499023438
2709,18,1568048134858,1244,0540,748.0917358398438,674.7178955078125,88.70903015136719,94.17805480957031,76.85816955566406,712.840576171875,656.400390625,807.1903686523438,656.0323486328125,802.9334716796875,704.0322265625,719.1314086914062,703.6786499023438
2710,18,1568048134869,1244,0540,748.1301879882812,674.7410278320312,88.61770629882812,94.11115264892578,76.65193939208984,712.8397827148438,656.3416748046875,807.1903686523438,656.0323486328125,802.9334716796875,704.0322265625,719.1314086914062,703.6786499023438
2711,18,1568048134881,1244,0540,748.100830078125,674.7822875976562,88.65448760986328,93.83430480957031,76.8150863647461,712.8397827148438,656.3416748046875,807.1903686523438,656.0323486328125,802.9334716796875,704.0322265625,719.1314086914062,703.6786499023438
2712,18,1568048134893,1244,0540,748.2305297851562,674.6653442382812,88.7427978515625,94.18968963623047,73.22459411621094,712.8397827148438,656.3416748046875,807.1903686523438,656.0323486328125,803.0665283203125,703.9677734375,719.1314086914062,703.6786499023438
2713,18,1568048134905,1244,0540,748.099365234375,674.8367309570312,88.3191909790039,94.07926940917969,77.31736755371094,712.840576171875,656.400390625,807.17626953125,656.0,803.17626953125,704.0,719.2291870117188,703.581298828125
2714,18,1568048134918,1244,0540,748.2410888671875,674.739990234375,89.02469635009766,94.39556121826172,78.21304321289062,712.840576171875,656.400390625,807.17626953125,656.0,803.17626953125,704.0,719.2291870117188,703.581298828125
2715,18,1568048134930,1244,0540,748.0877685546875,674.8355102539062,88.46947479248047,93.66199493408203,77.5566177368164,712.840576171875,656.400390625,807.17626953125,656.0,803.0665283203125,703.9677734375,719.2291870117188,703.581298828125
2716,18,1568048134943,1244,0540,748.3211669921875,674.674072265625,88.7940673828125,94.0824966430664,77.16957092285156,712.840576171875,656.400390625,807.17626953125,656.0,803.0665283203125,703.9677734375,719.2291870117188,703.581298828125
2717,18,1568048134956,1244,0540,748.1553955078125,674.7048950195312,88.7813491821289,94.10227966308594,76.90179443359375,712.840576171875,656.400390625,807.17626953125,656.0,803.0665283203125,703.9677734375,719.2291870117188,703.581298828125
2718,18,1568048134968,1244,0540,748.07275390625,674.87890625,88.65921783447266,93.76759338378906,78.05484771728516,712.840576171875,656.400390625,807.17626953125,656.0,803.0665283203125,703.9677734375,719.1314086914062,703.6786499023438
2719,18,1568048134981,1244,0540,748.1163940429688,674.8554077148438,88.7353286743164,93.81706237792969,76.10863494873047,712.840576171875,656.400390625,807.17626953125,656.0,803.0,704.0,719.1314086914062,703.6786499023438
2720,18,1568048134995,1244,0540,748.0929565429688,674.811767578125,88.72596740722656,93.79238891601562,78.474365234375,712.840576171875,656.400390625,807.17626953125,656.0,802.9334716796875,704.0322265625,719.0548706054688,703.557373046875
2721,18,1568048135008,1244,0540,747.954345703125,674.8671264648438,88.17782592773438,93.66434478759766,76.83308410644531,712.7387084960938,656.375244140625,807.17626953125,656.0,802.8471069335938,704.1528930664062,719.0,703.4711303710938
2722,18,1568048135021,1244,0540,748.0917358398438,674.8786010742188,88.45565795898438,93.4903564453125,72.75948333740234,712.6300659179688,656.5,807.189208984375,656.090087890625,802.830322265625,704.2408447265625,719.1759033203125,703.5990600585938
2723,18,1568048135035,1244,0540,747.9492797851562,674.9217529296875,88.49698638916016,93.61421203613281,78.14569854736328,712.6300659179688,656.5,807.1818237304688,656.1602783203125,802.7590942382812,704.30419921875,719.1732788085938,703.6315307617188
2724,18,1568048135048,1244,0540,747.8667602539062,674.9385375976562,88.04075622558594,93.44682312011719,77.73475646972656,712.6300659179688,656.5,807.0256958007812,656.4651489257812,802.8624877929688,704.3447265625,719.1732788085938,703.6315307617188
2725,18,1568048135060,1244,0540,747.9140625,674.9134521484375,88.36431884765625,93.66683197021484,77.47250366210938,712.7437133789062,656.5960083007812,807.0256958007812,656.4651489257812,802.8302001953125,704.3966674804688,719.1980590820312,703.8872680664062
2726,18,1568048135073,1244,0540,748.0745239257812,675.0285034179688,88.4397964477539,94.0282211303711,77.12859344482422,712.7437133789062,656.5960083007812,807.0256958007812,656.4651489257812,802.8302001953125,704.3966674804688,719.0706176757812,703.984619140625
2727,18,1568048135085,1244,0540,747.9039916992188,674.924072265625,87.85921478271484,93.5759048461914,78.97486877441406,712.7437133789062,656.5960083007812,807.0256958007812,656.4651489257812,802.8302001953125,704.3966674804688,719.0706176757812,703.984619140625
2728,18,1568048135097,1244,0540,748.0137329101562,674.8746948242188,87.95797729492188,93.80484771728516,77.17527770996094,712.7437133789062,656.5960083007812,807.0256958007812,656.4651489257812,802.8302001953125,704.3966674804688,719.0706176757812,703.984619140625
2729,18,1568048135111,1244,0540,747.8934936523438,674.8848266601562,87.90613555908203,93.62493133544922,78.64675903320312,712.7437133789062,656.5960083007812,807.0256958007812,656.4651489257812,802.8797607421875,704.2400512695312,719.3137817382812,703.785400390625
2730,18,1568048135123,1244,0540,748.011962890625,674.8143920898438,87.7314682006836,93.15158081054688,78.77102661132812,712.7437133789062,656.5960083007812,807.0256958007812,656.4651489257812,802.8624877929688,704.3447265625,719.3137817382812,703.785400390625
2731,18,1568048135135,1244,0540,748.0543823242188,674.8231201171875,88.2066421508789,93.31534576416016,80.44071960449219,712.7437133789062,656.5960083007812,807.1480102539062,656.3974609375,802.8624877929688,704.3447265625,719.3137817382812,703.785400390625
2732,18,1568048135148,1244,0540,748.2852783203125,674.9336547851562,87.87432098388672,93.22652435302734,77.36439514160156,712.880615234375,656.6416015625,807.2376098632812,656.2460327148438,803.0256958007812,704.4651489257812,719.147705078125,703.8903198242188
2733,18,1568048135161,1244,0540,748.2459716796875,674.90185546875,87.92133331298828,93.22936248779297,78.89483642578125,712.880615234375,656.6416015625,807.2376098632812,656.2460327148438,803.0256958007812,704.4651489257812,719.147705078125,703.8903198242188
2734,18,1568048135173,1244,0540,748.1921997070312,674.9662475585938,87.45228576660156,93.41241455078125,78.13160705566406,713.0,656.77392578125,807.3250122070312,656.3236083984375,803.0256958007812,704.4651489257812,719.2077026367188,703.9029541015625
2735,18,1568048135186,1244,0540,748.0706176757812,674.9984130859375,87.34910583496094,92.82736206054688,79.8955078125,713.0,656.77392578125,807.3250122070312,656.3236083984375,803.0,704.5584716796875,719.149658203125,704.0
2736,18,1568048135198,1244,0540,747.981689453125,674.9749145507812,87.54618072509766,93.04926300048828,79.29252624511719,712.8984985351562,656.720947265625,807.3250122070312,656.3236083984375,802.96875,704.5283203125,719.2077026367188,704.0970458984375
2737,18,1568048135211,1244,0540,747.8335571289062,675.0293579101562,87.96887969970703,93.29534912109375,76.62633514404297,712.8984985351562,656.720947265625,806.937255859375,656.5,803.062744140625,704.5,719.0706176757812,703.984619140625
2738,18,1568048135224,1244,0540,747.7190551757812,674.8907470703125,88.18643188476562,93.14094543457031,76.38761901855469,712.7628784179688,656.7493286132812,806.96875,656.5283203125,802.9161987304688,704.4063110351562,719.0706176757812,703.984619140625
2739,18,1568048135235,1244,0540,747.6904907226562,674.9906616210938,87.86099243164062,93.2990951538086,76.17512512207031,712.6407470703125,656.6972045898438,807.0,656.5584716796875,802.8588256835938,704.3399047851562,719.0706176757812,703.984619140625
2740,18,1568048135247,1244,0540,747.69580078125,674.8314208984375,87.48094940185547,92.55651092529297,76.14032745361328,712.619140625,656.55517578125,807.0,656.5584716796875,802.7623901367188,704.2460327148438,719.0706176757812,703.984619140625
2741,18,1568048135259,1244,0540,747.6417236328125,674.8845825195312,87.18571472167969,92.75335693359375,75.84622192382812,712.6163330078125,656.507568359375,807.0256958007812,656.4651489257812,802.7510375976562,704.2651977539062,719.0706176757812,703.984619140625
2742,18,1568048135271,1244,0540,747.7149658203125,674.8391723632812,87.43617248535156,92.66656494140625,75.68235778808594,712.5711669921875,656.5682983398438,807.0256958007812,656.4651489257812,802.7083740234375,704.3062744140625,719.0706176757812,703.984619140625
2743,18,1568048135283,1244,0540,747.697998046875,674.8474731445312,87.51649475097656,92.40184783935547,75.95623779296875,712.5711669921875,656.5682983398438,807.0256958007812,656.4651489257812,802.7083740234375,704.3062744140625,719.0706176757812,703.984619140625
2744,18,1568048135294,1244,0540,747.6687622070312,674.9312744140625,87.4439468383789,92.4721908569336,74.29309844970703,712.5714111328125,656.5216064453125,807.0256958007812,656.4651489257812,802.7510375976562,704.2651977539062,719.0706176757812,703.984619140625
2745,18,1568048135306,1244,0540,747.6840209960938,674.8305053710938,87.28236389160156,92.65003967285156,75.281494140625,712.5711669921875,656.5682983398438,807.0,656.5584716796875,802.7623901367188,704.2460327148438,719.0706176757812,703.984619140625
2746,18,1568048135319,1244,0540,747.4190673828125,674.9334106445312,86.873046875,92.35258483886719,73.76943969726562,712.5711669921875,656.5682983398438,807.0,656.5584716796875,802.7623901367188,704.2460327148438,719.0706176757812,703.984619140625
2747,18,1568048135332,1244,0540,747.5140991210938,674.8972778320312,86.9878921508789,91.82516479492188,73.3279037475586,712.6232299804688,656.6989135742188,807.0,656.5584716796875,802.6749877929688,704.3236083984375,719.0,704.0
2748,18,1568048135345,1244,0540,747.4110717773438,674.9990234375,87.16230010986328,92.12895202636719,78.31584930419922,712.5711669921875,656.5682983398438,807.062744140625,656.5,802.5497436523438,704.368408203125,719.0,704.0
2749,18,1568048135357,1244,0540,747.4179077148438,674.950439453125,86.61165618896484,91.87417602539062,74.88572692871094,712.4590454101562,656.8467407226562,806.8267211914062,656.5,802.5,704.5,718.850341796875,704.0
2750,18,1568048135370,1244,0540,747.4994506835938,674.9330444335938,86.8765869140625,92.45573425292969,80.02405548095703,712.61328125,656.9315185546875,807.062744140625,656.5,802.5,704.5,718.9293823242188,704.015380859375
2751,18,1568048135382,1244,0540,747.6696166992188,674.9789428710938,86.18341827392578,92.2098159790039,75.53593444824219,712.5,657.0803833007812,807.0322875976562,656.468994140625,802.6749877929688,704.6763916015625,718.9293823242188,704.015380859375
2752,18,1568048135394,1244,0540,747.73583984375,675.2054443359375,86.83837127685547,91.8819808959961,76.8634262084961,712.55908203125,656.9066772460938,807.0,656.4415283203125,802.6749877929688,704.6763916015625,718.9293823242188,704.015380859375
2753,18,1568048135405,1244,0540,747.7369995117188,675.2081909179688,85.98805236816406,91.49994659423828,77.9371109008789,712.68896484375,657.0,807.0,656.4415283203125,802.6749877929688,704.6763916015625,719.0337524414062,704.1272583007812
2754,18,1568048135418,1244,0540,747.85791015625,674.9822998046875,86.4531021118164,91.86836242675781,77.1260986328125,712.68896484375,657.0,807.0,656.4415283203125,802.6446533203125,704.6481323242188,719.1331176757812,704.0963745117188
2755,18,1568048135430,1244,0540,747.7837524414062,674.9819946289062,86.51421356201172,91.99630737304688,76.12863159179688,712.68896484375,657.0,807.0,656.4415283203125,802.6749877929688,704.6763916015625,719.1331176757812,704.0963745117188
2756,18,1568048135442,1244,0540,747.8591918945312,675.0787963867188,86.2837142944336,91.76905059814453,77.84602355957031,712.68896484375,657.0,807.0256958007812,656.5348510742188,802.6749877929688,704.6763916015625,719.1331176757812,704.0963745117188
2757,18,1568048135454,1244,0540,747.8425903320312,675.0626220703125,86.3233871459961,91.78692626953125,77.91011047363281,712.68896484375,657.0,807.0256958007812,656.5348510742188,802.8543701171875,704.6661987304688,719.1331176757812,704.0963745117188
2758,18,1568048135465,1244,0540,747.890380859375,675.117919921875,86.63724517822266,91.73101806640625,78.11725616455078,712.68896484375,657.0,807.0256958007812,656.5348510742188,802.7164306640625,704.6526489257812,719.179931640625,704.1177978515625
2759,18,1568048135476,1244,0540,747.8192749023438,675.2129516601562,86.54307556152344,91.54645538330078,80.75670623779297,712.68896484375,657.0,807.0256958007812,656.5348510742188,802.7167358398438,704.6521606445312,719.179931640625,704.1177978515625
2760,18,1568048135489,1244,0540,747.8604736328125,675.3087768554688,87.10445404052734,91.45635223388672,77.81621551513672,712.757568359375,657.0592041015625,807.0,656.6635131835938,802.7636108398438,704.7476806640625,719.0,704.31787109375
2761,18,1568048135501,1244,0540,747.6844482421875,675.3707885742188,86.14754486083984,91.13481140136719,78.77130126953125,712.9253540039062,657.230712890625,807.007080078125,656.9153442382812,802.731689453125,704.8768310546875,719.0,704.5288696289062
2762,18,1568048135514,1244,0540,747.7542724609375,675.2371826171875,86.28865814208984,91.46223449707031,80.68765258789062,712.9253540039062,657.230712890625,807.0,656.8514404296875,802.731689453125,704.8768310546875,719.0,704.5288696289062
2763,18,1568048135528,1244,0540,747.692626953125,675.3046875,86.3170394897461,91.26799774169922,81.5589370727539,712.9407958984375,657.242431640625,807.17626953125,657.0,802.731689453125,704.8768310546875,719.0,704.5288696289062
2764,18,1568048135540,1244,0540,747.7460327148438,675.2969360351562,86.43346405029297,91.35262298583984,79.84920501708984,712.8463745117188,657.355224609375,807.17626953125,657.0,802.82373046875,705.0,719.0,704.5288696289062
2765,18,1568048135553,1244,0540,747.6180419921875,675.319580078125,86.41634368896484,91.10310363769531,81.39726257324219,712.8463745117188,657.355224609375,807.17626953125,657.0,802.82373046875,705.0,719.0,704.5
2766,18,1568048135564,1244,0540,747.7050170898438,675.327392578125,86.3170166015625,90.93138885498047,79.99043273925781,712.8463745117188,657.355224609375,807.17626953125,657.0,802.82373046875,705.0,719.0,704.5
2767,18,1568048135576,1244,0540,747.7649536132812,675.3033447265625,86.37811279296875,90.54881286621094,76.36165618896484,712.8463745117188,657.355224609375,807.17626953125,657.0,802.82373046875,705.0,719.0,704.5
2768,18,1568048135589,1244,0540,747.6458129882812,675.2733154296875,86.4158706665039,91.09381866455078,80.8204345703125,712.9407958984375,657.242431640625,807.17626953125,657.0,802.731689453125,704.8768310546875,719.0,704.5
2769,18,1568048135601,1244,0540,747.765625,675.3840942382812,86.12956237792969,91.08413696289062,78.92213439941406,712.9407958984375,657.242431640625,807.17626953125,657.0,802.731689453125,704.8768310546875,719.0,704.5288696289062
2770,18,1568048135613,1244,0540,747.6680908203125,675.1761474609375,86.25508117675781,91.52162170410156,78.80905151367188,712.9407958984375,657.242431640625,807.2857666015625,656.7876586914062,802.7742309570312,704.7742309570312,719.0,704.5288696289062
2771,18,1568048135625,1244,0540,747.8344116210938,675.1979370117188,85.94581604003906,90.77255249023438,75.84837341308594,712.9407958984375,657.242431640625,807.2857666015625,656.7876586914062,802.7742309570312,704.7742309570312,719.0,704.5288696289062
2772,18,1568048135636,1244,0540,747.7482299804688,675.2435302734375,86.20472717285156,91.11690521240234,78.40536499023438,712.9407958984375,657.242431640625,807.2857666015625,656.7876586914062,802.8768310546875,704.731689453125,719.1732788085938,704.3684692382812
2773,18,1568048135648,1244,0540,747.728759765625,675.367431640625,86.10369110107422,90.93357849121094,77.98604583740234,712.9407958984375,657.242431640625,807.2807006835938,656.849853515625,802.89990234375,704.7146606445312,719.06689453125,704.4513549804688
2774,18,1568048135660,1244,0540,747.66748046875,675.4325561523438,85.41531372070312,90.91970825195312,76.0668716430664,712.9407958984375,657.242431640625,807.2807006835938,656.849853515625,802.731689453125,704.8768310546875,719.06689453125,704.4513549804688
2775,18,1568048135673,1244,0540,747.791015625,675.4192504882812,86.0676040649414,90.96551513671875,77.15248107910156,712.9407958984375,657.242431640625,807.268310546875,656.8768310546875,802.82373046875,705.0,719.06689453125,704.4513549804688
2776,18,1568048135686,1244,0540,747.8889770507812,675.4674682617188,85.88916778564453,91.17658996582031,75.98663330078125,712.9407958984375,657.242431640625,807.2807006835938,656.849853515625,802.82373046875,705.0,719.06689453125,704.4513549804688
2777,18,1568048135699,1244,0540,747.8753662109375,675.4725341796875,85.95421600341797,90.9926528930664,77.10077667236328,712.9407958984375,657.242431640625,807.268310546875,656.8768310546875,802.82373046875,705.0,719.06689453125,704.4513549804688
2778,18,1568048135712,1244,0540,747.8856201171875,675.3798217773438,86.10238647460938,90.99616241455078,75.00093078613281,712.9407958984375,657.242431640625,807.268310546875,656.8768310546875,802.82373046875,705.0,719.0548706054688,704.442626953125
2779,18,1568048135723,1244,0540,747.9263305664062,675.4578247070312,86.02274322509766,90.43394470214844,74.23368072509766,712.9407958984375,657.242431640625,807.268310546875,656.8768310546875,802.82373046875,705.0,719.0548706054688,704.442626953125
2780,18,1568048135737,1244,0540,747.9568481445312,675.4839477539062,86.24754333496094,91.43246459960938,77.45948791503906,712.8463745117188,657.355224609375,807.268310546875,656.8768310546875,802.9334716796875,705.0322265625,719.0548706054688,704.442626953125
2781,18,1568048135749,1244,0540,747.793701171875,675.5477294921875,86.16861724853516,91.15104675292969,79.80545043945312,712.8463745117188,657.355224609375,807.17626953125,657.0,803.0,705.0,719.190185546875,704.5
2782,18,1568048135762,1244,0540,747.953125,675.5155029296875,86.11289978027344,91.47441101074219,75.27476501464844,712.8463745117188,657.355224609375,807.17626953125,657.0,803.0665283203125,704.9677734375,719.190185546875,704.5
2783,18,1568048135774,1244,0540,747.980712890625,675.5244140625,86.18802642822266,90.64270782470703,77.5871810913086,712.840576171875,657.400390625,807.17626953125,657.0,803.17626953125,705.0,719.190185546875,704.5
2784,18,1568048135786,1244,0540,748.0552978515625,675.5253295898438,86.06704711914062,90.7739486694336,76.31373596191406,712.840576171875,657.400390625,807.268310546875,657.1231689453125,803.17626953125,705.0,719.190185546875,704.5
2785,18,1568048135799,1244,0540,747.9148559570312,675.6981201171875,86.45793151855469,90.93380737304688,75.80459594726562,713.0,657.5,807.3349609375,657.1897583007812,803.17626953125,705.0,719.2291870117188,704.581298828125
2786,18,1568048135812,1244,0540,747.8290405273438,675.9150390625,85.90509796142578,91.35090637207031,77.25565338134766,712.9791259765625,657.4320068359375,807.3349609375,657.1897583007812,803.268310546875,705.1231689453125,719.2291870117188,704.581298828125
2787,18,1568048135825,1244,0540,747.8206787109375,675.646728515625,86.3165054321289,91.28376007080078,75.79448699951172,713.0,657.5,807.309814453125,657.1762084960938,803.130126953125,705.2905883789062,719.2291870117188,704.581298828125
2788,18,1568048135858,1244,0540,747.8998413085938,675.54541015625,86.5995101928711,91.22037506103516,75.44007110595703,712.9791259765625,657.4320068359375,807.309814453125,657.1762084960938,803.0,705.3309326171875,719.2291870117188,704.581298828125
2789,18,1568048135872,1244,0540,747.8489990234375,675.7491455078125,86.10616302490234,90.99678039550781,76.16557312011719,712.9791259765625,657.4320068359375,807.3349609375,657.1897583007812,802.91259765625,705.1614379882812,719.2291870117188,704.581298828125
2790,18,1568048135887,1244,0540,747.9523315429688,675.632568359375,86.05705261230469,91.29297637939453,74.08221435546875,712.8397827148438,657.3416748046875,807.3349609375,657.1897583007812,802.8471069335938,705.1528930664062,719.190185546875,704.5
2791,18,1568048135902,1244,0540,747.8282470703125,675.632080078125,86.3363265991211,91.1338882446289,75.52410888671875,712.8397827148438,657.3416748046875,807.3349609375,657.1897583007812,802.8471069335938,705.1528930664062,719.190185546875,704.5
2792,18,1568048135922,1244,0540,747.8041381835938,675.648193359375,86.29276275634766,91.1078109741211,75.84587860107422,712.8397827148438,657.3416748046875,807.2807006835938,657.150146484375,802.8471069335938,705.1528930664062,719.190185546875,704.5
2793,18,1568048135936,1244,0540,747.7874145507812,675.5874633789062,86.3349838256836,91.34317779541016,75.7837142944336,712.8397827148438,657.3416748046875,807.17626953125,657.0,802.8471069335938,705.1528930664062,719.190185546875,704.5
2794,18,1568048135948,1244,0540,747.7649536132812,675.650634765625,86.15323638916016,91.24510192871094,76.27034759521484,712.840576171875,657.400390625,807.17626953125,657.0,802.82373046875,705.0,719.190185546875,704.5
2795,18,1568048135961,1244,0540,747.6190185546875,675.4859008789062,86.60568237304688,91.2869644165039,77.72212219238281,712.840576171875,657.400390625,807.17626953125,657.0,802.82373046875,705.0,719.0548706054688,704.442626953125
2796,18,1568048135974,1244,0540,747.7001953125,675.506591796875,86.56147766113281,91.23497009277344,74.70121002197266,712.840576171875,657.400390625,807.17626953125,657.0,802.82373046875,705.0,719.0548706054688,704.442626953125
2797,18,1568048135987,1244,0540,747.5267333984375,675.6734619140625,86.40621948242188,91.48111724853516,74.93742370605469,712.840576171875,657.400390625,807.17626953125,657.0,802.9334716796875,705.0322265625,719.190185546875,704.5
2798,18,1568048136001,1244,0540,747.8660278320312,675.6007690429688,86.55340576171875,92.0400161743164,74.12097930908203,712.8397827148438,657.3416748046875,807.2807006835938,657.150146484375,802.8471069335938,705.1528930664062,719.190185546875,704.5
2799,18,1568048136014,1244,0540,747.8128051757812,675.5616455078125,86.50906372070312,91.9001235961914,75.45736694335938,713.0,657.5,807.3980102539062,657.2732543945312,803.0,705.4083251953125,719.2291870117188,704.581298828125
2800,18,1568048136027,1244,0540,747.768310546875,675.8077392578125,86.48987579345703,91.4314956665039,74.15864562988281,712.880615234375,657.6416015625,807.380859375,657.233642578125,803.0256958007812,705.4651489257812,719.3583984375,704.736083984375
2801,18,1568048136041,1244,0540,747.9351196289062,675.9341430664062,86.09832763671875,91.17800903320312,74.14457702636719,713.0076904296875,657.74853515625,807.380859375,657.233642578125,803.1456298828125,705.3338012695312,719.4136352539062,704.73828125
2802,18,1568048136054,1244,0540,747.9339599609375,675.9650268554688,86.57846069335938,90.99734497070312,74.67547607421875,713.0,657.77392578125,807.4502563476562,657.368408203125,803.1456298828125,705.3338012695312,719.4136352539062,704.73828125
2803,18,1568048136067,1244,0540,747.8196411132812,675.78857421875,86.3344955444336,91.25010681152344,78.30689239501953,713.1015014648438,657.720947265625,807.5015869140625,657.5,803.0838012695312,705.4063110351562,719.5,704.7726440429688
2804,18,1568048136081,1244,0540,747.9625244140625,676.0670776367188,86.77047729492188,91.433349609375,79.89080047607422,713.1015014648438,657.720947265625,807.5015869140625,657.5,803.0838012695312,705.5936889648438,719.5,705.0
2805,18,1568048136094,1244,0540,747.8650512695312,676.1231079101562,86.25373077392578,91.37173461914062,80.99651336669922,713.1015014648438,657.720947265625,807.4502563476562,657.631591796875,803.0838012695312,705.5936889648438,719.5,705.0
2806,18,1568048136107,1244,0540,747.9464721679688,676.0369873046875,86.62256622314453,91.39414978027344,78.62284088134766,712.8969116210938,657.906494140625,807.516357421875,657.7091674804688,803.1177368164062,705.6986694335938,719.5,705.0
2807,18,1568048136120,1244,0540,747.9772338867188,676.0269775390625,86.53938293457031,91.35867309570312,77.59286499023438,713.0,657.77392578125,807.516357421875,657.7091674804688,803.1177368164062,705.6986694335938,719.5,705.0
2808,18,1568048136133,1244,0540,748.0457763671875,676.081298828125,86.71854400634766,91.3572006225586,78.92656707763672,713.1030883789062,658.093505859375,807.516357421875,657.7091674804688,803.1177368164062,705.6986694335938,719.5,705.0
2809,18,1568048136147,1244,0540,747.9635009765625,676.42822265625,86.58317565917969,91.60160064697266,75.42154693603516,713.1030883789062,658.093505859375,807.516357421875,657.7091674804688,803.1177368164062,705.6986694335938,719.5,705.2273559570312
2810,18,1568048136160,1244,0540,748.101806640625,676.3400268554688,86.67491149902344,91.93256378173828,74.09003448486328,713.1030883789062,658.093505859375,807.516357421875,657.7091674804688,803.1177368164062,705.6986694335938,719.5,705.2273559570312
2811,18,1568048136174,1244,0540,747.9852905273438,676.2700805664062,86.74596405029297,92.28104400634766,77.60205078125,713.1030883789062,658.093505859375,807.516357421875,657.7091674804688,803.1177368164062,705.6986694335938,719.5,705.2273559570312
2812,18,1568048136187,1244,0540,747.9906005859375,676.30810546875,86.83615112304688,92.1617202758789,78.59846496582031,713.1030883789062,658.093505859375,807.516357421875,657.7091674804688,803.1177368164062,705.6986694335938,719.5,705.2273559570312
2813,18,1568048136199,1244,0540,748.0018920898438,676.3861083984375,86.60396575927734,92.17256927490234,75.09889221191406,713.1030883789062,658.093505859375,807.516357421875,657.7091674804688,803.1177368164062,705.6986694335938,719.5,705.2273559570312
2814,18,1568048136213,1244,0540,747.9695434570312,676.318603515625,86.8601303100586,92.54774475097656,79.35737609863281,713.1030883789062,658.093505859375,807.516357421875,657.7091674804688,803.1177368164062,705.6986694335938,719.5,705.2273559570312
2815,18,1568048136226,1244,0540,748.0026245117188,676.4573364257812,87.08885192871094,92.02885437011719,78.6852798461914,713.1030883789062,658.093505859375,807.5549926757812,657.719482421875,803.2781982421875,705.7159423828125,719.5,705.2273559570312
2816,18,1568048136239,1244,0540,747.9705200195312,676.50146484375,86.96892547607422,91.9311294555664,77.88997650146484,713.1030883789062,658.093505859375,807.5549926757812,657.719482421875,803.2781982421875,705.7159423828125,719.5,705.2273559570312
2817,18,1568048136252,1244,0540,748.0184326171875,676.5111694335938,87.01614379882812,91.92359161376953,76.841064453125,713.1030883789062,658.093505859375,807.5549926757812,657.719482421875,803.3142700195312,705.8099975585938,719.5,705.2273559570312
2818,18,1568048136265,1244,0540,748.0709228515625,676.4851684570312,86.95391082763672,92.45579528808594,77.5650863647461,713.1966552734375,658.136962890625,807.5,657.7264404296875,803.3370971679688,705.748046875,719.5,705.2273559570312
2819,18,1568048136278,1244,0540,748.0596313476562,676.5679931640625,86.7052230834961,92.3144760131836,77.15074157714844,713.1966552734375,658.136962890625,807.5,657.7264404296875,803.3209228515625,705.75634765625,719.5,705.2273559570312
2820,18,1568048136293,1244,0540,748.1134643554688,676.736328125,87.05245208740234,92.29422760009766,76.72727966308594,713.1966552734375,658.136962890625,807.5,657.7264404296875,803.372314453125,705.7438354492188,719.5863647460938,705.26171875
2821,18,1568048136307,1244,0540,748.2991333007812,676.6491088867188,87.46358489990234,92.75270080566406,76.50701904296875,713.2767333984375,658.10986328125,807.571533203125,657.7806396484375,803.4197998046875,705.7948608398438,719.5863647460938,705.26171875
2822,18,1568048136321,1244,0540,748.1089477539062,676.6405639648438,87.35458374023438,92.53849029541016,75.72981262207031,713.2767333984375,658.10986328125,807.571533203125,657.7806396484375,803.4197998046875,705.7948608398438,719.5863647460938,705.26171875
2823,18,1568048136334,1244,0540,748.2581787109375,676.79296875,87.38533782958984,92.79110717773438,75.57819366455078,713.2767333984375,658.10986328125,807.6019897460938,657.7267456054688,803.4197998046875,705.7948608398438,719.73828125,705.2774658203125
2824,18,1568048136347,1244,0540,748.2661743164062,676.5654296875,88.02986907958984,93.32280731201172,77.54931640625,713.2767333984375,658.10986328125,807.6019897460938,657.7267456054688,803.4197998046875,705.7948608398438,719.73828125,705.2774658203125
2825,18,1568048136360,1244,0540,748.3495483398438,676.7240600585938,87.36840057373047,93.04084014892578,75.42073059082031,713.28515625,658.0814819335938,807.6019897460938,657.7267456054688,803.4197998046875,705.7948608398438,719.7752685546875,705.275146484375
2826,18,1568048136373,1244,0540,748.42333984375,676.7141723632812,87.36927032470703,93.20069122314453,76.00546264648438,713.245849609375,658.07421875,807.6019897460938,657.7267456054688,803.401611328125,705.7948608398438,719.7752685546875,705.275146484375
2827,18,1568048136385,1244,0540,748.3070678710938,676.87890625,87.35033416748047,92.83987426757812,77.11737060546875,713.28515625,658.0814819335938,807.6121215820312,657.7874755859375,803.5,705.8267211914062,719.8685913085938,705.3213500976562
2828,18,1568048136397,1244,0540,748.4650268554688,676.749267578125,88.01747131347656,93.2045669555664,77.77114868164062,713.354248046875,658.2007446289062,807.6650390625,657.8102416992188,803.5,705.8267211914062,719.8685913085938,705.3213500976562
2829,18,1568048136409,1244,0540,748.392333984375,676.7167358398438,88.50011444091797,93.09455871582031,76.17192840576172,713.354248046875,658.2007446289062,807.6650390625,657.8102416992188,803.5,705.8267211914062,719.9451293945312,705.442626953125
2830,18,1568048136421,1244,0540,748.3956298828125,676.7639770507812,87.9869613647461,93.2508316040039,77.69775390625,713.354248046875,658.2007446289062,807.6650390625,657.8102416992188,803.5,705.8267211914062,719.9451293945312,705.442626953125
2831,18,1568048136433,1244,0540,748.4920043945312,676.9068603515625,87.98905181884766,93.16924285888672,77.01463317871094,713.354248046875,658.2007446289062,807.7192993164062,657.849853515625,803.5,705.8267211914062,720.0,705.5
2832,18,1568048136445,1244,0540,748.5726318359375,676.8882446289062,88.09577941894531,93.40157318115234,75.30683135986328,713.4608764648438,658.2943725585938,807.8096313476562,657.9676513671875,803.5,705.8267211914062,720.0,705.5
2833,18,1568048136459,1244,0540,748.58056640625,677.0341796875,87.90029907226562,93.7576675415039,74.84699249267578,713.5,658.4963989257812,807.82373046875,658.0,803.5928344726562,706.1207885742188,720.0,705.5
2834,18,1568048136473,1244,0540,748.4223022460938,676.9443359375,89.00629425048828,93.69798278808594,79.57601165771484,713.5,658.5,807.82373046875,658.0,803.5393676757812,706.1431884765625,720.0,705.5
2835,18,1568048136485,1244,0540,748.6586303710938,677.30224609375,88.61155700683594,93.97215270996094,74.4362564086914,713.5,658.5,807.82373046875,658.0,803.5574340820312,706.22314453125,720.0,705.5
2836,18,1568048136498,1244,0540,748.4830322265625,677.2298583984375,88.3938217163086,93.72498321533203,76.12149047851562,713.5844116210938,658.588134765625,807.8045043945312,657.9691772460938,803.6121215820312,706.2125244140625,720.0,705.5
2837,18,1568048136510,1244,0540,748.4476318359375,677.4329833984375,88.18968200683594,93.91009521484375,74.51716613769531,713.5844116210938,658.588134765625,807.9743041992188,658.4651489257812,803.619140625,706.233642578125,720.0,705.5
2838,18,1568048136523,1244,0540,748.65625,677.4747314453125,88.3766098022461,94.27842712402344,74.90415954589844,713.6407470703125,658.6972045898438,808.0,658.5584716796875,803.8822631835938,706.3013305664062,720.0,705.4711303710938
2839,18,1568048136535,1244,0540,748.8052368164062,677.6026611328125,88.801025390625,93.81367492675781,75.12764739990234,713.7232666015625,658.89013671875,807.96875,658.5283203125,803.9161987304688,706.4063110351562,720.3137817382812,705.785400390625
2840,18,1568048136547,1244,0540,748.6979370117188,677.679931640625,89.09626007080078,94.1348648071289,70.65838623046875,713.7232666015625,658.89013671875,807.937255859375,658.5,803.9161987304688,706.4063110351562,720.2077026367188,705.9029541015625
2841,18,1568048136559,1244,0540,748.7398681640625,677.7744750976562,88.84593200683594,94.0518798828125,73.94513702392578,713.7232666015625,658.89013671875,807.96875,658.4716796875,803.9161987304688,706.4063110351562,720.149658203125,706.0
2842,18,1568048136573,1244,0540,748.7808837890625,677.8401489257812,88.93907928466797,94.34540557861328,76.9104232788086,713.7232666015625,658.89013671875,807.96875,658.4716796875,803.9161987304688,706.4063110351562,720.149658203125,706.0
2843,18,1568048136587,1244,0540,748.7896118164062,677.9248657226562,89.09395599365234,94.64936065673828,74.78024291992188,713.7232666015625,658.89013671875,807.96875,658.4716796875,803.9161987304688,706.4063110351562,720.149658203125,706.0
2844,18,1568048136601,1244,0540,748.7825317382812,677.8362426757812,89.19601440429688,94.5539321899414,75.28751373291016,713.7232666015625,658.89013671875,807.937255859375,658.5,803.9161987304688,706.4063110351562,720.147705078125,705.8903198242188
2845,18,1568048136613,1244,0540,748.9039916992188,677.8785400390625,89.05305480957031,94.33686828613281,72.39436340332031,713.784912109375,658.784912109375,807.96875,658.5283203125,803.8685302734375,706.4544067382812,720.24365234375,705.7845458984375
2846,18,1568048136628,1244,0540,748.7596435546875,677.6952514648438,89.51347351074219,95.24701690673828,74.81194305419922,713.8156127929688,658.8156127929688,807.96875,658.5283203125,803.8543701171875,706.3338012695312,720.24365234375,705.7845458984375
2847,18,1568048136642,1244,0540,748.912841796875,677.8547973632812,88.97534942626953,94.24520874023438,70.73143768310547,713.8156127929688,658.8156127929688,807.96875,658.5283203125,803.8543701171875,706.3338012695312,720.24365234375,705.7845458984375
2848,18,1568048136655,1244,0540,748.9539184570312,677.8812255859375,89.41004180908203,94.3685302734375,71.27056121826172,713.8156127929688,658.8156127929688,807.96875,658.5283203125,803.8685302734375,706.4544067382812,720.24365234375,705.7845458984375
2849,18,1568048136667,1244,0540,748.8701171875,677.8943481445312,88.98196411132812,94.78866577148438,72.53105163574219,713.7232666015625,658.89013671875,807.96875,658.5283203125,803.9161987304688,706.4063110351562,720.3137817382812,705.785400390625
2850,18,1568048136679,1244,0540,748.7716674804688,677.8176879882812,89.32494354248047,95.4767074584961,74.66276550292969,713.7232666015625,658.89013671875,807.937255859375,658.5,803.9161987304688,706.4063110351562,720.123779296875,706.0
2851,19,1568048116697,1530,0540,713.907958984375,674.8450317382812,89.17134857177734,95.20511627197266,59.81355667114258,693.89013671875,655.7232666015625,790.062744140625,655.5,785.7476806640625,704.5787963867188,700.5,702.349853515625
2852,19,1568048116709,1530,0540,713.8660888671875,674.7633056640625,89.2932357788086,95.41971588134766,59.578670501708984,694.0,655.6587524414062,790.062744140625,655.5,785.7476806640625,704.5787963867188,700.5,702.349853515625
2853,19,1568048116723,1530,0540,713.9352416992188,674.7237548828125,89.01566314697266,94.58303833007812,59.99702835083008,694.1536254882812,655.644775390625,790.0322875976562,655.531005859375,785.8087768554688,704.7314453125,700.5081176757812,702.406005859375
2854,19,1568048116735,1530,0540,713.986572265625,674.791259765625,88.7613296508789,95.2613296508789,63.102394104003906,694.3445434570312,655.8211059570312,790.0,655.5584716796875,785.925537109375,704.6478881835938,700.763427734375,702.420166015625
2855,19,1568048116746,1530,0540,714.0264892578125,674.8106689453125,88.7343521118164,94.54755401611328,60.88129806518555,694.3445434570312,655.8211059570312,789.9677124023438,655.531005859375,786.026611328125,704.6549682617188,700.763427734375,702.420166015625
2856,19,1568048116758,1530,0540,713.991455078125,674.7808837890625,88.69983673095703,94.47328186035156,61.303314208984375,694.3445434570312,655.8211059570312,790.0,655.5584716796875,786.041259765625,704.7022705078125,700.763427734375,702.420166015625
2857,19,1568048116770,1530,0540,713.9553833007812,674.8704833984375,88.56598663330078,94.28780364990234,61.38869857788086,694.3621826171875,655.7612915039062,790.0,655.5584716796875,785.9384765625,704.5361328125,700.763427734375,702.420166015625
2858,19,1568048116781,1530,0540,713.9116821289062,674.7000122070312,88.25163269042969,94.46730041503906,59.50099563598633,694.283447265625,655.7095947265625,790.0322875976562,655.531005859375,785.718017578125,704.5792236328125,700.5020141601562,702.3643188476562
2859,19,1568048116793,1530,0540,713.8739624023438,674.8843383789062,88.6753921508789,94.72101593017578,58.56744384765625,694.0,655.6587524414062,790.062744140625,655.5,785.736328125,704.5564575195312,700.5,702.349853515625
2860,19,1568048116804,1530,0540,713.7544555664062,674.7777099609375,88.45635986328125,94.7697982788086,60.23396682739258,693.9254150390625,655.8169555664062,790.062744140625,655.5,785.7476806640625,704.5787963867188,700.4973754882812,702.443359375
2861,19,1568048116815,1530,0540,713.66552734375,674.866943359375,88.17992401123047,94.41506958007812,58.624961853027344,693.8450927734375,655.8450927734375,789.8267211914062,655.5,785.736328125,704.5564575195312,700.3146362304688,702.4287109375
2862,19,1568048116827,1530,0540,713.6524047851562,674.8024291992188,88.13997650146484,94.45964050292969,60.9007568359375,693.7232666015625,655.89013671875,789.7420043945312,655.4601440429688,785.736328125,704.5564575195312,700.214111328125,702.5
2863,19,1568048116838,1530,0540,713.7073364257812,674.7244873046875,87.71504211425781,93.99400329589844,60.697593688964844,693.6554565429688,655.8211059570312,789.5497436523438,655.368408203125,785.7741088867188,704.5582275390625,700.214111328125,702.5
2864,19,1568048116850,1530,0540,713.7311401367188,674.67138671875,88.23921203613281,94.22577667236328,61.23530197143555,693.6554565429688,655.8211059570312,789.5497436523438,655.368408203125,785.7741088867188,704.5582275390625,700.214111328125,702.5
2865,19,1568048116862,1530,0540,713.6217651367188,674.6184692382812,87.54515838623047,93.96971893310547,59.80533981323242,693.6554565429688,655.8211059570312,789.6749877929688,655.3236083984375,785.7186889648438,704.5715942382812,700.1249389648438,702.4471435546875
2866,19,1568048116874,1530,0540,713.6341552734375,674.5415649414062,88.31880187988281,93.95130157470703,62.090126037597656,693.6378173828125,655.7612915039062,789.6749877929688,655.3236083984375,785.7360229492188,704.5011596679688,700.1249389648438,702.4471435546875
2867,19,1568048116885,1530,0540,713.6051635742188,674.5584716796875,87.83943176269531,93.97203063964844,62.06636428833008,693.83935546875,655.5929565429688,789.6749877929688,655.3236083984375,785.7178955078125,704.5269165039062,700.2915649414062,702.2819213867188
2868,19,1568048116897,1530,0540,713.689453125,674.552001953125,88.09151458740234,93.57527923583984,62.50325012207031,693.83935546875,655.5929565429688,789.7623901367188,655.2460327148438,785.7902221679688,704.5101928710938,700.3309936523438,702.2208862304688
2869,19,1568048116908,1530,0540,713.81689453125,674.587158203125,87.7127685546875,93.62957763671875,60.07330322265625,694.0,655.5034790039062,789.7623901367188,655.2460327148438,785.6751708984375,704.46533203125,700.3627319335938,702.2649536132812
2870,19,1568048116920,1530,0540,713.7955932617188,674.6510620117188,88.03034210205078,93.76290130615234,59.45897674560547,694.0,655.5,789.7623901367188,655.2460327148438,785.6751708984375,704.46533203125,700.3627319335938,702.2649536132812
2871,19,1568048116931,1530,0540,713.7894287109375,674.662353515625,87.8803482055664,93.8733139038086,60.81658935546875,694.0,655.5,789.7623901367188,655.2460327148438,785.6751708984375,704.46533203125,700.3627319335938,702.2649536132812
2872,19,1568048116943,1530,0540,713.7891235351562,674.6797485351562,87.74141693115234,93.95904541015625,60.21337890625,694.0,655.5034790039062,789.8994140625,655.3547973632812,785.6751708984375,704.46533203125,700.5,702.3045654296875
2873,19,1568048116955,1530,0540,713.7776489257812,674.6221313476562,87.99132537841797,93.81409454345703,60.513893127441406,694.0,655.5034790039062,789.8994140625,655.3547973632812,785.7158813476562,704.5317993164062,700.5,702.3045654296875
2874,19,1568048116966,1530,0540,713.8236694335938,674.692626953125,87.9583740234375,93.7175064086914,60.557987213134766,694.0269775390625,655.5333251953125,789.8994140625,655.3547973632812,785.7158813476562,704.5317993164062,700.5,702.3045654296875
2875,19,1568048116978,1530,0540,713.8131713867188,674.7760009765625,87.76142883300781,93.52255249023438,59.799198150634766,694.159423828125,655.599609375,790.0322875976562,655.531005859375,785.7158813476562,704.5317993164062,700.5,702.3045654296875
2876,19,1568048116990,1530,0540,713.7293090820312,674.7982788085938,87.86857604980469,93.73208618164062,59.544559478759766,694.0269775390625,655.5333251953125,790.0322875976562,655.531005859375,785.7158813476562,704.5317993164062,700.5,702.3045654296875
2877,19,1568048117002,1530,0540,713.7678833007812,674.7294311523438,87.69519805908203,93.29649353027344,60.904117584228516,694.0269775390625,655.5333251953125,790.0322875976562,655.531005859375,785.7158813476562,704.5317993164062,700.5,702.3045654296875
2878,19,1568048117014,1530,0540,713.8021850585938,674.7242431640625,87.81067657470703,93.95380401611328,60.987510681152344,694.0269775390625,655.5333251953125,790.0322875976562,655.531005859375,785.7158813476562,704.5317993164062,700.5,702.3045654296875
2879,19,1568048117025,1530,0540,713.8018798828125,674.7738037109375,87.95149993896484,93.66522979736328,59.31932067871094,694.0269775390625,655.5333251953125,790.0322875976562,655.531005859375,785.7158813476562,704.5317993164062,700.5,702.3045654296875
2880,19,1568048117037,1530,0540,713.8653564453125,674.7037963867188,88.06041717529297,93.91421508789062,58.56310272216797,694.0269775390625,655.5333251953125,790.062744140625,655.5,785.7158813476562,704.5317993164062,700.5,702.3045654296875
2881,19,1568048117048,1530,0540,713.822998046875,674.7638549804688,88.2308349609375,93.36104583740234,62.68899154663086,693.9730224609375,655.5333251953125,789.8994140625,655.3547973632812,785.7352905273438,704.5110473632812,700.3627319335938,702.2649536132812
2882,19,1568048117060,1530,0540,713.623779296875,674.7623291015625,88.4698257446289,94.11455535888672,58.06712341308594,693.83935546875,655.5929565429688,789.7623901367188,655.2460327148438,785.734130859375,704.52392578125,700.3284912109375,702.3800659179688
2883,19,1568048117072,1530,0540,713.778076171875,674.755615234375,87.56515502929688,93.75057983398438,60.85919952392578,693.7784423828125,655.9373779296875,789.5497436523438,655.631591796875,785.7183227539062,704.5974731445312,700.4719848632812,702.5
2884,19,1568048117083,1530,0540,713.7200927734375,674.8386840820312,87.84387969970703,93.96409606933594,62.338619232177734,693.7784423828125,655.9373779296875,789.5497436523438,655.631591796875,785.7186889648438,704.5715942382812,700.1242065429688,702.6063842773438
2885,19,1568048117095,1530,0540,713.5913696289062,674.8320922851562,87.48831176757812,93.57264709472656,57.806602478027344,693.7232666015625,655.89013671875,789.5497436523438,655.631591796875,785.6078491210938,704.6603393554688,700.1242065429688,702.6063842773438
2886,19,1568048117107,1530,0540,713.4345092773438,674.8870849609375,87.821533203125,93.71209716796875,60.525360107421875,693.7784423828125,655.9373779296875,789.5497436523438,655.631591796875,785.6078491210938,704.6603393554688,700.1242065429688,702.6063842773438
2887,19,1568048117119,1530,0540,713.6640625,674.8847045898438,87.8916015625,94.0430679321289,62.24604797363281,693.8119506835938,656.0,789.5497436523438,655.631591796875,785.6078491210938,704.6603393554688,700.1242065429688,702.6063842773438
2888,19,1568048117133,1530,0540,713.3743896484375,674.9786376953125,87.77531433105469,93.2920913696289,64.396728515625,693.8119506835938,656.0,789.5497436523438,655.631591796875,785.6078491210938,704.6603393554688,700.1242065429688,702.6063842773438
2889,19,1568048117145,1530,0540,713.406005859375,675.0285034179688,87.90776824951172,93.12237548828125,58.53334426879883,693.8583984375,655.963623046875,789.5497436523438,655.631591796875,785.5714721679688,704.751953125,700.0,702.5
2890,19,1568048117158,1530,0540,713.3271484375,675.0740356445312,88.48369598388672,94.22898864746094,59.3870849609375,693.8583984375,655.963623046875,789.5497436523438,655.631591796875,785.4259033203125,704.9739379882812,700.0,702.4711303710938
2891,19,1568048117168,1530,0540,713.3681030273438,675.343017578125,88.17962646484375,93.80529022216797,60.98365020751953,693.7784423828125,656.0626220703125,789.483642578125,655.7091674804688,785.4857788085938,704.8981323242188,700.1249389648438,702.5528564453125
2892,19,1568048117180,1530,0540,713.39599609375,675.282958984375,88.1086196899414,93.79776000976562,61.10873031616211,693.6554565429688,656.1788940429688,789.4661254882812,655.7650756835938,785.5,705.0,700.22216796875,702.7440795898438
2893,19,1568048117192,1530,0540,713.4119262695312,675.3781127929688,88.01559448242188,93.58514404296875,61.454586029052734,693.6554565429688,656.1788940429688,789.4661254882812,655.7650756835938,785.5,705.0,700.1236572265625,702.8763427734375
2894,19,1568048117204,1530,0540,713.26171875,675.2676391601562,88.13031005859375,93.33432006835938,63.75594711303711,693.5775146484375,656.270263671875,789.5634155273438,656.0086059570312,785.5,705.0,700.1236572265625,702.8763427734375
2895,19,1568048117216,1530,0540,713.2605590820312,675.391845703125,87.86026763916016,93.55319213867188,60.51149368286133,693.6422119140625,656.3140258789062,789.6475830078125,656.0556030273438,785.3921508789062,705.3396606445312,700.123779296875,703.0
2896,19,1568048117227,1530,0540,713.474365234375,675.4862670898438,88.0505142211914,93.65133666992188,60.77561569213867,693.554443359375,656.3583374023438,789.4661254882812,656.2349243164062,785.3921508789062,705.3396606445312,700.123779296875,703.0
2897,19,1568048117239,1530,0540,713.3621826171875,675.5011596679688,88.12503051757812,93.91234588623047,61.6472053527832,693.554443359375,656.6416625976562,789.5,656.2735595703125,785.3961181640625,705.3627319335938,700.179931640625,703.1177978515625
2898,19,1568048117251,1530,0540,713.3264770507812,675.6270141601562,88.55937957763672,94.19274139404297,62.02095413208008,693.554443359375,656.6416625976562,789.5,656.2735595703125,785.4256591796875,705.460693359375,700.0,703.31787109375
2899,19,1568048117263,1530,0540,713.300537109375,675.6346435546875,87.69637298583984,93.69979858398438,58.500911712646484,693.4579467773438,656.7208862304688,789.516357421875,656.2908325195312,785.2931518554688,705.5332641601562,700.0,703.31787109375
2900,19,1568048117276,1530,0540,713.3359985351562,675.749267578125,88.04090118408203,94.05387878417969,58.162540435791016,693.4579467773438,656.7208862304688,789.4502563476562,656.368408203125,785.3248291015625,705.53466796875,700.0,703.31787109375
2901,19,1568048117288,1530,0540,713.3115844726562,675.6785278320312,88.17581939697266,94.1302490234375,59.951419830322266,693.5645751953125,656.7250366210938,789.4502563476562,656.368408203125,785.3248291015625,705.53466796875,700.0,703.31787109375
2902,19,1568048117300,1530,0540,713.1936645507812,675.7803344726562,88.33523559570312,94.22108459472656,60.70099639892578,693.5,656.7516479492188,789.3250122070312,656.3236083984375,785.2703857421875,705.4141845703125,700.0,703.31787109375
2903,19,1568048117311,1530,0540,713.3775024414062,675.537109375,87.93427276611328,93.9867935180664,55.5052604675293,693.5689086914062,656.7459106445312,789.3250122070312,656.3236083984375,785.2703857421875,705.4141845703125,700.0,703.31787109375
2904,19,1568048117323,1530,0540,713.2371215820312,675.5765380859375,88.14360809326172,94.36150360107422,58.32326889038086,693.5420532226562,656.7208862304688,789.2737426757812,656.158447265625,785.2703857421875,705.4141845703125,699.9187622070312,703.1373901367188
2905,19,1568048117335,1530,0540,713.1456909179688,675.6867065429688,87.66258239746094,94.14680480957031,59.97576141357422,693.445556640625,656.6416625976562,789.305908203125,656.1954345703125,785.1671752929688,705.4414672851562,699.8763427734375,703.1236572265625
2906,19,1568048117346,1530,0540,713.16357421875,675.5986938476562,87.89118957519531,93.9513931274414,59.24282455444336,693.445556640625,656.6416625976562,789.2489624023438,656.2651977539062,785.1671752929688,705.4414672851562,699.8763427734375,703.1236572265625
2907,19,1568048117358,1530,0540,713.2178955078125,675.640380859375,88.2119369506836,94.09532165527344,58.41333770751953,693.445556640625,656.6416625976562,789.2489624023438,656.2651977539062,785.1671752929688,705.4414672851562,699.8763427734375,703.1236572265625
2908,19,1568048117370,1530,0540,713.0842895507812,675.5784912109375,88.4076156616211,94.2037124633789,59.95989227294922,693.445556640625,656.6416625976562,789.2916259765625,656.3062744140625,785.1671752929688,705.4414672851562,699.8763427734375,703.1236572265625
2909,19,1568048117382,1530,0540,713.152587890625,675.6527099609375,87.87105560302734,94.23155975341797,58.47036361694336,693.445556640625,656.6416625976562,789.2916259765625,656.3062744140625,785.1671752929688,705.4414672851562,699.8763427734375,703.1236572265625
2910,19,1568048117394,1530,0540,713.1763305664062,675.6085205078125,87.98119354248047,94.28044891357422,57.84949493408203,693.445556640625,656.6416625976562,789.2916259765625,656.3062744140625,785.1671752929688,705.4414672851562,699.8763427734375,703.1236572265625
2911,19,1568048117405,1530,0540,713.24755859375,675.7327270507812,87.86747741699219,93.78568267822266,57.628116607666016,693.3577880859375,656.6859741210938,789.2489624023438,656.2651977539062,785.1827392578125,705.3185424804688,699.8060913085938,703.3341064453125
2912,19,1568048117417,1530,0540,713.1033935546875,675.8721923828125,88.30142211914062,94.55094909667969,57.20296859741211,693.3577880859375,656.6859741210938,789.2489624023438,656.2651977539062,785.1827392578125,705.3185424804688,699.77783203125,703.2559204101562
2913,19,1568048117430,1530,0540,713.053955078125,675.8359375,87.9872055053711,94.07015228271484,54.76988983154297,693.430419921875,656.7745971679688,789.2489624023438,656.2651977539062,785.1560668945312,705.34423828125,699.911376953125,703.4244995117188
2914,19,1568048117442,1530,0540,713.0276489257812,675.7548217773438,88.05292510986328,94.50344848632812,59.47190475463867,693.3577880859375,656.6859741210938,789.2489624023438,656.2651977539062,785.1560668945312,705.34423828125,699.911376953125,703.4244995117188
2915,19,1568048117454,1530,0540,712.9091796875,675.6153564453125,88.32491302490234,94.91352844238281,57.985111236572266,693.430419921875,656.7745971679688,789.2489624023438,656.2651977539062,785.1827392578125,705.3185424804688,699.8060913085938,703.3341064453125
2916,19,1568048117467,1530,0540,712.959716796875,675.67822265625,88.3096923828125,94.8893814086914,56.37724685668945,693.430419921875,656.7745971679688,789.2489624023438,656.2651977539062,785.169677734375,705.3090209960938,699.77783203125,703.2559204101562
2917,19,1568048117478,1530,0540,713.0038452148438,675.738037109375,88.1377182006836,94.75074768066406,55.21184158325195,693.430419921875,656.7745971679688,789.0149536132812,656.4534912109375,785.0,705.5,699.77783203125,703.2559204101562
2918,19,1568048117490,1530,0540,712.9723510742188,675.8138427734375,88.09913635253906,94.56597137451172,55.687679290771484,693.3621826171875,656.7612915039062,789.0149536132812,656.4534912109375,784.9893798828125,705.485107421875,699.8750610351562,703.4471435546875
2919,19,1568048117502,1530,0540,712.9759521484375,675.8367309570312,88.33866882324219,94.61405181884766,55.15074920654297,693.3621826171875,656.7612915039062,788.96875,656.5283203125,784.9893798828125,705.485107421875,699.8434448242188,703.3662109375
2920,19,1568048117514,1530,0540,712.850341796875,675.8060302734375,88.2516860961914,94.64714050292969,56.41804885864258,693.3445434570312,656.8211059570312,788.9677124023438,656.531005859375,784.8654174804688,705.5107421875,699.8750610351562,703.4471435546875
2921,19,1568048117526,1530,0540,712.5814819335938,675.7909545898438,88.07644653320312,94.20268249511719,57.043399810791016,693.1113891601562,656.690185546875,789.062744140625,656.5,784.7476806640625,705.5787963867188,699.5020141601562,703.3643188476562
2922,19,1568048117538,1530,0540,711.7666625976562,675.5801391601562,88.52625274658203,94.598388671875,55.063621520996094,692.6554565429688,656.8211059570312,788.5497436523438,656.631591796875,784.7183227539062,705.5974731445312,699.0,703.5288696289062
2923,19,1568048117549,1530,0540,711.8135986328125,675.6884155273438,87.5369873046875,94.25711059570312,55.94806671142578,692.6554565429688,656.8211059570312,788.4984130859375,656.5,784.6078491210938,705.6603393554688,699.0,703.5
2924,19,1568048117562,1530,0540,712.14892578125,675.8834228515625,87.88716125488281,94.79901885986328,58.26732635498047,692.6554565429688,656.8211059570312,788.4984130859375,656.5,784.6078491210938,705.6603393554688,699.0,703.5
2925,19,1568048117574,1530,0540,712.1618041992188,675.7936401367188,88.19320678710938,95.14518737792969,58.9297981262207,692.6554565429688,656.8211059570312,788.6237182617188,656.5,784.6078491210938,705.6603393554688,699.0,703.5
2926,19,1568048117586,1530,0540,712.0838623046875,675.7554321289062,88.28237915039062,95.14852142333984,58.83314895629883,692.6554565429688,656.8211059570312,788.7420043945312,656.4601440429688,784.6078491210938,705.6603393554688,699.0,703.5
2927,19,1568048117598,1530,0540,712.0482788085938,675.6946411132812,88.22022247314453,95.53179168701172,57.55111312866211,692.6554565429688,656.8211059570312,788.7420043945312,656.4601440429688,784.6078491210938,705.6603393554688,699.0,703.5
2928,19,1568048117610,1530,0540,712.0044555664062,675.7899780273438,88.77726745605469,95.47442626953125,57.49564743041992,692.6554565429688,656.8211059570312,788.6749877929688,656.3236083984375,784.6078491210938,705.6603393554688,699.0,703.5288696289062
2929,19,1568048117622,1530,0540,712.05517578125,675.898681640625,87.95068359375,94.85454559326172,53.77935028076172,692.6554565429688,656.8211059570312,788.6749877929688,656.3236083984375,784.6078491210938,705.6603393554688,699.0,703.5288696289062
2930,19,1568048117634,1530,0540,712.2058715820312,675.6861572265625,88.87863159179688,95.02751159667969,55.62041091918945,692.6378173828125,656.7612915039062,788.6749877929688,656.3236083984375,784.7183227539062,705.5974731445312,699.1249389648438,703.4471435546875
2931,19,1568048117646,1530,0540,712.1549682617188,675.7820434570312,87.9959716796875,95.22855377197266,53.635650634765625,692.79345703125,656.7096557617188,788.6749877929688,656.3236083984375,784.7476806640625,705.5787963867188,699.2915649414062,703.2819213867188
2932,19,1568048117658,1530,0540,712.3680419921875,675.718017578125,88.63268280029297,95.7472915649414,57.14821243286133,692.9730224609375,656.5333251953125,788.7623901367188,656.2460327148438,784.7476806640625,705.5787963867188,699.268310546875,703.2720947265625
2933,19,1568048117671,1530,0540,712.1544799804688,675.6270141601562,88.94402313232422,95.86627197265625,57.18925094604492,692.9730224609375,656.5333251953125,788.7623901367188,656.2460327148438,784.7476806640625,705.5787963867188,699.2754516601562,703.216796875
2934,19,1568048117684,1530,0540,712.2900390625,675.7793579101562,88.54322052001953,95.7347640991211,57.85320281982422,693.0,656.5034790039062,789.0172729492188,656.4115600585938,784.7476806640625,705.5787963867188,699.5,703.3045654296875
2935,19,1568048117697,1530,0540,712.1700439453125,675.8341064453125,87.892822265625,95.50542449951172,59.09199523925781,693.0269775390625,656.5333251953125,789.062744140625,656.5,784.7352905273438,705.5110473632812,699.5,703.3045654296875
2936,19,1568048117710,1530,0540,712.0477294921875,675.81005859375,88.4003677368164,95.68326568603516,58.4612922668457,693.0269775390625,656.5333251953125,789.03125,656.5283203125,784.7352905273438,705.5110473632812,699.5,703.3045654296875
2937,19,1568048117722,1530,0540,712.2305297851562,675.75830078125,87.9771957397461,95.47505187988281,59.41268539428711,693.159423828125,656.599609375,789.03125,656.5283203125,784.7476806640625,705.5787963867188,699.5020141601562,703.3643188476562
2938,19,1568048117734,1530,0540,712.3424682617188,675.8472900390625,88.60696411132812,95.52877044677734,57.159488677978516,693.3445434570312,656.8211059570312,789.03125,656.5283203125,784.7476806640625,705.5787963867188,699.5026245117188,703.443359375
2939,19,1568048117746,1530,0540,712.3881225585938,675.8453369140625,88.66033172607422,95.42351531982422,57.71918869018555,693.1416015625,657.036376953125,789.0,656.5,784.9228515625,705.764404296875,699.5280151367188,703.5
2940,19,1568048117759,1530,0540,712.4136352539062,675.9017333984375,88.87510681152344,95.53314971923828,58.86417007446289,693.1416015625,657.036376953125,788.96875,656.4716796875,784.9228515625,705.764404296875,699.5280151367188,703.5
2941,19,1568048117771,1530,0540,712.4139404296875,675.9890747070312,88.62849426269531,95.45391082763672,58.13188552856445,693.1416015625,657.036376953125,789.0,656.4415283203125,785.036376953125,705.7779541015625,699.5280151367188,703.5
2942,19,1568048117783,1530,0540,712.4301147460938,676.0900268554688,88.36152648925781,95.31666564941406,58.37540817260742,693.1880493164062,657.0,789.0,656.4415283203125,785.036376953125,705.7779541015625,699.6853637695312,703.5712890625
2943,19,1568048117795,1530,0540,712.5933837890625,676.059326171875,88.76386260986328,95.32244110107422,59.007041931152344,693.1880493164062,657.0,789.0256958007812,656.5348510742188,785.036376953125,705.7779541015625,699.785888671875,703.5
2944,19,1568048117808,1530,0540,712.6166381835938,675.9900512695312,88.61151123046875,95.7045669555664,57.45610809326172,693.1880493164062,657.0,789.0256958007812,656.5348510742188,785.1189575195312,705.8883056640625,699.785888671875,703.5
2945,19,1568048117820,1530,0540,712.5885009765625,675.9832153320312,88.49714660644531,95.62419128417969,59.10648727416992,693.1880493164062,657.0,789.0256958007812,656.5348510742188,785.1189575195312,705.8883056640625,699.785888671875,703.5
2946,19,1568048117833,1530,0540,712.5282592773438,676.0308837890625,88.45594024658203,95.62788391113281,59.290916442871094,693.1880493164062,657.0,789.0256958007812,656.5348510742188,785.1189575195312,705.8883056640625,699.8750610351562,703.5528564453125
2947,19,1568048117845,1530,0540,712.5728149414062,676.275146484375,88.30728912353516,95.87711334228516,58.863365173339844,693.2215576171875,657.0626220703125,789.1480102539062,656.6025390625,785.0714721679688,705.8494262695312,699.8060913085938,703.6658935546875
2948,19,1568048117858,1530,0540,712.568359375,676.1980590820312,88.9531021118164,96.04237365722656,57.874977111816406,693.1795654296875,657.1069946289062,789.1480102539062,656.6025390625,785.0714721679688,705.8494262695312,699.8060913085938,703.6658935546875
2949,19,1568048117871,1530,0540,712.6054077148438,676.2589721679688,88.60411834716797,95.84586334228516,58.27008819580078,693.3445434570312,657.1788940429688,789.2716674804688,656.74169921875,785.0,706.0,699.8060913085938,703.6658935546875
2950,19,1568048117885,1530,0540,712.5558471679688,676.4291381835938,88.92536926269531,95.9825439453125,57.477500915527344,693.3445434570312,657.1788940429688,789.279541015625,656.9072875976562,785.0,706.0,699.7084350585938,703.7180786132812
2951,19,1568048117896,1530,0540,712.6895751953125,676.2957153320312,88.69857025146484,95.56771850585938,56.82765197753906,693.3445434570312,657.1788940429688,789.2857666015625,656.7876586914062,784.9285278320312,706.1505737304688,699.6690063476562,703.7791137695312
2952,19,1568048117910,1530,0540,712.5665893554688,676.4896850585938,88.66384887695312,95.8529052734375,56.039207458496094,693.4063720703125,657.21826171875,789.2807006835938,656.849853515625,784.8810424804688,706.1116943359375,699.7758178710938,703.8914184570312
2953,19,1568048117923,1530,0540,712.6234130859375,676.4672241210938,89.22317504882812,96.23999786376953,56.45976638793945,693.4224853515625,657.270263671875,789.268310546875,656.8768310546875,784.963623046875,706.2220458984375,699.7758178710938,703.8914184570312
2954,19,1568048117936,1530,0540,712.57177734375,676.4844360351562,89.082275390625,96.225341796875,55.98000717163086,693.430419921875,657.2254028320312,789.17626953125,657.0,784.963623046875,706.2220458984375,699.876220703125,704.0
2955,19,1568048117949,1530,0540,712.5736694335938,676.7074584960938,88.87845611572266,96.15158081054688,56.72566223144531,693.445556640625,657.3583374023438,789.17626953125,657.0,784.9537963867188,706.2449340820312,699.876220703125,704.0
2956,19,1568048117962,1530,0540,712.651123046875,676.6576538085938,89.38721466064453,95.99758911132812,55.42144012451172,693.445556640625,657.3583374023438,789.2807006835938,657.150146484375,784.9976806640625,706.344970703125,699.876220703125,704.0
2957,19,1568048117975,1530,0540,712.795654296875,676.690673828125,89.32742309570312,95.84082794189453,55.46384048461914,693.445556640625,657.3583374023438,789.2807006835938,657.150146484375,785.1522827148438,706.39208984375,699.8763427734375,704.1236572265625
2958,19,1568048117988,1530,0540,712.595458984375,676.698486328125,89.53060913085938,96.20008087158203,57.99098205566406,693.5396728515625,657.5,789.2807006835938,657.150146484375,785.1522827148438,706.39208984375,699.8763427734375,704.1236572265625
2959,19,1568048118001,1530,0540,712.7325439453125,676.7814331054688,88.87540435791016,96.0081558227539,57.788429260253906,693.5396728515625,657.5,789.3370971679688,657.251953125,785.1671752929688,706.4414672851562,699.8763427734375,704.1236572265625
2960,19,1568048118015,1530,0540,712.6546630859375,676.6949462890625,89.34831237792969,96.36492156982422,57.65326690673828,693.5396728515625,657.5,789.3209228515625,657.24365234375,785.1671752929688,706.4414672851562,699.8763427734375,704.1236572265625
2961,19,1568048118028,1530,0540,712.7994995117188,676.7048950195312,89.48493957519531,96.61727905273438,59.79658508300781,693.5396728515625,657.5,789.3209228515625,657.24365234375,785.1671752929688,706.4414672851562,699.8763427734375,704.1236572265625
2962,19,1568048118042,1530,0540,712.8303833007812,676.8342895507812,89.40908813476562,96.54007720947266,60.423583984375,693.5396728515625,657.5,789.282470703125,657.2164306640625,785.1671752929688,706.4414672851562,699.8763427734375,704.1236572265625
2963,19,1568048118055,1530,0540,712.7935791015625,676.816162109375,89.48490905761719,96.50897979736328,61.117435455322266,693.5396728515625,657.5,789.305908203125,657.1954345703125,785.1671752929688,706.4414672851562,699.8763427734375,704.1236572265625
2964,19,1568048118068,1530,0540,712.8846435546875,676.7880249023438,89.51034545898438,96.2673568725586,59.91334533691406,693.4603271484375,657.5,789.380859375,657.233642578125,785.2703857421875,706.4141845703125,699.9187622070312,704.1373901367188
2965,19,1568048118081,1530,0540,712.8101806640625,676.9005737304688,89.71590423583984,96.53326416015625,57.63572692871094,693.4603271484375,657.5,789.380859375,657.233642578125,785.2703857421875,706.4141845703125,700.0,704.31787109375
2966,19,1568048118094,1530,0540,712.7900390625,676.9795532226562,90.18330383300781,96.7348861694336,61.396514892578125,693.4603271484375,657.5,789.380859375,657.233642578125,785.2703857421875,706.4141845703125,700.0,704.31787109375
2967,19,1568048118107,1530,0540,712.7521362304688,676.9772338867188,89.76522827148438,96.7325210571289,60.812313079833984,693.5557861328125,657.500732421875,789.2737426757812,657.158447265625,785.2703857421875,706.4141845703125,700.0,704.31787109375
2968,19,1568048118120,1530,0540,712.8218994140625,677.0621337890625,90.18417358398438,96.96063232421875,60.85481262207031,693.5396728515625,657.5,789.345947265625,657.22705078125,785.1560668945312,706.34423828125,699.8763427734375,704.1236572265625
2969,19,1568048118133,1530,0540,712.8089599609375,676.90234375,89.93253326416016,96.47901153564453,59.84800338745117,693.5396728515625,657.5,789.2807006835938,657.150146484375,785.0137939453125,706.400390625,699.7758178710938,704.1085815429688
2970,19,1568048118146,1530,0540,712.6810913085938,676.9403686523438,89.72004699707031,97.02043151855469,58.72651290893555,693.3577880859375,657.3140258789062,789.1903686523438,657.0323486328125,784.9212646484375,706.3952026367188,699.876220703125,704.0
2971,19,1568048118159,1530,0540,712.6563720703125,676.9415893554688,90.19202423095703,96.53044128417969,58.78943634033203,693.2836303710938,657.2437744140625,789.17626953125,657.0,784.8682861328125,706.2890625,699.7758178710938,703.8914184570312
2972,19,1568048118173,1530,0540,712.5260009765625,676.7476196289062,90.845703125,97.22933197021484,60.41122055053711,693.2836303710938,657.2437744140625,789.17626953125,657.0,784.8682861328125,706.2890625,699.7758178710938,703.8914184570312
2973,19,1568048118187,1530,0540,712.7345581054688,676.9849243164062,90.7331314086914,97.30155944824219,58.00632095336914,693.2836303710938,657.2437744140625,789.17626953125,657.0,784.8973388671875,706.2636108398438,699.7758178710938,703.8914184570312
2974,19,1568048118200,1530,0540,712.61669921875,677.0636596679688,90.41328430175781,97.36698913574219,60.52317428588867,693.130859375,657.4323120117188,789.1903686523438,657.0323486328125,784.8449096679688,706.3560791015625,699.7758178710938,704.1085815429688
2975,19,1568048118213,1530,0540,712.7036743164062,677.1460571289062,90.41544342041016,97.19451141357422,58.118690490722656,693.2171020507812,657.5,789.2365112304688,657.166748046875,784.8971557617188,706.3991088867188,699.7758178710938,704.1085815429688
2976,19,1568048118227,1530,0540,712.6754760742188,677.1657104492188,90.5459213256836,97.43412017822266,58.50802993774414,693.2706298828125,657.5267944335938,789.2365112304688,657.166748046875,784.8906860351562,706.4095458984375,699.7758178710938,704.1085815429688
2977,19,1568048118241,1530,0540,712.8422241210938,677.2225952148438,90.24738311767578,96.7391586303711,56.225807189941406,693.3577880859375,657.6859741210938,789.2916259765625,657.3062744140625,784.8906860351562,706.4095458984375,699.7758178710938,704.1085815429688
2978,19,1568048118254,1530,0540,712.9517211914062,677.3969116210938,91.2193374633789,98.05343627929688,57.098045349121094,693.3577880859375,657.6859741210938,789.2916259765625,657.3062744140625,784.8510131835938,706.4705810546875,699.77783203125,704.2559204101562
2979,19,1568048118267,1530,0540,713.0128784179688,677.38525390625,90.81047058105469,97.71861267089844,58.551143646240234,693.3577880859375,657.6859741210938,789.2916259765625,657.3062744140625,784.8510131835938,706.4705810546875,699.77783203125,704.2559204101562
2980,19,1568048118280,1530,0540,712.9486083984375,677.5241088867188,91.09113311767578,97.63298797607422,55.86978530883789,693.2836303710938,657.7562255859375,789.1218872070312,657.3785400390625,784.8743286132812,706.4932250976562,699.77783203125,704.2559204101562
2981,19,1568048118292,1530,0540,712.8767700195312,677.3953247070312,91.0023422241211,97.5839614868164,58.06768798828125,693.2836303710938,657.7562255859375,789.0,657.5584716796875,784.7495727539062,706.5612182617188,699.77783203125,704.2559204101562
2982,19,1568048118306,1530,0540,712.716552734375,677.2880249023438,91.39293670654297,98.1425552368164,57.62711715698242,693.2836303710938,657.7562255859375,789.0,657.5584716796875,784.7495727539062,706.5612182617188,699.77783203125,704.2559204101562
2983,19,1568048118318,1530,0540,712.7529907226562,677.5332641601562,91.41983032226562,97.93230438232422,61.00305938720703,693.3621826171875,657.7612915039062,789.0,657.5584716796875,784.7476806640625,706.5787963867188,699.6558837890625,704.1622924804688
2984,19,1568048118331,1530,0540,712.9065551757812,677.532958984375,91.43067932128906,98.36780548095703,60.868587493896484,693.3621826171875,657.7612915039062,789.0,657.5584716796875,784.7476806640625,706.5787963867188,699.8434448242188,704.3662109375
2985,19,1568048118343,1530,0540,712.9622192382812,677.6976318359375,91.09593200683594,97.3203125,56.46684265136719,693.3621826171875,657.7612915039062,789.0,657.5584716796875,784.7476806640625,706.5787963867188,699.77783203125,704.2559204101562
2986,19,1568048118355,1530,0540,713.0369873046875,677.5552368164062,91.5744400024414,97.90296173095703,60.02299499511719,693.3621826171875,657.7612915039062,789.0,657.5584716796875,784.7476806640625,706.5787963867188,699.77783203125,704.2559204101562
2987,19,1568048118367,1530,0540,713.0494995117188,677.5182495117188,91.17948150634766,97.84186553955078,58.496246337890625,693.3621826171875,657.7612915039062,789.0,657.5584716796875,784.7476806640625,706.5787963867188,699.8434448242188,704.3662109375
2988,19,1568048118379,1530,0540,712.9458618164062,677.6898193359375,92.36199188232422,99.23775482177734,61.123512268066406,693.3445434570312,657.8211059570312,788.937255859375,657.5,784.7476806640625,706.5787963867188,699.8750610351562,704.4471435546875
2989,19,1568048118391,1530,0540,713.2027587890625,677.7201538085938,91.44812774658203,97.87169647216797,60.755855560302734,693.3445434570312,657.8211059570312,788.937255859375,657.5,784.9228515625,706.764404296875,699.8757934570312,704.3936157226562
2990,19,1568048118402,1530,0540,713.0986328125,677.775390625,91.6792984008789,97.89557647705078,60.5250358581543,693.1795654296875,657.8930053710938,788.9827270507812,657.5884399414062,785.045654296875,707.03076171875,700.0,704.5
2991,19,1568048118414,1530,0540,713.1257934570312,677.9804077148438,91.44314575195312,98.36566162109375,60.56840896606445,693.1795654296875,658.1069946289062,789.2376098632812,657.7539672851562,785.0,707.0,699.8750610351562,704.5528564453125
2992,19,1568048118426,1530,0540,713.2315063476562,678.0620727539062,92.15519714355469,98.49217987060547,63.944313049316406,693.1795654296875,658.1069946289062,789.345947265625,657.77294921875,784.889404296875,707.0013427734375,699.77783203125,704.7440795898438
2993,19,1568048118438,1530,0540,713.3069458007812,678.1260375976562,92.2935562133789,98.41372680664062,62.63661575317383,693.4063720703125,658.21826171875,789.2807006835938,657.849853515625,784.8335571289062,707.1664428710938,699.77783203125,704.7440795898438
2994,19,1568048118450,1530,0540,713.2532348632812,678.056640625,92.2740707397461,98.50828552246094,61.28325653076172,693.4063720703125,658.21826171875,789.2807006835938,657.849853515625,784.7998046875,707.13134765625,699.7758178710938,704.8914184570312
2995,19,1568048118462,1530,0540,713.435302734375,678.0603637695312,91.93547821044922,98.7685775756836,61.329044342041016,693.4224853515625,658.270263671875,789.17626953125,658.0,784.8798828125,707.2635498046875,699.7758178710938,704.8914184570312
2996,19,1568048118474,1530,0540,713.4467163085938,678.1241455078125,91.85761260986328,98.4217529296875,62.88240432739258,693.4224853515625,658.270263671875,789.17626953125,658.0,784.8682861328125,707.2890625,699.7758178710938,704.8914184570312
2997,19,1568048118487,1530,0540,713.3693237304688,678.2589111328125,91.65899658203125,98.15997314453125,61.2665901184082,693.4224853515625,658.270263671875,789.17626953125,658.0,784.8798828125,707.2635498046875,699.7758178710938,704.8914184570312
2998,19,1568048118498,1530,0540,713.28955078125,678.2133178710938,92.26667022705078,99.02042388916016,62.20305252075195,693.4224853515625,658.270263671875,789.17626953125,658.0,784.8682861328125,707.2890625,699.7758178710938,704.8914184570312
2999,19,1568048118510,1530,0540,713.4130249023438,678.2069702148438,92.60762023925781,98.62174224853516,60.1836051940918,693.4224853515625,658.270263671875,789.17626953125,658.0,784.8682861328125,707.2890625,699.7758178710938,704.8914184570312
3000,19,1568048118523,1530,0540,713.3232421875,678.3250732421875,92.78631591796875,99.38070678710938,62.23947525024414,693.4224853515625,658.270263671875,789.17626953125,658.0,784.8682861328125,707.2890625,699.7758178710938,704.8914184570312
3001,20,1568048119938,1816,0540,680.7858276367188,679.2904052734375,87.70388793945312,95.36460876464844,42.61882019042969,674.8709106445312,658.8121948242188,776.354248046875,659.322265625,774.8067626953125,710.1026611328125,681.2607421875,705.4293823242188
3002,20,1568048119950,1816,0540,680.8255004882812,679.439208984375,87.31729125976562,95.3379135131836,41.64802169799805,675.0,658.759765625,776.416015625,659.3463745117188,774.8638305664062,710.1953125,681.2888793945312,705.5
3003,20,1568048119964,1816,0540,680.9150390625,679.4248657226562,86.73535919189453,94.56370544433594,42.8573112487793,675.0679321289062,658.9163208007812,776.504150390625,659.5010986328125,774.8638305664062,710.1953125,681.2888793945312,705.5
3004,20,1568048119976,1816,0540,680.8432006835938,679.3279418945312,87.57449340820312,95.06329345703125,44.62858581542969,675.0780029296875,658.9560546875,776.504150390625,659.5010986328125,775.0416259765625,710.3681030273438,681.2607421875,705.5706176757812
3005,20,1568048119988,1816,0540,680.802001953125,679.542724609375,86.84798431396484,94.98125457763672,45.10907745361328,675.1880493164062,659.0,776.5049438476562,659.5682373046875,775.0385131835938,710.3816528320312,681.36962890625,705.6694946289062
3006,20,1568048119999,1816,0540,680.860107421875,679.6183471679688,86.64546966552734,94.71551513671875,44.62602615356445,675.264892578125,659.0787963867188,776.5,659.5,774.9762573242188,710.4478759765625,681.298583984375,705.701416015625
3007,20,1568048120010,1816,0540,680.8319702148438,679.8302001953125,86.73930358886719,94.98445129394531,45.34416961669922,675.264892578125,659.0787963867188,776.4859619140625,659.4828491210938,774.9762573242188,710.4478759765625,681.335205078125,705.7193603515625
3008,20,1568048120022,1816,0540,680.8353271484375,679.6362915039062,86.195556640625,95.04560089111328,46.360389709472656,675.2689819335938,659.0652465820312,776.547119140625,659.5289916992188,775.0076904296875,710.5055541992188,681.5,706.0
3009,20,1568048120033,1816,0540,680.7666015625,679.7955932617188,86.51009368896484,94.83509826660156,44.84456253051758,675.1912841796875,659.2362670898438,776.709228515625,659.7720947265625,775.0076904296875,710.5055541992188,681.478759765625,705.8029174804688
3010,20,1568048120044,1816,0540,680.9564208984375,679.7802734375,86.57939910888672,94.7232437133789,45.48239517211914,675.0,659.5,776.6839599609375,659.8082885742188,774.9601440429688,710.5260620117188,681.478759765625,705.8029174804688
3011,20,1568048120056,1816,0540,680.9495239257812,679.7405395507812,86.1564712524414,94.81165313720703,44.5462532043457,675.0,659.5,776.6041259765625,659.9762573242188,775.184326171875,711.033447265625,681.572509765625,705.9222412109375
3012,20,1568048120068,1816,0540,681.0140380859375,679.9642333984375,85.7624282836914,94.44074249267578,44.731163024902344,675.130859375,659.5676879882812,776.6041259765625,659.9762573242188,775.184326171875,711.033447265625,681.4909057617188,706.0
3013,20,1568048120080,1816,0540,680.6878051757812,679.9346313476562,86.62639617919922,94.83196258544922,45.28196334838867,675.130859375,659.5676879882812,776.5701904296875,660.0464477539062,775.0428466796875,711.0736083984375,681.579833984375,706.236572265625
3014,20,1568048120092,1816,0540,680.8258666992188,680.09765625,86.39729309082031,94.60057830810547,44.395172119140625,675.1718139648438,659.6693725585938,776.4340209960938,660.017822265625,775.0428466796875,711.0736083984375,681.579833984375,706.236572265625
3015,20,1568048120104,1816,0540,680.65185546875,680.078125,86.4844970703125,94.15531921386719,45.13261413574219,675.0958251953125,659.7767333984375,776.4229736328125,660.3211059570312,775.03369140625,711.1214599609375,681.5,706.5
3016,20,1568048120116,1816,0540,680.6494750976562,680.3162841796875,86.6451187133789,94.36705780029297,44.25741958618164,675.0875244140625,659.8505249023438,776.504150390625,660.5010986328125,774.8121948242188,711.1099243164062,681.5,706.5
3017,20,1568048120127,1816,0540,680.5609741210938,680.2161865234375,85.44525909423828,94.15815734863281,47.33669662475586,675.0487060546875,659.8114013671875,776.504150390625,660.5010986328125,774.8208618164062,711.1463012695312,681.2888793945312,706.5
3018,20,1568048120139,1816,0540,680.5068359375,680.1842041015625,85.85233306884766,94.07172393798828,47.124725341796875,674.9537353515625,659.8524780273438,776.504150390625,660.5010986328125,774.8683471679688,711.1947021484375,681.2888793945312,706.5
3019,20,1568048120150,1816,0540,680.5682373046875,680.1929931640625,86.2746810913086,94.04464721679688,45.731201171875,674.9537353515625,659.8524780273438,776.416015625,660.3463745117188,774.8145141601562,711.08740234375,681.2888793945312,706.5
3020,20,1568048120162,1816,0540,680.767333984375,680.259033203125,86.03966522216797,93.78173065185547,46.972835540771484,674.735107421875,659.9212036132812,776.3909912109375,660.3186645507812,774.7965087890625,711.08203125,681.2888793945312,706.5
3021,20,1568048120174,1816,0540,680.6751708984375,680.1782836914062,86.43546295166016,94.10332489013672,47.31881332397461,674.7255859375,659.8629150390625,776.3909912109375,660.3186645507812,774.7965087890625,711.08203125,681.2888793945312,706.5
3022,20,1568048120186,1816,0540,680.422119140625,680.3055419921875,85.81657409667969,93.52983856201172,46.195709228515625,674.735107421875,659.9212036132812,776.2181396484375,660.4376220703125,774.7794189453125,711.2205200195312,681.1242065429688,706.6063842773438
3023,20,1568048120198,1816,0540,679.7511596679688,680.3982543945312,85.74517822265625,93.74620056152344,47.05976486206055,674.4960327148438,660.0,776.119140625,660.5313110351562,774.9033813476562,711.4974365234375,680.7392578125,706.5706176757812
3024,20,1568048120210,1816,0540,679.3728637695312,680.5133056640625,85.51698303222656,93.52837371826172,44.342071533203125,674.264892578125,660.0787963867188,776.0621337890625,660.5718994140625,774.8903198242188,711.5452880859375,680.7111206054688,706.5
3025,20,1568048120222,1816,0540,679.7515258789062,680.5499267578125,86.01789855957031,93.58753967285156,45.35081100463867,674.4224853515625,660.270263671875,776.0652465820312,660.6264038085938,774.7542724609375,711.7506103515625,680.7392578125,706.5706176757812
3026,20,1568048120234,1816,0540,679.9942016601562,680.79638671875,85.97138977050781,93.90177154541016,42.51002883911133,674.4063720703125,660.21826171875,776.113525390625,660.65625,774.7542724609375,711.7506103515625,680.8356323242188,706.6865844726562
3027,20,1568048120246,1816,0540,679.904052734375,680.5159301757812,85.28068542480469,93.56327819824219,46.43965148925781,674.5157470703125,660.2515258789062,776.1253051757812,660.626220703125,774.9056396484375,711.6529541015625,680.7392578125,706.5706176757812
3028,20,1568048120258,1816,0540,679.8932495117188,680.595703125,85.84649658203125,93.40169525146484,44.86003112792969,674.4993286132812,660.2029418945312,776.1253051757812,660.626220703125,774.9056396484375,711.6529541015625,680.8356323242188,706.6865844726562
3029,20,1568048120270,1816,0540,679.8945922851562,680.6796875,85.36289978027344,93.42440795898438,42.06721878051758,674.5137939453125,660.2509155273438,776.1253051757812,660.626220703125,774.96923828125,711.6901245117188,680.8356323242188,706.6865844726562
3030,20,1568048120282,1816,0540,679.736328125,680.751220703125,85.57520294189453,94.25941467285156,42.60643005371094,674.5076293945312,660.157958984375,776.091796875,660.75732421875,774.866455078125,711.8485717773438,680.8356323242188,706.6865844726562
3031,20,1568048120294,1816,0540,679.9614868164062,680.4464721679688,84.89434814453125,92.97491455078125,44.03270721435547,674.4729614257812,660.2735595703125,776.091796875,660.75732421875,774.866455078125,711.8485717773438,680.8356323242188,706.6865844726562
3032,20,1568048120305,1816,0540,679.9412841796875,680.5725708007812,84.90744018554688,93.58948516845703,41.57266616821289,674.5157470703125,660.2515258789062,776.1253051757812,660.626220703125,774.866455078125,711.8485717773438,680.8356323242188,706.6865844726562
3033,20,1568048120317,1816,0540,680.0037841796875,680.3944702148438,84.93881225585938,92.79855346679688,43.93250274658203,674.4993286132812,660.2029418945312,776.1253051757812,660.626220703125,774.8903198242188,711.5452880859375,680.8356323242188,706.6865844726562
3034,20,1568048120330,1816,0540,679.9149169921875,680.2659912109375,85.0677719116211,92.82821655273438,46.59803771972656,674.4285278320312,660.0778198242188,776.0621337890625,660.5718994140625,774.8903198242188,711.5452880859375,680.7392578125,706.5706176757812
3035,20,1568048120342,1816,0540,679.705078125,680.299560546875,84.86979675292969,93.34143829345703,49.184627532958984,674.283935546875,660.1618041992188,776.0,660.5,774.7609252929688,711.5997314453125,680.7111206054688,706.5
3036,20,1568048120355,1816,0540,679.7246704101562,680.3003540039062,84.99385070800781,93.81690979003906,45.40815734863281,674.1024780273438,660.0,775.8885498046875,660.4010009765625,774.6011962890625,711.37548828125,680.7111206054688,706.5
3037,20,1568048120368,1816,0540,679.502685546875,680.2601318359375,85.31580352783203,93.3027114868164,48.7474250793457,674.264892578125,659.9212036132812,775.9210205078125,660.269775390625,774.5923461914062,711.3277587890625,680.568603515625,706.4359130859375
3038,20,1568048120381,1816,0540,679.3696899414062,680.0950317382812,85.78752899169922,93.66822814941406,48.740318298339844,674.264892578125,659.9212036132812,775.9210205078125,660.269775390625,774.576904296875,711.3176879882812,680.568603515625,706.4359130859375
3039,20,1568048120394,1816,0540,679.4671020507812,680.1416015625,85.23800659179688,92.86399841308594,46.86279296875,674.264892578125,659.9212036132812,775.9210205078125,660.269775390625,774.576904296875,711.3176879882812,680.5,706.5
3040,20,1568048120407,1816,0540,679.3399047851562,680.1249389648438,85.53823852539062,93.86427307128906,49.39630126953125,674.264892578125,659.9212036132812,775.908203125,660.24267578125,774.576904296875,711.3176879882812,680.5,706.5
3041,20,1568048120418,1816,0540,679.326904296875,680.1998901367188,85.19995880126953,93.23219299316406,47.5422477722168,674.264892578125,659.9212036132812,775.886474609375,660.34375,774.576904296875,711.3176879882812,680.5,706.5
3042,20,1568048120430,1816,0540,679.296142578125,680.1329345703125,86.01040649414062,93.40815734863281,50.279598236083984,674.1880493164062,660.0,775.8885498046875,660.4010009765625,774.576904296875,711.3176879882812,680.5,706.5
3043,20,1568048120442,1816,0540,679.1911010742188,680.34619140625,84.9689712524414,92.94119262695312,48.9061393737793,674.1880493164062,660.0,775.8604736328125,660.4126586914062,774.4533081054688,711.3572998046875,680.431396484375,706.5640869140625
3044,20,1568048120455,1816,0540,679.167724609375,680.2918701171875,85.11968994140625,93.11239624023438,47.55209732055664,674.1880493164062,660.0,775.7046508789062,660.464599609375,774.4533081054688,711.3572998046875,680.431396484375,706.5640869140625
3045,20,1568048120467,1816,0540,679.2337036132812,680.4222412109375,84.78014373779297,93.23324584960938,47.695735931396484,674.1416015625,659.963623046875,775.5791625976562,660.5015258789062,774.427490234375,711.447021484375,680.5,706.5
3046,20,1568048120478,1816,0540,679.191162109375,680.2499389648438,84.89813232421875,92.95339965820312,49.14617156982422,674.264892578125,660.0787963867188,775.6392211914062,660.6065063476562,774.5445556640625,711.647705078125,680.36962890625,706.6694946289062
3047,20,1568048120490,1816,0540,679.3771362304688,680.3765869140625,84.99893951416016,92.61834716796875,48.47603225708008,674.1290893554688,660.1878051757812,775.7279052734375,660.7366943359375,774.6597900390625,711.7456665039062,680.36962890625,706.6694946289062
3048,20,1568048120502,1816,0540,679.276611328125,680.4663696289062,84.7368392944336,92.53900909423828,47.59635543823242,674.0,660.5,775.7418823242188,660.7775268554688,774.6597900390625,711.7456665039062,680.36962890625,706.6694946289062
3049,20,1568048120515,1816,0540,679.3984375,680.7798461914062,84.70169830322266,92.33330535888672,44.56172180175781,674.0,660.5,775.6437377929688,660.9010620117188,774.5610961914062,711.977783203125,680.62158203125,706.91552734375
3050,20,1568048120528,1816,0540,679.322509765625,680.6264038085938,84.59784698486328,92.25547790527344,45.557865142822266,674.0,660.5,775.6862182617188,660.9193115234375,774.399658203125,712.0505981445312,680.5090942382812,707.0
3051,20,1568048120540,1816,0540,679.354736328125,680.717041015625,84.71758270263672,92.27436065673828,45.81471633911133,674.0,660.5,775.772216796875,660.8656616210938,774.3892211914062,712.0492553710938,680.427490234375,707.0777587890625
3052,20,1568048120554,1816,0540,679.2222290039062,680.5506591796875,84.26898193359375,92.0013198852539,47.75023651123047,674.0,660.5,775.669921875,661.0029907226562,774.3128051757812,712.003173828125,680.427490234375,707.0777587890625
3053,20,1568048120567,1816,0540,679.2589721679688,680.6422119140625,84.06098937988281,92.01760864257812,47.12396240234375,674.0,660.5,775.8956909179688,661.24658203125,774.3695678710938,712.0548706054688,680.3804931640625,707.0873413085938
3054,20,1568048120580,1816,0540,679.2713623046875,680.9918823242188,84.67058563232422,92.67522430419922,44.75544357299805,674.130859375,660.5676879882812,775.9304809570312,661.266357421875,774.378173828125,712.0726318359375,680.5,707.5
3055,20,1568048120592,1816,0540,679.3848266601562,680.8079833984375,84.09490203857422,92.1269302368164,48.191959381103516,674.1718139648438,660.6693725585938,775.9304809570312,661.266357421875,774.3324584960938,712.088134765625,680.5,707.5
3056,20,1568048120605,1816,0540,679.3488159179688,680.8546142578125,84.2929916381836,92.2628173828125,46.86684799194336,674.091552734375,660.7819213867188,775.7546997070312,661.4232177734375,774.43017578125,712.1835327148438,680.5,707.5
3057,20,1568048120616,1816,0540,679.2459106445312,681.01123046875,84.33456420898438,91.74363708496094,48.48234939575195,674.1318969726562,660.882568359375,775.7025146484375,661.45068359375,774.5222778320312,712.3043212890625,680.5,707.5
3058,20,1568048120628,1816,0540,679.4116821289062,681.0224609375,84.11689758300781,91.81998443603516,49.56736755371094,674.1880493164062,661.0,775.7046508789062,661.464599609375,774.4885864257812,712.3709106445312,680.5,707.5
3059,20,1568048120641,1816,0540,679.4928588867188,681.280029296875,83.57778930664062,91.63758087158203,46.684120178222656,674.1880493164062,661.0,775.6506958007812,661.49755859375,774.4799194335938,712.368896484375,680.431396484375,707.5640869140625
3060,20,1568048120654,1816,0540,679.380126953125,681.2693481445312,83.83273315429688,91.3594741821289,45.94776916503906,674.1880493164062,661.0,775.5791625976562,661.5015258789062,774.53955078125,712.6455688476562,680.36962890625,707.6694946289062
3061,20,1568048120667,1816,0540,679.3872680664062,681.2305908203125,83.8160400390625,91.18545532226562,44.949275970458984,674.1290893554688,661.1878051757812,775.6392211914062,661.6065063476562,774.6421508789062,712.7393188476562,680.36962890625,707.6694946289062
3062,20,1568048120680,1816,0540,679.4462890625,681.2156372070312,84.15272521972656,91.18280029296875,47.81214141845703,674.1210327148438,661.14599609375,775.6392211914062,661.6065063476562,774.6421508789062,712.7393188476562,680.36962890625,707.6694946289062
3063,20,1568048120692,1816,0540,679.3753051757812,681.52294921875,83.8702163696289,91.65663146972656,47.11231231689453,674.0958251953125,661.2232666015625,775.7214965820312,661.7459106445312,774.6484985351562,712.7505493164062,680.36962890625,707.6694946289062
3064,20,1568048120705,1816,0540,679.4063110351562,681.3452758789062,83.84821319580078,91.86043548583984,46.135398864746094,674.0,661.5,775.7214965820312,661.7459106445312,774.6484985351562,712.7505493164062,680.36962890625,707.6694946289062
3065,20,1568048120717,1816,0540,679.4981079101562,681.4688110351562,83.27318572998047,91.38211822509766,47.54380798339844,674.0,661.5,775.7214965820312,661.7459106445312,774.6484985351562,712.7505493164062,680.36962890625,707.6694946289062
3066,20,1568048120730,1816,0540,679.2352905273438,681.4353637695312,83.25574493408203,91.42430877685547,47.503902435302734,674.0,661.5,775.7418823242188,661.7775268554688,774.6484985351562,712.7505493164062,680.36962890625,707.6694946289062
3067,20,1568048120741,1816,0540,679.1055297851562,681.3171997070312,83.26162719726562,91.0657958984375,47.86764907836914,674.0,661.5,775.7418823242188,661.7775268554688,774.6484985351562,712.7505493164062,680.36962890625,707.6694946289062
3068,20,1568048120753,1816,0540,679.2039794921875,681.3141479492188,83.38646697998047,91.40701293945312,48.401039123535156,674.0,661.5,775.7418823242188,661.7775268554688,774.6484985351562,712.7505493164062,680.36962890625,707.6694946289062
3069,20,1568048120765,1816,0540,679.1808471679688,681.3988037109375,83.19817352294922,91.03693389892578,47.15435028076172,674.0,661.5,775.7418823242188,661.7775268554688,774.6484985351562,712.7505493164062,680.3626708984375,707.6373291015625
3070,20,1568048120778,1816,0540,679.3192138671875,681.3781127929688,83.63143920898438,91.31914520263672,46.60342025756836,674.0,661.5,775.7418823242188,661.7775268554688,774.6484985351562,712.7505493164062,680.3626708984375,707.6373291015625
3071,20,1568048120791,1816,0540,679.2855224609375,681.4310913085938,83.73299407958984,91.14066314697266,47.044437408447266,674.0,661.5,775.7418823242188,661.7775268554688,774.5970458984375,712.7401123046875,680.3626708984375,707.6373291015625
3072,20,1568048120803,1816,0540,679.2615966796875,681.42431640625,83.701904296875,91.28541564941406,47.62510681152344,674.0,661.5,775.7214965820312,661.7459106445312,774.5970458984375,712.7401123046875,680.36962890625,707.6694946289062
3073,20,1568048120815,1816,0540,679.2305908203125,681.297119140625,83.1099624633789,90.73139190673828,46.22392654418945,674.0,661.5,775.7214965820312,661.7459106445312,774.5970458984375,712.7401123046875,680.3626708984375,707.6373291015625
3074,20,1568048120828,1816,0540,679.0912475585938,681.353515625,83.381103515625,91.37705993652344,50.606605529785156,674.0,661.5,775.7214965820312,661.7459106445312,774.5970458984375,712.7401123046875,680.3626708984375,707.6373291015625
3075,20,1568048120839,1816,0540,679.39990234375,681.5028076171875,82.81141662597656,90.99642181396484,47.6789665222168,674.0,661.5,775.7214965820312,661.7459106445312,774.5970458984375,712.7401123046875,680.3626708984375,707.6373291015625
3076,20,1568048120851,1816,0540,679.2738647460938,681.543701171875,82.73712158203125,90.7327880859375,45.31106948852539,674.0,661.5,775.7418823242188,661.7775268554688,774.5970458984375,712.7401123046875,680.420166015625,707.763427734375
3077,20,1568048120863,1816,0540,679.3392944335938,681.4815063476562,82.89095306396484,90.68189239501953,44.41119384765625,674.0,661.5,775.7382202148438,661.8342895507812,774.390869140625,712.7933349609375,680.62158203125,707.91552734375
3078,20,1568048120876,1816,0540,679.2924194335938,681.4901123046875,83.15238189697266,90.94793701171875,45.43067169189453,674.0,661.5,775.6947021484375,661.835205078125,774.390869140625,712.7933349609375,680.5090942382812,708.0
3079,20,1568048120888,1816,0540,679.31103515625,681.55859375,82.79780578613281,91.08872985839844,46.923458099365234,674.0,661.5,775.6611938476562,661.8626708984375,774.3509521484375,712.8894653320312,680.5090942382812,708.0
3080,20,1568048120899,1816,0540,679.3218383789062,681.6778564453125,82.7567138671875,91.30349731445312,45.35213088989258,674.0,661.5,775.5827026367188,661.9764404296875,774.33203125,713.0899047851562,680.3070068359375,708.1470336914062
3081,20,1568048120911,1816,0540,679.2356567382812,681.7451171875,82.78759002685547,90.84496307373047,45.63246154785156,674.0,661.5,775.6436767578125,662.0248413085938,774.2179565429688,712.9278564453125,680.3070068359375,708.1470336914062
3082,20,1568048120924,1816,0540,679.2996215820312,681.8675537109375,82.15129089355469,89.95130920410156,43.929443359375,674.0,661.5,775.642822265625,662.132080078125,774.3364868164062,713.0667114257812,680.2607421875,708.4293823242188
3083,20,1568048120937,1816,0540,679.2254028320312,681.9860229492188,82.43394470214844,90.3580551147461,41.81643295288086,673.9685668945312,661.7929077148438,775.501220703125,662.3959350585938,774.3010864257812,713.1275024414062,680.2607421875,708.4293823242188
3084,20,1568048120949,1816,0540,679.0877685546875,681.9585571289062,83.28047180175781,90.55854034423828,42.95185852050781,673.9661254882812,661.7835693359375,775.4859619140625,662.426513671875,774.3010864257812,713.1275024414062,680.2888793945312,708.5
3085,20,1568048120962,1816,0540,679.09521484375,682.1978759765625,83.02766418457031,91.40179443359375,44.74452209472656,673.735107421875,661.9212036132812,775.4913330078125,662.5069580078125,774.3048095703125,713.2823486328125,680.2888793945312,708.5
3086,20,1568048120975,1816,0540,679.115966796875,682.0801391601562,83.8089370727539,91.31250762939453,49.4724006652832,673.735107421875,661.9212036132812,775.4913330078125,662.5069580078125,774.3048095703125,713.2823486328125,680.2888793945312,708.5
3087,20,1568048120988,1816,0540,679.1194458007812,682.1883544921875,84.01615905761719,91.54733276367188,46.566741943359375,673.735107421875,661.9212036132812,775.50048828125,662.5233154296875,774.29150390625,713.3372192382812,680.2888793945312,708.5
3088,20,1568048121001,1816,0540,678.9461059570312,682.1849975585938,83.71965026855469,91.80632781982422,46.49794387817383,673.735107421875,661.9212036132812,775.50048828125,662.5233154296875,774.3080444335938,713.2921752929688,680.2888793945312,708.5
3089,20,1568048121013,1816,0540,679.0367431640625,682.0062866210938,83.60111236572266,91.26734161376953,46.460243225097656,673.735107421875,661.9212036132812,775.50048828125,662.5233154296875,774.146240234375,713.3023071289062,680.2888793945312,708.5
3090,20,1568048121026,1816,0540,678.9571533203125,681.9567260742188,83.38850402832031,90.9427261352539,45.740013122558594,673.735107421875,661.9212036132812,775.4913330078125,662.5069580078125,774.3048095703125,713.2823486328125,680.2888793945312,708.5
3091,20,1568048121040,1816,0540,679.0986328125,681.8787231445312,82.64787292480469,90.74720001220703,46.107608795166016,673.7255859375,661.8629150390625,775.4913330078125,662.5069580078125,774.3048095703125,713.2823486328125,680.2888793945312,708.5
3092,20,1568048121052,1816,0540,679.136962890625,682.0626220703125,83.2657470703125,91.12369537353516,44.25918960571289,673.7255859375,661.8629150390625,775.4913330078125,662.5069580078125,774.28564453125,713.2247314453125,680.2888793945312,708.5
3093,20,1568048121065,1816,0540,679.1448364257812,682.0101928710938,82.78449249267578,91.47283935546875,46.836856842041016,673.8644409179688,661.92333984375,775.4913330078125,662.5069580078125,774.28564453125,713.2247314453125,680.2888793945312,708.5
3094,20,1568048121078,1816,0540,679.1412963867188,682.1454467773438,82.98412322998047,91.77738189697266,46.10133743286133,673.9844360351562,661.8832397460938,775.4913330078125,662.5069580078125,774.28564453125,713.2247314453125,680.2888793945312,708.5
3095,20,1568048121091,1816,0540,679.21923828125,682.1051635742188,83.35232543945312,91.06179809570312,44.079952239990234,673.9852905273438,661.9545288085938,775.50048828125,662.5233154296875,774.3048095703125,713.2823486328125,680.2888793945312,708.5
3096,20,1568048121104,1816,0540,679.18603515625,682.025390625,83.10790252685547,91.19298553466797,45.05654525756836,673.735107421875,661.9212036132812,775.50048828125,662.5233154296875,774.1443481445312,713.3312377929688,680.2607421875,708.5706176757812
3097,20,1568048121116,1816,0540,679.015625,682.1088256835938,83.31257629394531,91.35362243652344,44.44371795654297,673.735107421875,661.9212036132812,775.4644775390625,662.4658203125,774.1036376953125,713.2816162109375,680.214111328125,708.5
3098,20,1568048121130,1816,0540,678.7977294921875,682.1364135742188,83.48070526123047,91.35707092285156,45.920372009277344,673.6554565429688,661.8211059570312,775.3604736328125,662.3955078125,774.063232421875,713.2530517578125,680.0,708.5
3099,20,1568048121143,1816,0540,678.7473754882812,682.0736694335938,83.2267074584961,90.96156311035156,42.71781921386719,673.569580078125,661.7745971679688,775.2785034179688,662.2540893554688,773.9779052734375,713.1359252929688,679.8407592773438,708.3407592773438
3100,20,1568048121156,1816,0540,678.7864990234375,681.9119873046875,83.35090637207031,91.2383041381836,41.453163146972656,673.569580078125,661.7745971679688,775.2581176757812,662.2224731445312,773.96435546875,713.1153564453125,679.8407592773438,708.3407592773438
3101,20,1568048121169,1816,0540,678.7128295898438,681.9780883789062,82.96866607666016,91.25141143798828,42.853389739990234,673.5278930664062,661.8036499023438,775.2581176757812,662.2224731445312,773.7532958984375,713.0640258789062,679.8407592773438,708.3407592773438
3102,20,1568048121181,1816,0540,678.7560424804688,681.9046020507812,83.09586334228516,91.42926788330078,42.08900451660156,673.5278930664062,661.8036499023438,775.1195678710938,662.1680908203125,773.7532958984375,713.0640258789062,679.8407592773438,708.3407592773438
3103,20,1568048121194,1816,0540,678.7716674804688,681.9888916015625,83.13716125488281,91.4196548461914,43.88570022583008,673.569580078125,661.7745971679688,775.2136840820312,662.19140625,773.8951416015625,713.02978515625,679.9479370117188,708.2515869140625
3104,20,1568048121207,1816,0540,678.8074951171875,681.7755126953125,83.22638702392578,91.25542449951172,43.68393325805664,673.6422119140625,661.6859741210938,775.2149047851562,662.0555419921875,773.9808959960938,713.0027465820312,679.9479370117188,708.2515869140625
3105,20,1568048121220,1816,0540,678.7803344726562,681.8031005859375,83.20638275146484,91.33979034423828,43.54684066772461,673.6422119140625,661.6859741210938,775.2466430664062,661.9566650390625,773.9808959960938,713.0027465820312,680.0575561523438,708.1273193359375
3106,20,1568048121232,1816,0540,678.7972412109375,681.6787109375,83.08258056640625,91.48523712158203,45.06461715698242,673.5687866210938,661.4116821289062,775.1760864257812,661.8770141601562,773.9163208007812,712.9142456054688,680.0,708.0
3107,20,1568048121245,1816,0540,678.7669067382812,681.5095825195312,83.42387390136719,91.51582336425781,42.96047592163086,673.4310913085938,661.2540893554688,775.0695190429688,661.733642578125,773.7918090820312,712.778076171875,679.9424438476562,707.8726806640625
3108,20,1568048121258,1816,0540,678.7099609375,681.4537353515625,83.85366821289062,91.6622314453125,44.2891845703125,673.4230346679688,661.1976318359375,775.0695190429688,661.733642578125,773.7918090820312,712.778076171875,679.9424438476562,707.8726806640625
3109,20,1568048121271,1816,0540,678.4966430664062,681.353759765625,83.87858581542969,91.12368774414062,48.36591720581055,673.4721069335938,661.1963500976562,775.091796875,661.75732421875,773.7735595703125,712.6741943359375,679.8521118164062,707.7081909179688
3110,20,1568048121285,1816,0540,678.4340209960938,681.2086791992188,84.08160400390625,91.60700988769531,46.09681701660156,673.430419921875,661.2254028320312,775.091796875,661.75732421875,773.7735595703125,712.6741943359375,679.8356323242188,707.6865844726562
3111,20,1568048121298,1816,0540,678.613525390625,681.142333984375,83.73262786865234,91.8102035522461,44.79512405395508,673.430419921875,661.2254028320312,775.0789794921875,661.730224609375,773.7735595703125,712.6741943359375,679.8356323242188,707.6865844726562
3112,20,1568048121311,1816,0540,678.385498046875,681.1342163085938,83.928466796875,91.8799057006836,47.44388961791992,673.4063720703125,661.21826171875,775.0291748046875,661.7002563476562,773.7052001953125,712.6295776367188,679.8356323242188,707.6865844726562
3113,20,1568048121325,1816,0540,678.4893798828125,681.1340942382812,83.23246765136719,91.68978881835938,45.520172119140625,673.3381958007812,661.1124877929688,775.0291748046875,661.7002563476562,773.7052001953125,712.6295776367188,679.7392578125,707.5706176757812
3114,20,1568048121338,1816,0540,678.5843505859375,681.0853881835938,83.39518737792969,91.54988861083984,45.77201843261719,673.3381958007812,661.1124877929688,775.0291748046875,661.7002563476562,773.7266845703125,712.5813598632812,679.7392578125,707.5706176757812
3115,20,1568048121351,1816,0540,678.6024169921875,681.2018432617188,83.49811553955078,91.26251983642578,45.955604553222656,673.3381958007812,661.1124877929688,775.0291748046875,661.7002563476562,773.7266845703125,712.5813598632812,679.7392578125,707.5706176757812
3116,20,1568048121364,1816,0540,678.5230102539062,681.2349853515625,83.84539794921875,91.29521942138672,45.50188064575195,673.4063720703125,661.21826171875,775.0789794921875,661.730224609375,773.7052001953125,712.6295776367188,679.7392578125,707.5706176757812
3117,20,1568048121377,1816,0540,678.455810546875,681.4686889648438,84.13006591796875,91.91014099121094,42.171268463134766,673.4224853515625,661.270263671875,775.0291748046875,661.7002563476562,773.7052001953125,712.6295776367188,679.8356323242188,707.6865844726562
3118,20,1568048121391,1816,0540,678.5653686523438,681.5403442382812,84.03276062011719,92.0296630859375,43.98771667480469,673.430419921875,661.2254028320312,774.9768676757812,661.8255004882812,773.626953125,712.73095703125,679.7571411132812,707.8386840820312
3119,20,1568048121404,1816,0540,678.4342651367188,681.4400634765625,84.53951263427734,91.41093444824219,45.84556579589844,673.430419921875,661.2254028320312,774.8840942382812,661.8236083984375,773.6893920898438,712.7706909179688,679.6929931640625,707.8529663085938
3120,20,1568048121417,1816,0540,678.5294189453125,681.6043090820312,84.23234558105469,91.82852935791016,44.58717727661133,673.3577880859375,661.3140258789062,774.8132934570312,661.7763061523438,773.6893920898438,712.7706909179688,679.8102416992188,707.8526000976562
3121,20,1568048121430,1816,0540,678.6376342773438,681.8843383789062,83.3056640625,91.53038787841797,43.78782272338867,673.2706298828125,661.4732055664062,774.750244140625,661.9093627929688,773.6873168945312,712.778564453125,679.8421630859375,707.9415893554688
3122,20,1568048121444,1816,0540,678.584716796875,681.980224609375,84.46519470214844,92.3159408569336,43.491676330566406,673.2171020507812,661.5,774.8216552734375,662.081298828125,773.71728515625,712.7866821289062,679.8102416992188,707.8526000976562
3123,20,1568048121457,1816,0540,678.5829467773438,681.7908325195312,83.52043151855469,91.7669677734375,43.58794403076172,673.2171020507812,661.5,774.7749633789062,662.14697265625,773.7623291015625,712.9415283203125,679.7525634765625,708.0635375976562
3124,20,1568048121469,1816,0540,678.5237426757812,681.834228515625,83.76715087890625,92.50730895996094,46.44501495361328,673.2171020507812,661.5,774.7749633789062,662.14697265625,773.8021240234375,712.8754272460938,679.647216796875,708.0973510742188
3125,20,1568048121482,1816,0540,678.5885620117188,681.8619995117188,83.25202941894531,91.88674926757812,42.074588775634766,673.2171020507812,661.5,774.8239135742188,662.1229858398438,773.7380981445312,712.96875,679.579833984375,708.236572265625
3126,20,1568048121495,1816,0540,678.4124755859375,681.8357543945312,84.34989929199219,92.81722259521484,45.10133361816406,673.2171020507812,661.5,774.8239135742188,662.1229858398438,773.7380981445312,712.96875,679.579833984375,708.236572265625
3127,20,1568048121509,1816,0540,678.6723022460938,681.885986328125,84.02037811279297,92.3208999633789,44.14731216430664,673.2171020507812,661.5,774.8239135742188,662.1229858398438,773.7380981445312,712.96875,679.579833984375,708.236572265625
3128,20,1568048121522,1816,0540,678.4113159179688,681.8970336914062,83.71849822998047,92.24058532714844,44.01655197143555,673.2171020507812,661.5,774.8239135742188,662.1229858398438,773.6039428710938,712.9957885742188,679.579833984375,708.236572265625
3129,20,1568048121535,1816,0540,678.523681640625,681.8154907226562,83.66311645507812,92.43885040283203,44.66365432739258,673.130859375,661.5676879882812,774.69287109375,662.0030517578125,773.4679565429688,712.8538818359375,679.4909057617188,708.0
3130,20,1568048121548,1816,0540,678.3789672851562,681.7430419921875,84.45842742919922,92.83648681640625,44.43271255493164,673.2171020507812,661.5,774.7026977539062,662.024169921875,773.4679565429688,712.8538818359375,679.4909057617188,708.0
3131,20,1568048121561,1816,0540,678.416015625,681.7313842773438,84.57186889648438,92.5831298828125,42.45746994018555,673.2171020507812,661.5,774.7026977539062,662.024169921875,773.4616088867188,712.8034057617188,679.572509765625,707.9222412109375
3132,20,1568048121573,1816,0540,678.4660034179688,681.8211669921875,84.28649139404297,92.50025177001953,42.088233947753906,673.2171020507812,661.5,774.7026977539062,662.024169921875,773.4616088867188,712.8034057617188,679.4909057617188,708.0
3133,20,1568048121584,1816,0540,678.4568481445312,681.7492065429688,84.75048828125,92.09779357910156,43.44243621826172,673.130859375,661.5676879882812,774.7344360351562,662.049072265625,773.5437622070312,712.8377685546875,679.4909057617188,708.0
3134,20,1568048121597,1816,0540,678.4730834960938,681.8271484375,84.90788269042969,92.37981414794922,46.31538391113281,673.130859375,661.5676879882812,774.7026977539062,662.024169921875,773.5437622070312,712.8377685546875,679.4909057617188,708.0
3135,20,1568048121608,1816,0540,678.5810546875,681.6590576171875,84.1592025756836,92.21833801269531,46.59560775756836,673.130859375,661.5676879882812,774.7026977539062,662.024169921875,773.6182250976562,712.8811645507812,679.4909057617188,708.0
3136,20,1568048121620,1816,0540,678.4428100585938,681.7047729492188,85.30836486816406,92.50299072265625,47.70207214355469,673.2171020507812,661.5,774.750244140625,661.9093627929688,773.5805053710938,712.7963256835938,679.572509765625,707.9222412109375
3137,20,1568048121632,1816,0540,678.3203735351562,681.7486572265625,85.0322265625,92.56982421875,45.02584457397461,673.3577880859375,661.3140258789062,774.750244140625,661.9093627929688,773.6212158203125,712.7404174804688,679.6929931640625,707.8529663085938
3138,20,1568048121643,1816,0540,678.4951171875,681.7647094726562,85.31379699707031,91.83724212646484,44.696170806884766,673.3577880859375,661.3140258789062,774.750244140625,661.9093627929688,773.6873168945312,712.778564453125,679.6929931640625,707.8529663085938
3139,20,1568048121654,1816,0540,678.5993041992188,681.64111328125,84.49610137939453,91.84198760986328,45.00682067871094,673.3577880859375,661.3140258789062,774.8804321289062,661.8319091796875,773.6893920898438,712.7706909179688,679.6929931640625,707.8529663085938
3140,20,1568048121667,1816,0540,678.5217895507812,681.7705688476562,84.5941390991211,92.0549087524414,46.83615493774414,673.3577880859375,661.3140258789062,774.8804321289062,661.8319091796875,773.6893920898438,712.7706909179688,679.8102416992188,707.8526000976562
3141,20,1568048121679,1816,0540,678.956298828125,681.8068237304688,83.77601623535156,91.6834716796875,41.3723030090332,673.430419921875,661.2254028320312,775.042724609375,661.7599487304688,773.7036743164062,712.7821044921875,679.9424438476562,707.8726806640625
3142,20,1568048121691,1816,0540,678.5833740234375,681.7211303710938,84.77413940429688,92.04350280761719,43.38882827758789,673.430419921875,661.2254028320312,775.091796875,661.75732421875,773.8025512695312,712.798828125,679.9424438476562,707.8726806640625
3143,20,1568048121703,1816,0540,678.8726806640625,681.5946044921875,84.53776550292969,91.24884796142578,41.712860107421875,673.430419921875,661.2254028320312,775.0695190429688,661.733642578125,773.7735595703125,712.6741943359375,679.9424438476562,707.8726806640625
3144,20,1568048121716,1816,0540,678.7843017578125,681.629638671875,84.5307388305664,92.05062103271484,41.460147857666016,673.4721069335938,661.1963500976562,775.0695190429688,661.733642578125,773.7735595703125,712.6741943359375,679.9424438476562,707.8726806640625
3145,20,1568048121728,1816,0540,678.8029174804688,681.5318603515625,84.62071228027344,91.97795867919922,42.1805305480957,673.5,661.1439819335938,775.091796875,661.75732421875,773.7939453125,712.5763549804688,679.9473876953125,707.764404296875
3146,20,1568048121742,1816,0540,678.789306640625,681.6406860351562,85.42765808105469,93.04843139648438,44.45263671875,673.5076293945312,661.157958984375,775.0789794921875,661.730224609375,773.7939453125,712.5763549804688,679.8356323242188,707.6865844726562
3147,20,1568048121755,1816,0540,678.7704467773438,681.7410278320312,85.02535247802734,92.64553833007812,46.89213943481445,673.4993286132812,661.2029418945312,775.0789794921875,661.730224609375,773.7939453125,712.5763549804688,679.8356323242188,707.6865844726562
3148,20,1568048121768,1816,0540,678.7015991210938,681.6796875,84.87794494628906,92.49546813964844,45.4945182800293,673.3401489257812,661.282470703125,775.0789794921875,661.730224609375,773.7939453125,712.5763549804688,679.8356323242188,707.6865844726562
3149,20,1568048121779,1816,0540,678.6542358398438,681.6542358398438,84.93571472167969,92.38549041748047,45.18950271606445,673.3401489257812,661.282470703125,775.0789794921875,661.730224609375,773.7854614257812,712.6287841796875,679.7392578125,707.5706176757812
3150,20,1568048121792,1816,0540,678.4478759765625,681.451904296875,85.86317443847656,93.03337097167969,44.31813430786133,673.283935546875,661.1618041992188,774.9501342773438,661.6525268554688,773.7266845703125,712.5813598632812,679.7392578125,707.5706176757812
3151,21,1568048154359,0100,0760,887.9540405273438,697.3253784179688,84.05618286132812,90.99146270751953,151.11427307128906,789.4805908203125,665.3624877929688,888.991455078125,665.5,885.0523681640625,713.3726806640625,796.7324829101562,714.0355224609375
3152,21,1568048154373,0100,0760,888.0120239257812,697.4176025390625,83.93898010253906,91.4391860961914,149.77615356445312,789.4805908203125,665.3624877929688,888.991455078125,665.5,884.992431640625,713.29833984375,796.7324829101562,714.0355224609375
3153,21,1568048154387,0100,0760,887.7427368164062,697.3656005859375,84.08272552490234,91.25057220458984,151.05039978027344,789.3963012695312,665.2138061523438,888.991455078125,665.5,884.992431640625,713.29833984375,796.7324829101562,714.0355224609375
3154,21,1568048154400,0100,0760,887.6322021484375,697.3400268554688,84.25181579589844,91.42400360107422,148.15708923339844,789.4583740234375,665.188232421875,888.991455078125,665.5,885.0,713.279296875,796.8106689453125,714.0
3155,21,1568048154413,0100,0760,887.7208862304688,697.2728881835938,83.72322845458984,91.02043914794922,153.11228942871094,789.5496215820312,665.06201171875,888.992431640625,665.29833984375,885.0487670898438,713.2879638671875,796.776123046875,713.9059448242188
3156,21,1568048154427,0100,0760,887.708251953125,697.2134399414062,84.9385986328125,91.88075256347656,149.1986541748047,789.591064453125,665.0939331054688,889.0,665.279296875,885.0487670898438,713.2879638671875,796.776123046875,713.9059448242188
3157,21,1568048154440,0100,0760,887.6961059570312,697.19482421875,84.56489562988281,91.73294067382812,150.66595458984375,789.591064453125,665.0939331054688,889.0,665.279296875,885.0487670898438,713.2879638671875,796.776123046875,713.9059448242188
3158,21,1568048154454,0100,0760,887.7153930664062,697.3521728515625,84.88329315185547,91.80887603759766,150.70726013183594,789.591064453125,665.0939331054688,888.991455078125,665.5,885.0,713.279296875,796.776123046875,713.9059448242188
3159,21,1568048154468,0100,0760,887.7310791015625,697.4515380859375,84.76651000976562,91.96843719482422,150.7237548828125,789.4583740234375,665.188232421875,888.9569091796875,665.4990844726562,884.992431640625,713.29833984375,796.8106689453125,714.0
3160,21,1568048154481,0100,0760,887.6030883789062,697.2879638671875,84.57518768310547,91.61902618408203,151.16009521484375,789.4583740234375,665.188232421875,888.991455078125,665.5,884.992431640625,713.29833984375,796.8106689453125,714.0
3161,21,1568048154494,0100,0760,887.7169799804688,697.4382934570312,84.54021453857422,91.75405883789062,151.3981475830078,789.4583740234375,665.188232421875,888.991455078125,665.5,884.992431640625,713.29833984375,796.8106689453125,714.0
3162,21,1568048154507,0100,0760,887.6351318359375,697.3585205078125,84.591552734375,91.42352294921875,151.90200805664062,789.4583740234375,665.188232421875,888.991455078125,665.5,884.992431640625,713.29833984375,796.8106689453125,714.0
3163,21,1568048154520,0100,0760,887.556640625,697.2468872070312,84.56448364257812,91.71057891845703,154.64370727539062,789.5496215820312,665.06201171875,888.992431640625,665.29833984375,885.0487670898438,713.2879638671875,796.776123046875,713.9059448242188
3164,21,1568048154534,0100,0760,887.5040283203125,697.2613525390625,84.53581237792969,91.71056365966797,154.74879455566406,789.5496215820312,665.06201171875,888.9512329101562,665.2879638671875,885.0487670898438,713.2879638671875,796.7720947265625,713.8975830078125
3165,21,1568048154547,0100,0760,887.3369750976562,697.2479858398438,84.48542022705078,91.95906066894531,151.41168212890625,789.49755859375,665.1057739257812,889.0,665.279296875,885.0487670898438,713.2879638671875,796.7720947265625,713.8975830078125
3166,21,1568048154559,0100,0760,887.3169555664062,697.309326171875,85.21780395507812,92.02706146240234,152.3508758544922,789.591064453125,665.0939331054688,889.0,665.279296875,885.007568359375,713.29833984375,796.7720947265625,713.8975830078125
3167,21,1568048154571,0100,0760,887.4003295898438,697.35693359375,84.8436279296875,91.5570297241211,153.89219665527344,789.5224609375,665.1256713867188,889.0,665.279296875,885.007568359375,713.29833984375,796.7720947265625,713.8975830078125
3168,21,1568048154583,0100,0760,887.3499145507812,697.345947265625,84.65071105957031,91.65180969238281,152.3721466064453,789.4849853515625,665.0226440429688,889.0,665.279296875,885.007568359375,713.29833984375,796.4983520507812,713.737548828125
3169,21,1568048154594,0100,0760,887.3265380859375,697.3681030273438,84.65038299560547,91.40696716308594,155.1869659423828,789.461181640625,665.049072265625,889.0,665.279296875,885.007568359375,713.29833984375,796.4983520507812,713.737548828125
3170,21,1568048154606,0100,0760,887.2799072265625,697.2774658203125,84.85250091552734,91.54905700683594,155.0500030517578,789.461181640625,665.049072265625,889.0,665.279296875,885.007568359375,713.29833984375,796.5,713.7828979492188
3171,21,1568048154618,0100,0760,887.24951171875,697.1616821289062,85.04827880859375,92.3884506225586,154.74835205078125,789.461181640625,665.049072265625,889.0,665.279296875,885.007568359375,713.29833984375,796.5,713.7828979492188
3172,21,1568048154630,0100,0760,887.1909790039062,697.1029663085938,85.00515747070312,92.50733184814453,152.984375,789.3182983398438,665.10107421875,889.0487670898438,665.2879638671875,885.007568359375,713.29833984375,796.5,713.7828979492188
3173,21,1568048154641,0100,0760,887.298583984375,697.2125854492188,85.02967834472656,91.97154998779297,152.53549194335938,789.461181640625,665.049072265625,889.0487670898438,665.2879638671875,885.007568359375,713.29833984375,796.5,713.7828979492188
3174,21,1568048154654,0100,0760,887.2548828125,697.301513671875,84.87123107910156,91.9209213256836,152.74618530273438,789.461181640625,665.049072265625,889.0487670898438,665.2879638671875,884.8886108398438,713.2189331054688,796.4983520507812,713.737548828125
3175,21,1568048154666,0100,0760,887.287841796875,697.1177368164062,85.21788787841797,92.04878234863281,151.37257385253906,789.4849853515625,665.0226440429688,889.0546875,665.2614135742188,884.934326171875,713.263427734375,796.6203002929688,713.7554931640625
3176,21,1568048154678,0100,0760,887.24658203125,697.1109008789062,85.26824951171875,92.14128112792969,152.28567504882812,789.4849853515625,665.0226440429688,889.0546875,665.2614135742188,884.934326171875,713.263427734375,796.6203002929688,713.7554931640625
3177,21,1568048154690,0100,0760,887.306884765625,697.2251586914062,85.44853210449219,92.09491729736328,152.7642822265625,789.4849853515625,665.0226440429688,889.0819702148438,665.2108764648438,885.007568359375,713.29833984375,796.6203002929688,713.7554931640625
3178,21,1568048154701,0100,0760,887.2433471679688,697.266845703125,85.4222412109375,92.38442993164062,154.03372192382812,789.4849853515625,665.0226440429688,889.0819702148438,665.2108764648438,885.007568359375,713.29833984375,796.6131591796875,713.67333984375
3179,21,1568048154713,0100,0760,887.3060302734375,697.2011108398438,85.07279205322266,92.17454528808594,154.50924682617188,789.4849853515625,665.0226440429688,889.0680541992188,665.2596435546875,885.007568359375,713.29833984375,796.6131591796875,713.67333984375
3180,21,1568048154725,0100,0760,887.1494750976562,697.228271484375,84.85501098632812,92.35662841796875,152.56277465820312,789.4849853515625,665.0226440429688,889.0680541992188,665.2596435546875,885.007568359375,713.29833984375,796.6131591796875,713.67333984375
3181,21,1568048154736,0100,0760,887.225341796875,697.0598754882812,84.9854736328125,92.33454132080078,154.73382568359375,789.4849853515625,665.0226440429688,889.0819702148438,665.2108764648438,885.007568359375,713.29833984375,796.6131591796875,713.67333984375
3182,21,1568048154747,0100,0760,887.218505859375,697.2024536132812,85.16119384765625,92.2913818359375,152.6284637451172,789.4849853515625,665.0226440429688,889.0819702148438,665.2108764648438,884.736572265625,713.065673828125,796.5,713.8560180664062
3183,21,1568048154759,0100,0760,887.2643432617188,697.100341796875,84.92041015625,92.12348175048828,153.9420928955078,789.369140625,665.0245361328125,888.9007568359375,665.0992431640625,884.7120361328125,712.9512329101562,796.5,713.8560180664062
3184,21,1568048154771,0100,0760,887.1500854492188,696.978515625,84.89266967773438,92.4386978149414,152.11375427246094,789.4849853515625,664.9773559570312,888.8977661132812,665.1697998046875,884.7120361328125,712.9512329101562,796.650146484375,713.650146484375
3185,21,1568048154783,0100,0760,887.0572509765625,697.0186157226562,84.88630676269531,92.42914581298828,151.9747314453125,789.4849853515625,664.9773559570312,888.8977661132812,665.1697998046875,884.7120361328125,712.9512329101562,796.650146484375,713.650146484375
3186,21,1568048154795,0100,0760,887.1550903320312,697.0877075195312,85.26304626464844,92.48371887207031,153.6722412109375,789.4849853515625,664.9773559570312,888.8977661132812,665.1697998046875,884.7120361328125,712.9512329101562,796.650146484375,713.650146484375
3187,21,1568048154806,0100,0760,887.2263793945312,696.943359375,85.08869934082031,92.17991638183594,152.2421875,789.260009765625,664.9631958007812,888.9722290039062,664.968994140625,884.720703125,713.0,796.650146484375,713.650146484375
3188,21,1568048154819,0100,0760,887.2286376953125,696.9981079101562,85.79999542236328,92.83637237548828,151.82289123535156,789.260009765625,664.9631958007812,888.9201049804688,664.962646484375,884.720703125,713.0,796.650146484375,713.650146484375
3189,21,1568048154831,0100,0760,887.248291015625,696.8677368164062,85.41902160644531,92.51554107666016,153.62799072265625,789.4849853515625,664.9773559570312,888.9722290039062,664.968994140625,884.720703125,713.0,796.650146484375,713.650146484375
3190,21,1568048154844,0100,0760,887.188720703125,696.9485473632812,85.69851684570312,92.5939712524414,153.51219177246094,789.4849853515625,664.9773559570312,888.9722290039062,664.968994140625,884.7730712890625,712.9199829101562,796.650146484375,713.650146484375
3191,21,1568048154856,0100,0760,887.2587890625,696.9820556640625,85.26305389404297,92.08454132080078,153.9541473388672,789.3650512695312,664.914306640625,888.9722290039062,664.968994140625,884.7730712890625,712.9199829101562,796.650146484375,713.650146484375
3192,21,1568048154869,0100,0760,887.1104125976562,696.9981079101562,85.64558410644531,92.49085235595703,152.27572631835938,789.3142700195312,664.8099975585938,888.9722290039062,664.968994140625,884.7120361328125,713.0487670898438,796.650146484375,713.650146484375
3193,21,1568048154883,0100,0760,887.2534790039062,697.0005493164062,85.35289001464844,92.42314910888672,154.0652618408203,789.1692504882812,664.7755737304688,888.8977661132812,664.8302001953125,884.70166015625,713.007568359375,796.650146484375,713.650146484375
3194,21,1568048154898,0100,0760,887.2340698242188,696.9436645507812,85.48240661621094,92.38932037353516,153.48046875,789.1692504882812,664.7755737304688,888.7802734375,664.89453125,884.70166015625,713.007568359375,796.5,713.5
3195,21,1568048154910,0100,0760,887.0700073242188,696.882080078125,85.49890899658203,92.5600814819336,154.6605987548828,789.0438842773438,664.882080078125,888.7802734375,664.89453125,884.70166015625,713.007568359375,796.5,713.5
3196,21,1568048154923,0100,0760,887.1126098632812,697.0911865234375,85.4408187866211,93.04175567626953,156.7866668701172,788.9803466796875,664.802978515625,888.7802734375,664.89453125,884.70166015625,713.007568359375,796.439453125,713.5145874023438
3197,21,1568048154935,0100,0760,887.1034545898438,696.8570556640625,85.31954193115234,92.57805633544922,154.90419006347656,789.0103759765625,664.7556762695312,888.7802734375,664.89453125,884.7587280273438,712.8703002929688,796.4179077148438,713.4678344726562
3198,21,1568048154949,0100,0760,887.047607421875,696.831298828125,85.44932556152344,92.89724731445312,153.6180877685547,789.0103759765625,664.7556762695312,888.7802734375,664.89453125,884.7587280273438,712.8703002929688,796.4854125976562,713.439453125
3199,21,1568048154962,0100,0760,887.0570068359375,696.684326171875,85.65047454833984,92.79651641845703,154.07440185546875,789.0103759765625,664.7556762695312,888.74365234375,664.9529418945312,884.6726684570312,712.8199462890625,796.349853515625,713.349853515625
3200,21,1568048154975,0100,0760,887.0953369140625,696.7303466796875,85.96676635742188,92.61085510253906,155.86578369140625,789.0103759765625,664.7556762695312,888.74365234375,664.9529418945312,884.6726684570312,712.8199462890625,796.349853515625,713.349853515625
3201,21,1568048154988,0100,0760,887.0511474609375,696.8179321289062,85.50919342041016,92.50376892089844,155.3389892578125,789.0103759765625,664.7556762695312,888.74365234375,664.9529418945312,884.6726684570312,712.8199462890625,796.349853515625,713.349853515625
3202,21,1568048155001,0100,0760,887.0244750976562,696.8082885742188,85.50333404541016,93.09963989257812,156.4539337158203,789.0103759765625,664.7556762695312,888.8529663085938,664.8861694335938,884.8031616210938,712.8031616210938,796.349853515625,713.349853515625
3203,21,1568048155012,0100,0760,887.176025390625,696.7117919921875,85.81202697753906,92.653564453125,155.24766540527344,789.0103759765625,664.7556762695312,888.8529663085938,664.8861694335938,884.8031616210938,712.8031616210938,796.4854125976562,713.439453125
3204,21,1568048155024,0100,0760,887.062744140625,696.7373657226562,85.44416809082031,92.88933563232422,154.21615600585938,789.0103759765625,664.7556762695312,888.8529663085938,664.8861694335938,884.8031616210938,712.8031616210938,796.349853515625,713.349853515625
3205,21,1568048155036,0100,0760,886.9775390625,696.7218017578125,85.2234878540039,92.90797424316406,155.59552001953125,789.0103759765625,664.7556762695312,888.8387451171875,664.8387451171875,884.8031616210938,712.8031616210938,796.5,713.3533325195312
3206,21,1568048155048,0100,0760,887.02880859375,696.7656860351562,86.02296447753906,93.07976531982422,157.73776245117188,789.0103759765625,664.7556762695312,888.8387451171875,664.8387451171875,884.8031616210938,712.8031616210938,796.3796997070312,713.2445068359375
3207,21,1568048155060,0100,0760,887.1268920898438,696.779541015625,85.09200286865234,92.91912078857422,155.21475219726562,789.0103759765625,664.7556762695312,888.8387451171875,664.8387451171875,884.8031616210938,712.8031616210938,796.3796997070312,713.2445068359375
3208,21,1568048155072,0100,0760,887.0775146484375,696.7822265625,84.99689483642578,92.9939193725586,155.12123107910156,789.0103759765625,664.7556762695312,888.8387451171875,664.8387451171875,884.8031616210938,712.8031616210938,796.3796997070312,713.2445068359375
3209,21,1568048155083,0100,0760,887.0040893554688,696.7499389648438,85.53397369384766,93.07954406738281,154.79022216796875,789.0108032226562,664.76025390625,888.8387451171875,664.8387451171875,884.8031616210938,712.8031616210938,796.3796997070312,713.2445068359375
3210,21,1568048155095,0100,0760,887.0704956054688,696.727783203125,85.36358642578125,93.05342102050781,155.371826171875,789.0108032226562,664.76025390625,888.735107421875,664.9008178710938,884.710693359375,712.7732543945312,796.3796997070312,713.2445068359375
3211,21,1568048155108,0100,0760,886.8605346679688,696.8495483398438,85.83342742919922,92.89962768554688,154.03123474121094,789.0108032226562,664.76025390625,888.735107421875,664.9008178710938,884.6160278320312,712.6160278320312,796.349853515625,713.349853515625
3212,21,1568048155122,0100,0760,887.1276245117188,696.8759155273438,86.06245422363281,92.90068817138672,154.25283813476562,789.0108032226562,664.76025390625,888.8387451171875,664.8387451171875,884.6160278320312,712.6160278320312,796.349853515625,713.349853515625
3213,21,1568048155135,0100,0760,887.0300903320312,696.7713012695312,85.77079010009766,92.75078582763672,154.58273315429688,789.0108032226562,664.76025390625,888.8387451171875,664.8387451171875,884.6160278320312,712.6160278320312,796.349853515625,713.349853515625
3214,21,1568048155149,0100,0760,887.0455322265625,696.8547973632812,85.95813751220703,92.92110443115234,156.9092254638672,789.0108032226562,664.76025390625,888.735107421875,664.9008178710938,884.6160278320312,712.6160278320312,796.349853515625,713.349853515625
3215,21,1568048155162,0100,0760,887.0576171875,696.8001098632812,85.76353454589844,93.01990509033203,155.56251525878906,789.0108032226562,664.76025390625,888.735107421875,664.9008178710938,884.6160278320312,712.6160278320312,796.349853515625,713.349853515625
3216,21,1568048155175,0100,0760,887.1029663085938,696.845703125,85.932861328125,93.65362548828125,157.19137573242188,789.0108032226562,664.76025390625,888.735107421875,664.9008178710938,884.710693359375,712.7732543945312,796.349853515625,713.349853515625
3217,21,1568048155188,0100,0760,887.0783081054688,696.9930419921875,85.83912658691406,93.00827026367188,156.35765075683594,789.0103759765625,664.7556762695312,888.8387451171875,664.8387451171875,884.710693359375,712.7732543945312,796.349853515625,713.349853515625
3218,21,1568048155204,0100,0760,887.0977172851562,696.8311767578125,85.83782958984375,92.95440673828125,156.36033630371094,789.0103759765625,664.7556762695312,888.8387451171875,664.8387451171875,884.8031616210938,712.8031616210938,796.349853515625,713.349853515625
3219,21,1568048155217,0100,0760,887.1051635742188,696.7677612304688,85.58819580078125,92.69768524169922,155.49368286132812,789.0103759765625,664.7556762695312,888.8387451171875,664.8387451171875,884.8031616210938,712.8031616210938,796.349853515625,713.349853515625
3220,21,1568048155228,0100,0760,887.0391235351562,696.8189086914062,85.78904724121094,92.70199584960938,156.18898010253906,789.153076171875,664.652587890625,888.8387451171875,664.8387451171875,884.8031616210938,712.8031616210938,796.349853515625,713.349853515625
3221,21,1568048155240,0100,0760,887.1612548828125,696.7284545898438,85.89543151855469,92.71550750732422,154.31947326660156,789.153076171875,664.652587890625,888.8690185546875,664.7963256835938,884.7271728515625,712.7570190429688,796.3796997070312,713.2445068359375
3222,21,1568048155252,0100,0760,887.1163330078125,696.7315063476562,85.73904418945312,92.73584747314453,155.77146911621094,789.153076171875,664.652587890625,889.007568359375,664.70166015625,884.587890625,712.639404296875,796.3796997070312,713.2445068359375
3223,21,1568048155265,0100,0760,887.2371215820312,696.6613159179688,85.80443572998047,92.55362701416016,157.25628662109375,789.2498168945312,664.4274291992188,888.936767578125,664.5757446289062,884.7880859375,712.417236328125,796.5,713.2171020507812
3224,21,1568048155278,0100,0760,887.1139526367188,696.5296630859375,86.3460693359375,93.17914581298828,157.92262268066406,789.2498168945312,664.4274291992188,888.936767578125,664.5757446289062,884.7880859375,712.417236328125,796.5,713.2171020507812
3225,21,1568048155291,0100,0760,887.2710571289062,696.6537475585938,85.90486907958984,92.5274429321289,154.54940795898438,789.2498168945312,664.4274291992188,888.936767578125,664.5757446289062,884.7880859375,712.417236328125,796.5,713.2171020507812
3226,21,1568048155304,0100,0760,887.136474609375,696.7692260742188,85.6775131225586,92.74771881103516,156.06336975097656,789.2498168945312,664.4274291992188,888.936767578125,664.5757446289062,884.7880859375,712.417236328125,796.5,713.2171020507812
3227,21,1568048155316,0100,0760,887.1453857421875,696.5700073242188,85.55038452148438,92.61593627929688,155.43492126464844,789.2498168945312,664.4274291992188,888.936767578125,664.5757446289062,884.87890625,712.5,796.5,713.2171020507812
3228,21,1568048155330,0100,0760,887.3944091796875,696.5802612304688,86.3352279663086,93.49504089355469,155.5274200439453,789.2648315429688,664.3097534179688,889.0430908203125,664.4990844726562,884.936767578125,712.4242553710938,796.5926513671875,713.0874633789062
3229,21,1568048155344,0100,0760,887.2316284179688,696.7859497070312,85.56005096435547,92.47938537597656,157.1132049560547,789.2648315429688,664.3097534179688,889.008544921875,664.5,884.936767578125,712.4242553710938,796.5926513671875,713.0874633789062
3230,21,1568048155356,0100,0760,887.306884765625,696.7103881835938,85.61327362060547,92.70446014404297,156.86610412597656,789.2648315429688,664.3097534179688,889.008544921875,664.5,884.936767578125,712.4242553710938,796.5926513671875,713.0874633789062
3231,21,1568048155369,0100,0760,887.2911376953125,696.73388671875,85.42572784423828,92.43778228759766,157.72384643554688,789.2648315429688,664.3097534179688,889.008544921875,664.5,884.936767578125,712.4242553710938,796.5926513671875,713.0874633789062
3232,21,1568048155381,0100,0760,887.2237548828125,696.7203979492188,85.563232421875,92.3885498046875,157.65374755859375,789.2648315429688,664.3097534179688,889.008544921875,664.5,884.936767578125,712.4242553710938,796.5926513671875,713.0874633789062
3233,21,1568048155395,0100,0760,887.2952880859375,696.5913696289062,85.59658813476562,92.55663299560547,157.94944763183594,789.2648315429688,664.3097534179688,889.008544921875,664.5,884.936767578125,712.4242553710938,796.5926513671875,713.0874633789062
3234,21,1568048155408,0100,0760,887.3759155273438,696.8107299804688,85.87626647949219,92.57178497314453,157.14430236816406,789.2648315429688,664.3097534179688,889.008544921875,664.5,884.936767578125,712.4242553710938,796.5926513671875,713.0874633789062
3235,21,1568048155422,0100,0760,887.1514892578125,696.670654296875,85.2711410522461,92.5370101928711,158.01571655273438,789.2648315429688,664.3097534179688,888.936767578125,664.4242553710938,884.8261108398438,712.3447875976562,796.5,713.2171020507812
3236,21,1568048155435,0100,0760,887.1127319335938,696.6219482421875,85.6651611328125,92.24235534667969,158.65396118164062,789.2648315429688,664.3097534179688,888.936767578125,664.4242553710938,884.861083984375,712.3753051757812,796.5,713.2171020507812
3237,21,1568048155448,0100,0760,887.0006103515625,696.691162109375,85.41243743896484,92.57576751708984,157.70364379882812,789.1957397460938,664.2086181640625,888.936767578125,664.4242553710938,884.73046875,712.3186645507812,796.5926513671875,713.0874633789062
3238,21,1568048155462,0100,0760,886.9602661132812,696.5729370117188,85.56356811523438,92.35734558105469,157.19732666015625,789.0953369140625,664.1294555664062,888.70361328125,664.2908325195312,884.5687255859375,712.399658203125,796.4073486328125,712.9125366210938
3239,21,1568048155476,0100,0760,887.0120849609375,696.5438232421875,85.56331634521484,92.1818618774414,157.00148010253906,789.0220336914062,664.0764770507812,888.73046875,664.3186645507812,884.5628051757812,712.341796875,796.4073486328125,712.9125366210938
3240,21,1568048155489,0100,0760,886.961181640625,696.49658203125,85.45453643798828,92.19509887695312,156.37351989746094,789.0220336914062,664.0764770507812,888.8009643554688,664.3716430664062,884.5,712.12109375,796.3118896484375,712.8692016601562
3241,21,1568048155502,0100,0760,886.949462890625,696.4462890625,85.50410461425781,92.00457763671875,158.1858367919922,789.05419921875,664.095703125,888.7587280273438,664.1296997070312,884.5,712.12109375,796.3118896484375,712.8692016601562
3242,21,1568048155515,0100,0760,886.9364013671875,696.4668579101562,85.15239715576172,92.23436737060547,158.61868286132812,789.05419921875,664.095703125,888.7587280273438,664.1296997070312,884.5,712.12109375,796.3975830078125,712.730224609375
3243,21,1568048155528,0100,0760,886.97705078125,696.4468383789062,85.13911437988281,92.41659545898438,157.51974487304688,789.0491333007812,664.0480346679688,888.7587280273438,664.1296997070312,884.5,712.12109375,796.3975830078125,712.730224609375
3244,21,1568048155542,0100,0760,887.0723876953125,696.5520629882812,85.38066101074219,92.1320571899414,159.1002197265625,789.0491333007812,664.0480346679688,888.7587280273438,664.1296997070312,884.6273193359375,712.0523681640625,796.3975830078125,712.730224609375
3245,21,1568048155555,0100,0760,887.0303955078125,696.46630859375,85.21463012695312,92.03800201416016,156.48361206054688,789.0491333007812,664.0480346679688,888.7587280273438,664.1296997070312,884.6273193359375,712.0523681640625,796.3975830078125,712.730224609375
3246,21,1568048155568,0100,0760,886.9656982421875,696.528076171875,85.45731353759766,92.18505096435547,158.3423309326172,789.05419921875,664.095703125,888.7587280273438,664.1296997070312,884.6273193359375,712.0523681640625,796.5,712.7828979492188
3247,21,1568048155581,0100,0760,887.095947265625,696.4381103515625,84.8866958618164,91.8541030883789,158.58180236816406,789.0953369140625,664.1294555664062,888.7578125,664.1591796875,884.736572265625,712.065673828125,796.5,712.7828979492188
3248,21,1568048155596,0100,0760,887.0294799804688,696.5902709960938,85.31878662109375,92.66165161132812,157.01731872558594,789.0953369140625,664.1294555664062,888.7578125,664.1591796875,884.7955322265625,712.2044677734375,796.5,712.7828979492188
3249,21,1568048155609,0100,0760,887.18798828125,696.614501953125,84.94783020019531,92.1299819946289,157.3658447265625,789.1957397460938,664.2086181640625,889.007568359375,664.29833984375,884.7955322265625,712.2044677734375,796.5,712.7828979492188
3250,21,1568048155622,0100,0760,887.2701416015625,696.6594848632812,85.05410766601562,92.04327392578125,158.1732940673828,789.1957397460938,664.2086181640625,888.936767578125,664.4242553710938,884.934326171875,712.263427734375,796.5926513671875,713.0874633789062
3251,21,1568048155635,0100,0760,887.2760620117188,696.6806640625,84.81988525390625,92.00839233398438,157.47848510742188,789.1957397460938,664.2086181640625,888.936767578125,664.4242553710938,884.861083984375,712.3753051757812,796.5926513671875,713.0874633789062
3252,21,1568048155648,0100,0760,887.225830078125,696.6314697265625,84.4123306274414,91.92623901367188,158.2965087890625,789.1957397460938,664.2086181640625,888.936767578125,664.4242553710938,884.861083984375,712.3753051757812,796.5926513671875,713.0874633789062
3253,21,1568048155662,0100,0760,887.2425537109375,696.7269897460938,84.74906921386719,92.07452392578125,158.5387725830078,789.1957397460938,664.2086181640625,888.936767578125,664.4242553710938,884.861083984375,712.3753051757812,796.5926513671875,713.0874633789062
3254,21,1568048155676,0100,0760,887.20654296875,696.7163696289062,84.8105239868164,91.96405029296875,157.71975708007812,789.1957397460938,664.2086181640625,888.936767578125,664.4242553710938,884.73046875,712.3186645507812,796.5926513671875,713.0874633789062
3255,21,1568048155688,0100,0760,887.051513671875,696.67529296875,84.4710693359375,91.62724304199219,160.34555053710938,789.0953369140625,664.1294555664062,888.70361328125,664.2908325195312,884.4622192382812,712.5377807617188,796.5,713.2171020507812
3256,21,1568048155701,0100,0760,887.1046752929688,696.693115234375,84.57917785644531,91.83382415771484,158.5830078125,789.0016479492188,664.173583984375,888.70361328125,664.2908325195312,884.5,712.5707397460938,796.3975830078125,713.269775390625
3257,21,1568048155715,0100,0760,887.158447265625,696.7571411132812,84.07733917236328,91.84603118896484,159.26161193847656,789.0016479492188,664.173583984375,888.4292602539062,664.5,884.4622192382812,712.5377807617188,796.3975830078125,713.269775390625
3258,21,1568048155730,0100,0760,887.0508422851562,696.5552368164062,84.19815063476562,91.9511947631836,158.44203186035156,788.9297485351562,664.1304931640625,888.5061645507812,664.340576171875,884.5,712.5707397460938,796.2405395507812,713.0317993164062
3259,21,1568048155745,0100,0760,887.0512084960938,696.5799560546875,84.97338104248047,91.33838653564453,159.75775146484375,788.9297485351562,664.1304931640625,888.6018676757812,664.422607421875,884.6018676757812,712.422607421875,796.1702270507812,713.0
3260,21,1568048155759,0100,0760,887.0238037109375,696.44775390625,84.74736022949219,91.78473663330078,157.94447326660156,788.9297485351562,664.1304931640625,888.6018676757812,664.422607421875,884.6018676757812,712.422607421875,796.2405395507812,713.0317993164062
3261,21,1568048155772,0100,0760,887.063720703125,696.34228515625,84.64716339111328,91.28392028808594,157.15640258789062,788.9297485351562,664.1304931640625,888.6018676757812,664.422607421875,884.5628051757812,712.341796875,796.2405395507812,713.0317993164062
3262,21,1568048155786,0100,0760,887.001708984375,696.4579467773438,84.98519134521484,91.46734619140625,157.55430603027344,788.9297485351562,664.1304931640625,888.6018676757812,664.422607421875,884.5628051757812,712.341796875,796.2405395507812,713.0317993164062
3263,21,1568048155799,0100,0760,886.9925537109375,696.4677124023438,84.72444152832031,91.22390747070312,157.7606201171875,788.9297485351562,664.1304931640625,888.6018676757812,664.422607421875,884.5628051757812,712.341796875,796.2279052734375,712.8975830078125
3264,21,1568048155812,0100,0760,887.0162963867188,696.4581298828125,84.70846557617188,91.59962463378906,156.91664123535156,788.9297485351562,664.1304931640625,888.6018676757812,664.422607421875,884.5628051757812,712.341796875,796.2279052734375,712.8975830078125
3265,21,1568048155825,0100,0760,887.0779418945312,696.395751953125,84.53402709960938,90.72948455810547,158.3936309814453,788.9297485351562,664.1304931640625,888.6018676757812,664.422607421875,884.4596557617188,712.2421264648438,796.2279052734375,712.8975830078125
3266,21,1568048155838,0100,0760,887.0804443359375,696.4962158203125,83.8930435180664,90.8248062133789,158.0017547607422,788.9297485351562,664.1304931640625,888.6018676757812,664.422607421875,884.4596557617188,712.2421264648438,796.2279052734375,712.8975830078125
3267,21,1568048155851,0100,0760,887.0951538085938,696.3994750976562,83.75432586669922,90.64082336425781,157.67539978027344,788.9691162109375,664.1741943359375,888.5,664.3287963867188,884.4596557617188,712.2421264648438,796.2279052734375,712.8975830078125
3268,21,1568048155865,0100,0760,887.1189575195312,696.49365234375,84.13387298583984,90.69520568847656,156.39227294921875,788.9297485351562,664.1304931640625,888.5,664.3287963867188,884.4596557617188,712.2421264648438,796.2279052734375,712.8975830078125
3269,21,1568048155878,0100,0760,886.998291015625,696.3823852539062,83.91735076904297,90.59900665283203,158.11013793945312,788.9297485351562,664.1304931640625,888.593505859375,664.3008422851562,884.4596557617188,712.2421264648438,796.2279052734375,712.8975830078125
3270,21,1568048155891,0100,0760,887.0902099609375,696.4401245117188,83.6900863647461,90.70996856689453,158.4617156982422,789.0220336914062,664.0764770507812,888.69140625,664.25830078125,884.4596557617188,712.2421264648438,796.2279052734375,712.8975830078125
3271,21,1568048155905,0100,0760,887.2118530273438,696.3925170898438,84.10587310791016,90.46887969970703,157.2467803955078,789.0220336914062,664.0764770507812,888.69140625,664.25830078125,884.5,712.12109375,796.2933349609375,712.9373779296875
3272,21,1568048155918,0100,0760,887.2515869140625,696.08935546875,84.03456115722656,90.65663146972656,157.8108367919922,789.05419921875,664.095703125,888.69140625,664.25830078125,884.5,712.12109375,796.2933349609375,712.9373779296875
3273,21,1568048155931,0100,0760,887.1430053710938,696.1827392578125,83.70321655273438,89.5958251953125,155.10415649414062,789.0220336914062,664.0764770507812,888.69140625,664.25830078125,884.5,712.12109375,796.2933349609375,712.9373779296875
3274,21,1568048155945,0100,0760,887.0988159179688,696.2509765625,84.09552764892578,90.94916534423828,156.59283447265625,789.0244750976562,664.05322265625,888.69140625,664.25830078125,884.5,712.12109375,796.2279052734375,712.8975830078125
3275,21,1568048155959,0100,0760,887.204345703125,696.3532104492188,83.48255920410156,90.13907623291016,154.37974548339844,789.05419921875,664.095703125,888.69140625,664.25830078125,884.5,712.12109375,796.2279052734375,712.8975830078125
3276,21,1568048155973,0100,0760,887.1397094726562,696.2464599609375,83.46692657470703,89.96662139892578,155.51400756835938,788.9297485351562,664.1304931640625,888.593505859375,664.3008422851562,884.5,712.12109375,796.2279052734375,712.8975830078125
3277,21,1568048155987,0100,0760,887.0921630859375,696.350830078125,83.25331115722656,90.0325927734375,155.9210968017578,788.9297485351562,664.1304931640625,888.6018676757812,664.422607421875,884.4596557617188,712.2421264648438,796.2933349609375,712.9373779296875
3278,21,1568048156000,0100,0760,887.0689086914062,696.3179931640625,83.27644348144531,90.28089141845703,156.2506866455078,788.9297485351562,664.1304931640625,888.6018676757812,664.422607421875,884.5628051757812,712.341796875,796.1702270507812,713.0
3279,21,1568048156013,0100,0760,887.047119140625,696.3347778320312,83.26412963867188,90.1164779663086,155.19918823242188,788.9297485351562,664.1304931640625,888.5,664.5707397460938,884.5333862304688,712.5333862304688,796.2232666015625,713.0958251953125
3280,21,1568048156024,0100,0760,887.100830078125,696.3378295898438,83.41859436035156,89.607177734375,155.55809020996094,788.9297485351562,664.1304931640625,888.5,664.5707397460938,884.5333862304688,712.5333862304688,796.3773803710938,713.1159057617188
3281,21,1568048156036,0100,0760,886.9813232421875,696.3414916992188,82.9891357421875,90.0311279296875,154.6506805419922,788.9297485351562,664.1304931640625,888.5,664.5707397460938,884.5333862304688,712.5333862304688,796.4191284179688,713.2133178710938
3282,21,1568048156048,0100,0760,886.8977661132812,696.3255615234375,83.15907287597656,90.0705337524414,155.4263153076172,788.9297485351562,664.1304931640625,888.5,664.5707397460938,884.5333862304688,712.5333862304688,796.3773803710938,713.1159057617188
3283,21,1568048156061,0100,0760,886.9721069335938,696.3385009765625,83.46349334716797,89.3824462890625,155.4698028564453,788.9297485351562,664.1304931640625,888.5,664.5707397460938,884.5132446289062,712.4356079101562,796.254150390625,712.92919921875
3284,21,1568048156074,0100,0760,886.94091796875,696.3326416015625,83.54537200927734,89.70796203613281,157.05364990234375,788.9297485351562,664.1304931640625,888.5,664.5707397460938,884.3839721679688,712.3839721679688,796.1893310546875,713.0
3285,21,1568048156087,0100,0760,887.153564453125,696.3097534179688,83.58810424804688,89.28170776367188,154.27601623535156,788.9297485351562,664.1304931640625,888.5,664.5707397460938,884.4522705078125,712.2550048828125,796.1893310546875,713.0
3286,21,1568048156099,0100,0760,886.92041015625,696.264404296875,83.22325134277344,89.55724334716797,155.1487579345703,788.9297485351562,664.1304931640625,888.5,664.5707397460938,884.3273315429688,712.1800537109375,796.1893310546875,713.0
3287,21,1568048156112,0100,0760,886.9344482421875,696.3380737304688,83.35459899902344,89.5045394897461,156.3939666748047,788.9297485351562,664.1304931640625,888.5,664.5707397460938,884.3617553710938,712.1463012695312,796.1893310546875,713.0
3288,21,1568048156125,0100,0760,886.9798583984375,696.3216552734375,83.07119750976562,89.39166259765625,154.82101440429688,788.9297485351562,664.1304931640625,888.5,664.5707397460938,884.58837890625,712.3080444335938,796.1702270507812,713.0
3289,21,1568048156138,0100,0760,886.9415893554688,696.2854614257812,83.15625,89.34968566894531,155.42042541503906,788.9297485351562,664.1304931640625,888.5,664.5707397460938,884.5333862304688,712.5333862304688,796.1893310546875,713.0
3290,21,1568048156151,0100,0760,887.0502319335938,696.457275390625,83.11659240722656,89.7325210571289,154.2650909423828,788.9297485351562,664.1304931640625,888.5,664.5707397460938,884.5333862304688,712.5333862304688,796.3811645507812,713.1175537109375
3291,21,1568048156164,0100,0760,887.132568359375,696.3342895507812,82.90592193603516,89.24054718017578,156.2263641357422,789.0016479492188,664.173583984375,888.5,664.5707397460938,884.5333862304688,712.5333862304688,796.3433837890625,712.967041015625
3292,21,1568048156177,0100,0760,886.994384765625,696.3792114257812,83.34766387939453,89.34447479248047,155.64389038085938,789.0016479492188,664.173583984375,888.5,664.5707397460938,884.5333862304688,712.5333862304688,796.254150390625,712.92919921875
3293,21,1568048156190,0100,0760,887.008056640625,696.1879272460938,82.4843978881836,89.21227264404297,154.40869140625,788.9297485351562,664.1304931640625,888.5,664.5707397460938,884.3839721679688,712.3839721679688,796.254150390625,712.92919921875
3294,21,1568048156202,0100,0760,886.914306640625,696.2305908203125,83.12531280517578,89.2710952758789,155.15257263183594,788.9297485351562,664.1304931640625,888.5,664.5707397460938,884.289306640625,712.2267456054688,796.254150390625,712.92919921875
3295,21,1568048156214,0100,0760,886.9288940429688,696.2533569335938,83.05371856689453,89.05290985107422,155.23500061035156,788.9297485351562,664.1304931640625,888.5,664.5707397460938,884.1968383789062,712.1968383789062,796.1321411132812,713.0283813476562
3296,21,1568048156226,0100,0760,886.8735961914062,696.2510986328125,82.8460464477539,89.03678894042969,154.17498779296875,788.9297485351562,664.1304931640625,888.5333862304688,664.5333862304688,884.1968383789062,712.1968383789062,796.1321411132812,713.0283813476562
3297,21,1568048156241,0100,0760,887.0256958007812,696.1544189453125,82.75240325927734,88.81476593017578,155.9101104736328,788.9297485351562,664.1304931640625,888.5333862304688,664.5333862304688,884.1968383789062,712.1968383789062,796.1321411132812,713.0283813476562
3298,21,1568048156256,0100,0760,886.8508911132812,696.13232421875,83.17840576171875,89.33900451660156,155.7987823486328,788.9691162109375,664.1741943359375,888.5333862304688,664.5333862304688,884.1968383789062,712.1968383789062,796.1321411132812,713.0283813476562
3299,21,1568048156270,0100,0760,886.9549560546875,696.0195922851562,82.93721771240234,89.037109375,151.8094482421875,788.9691162109375,664.1741943359375,888.5333862304688,664.5333862304688,884.1968383789062,712.1968383789062,796.1321411132812,713.0283813476562
3300,21,1568048156283,0100,0760,886.9397583007812,696.0789794921875,82.8614730834961,89.0860595703125,154.44325256347656,788.9691162109375,664.1741943359375,888.1990356445312,664.3716430664062,884.264892578125,712.0991821289062,795.9599609375,712.9599609375
3301,22,1568048121565,0386,0760,853.114501953125,693.5297241210938,86.38079071044922,90.74932861328125,140.42234802246094,771.5281982421875,663.3218994140625,867.3248291015625,663.2411499023438,863.2265625,711.085205078125,778.9200439453125,710.7603149414062
3302,22,1568048121577,0386,0760,853.08837890625,693.5638427734375,86.52269744873047,90.67975616455078,141.3343963623047,771.5281982421875,663.3218994140625,867.3065185546875,663.2621459960938,863.2252807617188,711.1365966796875,778.9200439453125,710.7603149414062
3303,22,1568048121591,0386,0760,853.1868896484375,693.552490234375,86.84284210205078,90.46271514892578,143.27072143554688,771.5281982421875,663.3218994140625,867.4373168945312,663.2521362304688,863.2412719726562,711.1296997070312,778.9200439453125,710.7603149414062
3304,22,1568048121602,0386,0760,853.1651611328125,693.5786743164062,86.75792694091797,90.76056671142578,144.8657989501953,771.5281982421875,663.3218994140625,867.4373168945312,663.2521362304688,863.2412719726562,711.1296997070312,779.0006103515625,710.819580078125
3305,22,1568048121613,0386,0760,853.2205810546875,693.5626220703125,87.10291290283203,90.67515563964844,144.2739715576172,771.592041015625,663.3795776367188,867.5,663.3287963867188,863.2412719726562,711.1296997070312,779.0006103515625,710.819580078125
3306,22,1568048121624,0386,0760,853.2100219726562,693.4327392578125,86.9329833984375,90.56295776367188,145.63316345214844,771.592041015625,663.3795776367188,867.5,663.3287963867188,863.2412719726562,711.1296997070312,779.0006103515625,710.819580078125
3307,22,1568048121635,0386,0760,853.1907958984375,693.4199829101562,86.80689239501953,90.3868408203125,143.56582641601562,771.5169067382812,663.5200805664062,867.5,663.3287963867188,863.2412719726562,711.1296997070312,779.0006103515625,710.819580078125
3308,22,1568048121646,0386,0760,853.2022705078125,693.33056640625,86.80225372314453,90.85774230957031,147.29525756835938,771.4666137695312,663.4666137695312,867.4052124023438,663.288330078125,863.2412719726562,711.1296997070312,779.0006103515625,710.819580078125
3309,22,1568048121658,0386,0760,853.1251831054688,693.4656372070312,86.76514434814453,90.53239440917969,141.47479248046875,771.5281982421875,663.3218994140625,867.3062133789062,663.4019775390625,863.2269287109375,711.0800170898438,779.0006103515625,710.819580078125
3310,22,1568048121670,0386,0760,853.1054077148438,693.4317016601562,86.5385513305664,90.59752655029297,142.96070861816406,771.5281982421875,663.3218994140625,867.29638671875,663.2908325195312,863.2265625,711.085205078125,778.9200439453125,710.7603149414062
3311,22,1568048121681,0386,0760,853.0735473632812,693.6217651367188,86.29473876953125,90.35070037841797,145.01284790039062,771.5281982421875,663.3218994140625,867.29638671875,663.2908325195312,863.19287109375,711.0513305664062,778.9200439453125,710.7603149414062
3312,22,1568048121693,0386,0760,852.984130859375,693.4849243164062,86.7676010131836,90.83493041992188,141.68023681640625,771.5962524414062,663.374755859375,867.3065185546875,663.2621459960938,863.0304565429688,710.9038696289062,778.9200439453125,710.7603149414062
3313,22,1568048121704,0386,0760,853.021728515625,693.4447021484375,86.65440368652344,91.04753875732422,146.74757385253906,771.6018676757812,663.422607421875,867.2342529296875,663.0798950195312,862.9781494140625,710.9387817382812,778.856201171875,710.676025390625
3314,22,1568048121717,0386,0760,853.1676025390625,693.50830078125,86.89225769042969,91.25311279296875,148.41090393066406,771.6018676757812,663.422607421875,867.2342529296875,663.0798950195312,862.9781494140625,710.9387817382812,778.856201171875,710.676025390625
3315,22,1568048121729,0386,0760,853.02099609375,693.4390258789062,86.79621124267578,91.03077697753906,147.93423461914062,771.5,663.3287963867188,867.2269287109375,663.0800170898438,863.0797729492188,710.7865600585938,778.856201171875,710.676025390625
3316,22,1568048121741,0386,0760,853.10693359375,693.2922973632812,87.20281219482422,91.38448333740234,146.6988525390625,771.5,663.3287963867188,867.2197265625,663.10546875,862.934326171875,710.7741088867188,778.856201171875,710.676025390625
3317,22,1568048121753,0386,0760,853.2371826171875,693.3836059570312,86.21439361572266,90.33010864257812,149.0076904296875,771.5,663.3287963867188,867.2197265625,663.10546875,863.0,710.7645263671875,778.7774047851562,710.5248413085938
3318,22,1568048121765,0386,0760,853.2515258789062,693.2662963867188,86.42414093017578,91.03194427490234,144.82481384277344,771.500732421875,663.2763061523438,867.279296875,663.0,863.0810546875,710.7267456054688,778.856201171875,710.676025390625
3319,22,1568048121777,0386,0760,853.2566528320312,693.2962646484375,86.62297058105469,91.20975494384766,145.76235961914062,771.7730712890625,663.0800170898438,867.279296875,663.0,863.0661010742188,710.7622680664062,778.7774047851562,710.5248413085938
3320,22,1568048121788,0386,0760,853.1773071289062,693.3998413085938,87.22496795654297,91.13317108154297,147.7660369873047,771.7730712890625,663.0800170898438,867.279296875,663.0,863.0661010742188,710.7622680664062,778.9252319335938,710.5454711914062
3321,22,1568048121801,0386,0760,853.3013916015625,693.460693359375,87.3312759399414,90.87718200683594,143.7899932861328,771.7730712890625,663.0800170898438,867.279296875,663.0,863.1174926757812,710.9225463867188,779.022216796875,710.6356811523438
3322,22,1568048121812,0386,0760,853.2379760742188,693.4468994140625,87.20262908935547,90.86991119384766,147.77310180664062,771.7587280273438,663.1296997070312,867.279296875,663.0,863.2553100585938,711.0036010742188,779.0,710.7279052734375
3323,22,1568048121825,0386,0760,853.246826171875,693.4666748046875,86.83003997802734,90.89564514160156,148.52806091308594,771.6751708984375,663.2411499023438,867.535400390625,663.27392578125,863.29833984375,711.007568359375,779.0,710.7279052734375
3324,22,1568048121838,0386,0760,853.3314208984375,693.4276123046875,86.97293090820312,90.9994125366211,151.41421508789062,771.70361328125,663.2908325195312,867.535400390625,663.27392578125,863.2879638671875,711.0487670898438,778.9205322265625,710.790283203125
3325,22,1568048121850,0386,0760,853.452880859375,693.6195068359375,86.93687438964844,91.0291976928711,146.99114990234375,771.8261108398438,663.3447875976562,867.5,663.3287963867188,863.279296875,711.0,778.8978271484375,710.7778930664062
3326,22,1568048121863,0386,0760,853.5030517578125,693.608154296875,87.24413299560547,91.7171859741211,148.30564880371094,771.8261108398438,663.3447875976562,867.5,663.3287963867188,863.279296875,711.0,778.8978271484375,710.7778930664062
3327,22,1568048121875,0386,0760,853.6475830078125,693.4194946289062,86.89948272705078,91.63658905029297,146.69512939453125,771.979736328125,663.4242553710938,867.6726684570312,663.1800537109375,863.5,711.0,779.0799560546875,710.7603149414062
3328,22,1568048121886,0386,0760,853.65380859375,693.4093627929688,86.97947692871094,91.25849151611328,145.04818725585938,771.979736328125,663.4242553710938,867.7730712890625,663.0800170898438,863.498046875,711.0357666015625,779.233154296875,710.5961303710938
3329,22,1568048121897,0386,0760,853.5784912109375,693.2911376953125,86.92945861816406,91.32257843017578,146.39617919921875,772.007568359375,663.29833984375,867.7730712890625,663.0800170898438,863.5,710.9945678710938,779.3340454101562,710.6659545898438
3330,22,1568048121910,0386,0760,853.6113891601562,693.39306640625,86.97868347167969,91.17828369140625,145.1812744140625,772.007568359375,663.29833984375,867.7730712890625,663.0800170898438,863.498046875,711.0357666015625,779.233154296875,710.5961303710938
3331,22,1568048121922,0386,0760,853.5602416992188,693.3978271484375,87.14776611328125,91.019775390625,148.10769653320312,772.007568359375,663.29833984375,867.7730712890625,663.0800170898438,863.498046875,711.0357666015625,779.233154296875,710.5961303710938
3332,22,1568048121934,0386,0760,853.599365234375,693.4550170898438,87.1424789428711,91.03280639648438,149.16787719726562,772.007568359375,663.29833984375,867.7802734375,663.10546875,863.5,710.9945678710938,779.3340454101562,710.6659545898438
3333,22,1568048121947,0386,0760,853.6489868164062,693.42626953125,86.90824890136719,91.21385192871094,146.71624755859375,772.0487670898438,663.2879638671875,867.7802734375,663.10546875,863.498046875,711.0357666015625,779.233154296875,710.5961303710938
3334,22,1568048121958,0386,0760,853.5994873046875,693.3084716796875,86.78441619873047,91.17118835449219,146.62144470214844,772.007568359375,663.29833984375,867.7802734375,663.10546875,863.5,710.9945678710938,779.3340454101562,710.6659545898438
3335,22,1568048121969,0386,0760,853.7080688476562,693.433837890625,86.90946197509766,91.52456665039062,145.5035858154297,772.0487670898438,663.2879638671875,867.7802734375,663.10546875,863.5,710.9945678710938,779.3340454101562,710.6659545898438
3336,22,1568048121981,0386,0760,853.759765625,693.3535766601562,86.9056396484375,91.93590545654297,145.13446044921875,772.0045166015625,663.2642211914062,867.7802734375,663.10546875,863.498046875,711.0357666015625,779.3340454101562,710.6659545898438
3337,22,1568048121993,0386,0760,853.8212890625,693.3309326171875,86.99813842773438,91.5433120727539,145.75120544433594,771.9882202148438,663.2706298828125,867.7802734375,663.10546875,863.5,710.9945678710938,779.3675537109375,710.56884765625
3338,22,1568048122005,0386,0760,853.7267456054688,693.2922973632812,87.48944854736328,92.00922393798828,145.73855590820312,771.9882202148438,663.2706298828125,867.7802734375,663.10546875,863.5,710.9945678710938,779.3675537109375,710.56884765625
3339,22,1568048122016,0386,0760,853.8436889648438,693.4407958984375,87.60885620117188,91.70751953125,147.89930725097656,771.9882202148438,663.2706298828125,867.7802734375,663.10546875,863.6273193359375,710.9476318359375,779.3675537109375,710.56884765625
3340,22,1568048122028,0386,0760,853.7188110351562,693.4535522460938,87.51119232177734,91.54940032958984,149.55503845214844,772.1309814453125,663.2036743164062,867.7802734375,663.10546875,863.6273193359375,710.9476318359375,779.3675537109375,710.56884765625
3341,22,1568048122040,0386,0760,853.8483276367188,693.4779052734375,87.5261001586914,91.73057556152344,145.72509765625,772.1612548828125,663.1612548828125,867.85546875,663.16357421875,863.6273193359375,710.9476318359375,779.3675537109375,710.56884765625
3342,22,1568048122052,0386,0760,853.9843139648438,693.349365234375,87.9034652709961,91.68960571289062,150.1160125732422,772.1612548828125,663.1612548828125,867.85546875,663.16357421875,863.6273193359375,710.9476318359375,779.5,710.5
3343,22,1568048122064,0386,0760,854.0110473632812,693.3111572265625,86.89654541015625,91.69065856933594,145.14495849609375,772.1612548828125,663.1612548828125,867.8529663085938,663.1138305664062,863.7120361328125,711.0487670898438,779.5,710.5
3344,22,1568048122075,0386,0760,854.0260009765625,693.4946899414062,86.9438247680664,91.72377014160156,144.8359375,772.1612548828125,663.1612548828125,868.0819702148438,663.2108764648438,863.7120361328125,711.0487670898438,779.5,710.5
3345,22,1568048122087,0386,0760,853.9755859375,693.4959716796875,86.83983612060547,91.69631958007812,143.36456298828125,772.437255859375,663.2766723632812,868.0,663.2138061523438,863.7120361328125,711.0487670898438,779.5,710.5
3346,22,1568048122098,0386,0760,853.9384765625,693.5232543945312,87.46707153320312,91.60697937011719,145.93084716796875,772.437255859375,663.2766723632812,868.0,663.2138061523438,863.7120361328125,711.0487670898438,779.5,710.5
3347,22,1568048122109,0386,0760,853.9097900390625,693.6510620117188,87.9031753540039,92.02046203613281,150.98660278320312,772.437255859375,663.2766723632812,868.0,663.2138061523438,863.720703125,711.0,779.5,710.5
3348,22,1568048122121,0386,0760,853.8375854492188,693.5208740234375,87.7729263305664,92.28266143798828,150.13856506347656,772.3369750976562,663.358154296875,868.0,663.2138061523438,863.720703125,711.0,779.5,710.5
3349,22,1568048122133,0386,0760,853.9530639648438,693.6358642578125,87.73809051513672,92.01432800292969,141.3730926513672,772.4356079101562,663.5132446289062,867.9180297851562,663.2108764648438,863.720703125,711.0,779.5145874023438,710.560546875
3350,22,1568048122146,0386,0760,854.022705078125,693.5902709960938,87.98248291015625,93.1248550415039,145.48724365234375,772.4356079101562,663.5132446289062,867.9180297851562,663.2108764648438,863.720703125,711.0,779.5145874023438,710.560546875
3351,22,1568048122158,0386,0760,853.9312133789062,693.5880126953125,87.71346282958984,92.30040740966797,144.9070281982422,772.4356079101562,663.5132446289062,867.9180297851562,663.2108764648438,863.720703125,711.0,779.5145874023438,710.560546875
3352,22,1568048122171,0386,0760,853.8720092773438,693.6708984375,88.18475341796875,92.56565856933594,147.90733337402344,772.4356079101562,663.5132446289062,867.9180297851562,663.2108764648438,863.720703125,711.0,779.4480590820312,710.6776733398438
3353,22,1568048122185,0386,0760,853.8805541992188,693.5621948242188,87.42460632324219,91.76981353759766,144.58328247070312,772.4356079101562,663.5132446289062,867.9180297851562,663.2108764648438,863.720703125,711.0,779.4480590820312,710.6776733398438
3354,22,1568048122198,0386,0760,853.8423461914062,693.7030029296875,88.25780487060547,92.68190002441406,149.8702850341797,772.4356079101562,663.5132446289062,867.9180297851562,663.2108764648438,863.720703125,711.0,779.4480590820312,710.6776733398438
3355,22,1568048122211,0386,0760,853.8922729492188,693.4945068359375,88.03749084472656,92.55946350097656,152.51307678222656,772.4356079101562,663.5132446289062,867.9180297851562,663.2108764648438,863.720703125,711.0,779.4480590820312,710.6776733398438
3356,22,1568048122224,0386,0760,853.85498046875,693.4078979492188,88.3812255859375,92.85368347167969,148.65786743164062,772.4356079101562,663.5132446289062,867.9180297851562,663.2108764648438,863.720703125,711.0,779.43115234375,710.6324462890625
3357,22,1568048122237,0386,0760,853.844482421875,693.4808349609375,88.09249877929688,92.85648345947266,149.3271484375,772.3369750976562,663.358154296875,867.9180297851562,663.2108764648438,863.720703125,711.0,779.43115234375,710.6324462890625
3358,22,1568048122252,0386,0760,853.8124389648438,693.4296875,87.8720703125,92.99690246582031,149.41888427734375,772.437255859375,663.2766723632812,867.958251953125,663.3855590820312,863.720703125,711.0,779.5,710.5
3359,22,1568048122266,0386,0760,853.8810424804688,693.5535888671875,87.8836441040039,92.3150634765625,146.09339904785156,772.437255859375,663.2766723632812,867.958251953125,663.3855590820312,863.9630126953125,710.8139038085938,779.5,710.5
3360,22,1568048122279,0386,0760,853.991455078125,693.4159545898438,88.50896453857422,92.55706787109375,146.04820251464844,772.3617553710938,663.1463012695312,868.048583984375,663.2927856445312,863.8564453125,710.8098754882812,779.5,710.5
3361,22,1568048122292,0386,0760,853.9439086914062,693.5443115234375,88.1072769165039,92.77943420410156,144.20361328125,772.406494140625,663.3008422851562,868.2197265625,663.10546875,863.8685913085938,710.8497924804688,779.6324462890625,710.43115234375
3362,22,1568048122305,0386,0760,853.8480834960938,693.5467529296875,88.6488265991211,93.21880340576172,148.00384521484375,772.3273315429688,663.1800537109375,868.279296875,663.0,863.8685913085938,710.8497924804688,779.6324462890625,710.43115234375
3363,22,1568048122319,0386,0760,853.9314575195312,693.2796630859375,88.0980224609375,92.76102447509766,144.52291870117188,772.3273315429688,663.1800537109375,868.2197265625,662.89453125,863.8170166015625,710.8060913085938,779.6324462890625,710.43115234375
3364,22,1568048122331,0386,0760,854.0030517578125,693.3734741210938,88.3980941772461,93.05306243896484,145.0783233642578,772.3215942382812,663.1766357421875,868.2197265625,662.89453125,863.8826293945312,710.7689819335938,779.6324462890625,710.43115234375
3365,22,1568048122345,0386,0760,853.8954467773438,693.2171630859375,88.39823150634766,93.25711059570312,144.1470947265625,772.3215942382812,663.1766357421875,868.2197265625,662.89453125,864.0,710.6868286132812,779.6659545898438,710.3340454101562
3366,22,1568048122358,0386,0760,854.01220703125,693.3018188476562,88.55471801757812,93.02566528320312,143.62075805664062,772.3680419921875,663.0748901367188,868.2269287109375,662.9199829101562,863.9376220703125,710.6952514648438,779.6659545898438,710.3340454101562
3367,22,1568048122372,0386,0760,854.0836181640625,693.19970703125,88.46151733398438,92.98480987548828,143.9407501220703,772.3680419921875,663.0748901367188,868.2269287109375,662.9199829101562,864.0,710.6868286132812,779.6659545898438,710.3340454101562
3368,22,1568048122384,0386,0760,854.0136108398438,693.0873413085938,88.59549713134766,93.08056640625,145.06161499023438,772.3680419921875,663.0748901367188,868.2269287109375,662.9199829101562,864.0,710.6868286132812,779.6659545898438,710.3340454101562
3369,22,1568048122397,0386,0760,854.1129150390625,693.1767578125,88.38729095458984,93.27264404296875,146.01658630371094,772.6319580078125,662.9251098632812,868.2412719726562,662.8703002929688,864.0,710.6868286132812,779.6659545898438,710.3340454101562
3370,22,1568048122410,0386,0760,854.2716674804688,693.05517578125,88.84063720703125,93.39444732666016,145.03878784179688,772.6319580078125,662.9251098632812,868.2269287109375,662.9199829101562,864.0,710.6868286132812,779.605224609375,710.394775390625
3371,22,1568048122423,0386,0760,854.1552734375,693.0069580078125,88.5004653930664,93.11001586914062,147.19827270507812,772.720703125,663.0,868.3273315429688,662.8199462890625,864.1248168945312,710.6973266601562,779.7637939453125,710.4517211914062
3372,22,1568048122436,0386,0760,854.1561889648438,693.0344848632812,88.38411712646484,93.18233489990234,147.22012329101562,772.7802734375,662.89453125,868.3273315429688,662.8199462890625,864.3605346679688,710.5,779.8342895507812,710.3246459960938
3373,22,1568048122450,0386,0760,854.2090454101562,693.0169677734375,87.94326782226562,93.01688385009766,140.6215057373047,772.683837890625,662.8663940429688,868.3273315429688,662.8199462890625,864.3605346679688,710.5,780.0006103515625,710.180419921875
3374,22,1568048122466,0386,0760,854.0362548828125,692.9669799804688,88.46307373046875,93.59176635742188,143.8682861328125,772.7730712890625,662.9199829101562,868.3273315429688,662.8199462890625,864.3605346679688,710.5,780.0006103515625,710.180419921875
3375,22,1568048122483,0386,0760,854.1755981445312,692.9844360351562,88.03889465332031,93.33460235595703,141.42233276367188,772.6726684570312,662.8199462890625,868.3617553710938,662.8536987304688,864.2119140625,710.417236328125,779.7425537109375,710.2574462890625
3376,22,1568048122496,0386,0760,854.1362915039062,692.818359375,88.37565612792969,93.41236114501953,141.72215270996094,772.6726684570312,662.8199462890625,868.3617553710938,662.8536987304688,864.1746826171875,710.2188110351562,779.7425537109375,710.2574462890625
3377,22,1568048122508,0386,0760,854.0068969726562,692.9454345703125,87.76939392089844,93.27730560302734,143.73037719726562,772.6726684570312,662.8199462890625,868.2421875,662.8408203125,864.0,710.3131713867188,779.7425537109375,710.2574462890625
3378,22,1568048122521,0386,0760,854.1109619140625,692.9111328125,88.0421142578125,93.19629669189453,142.6244659423828,772.6726684570312,662.8199462890625,868.1738891601562,662.6552124023438,864.0,710.3131713867188,779.819580078125,709.9993896484375
3379,22,1568048122539,0386,0760,854.068603515625,692.9705200195312,88.0737075805664,93.04090881347656,144.7034149169922,772.3981323242188,662.577392578125,868.26416015625,662.3713989257812,864.0,710.3131713867188,779.7603149414062,709.9200439453125
3380,22,1568048122554,0386,0760,854.0670166015625,692.713134765625,87.80122375488281,93.40058898925781,144.00595092773438,772.4666137695312,662.4666137695312,868.26416015625,662.3713989257812,864.0875244140625,710.248291015625,779.7603149414062,709.9200439453125
3381,22,1568048122567,0386,0760,854.0987548828125,692.670654296875,88.0605697631836,92.98185729980469,144.5460205078125,772.5,662.5,868.065673828125,662.263427734375,864.2265625,710.085205078125,779.9200439453125,709.7603149414062
3382,22,1568048122589,0386,0760,854.0149536132812,692.6539306640625,88.43760681152344,93.41636657714844,141.49923706054688,772.5687255859375,662.399658203125,868.2412719726562,662.1296997070312,864.2568969726562,710.0,779.9200439453125,709.7603149414062
3383,22,1568048122604,0386,0760,854.1669311523438,692.4036865234375,88.23741149902344,92.97201538085938,140.6104278564453,772.6539916992188,662.3638305664062,868.3642578125,662.011962890625,864.2879638671875,710.0487670898438,779.9200439453125,709.7603149414062
3384,22,1568048122644,0386,0760,854.28515625,692.4675903320312,88.57648468017578,93.47464752197266,143.5296173095703,772.7578125,662.1591796875,868.5,662.0,864.3726806640625,709.9476318359375,779.908935546875,709.525390625
3385,22,1568048122658,0386,0760,854.4280395507812,692.368408203125,88.4172592163086,93.39275360107422,143.7975616455078,773.0242919921875,662.27294921875,868.6319580078125,662.0748901367188,864.5,709.9945678710938,780.1620483398438,709.5636596679688
3386,22,1568048122678,0386,0760,854.5365600585938,692.248291015625,88.55123901367188,93.65686798095703,144.09091186523438,772.9882202148438,662.2706298828125,868.7802734375,662.10546875,864.5,709.9945678710938,780.3675537109375,709.56884765625
3387,22,1568048122695,0386,0760,854.769775390625,692.3558959960938,88.72655487060547,93.60374450683594,143.0352325439453,773.1296997070312,662.2412719726562,868.8529663085938,662.1138305664062,864.720703125,710.0,780.3675537109375,709.56884765625
3388,22,1568048122739,0386,0760,854.7593994140625,692.4754638671875,88.35475158691406,93.40558624267578,146.27471923828125,773.3206787109375,662.2076416015625,869.0,662.2138061523438,864.720703125,710.0,780.5,709.5
3389,22,1568048122753,0386,0760,854.9365844726562,692.6964111328125,88.4663314819336,93.26887512207031,145.86227416992188,773.5333862304688,662.5333862304688,869.063232421875,662.4242553710938,865.0857543945312,710.1965942382812,780.7603149414062,709.9200439453125
3390,22,1568048122770,0386,0760,854.9929809570312,692.7872314453125,88.62538146972656,93.65284729003906,144.37557983398438,773.3981323242188,662.577392578125,869.3605346679688,662.5,865.1356201171875,710.268310546875,780.7603149414062,709.9200439453125
3391,22,1568048122789,0386,0760,855.2916259765625,692.8858642578125,88.16233825683594,93.44049835205078,144.11862182617188,773.6726684570312,662.8199462890625,869.3369750976562,662.641845703125,865.2822875976562,710.3856201171875,780.9038696289062,709.9277954101562
3392,22,1568048122836,0386,0760,855.0799560546875,692.9827270507812,88.82466125488281,93.62216186523438,137.61517333984375,773.7802734375,662.89453125,869.3273315429688,662.8199462890625,865.3605346679688,710.5,781.0722045898438,710.0961303710938
3393,22,1568048122855,0386,0760,855.2113037109375,693.0309448242188,87.85242462158203,93.35565948486328,144.1737518310547,773.720703125,663.0,869.3649291992188,662.9901123046875,865.1249389648438,710.6944580078125,781.0006103515625,710.180419921875
3394,22,1568048122877,0386,0760,854.9854736328125,693.3449096679688,88.98920440673828,93.35391998291016,139.85015869140625,773.7587280273438,663.1296997070312,869.3680419921875,662.9251098632812,865.2835083007812,710.78271484375,780.8379516601562,710.4363403320312
3395,22,1568048122921,0386,0760,854.97998046875,693.4155883789062,88.15177154541016,93.17637634277344,140.430419921875,773.69140625,663.25830078125,869.2879638671875,662.9512329101562,865.2879638671875,711.0487670898438,780.9200439453125,710.7603149414062
3396,22,1568048122938,0386,0760,854.8958740234375,693.4927368164062,88.3713150024414,93.11504364013672,142.54786682128906,773.5435180664062,663.3665161132812,869.2412719726562,663.1296997070312,865.279296875,711.0,780.9200439453125,710.7603149414062
3397,22,1568048122955,0386,0760,854.9553833007812,693.5982666015625,88.63877868652344,93.3768081665039,140.1352996826172,773.4666137695312,663.4666137695312,869.26953125,663.3186645507812,865.2879638671875,710.9512329101562,780.9200439453125,710.7603149414062
3398,22,1568048122996,0386,0760,855.046142578125,693.684814453125,88.73001861572266,93.74994659423828,141.24993896484375,773.4666137695312,663.4666137695312,869.1738891601562,663.3447875976562,865.1942138671875,711.119140625,780.8545532226562,710.8545532226562
3399,22,1568048123012,0386,0760,854.8555908203125,693.7371826171875,87.95587158203125,93.60481262207031,140.6052703857422,773.3981323242188,663.577392578125,869.063232421875,663.4242553710938,865.0,711.3131713867188,780.7603149414062,710.9200439453125
3400,22,1568048123031,0386,0760,854.7151489257812,693.801025390625,88.07575988769531,93.60462188720703,141.12229919433594,773.5,663.6712036132812,869.063232421875,663.4242553710938,865.0,711.3131713867188,780.7603149414062,710.9200439453125
3401,22,1568048123049,0386,0760,854.709716796875,693.7471313476562,88.55735778808594,93.53284454345703,141.63485717773438,773.5,663.6712036132812,868.991455078125,663.5,865.0,711.3131713867188,780.7778930664062,710.8978271484375
3402,22,1568048123062,0386,0760,854.6642456054688,693.7435302734375,88.76964569091797,93.27140045166016,144.75762939453125,773.5,663.6712036132812,868.992431640625,663.70166015625,865.0,711.3131713867188,780.7778930664062,710.8978271484375
3403,22,1568048123075,0386,0760,854.7684326171875,693.71435546875,88.40289306640625,93.296142578125,144.67445373535156,773.5,663.6712036132812,868.992431640625,663.70166015625,865.0,711.3131713867188,780.7778930664062,710.8978271484375
3404,22,1568048123088,0386,0760,854.82080078125,693.7918701171875,88.8237533569336,93.40523529052734,146.71295166015625,773.5,663.6712036132812,869.063232421875,663.5757446289062,865.0,711.3131713867188,780.7778930664062,710.8978271484375
3405,22,1568048123101,0386,0760,854.7473754882812,693.6112670898438,88.55660247802734,93.40751647949219,142.86129760742188,773.5,663.6712036132812,869.063232421875,663.5757446289062,865.0,711.3131713867188,780.7778930664062,710.8978271484375
3406,22,1568048123113,0386,0760,854.7755126953125,693.6885986328125,88.2423324584961,93.67943572998047,142.8657684326172,773.5,663.6712036132812,869.063232421875,663.5757446289062,865.0,711.3131713867188,780.7606201171875,710.8905639648438
3407,22,1568048123126,0386,0760,854.6813354492188,693.537109375,88.35382080078125,93.80341339111328,143.5539093017578,773.5,663.6712036132812,869.063232421875,663.4242553710938,865.1173706054688,711.2310180664062,780.781982421875,710.9608154296875
3408,22,1568048123139,0386,0760,854.9266357421875,693.6492309570312,89.26307678222656,93.72130584716797,145.7420196533203,773.3734741210938,663.6012573242188,869.4830932617188,663.5200805664062,865.1113891601562,711.2189331054688,780.7830810546875,710.7830810546875
3409,22,1568048123152,0386,0760,855.0271606445312,693.6358032226562,88.69490051269531,93.8054428100586,143.99839782714844,773.61083984375,663.6723022460938,869.4312744140625,663.399658203125,865.2412719726562,711.1296997070312,780.9356689453125,710.928955078125
3410,22,1568048123165,0386,0760,855.1531982421875,693.5826416015625,88.52127075195312,93.2796859741211,142.18838500976562,773.5169067382812,663.5200805664062,869.3981323242188,663.422607421875,865.29833984375,710.992431640625,781.0,710.8383178710938
3411,22,1568048123179,0386,0760,855.1490478515625,693.393798828125,88.48258972167969,93.81715393066406,142.49911499023438,773.936767578125,663.4242553710938,869.5,663.3287963867188,865.3642578125,711.011962890625,780.9205322265625,710.790283203125
3412,22,1568048123192,0386,0760,855.0760498046875,693.4122314453125,88.38323974609375,93.42623138427734,142.1862335205078,773.936767578125,663.4242553710938,869.6726684570312,663.1800537109375,865.5,711.0,781.022216796875,710.6356811523438
3413,22,1568048123206,0386,0760,855.2849731445312,693.2589111328125,87.77032470703125,93.347412109375,144.45143127441406,774.007568359375,663.29833984375,869.6319580078125,663.0748901367188,865.5,711.0,781.1104736328125,710.5745239257812
3414,22,1568048123219,0386,0760,855.0640869140625,693.3128662109375,88.2460708618164,93.55876922607422,141.43313598632812,774.0386962890625,663.2208862304688,869.6319580078125,663.0748901367188,865.5,710.9945678710938,781.1104736328125,710.5745239257812
3415,22,1568048123232,0386,0760,855.0695190429688,693.2424926757812,88.46466064453125,93.62670135498047,142.99008178710938,773.8635864257812,663.26171875,869.6319580078125,663.0748901367188,865.5,710.9945678710938,781.0747680664062,710.4545288085938
3416,22,1568048123245,0386,0760,855.21533203125,693.138427734375,87.84344482421875,93.4484634399414,141.921142578125,773.8499145507812,663.0,869.720703125,663.0,865.360595703125,710.587890625,781.0799560546875,710.2396850585938
3417,22,1568048123258,0386,0760,855.1834716796875,692.9679565429688,87.59910583496094,92.73294830322266,141.6236572265625,773.7526245117188,662.9268188476562,869.6273193359375,662.9476318359375,865.3330688476562,710.4777221679688,781.03515625,710.21337890625
3418,22,1568048123272,0386,0760,855.0128784179688,692.9957275390625,88.34919738769531,93.16972351074219,141.92295837402344,773.7526245117188,662.9268188476562,869.593505859375,662.6991577148438,865.3330688476562,710.4777221679688,780.9993896484375,710.180419921875
3419,22,1568048123284,0386,0760,855.2162475585938,692.9229125976562,87.99507141113281,92.96578979492188,140.28079223632812,773.74365234375,662.9529418945312,869.6018676757812,662.577392578125,865.3330688476562,710.5222778320312,781.0643310546875,710.071044921875
3420,22,1568048123296,0386,0760,855.1995239257812,692.8076171875,87.90319061279297,93.17652130126953,143.469482421875,773.735107421875,662.9008178710938,869.5,662.4292602539062,865.25,710.417724609375,781.0643310546875,710.071044921875
3421,22,1568048123309,0386,0760,855.2316284179688,692.817626953125,87.88277435302734,93.28367614746094,141.05250549316406,773.8031616210938,662.8031616210938,869.5,662.5,865.2706298828125,710.2562866210938,781.0,710.0
3422,22,1568048123322,0386,0760,855.2288818359375,692.708984375,87.88986206054688,92.84642028808594,141.2165985107422,773.8031616210938,662.8031616210938,869.5,662.5,865.2706298828125,710.2562866210938,781.0,710.0322875976562
3423,22,1568048123334,0386,0760,855.2437744140625,692.8064575195312,88.02442169189453,92.93065643310547,144.79672241210938,773.8031616210938,662.8031616210938,869.5377807617188,662.5377807617188,865.2706298828125,710.2562866210938,780.9190673828125,709.939453125
3424,22,1568048123345,0386,0760,855.2869262695312,692.5919189453125,88.01903533935547,92.6760025024414,141.27255249023438,773.8031616210938,662.8031616210938,869.5377807617188,662.5377807617188,865.2706298828125,710.2562866210938,780.9190673828125,709.939453125
3425,22,1568048123357,0386,0760,855.2600708007812,692.5399780273438,88.07587432861328,92.87902069091797,140.96791076660156,773.7708129882812,662.6592407226562,869.5377807617188,662.5377807617188,865.2429809570312,710.2728271484375,781.0,710.0322875976562
3426,22,1568048123370,0386,0760,855.2823486328125,692.61669921875,87.6478500366211,93.07289123535156,140.27078247070312,773.8703002929688,662.7587280273438,869.5,662.5,865.2429809570312,710.2728271484375,781.0,710.0322875976562
3427,22,1568048123382,0386,0760,855.3587646484375,692.6948852539062,87.75630187988281,92.67727661132812,140.33346557617188,773.8690185546875,662.7963256835938,869.4622192382812,662.4622192382812,865.4141235351562,710.5310668945312,780.9971313476562,710.0
3428,22,1568048123394,0386,0760,855.2828369140625,692.6713256835938,87.90381622314453,92.74584197998047,140.55300903320312,773.8690185546875,662.7963256835938,869.5687255859375,662.600341796875,865.4141235351562,710.5310668945312,780.9879760742188,709.9879760742188
3429,22,1568048123405,0386,0760,855.34423828125,692.7753295898438,87.40858459472656,92.34490966796875,145.47174072265625,773.8387451171875,662.8387451171875,869.5687255859375,662.600341796875,865.4622192382812,710.5377807617188,780.9879760742188,709.9879760742188
3430,22,1568048123417,0386,0760,855.48291015625,692.8242797851562,87.72341918945312,92.56610107421875,142.4430694580078,773.9007568359375,662.9007568359375,869.73046875,662.6813354492188,865.4622192382812,710.5377807617188,781.1454467773438,710.1454467773438
3431,22,1568048123430,0386,0760,855.3892822265625,692.8941040039062,87.33787536621094,92.15934753417969,142.27174377441406,773.8977661132812,662.8302001953125,869.7587280273438,662.8703002929688,865.5819091796875,710.5478515625,781.1454467773438,710.1454467773438
3432,22,1568048123442,0386,0760,855.47900390625,693.0260620117188,87.16002655029297,92.7981948852539,144.0755157470703,774.0036010742188,663.0,869.7120361328125,663.0487670898438,865.5343627929688,710.5042114257812,781.0799560546875,710.2396850585938
3433,22,1568048123454,0386,0760,855.542236328125,693.0712890625,87.00927734375,92.25540161132812,142.3316650390625,774.1718139648438,663.1650390625,869.720703125,663.0,865.6726684570312,710.8199462890625,781.143798828125,710.323974609375
3434,22,1568048123468,0386,0760,855.470947265625,693.2464599609375,87.28150939941406,92.36463928222656,140.87828063964844,774.0819702148438,663.2108764648438,869.720703125,663.0,865.5,710.9945678710938,781.277587890625,710.5
3435,22,1568048123480,0386,0760,855.4928588867188,693.2780151367188,87.05774688720703,92.38973999023438,140.6334686279297,774.0487670898438,663.2879638671875,869.7802734375,663.10546875,865.5,710.9945678710938,781.233154296875,710.5961303710938
3436,22,1568048123493,0386,0760,855.3223876953125,693.4146118164062,87.32786560058594,92.88008117675781,139.69784545898438,774.007568359375,663.29833984375,869.683837890625,663.1336059570312,865.5,711.0,781.233154296875,710.5961303710938
3437,22,1568048123504,0386,0760,855.3464965820312,693.33203125,86.62960052490234,92.19917297363281,137.60748291015625,773.936767578125,663.4242553710938,869.6726684570312,663.1800537109375,865.5,711.0,781.1603393554688,710.6161499023438
3438,22,1568048123517,0386,0760,855.2752685546875,693.4953002929688,86.84915161132812,91.97687530517578,140.1255645751953,773.936767578125,663.4242553710938,869.6726684570312,663.1800537109375,865.5,711.0,781.1657104492188,710.6753540039062
3439,22,1568048123529,0386,0760,855.27880859375,693.397216796875,86.98632049560547,91.95448303222656,141.04287719726562,773.936767578125,663.4242553710938,869.593505859375,663.3008422851562,865.5,711.0054321289062,780.9993896484375,710.819580078125
3440,22,1568048123542,0386,0760,855.2184448242188,693.4140014648438,86.85456848144531,91.64299774169922,140.92237854003906,773.936767578125,663.4242553710938,869.593505859375,663.3008422851562,865.5,711.0054321289062,780.9993896484375,710.819580078125
3441,22,1568048123555,0386,0760,855.3006591796875,693.5411376953125,87.003173828125,91.98246002197266,137.014404296875,773.936767578125,663.4242553710938,869.3981323242188,663.422607421875,865.3726806640625,711.0523681640625,780.9993896484375,710.819580078125
3442,22,1568048123567,0386,0760,855.2294311523438,693.51123046875,86.68960571289062,91.79383850097656,138.99322509765625,773.8082885742188,663.6282958984375,869.3981323242188,663.422607421875,865.3726806640625,711.0523681640625,780.9993896484375,710.819580078125
3443,22,1568048123580,0386,0760,855.251953125,693.5960693359375,86.2756576538086,91.19502258300781,140.09730529785156,773.8082885742188,663.6282958984375,869.3981323242188,663.422607421875,865.3726806640625,711.0523681640625,780.9993896484375,710.819580078125
3444,22,1568048123594,0386,0760,855.303466796875,693.4798583984375,86.4102783203125,91.74505615234375,140.98963928222656,773.8082885742188,663.6282958984375,869.3981323242188,663.422607421875,865.3726806640625,711.0523681640625,780.9993896484375,710.819580078125
3445,22,1568048123607,0386,0760,855.268310546875,693.5523681640625,85.93086242675781,91.48566436767578,136.63706970214844,773.8082885742188,663.6282958984375,869.4312744140625,663.399658203125,865.3726806640625,711.0523681640625,781.0,710.8383178710938
3446,22,1568048123620,0386,0760,855.328125,693.4700317382812,86.70962524414062,91.50587463378906,141.03781127929688,773.8082885742188,663.6282958984375,869.4312744140625,663.399658203125,865.3726806640625,711.0523681640625,780.9993896484375,710.819580078125
3447,22,1568048123633,0386,0760,855.4620361328125,693.4401245117188,86.40335845947266,91.21809387207031,140.4712677001953,773.8082885742188,663.6282958984375,869.3981323242188,663.422607421875,865.3726806640625,711.0523681640625,780.9190673828125,710.939453125
3448,22,1568048123646,0386,0760,855.4061889648438,693.5620727539062,85.85668182373047,90.74161529541016,138.70729064941406,773.8082885742188,663.6282958984375,869.3981323242188,663.422607421875,865.3726806640625,711.0523681640625,780.9277954101562,710.9038696289062
3449,22,1568048123659,0386,0760,855.572265625,693.4988403320312,85.4957275390625,90.61224365234375,137.45809936523438,773.8082885742188,663.6282958984375,869.3981323242188,663.422607421875,865.3726806640625,711.0523681640625,780.9993896484375,710.819580078125
3450,22,1568048123672,0386,0760,855.4725341796875,693.53515625,86.04344940185547,90.74331665039062,138.24375915527344,773.8082885742188,663.6282958984375,869.3981323242188,663.422607421875,865.3726806640625,711.0523681640625,780.9993896484375,710.819580078125
3451,23,1568048124907,0672,0760,822.1240234375,693.71630859375,88.23758697509766,91.84004974365234,114.81796264648438,756.0,665.0,850.5496215820312,664.93798828125,846.1113891601562,712.2189331054688,762.8383178710938,712.0
3452,23,1568048124919,0672,0760,822.1137084960938,693.7730102539062,88.15043640136719,91.57421875,112.77859497070312,756.0,665.0,850.5943603515625,664.7277221679688,846.1746826171875,712.2188110351562,762.8383178710938,712.0
3453,23,1568048124933,0672,0760,821.9918823242188,693.6295776367188,88.13093566894531,91.21002197265625,109.79350280761719,756.0,665.0,850.3777465820312,664.6587524414062,846.1746826171875,712.2188110351562,762.8383178710938,712.0
3454,23,1568048124944,0672,0760,822.0941772460938,693.7026977539062,88.2939453125,91.62692260742188,110.87003326416016,756.0,665.0,850.3777465820312,664.6587524414062,846.0623779296875,712.3047485351562,762.8383178710938,712.0
3455,23,1568048124956,0672,0760,822.2385864257812,693.6486206054688,88.42320251464844,91.69811248779297,113.10743713378906,756.0,665.0,850.3777465820312,664.6587524414062,846.0623779296875,712.3047485351562,762.8383178710938,712.0
3456,23,1568048124967,0672,0760,822.22314453125,693.818359375,88.97808074951172,91.74881744384766,112.3356704711914,756.0,665.0,850.3777465820312,664.6587524414062,846.0623779296875,712.3047485351562,762.8383178710938,712.0
3457,23,1568048124979,0672,0760,822.345458984375,693.7559204101562,88.31314086914062,91.65579986572266,113.51849365234375,756.0,665.0,850.3777465820312,664.6587524414062,846.0623779296875,712.3047485351562,762.8383178710938,712.0
3458,23,1568048124990,0672,0760,822.19921875,693.708740234375,88.33238983154297,91.91110229492188,109.8486557006836,756.0,665.0,850.4738159179688,664.7850952148438,846.0623779296875,712.3047485351562,762.8383178710938,712.0
3459,23,1568048125001,0672,0760,822.2033081054688,693.7582397460938,88.23646545410156,91.83219909667969,111.05191040039062,756.0,665.0,850.5496215820312,664.93798828125,846.0623779296875,712.3047485351562,762.8383178710938,712.0
3460,23,1568048125013,0672,0760,822.208984375,693.6783447265625,88.32523345947266,92.13390350341797,113.51483154296875,756.0,665.0,850.6734008789062,664.8701782226562,846.1113891601562,712.2189331054688,762.8383178710938,712.0
3461,23,1568048125025,0672,0760,822.318603515625,693.7847900390625,88.10726928710938,91.80075073242188,112.12740325927734,756.2359008789062,664.9520263671875,850.6734008789062,664.8701782226562,846.1113891601562,712.2189331054688,762.939453125,712.0809326171875
3462,23,1568048125036,0672,0760,822.3538208007812,693.8292846679688,88.3489990234375,91.70206451416016,114.08980560302734,756.2022705078125,664.9519653320312,850.6734008789062,664.8701782226562,846.1113891601562,712.2189331054688,763.0322875976562,712.0
3463,23,1568048125048,0672,0760,822.6080932617188,693.995849609375,88.6367416381836,91.39058685302734,107.66470336914062,756.1500854492188,665.0,850.8585205078125,664.8585205078125,846.38916015625,712.3276977539062,763.0,712.0
3464,23,1568048125060,0672,0760,822.4439086914062,693.94140625,88.68080139160156,91.6043472290039,109.20176696777344,756.1500854492188,665.0,850.8585205078125,664.8585205078125,846.38916015625,712.3276977539062,763.119384765625,712.0874633789062
3465,23,1568048125071,0672,0760,822.5127563476562,693.9097900390625,88.73002624511719,91.45818328857422,110.20668029785156,756.1500854492188,665.0,850.8585205078125,664.8585205078125,846.4830932617188,712.4799194335938,763.0,712.0
3466,23,1568048125082,0672,0760,822.5787353515625,694.0431518554688,88.17229461669922,91.97942352294922,111.4408187866211,756.1500854492188,665.0,850.8585205078125,664.8585205078125,846.4830932617188,712.4799194335938,763.1112060546875,712.0712280273438
3467,23,1568048125094,0672,0760,822.601806640625,694.0744018554688,88.29266357421875,91.1734848022461,110.6343994140625,756.1500854492188,665.0,850.8585205078125,664.8585205078125,846.4830932617188,712.4799194335938,763.1112060546875,712.0712280273438
3468,23,1568048125105,0672,0760,822.3402099609375,693.9464111328125,88.60923767089844,91.5888671875,110.62725830078125,756.1500854492188,665.0,850.8585205078125,664.8585205078125,846.3206787109375,712.2076416015625,763.0,712.0
3469,23,1568048125116,0672,0760,822.5337524414062,693.8409423828125,88.70475769042969,91.8388900756836,112.01205444335938,756.1500854492188,665.0,850.6669311523438,664.4777221679688,846.3206787109375,712.2076416015625,763.0,712.0
3470,23,1568048125127,0672,0760,822.4798583984375,693.7651977539062,88.61888122558594,91.71822357177734,109.34143829345703,756.2022705078125,665.0480346679688,850.5700073242188,664.512451171875,846.264892578125,712.0991821289062,763.0322875976562,712.0
3471,23,1568048125139,0672,0760,822.3379516601562,693.8638305664062,88.24730682373047,91.48561096191406,115.89395141601562,756.0911254882812,664.7520751953125,850.7508544921875,664.3551025390625,846.2412719726562,712.1296997070312,762.939453125,711.9190673828125
3472,23,1568048125152,0672,0760,822.3197021484375,693.7987670898438,88.57803344726562,91.8779067993164,114.59097290039062,756.0619506835938,664.6222534179688,850.7508544921875,664.3551025390625,846.25634765625,712.0470581054688,762.928955078125,711.9356689453125
3473,23,1568048125164,0672,0760,822.4058837890625,693.8078002929688,88.63279724121094,91.46612548828125,111.6344223022461,756.065673828125,664.7741088867188,850.6351928710938,664.3050537109375,846.2269287109375,712.0800170898438,762.928955078125,711.9356689453125
3474,23,1568048125177,0672,0760,822.4972534179688,693.8118286132812,88.69908905029297,91.69584655761719,106.97659301757812,756.065673828125,664.7741088867188,850.6351928710938,664.3050537109375,846.2269287109375,712.0800170898438,762.928955078125,711.9356689453125
3475,23,1568048125189,0672,0760,822.693115234375,693.8603515625,88.15975189208984,90.92088317871094,108.59590148925781,756.227783203125,664.9183959960938,850.7508544921875,664.3551025390625,846.2269287109375,712.0800170898438,762.928955078125,711.9356689453125
3476,23,1568048125202,0672,0760,822.6217651367188,693.8024291992188,88.34217834472656,91.75630187988281,107.85264587402344,756.227783203125,664.9183959960938,850.7508544921875,664.3551025390625,846.2269287109375,712.0800170898438,762.928955078125,711.9356689453125
3477,23,1568048125214,0672,0760,822.4924926757812,693.9547729492188,88.08760833740234,91.56416320800781,108.16011047363281,756.1852416992188,664.92236328125,850.7508544921875,664.3551025390625,846.2269287109375,712.0800170898438,762.928955078125,711.9356689453125
3478,23,1568048125226,0672,0760,822.5119018554688,693.9712524414062,88.03810119628906,91.4045639038086,108.19255828857422,756.227783203125,664.9183959960938,850.7508544921875,664.3551025390625,846.2269287109375,712.0800170898438,762.8887939453125,711.9287719726562
3479,23,1568048125239,0672,0760,822.5950317382812,693.9000854492188,88.01995849609375,90.94947052001953,108.4194564819336,756.227783203125,664.9183959960938,850.7508544921875,664.3551025390625,846.2269287109375,712.0800170898438,762.8887939453125,711.9287719726562
3480,23,1568048125251,0672,0760,822.5823974609375,693.920654296875,88.24788665771484,91.5265121459961,107.0197982788086,756.2515258789062,664.9259033203125,850.7508544921875,664.3551025390625,846.2412719726562,712.1296997070312,762.928955078125,711.9356689453125
3481,23,1568048125264,0672,0760,822.5877075195312,693.9021606445312,88.04862976074219,91.25765228271484,104.5748062133789,756.0245971679688,664.7891235351562,850.4654541015625,664.4751586914062,846.2465209960938,712.1295166015625,762.819580078125,712.0006103515625
3482,23,1568048125277,0672,0760,822.5223999023438,694.0490112304688,88.02875518798828,91.3197021484375,108.66291046142578,755.9682006835938,664.9650268554688,850.4654541015625,664.4751586914062,846.1829833984375,712.1939086914062,762.8383178710938,712.0
3483,23,1568048125291,0672,0760,822.5227661132812,693.9766845703125,88.05313110351562,91.4422607421875,105.47722625732422,755.7484741210938,664.9259033203125,850.3366088867188,664.6633911132812,846.06787109375,712.2742919921875,762.8383178710938,712.0
3484,23,1568048125304,0672,0760,822.4208984375,694.071533203125,88.18720245361328,91.50652313232422,105.76136016845703,755.7484741210938,664.9259033203125,850.4390869140625,664.5665893554688,846.065673828125,712.2258911132812,762.8383178710938,712.0
3485,23,1568048125317,0672,0760,822.2630004882812,693.99267578125,88.1598892211914,91.09215545654297,114.24913787841797,755.7526245117188,664.9268188476562,850.5345458984375,664.5248413085938,846.0,712.2354736328125,762.78662109375,711.96484375
3486,23,1568048125330,0672,0760,822.4434814453125,693.88232421875,88.28684997558594,91.26412963867188,109.03707885742188,755.7821044921875,664.7498779296875,850.4390869140625,664.5665893554688,846.0216674804688,712.18798828125,762.78662109375,711.96484375
3487,23,1568048125344,0672,0760,822.3344116210938,694.0440673828125,87.51182556152344,90.8353271484375,112.8049087524414,755.7372436523438,664.8012084960938,850.609130859375,664.4004516601562,845.9142456054688,712.1965942382812,762.7603149414062,711.9200439453125
3488,23,1568048125357,0672,0760,822.2991943359375,693.86572265625,87.15955352783203,91.17645263671875,110.98944091796875,755.7372436523438,664.8012084960938,850.609130859375,664.4004516601562,846.0050659179688,712.15380859375,762.7603149414062,711.9200439453125
3489,23,1568048125370,0672,0760,822.5784912109375,694.0261840820312,87.30819702148438,91.32392883300781,114.26295471191406,755.93212890625,664.7257080078125,850.609130859375,664.4004516601562,846.1770629882812,712.05419921875,762.7603149414062,711.9200439453125
3490,23,1568048125384,0672,0760,822.519775390625,693.9058227539062,88.02556610107422,91.30502319335938,113.76786041259766,755.934326171875,664.7741088867188,850.609130859375,664.4004516601562,846.1953735351562,712.0580444335938,762.7603149414062,711.9200439453125
3491,23,1568048125397,0672,0760,822.55224609375,693.8281860351562,88.1362533569336,91.60868072509766,113.7813491821289,755.996826171875,664.713623046875,850.6949462890625,664.3648071289062,846.1442260742188,712.0620727539062,762.8545532226562,711.8545532226562
3492,23,1568048125411,0672,0760,822.4237670898438,693.8244018554688,88.25360870361328,91.5240707397461,108.9134292602539,756.052001953125,664.5008544921875,850.6949462890625,664.3648071289062,846.2197265625,712.10546875,762.9200439453125,711.7603149414062
3493,23,1568048125424,0672,0760,822.5520629882812,693.6141967773438,87.89946746826172,91.24730682373047,110.46617889404297,756.0,664.5,850.6949462890625,664.3648071289062,846.1282348632812,711.7959594726562,763.0023193359375,711.6306762695312
3494,23,1568048125436,0672,0760,822.5150146484375,693.6364135742188,88.2295150756836,91.61690521240234,108.95803833007812,756.0,664.5,850.6949462890625,664.3648071289062,846.1282348632812,711.7959594726562,763.0023193359375,711.6306762695312
3495,23,1568048125449,0672,0760,822.6174926757812,693.760986328125,87.79854583740234,91.06832885742188,106.19596099853516,756.0,664.5,850.56103515625,664.27001953125,846.221435546875,711.9651489257812,762.9107055664062,711.5269165039062
3496,23,1568048125462,0672,0760,822.5380249023438,693.5357055664062,88.73931884765625,91.72588348388672,119.24169158935547,756.0,664.5,850.6273193359375,664.0523681640625,846.146728515625,711.8882446289062,762.9107055664062,711.5269165039062
3497,23,1568048125474,0672,0760,822.5784301757812,693.5355834960938,88.0953598022461,91.22811889648438,112.90882873535156,756.0,664.5,850.6273193359375,664.0523681640625,846.0369873046875,711.8139038085938,762.9107055664062,711.5269165039062
3498,23,1568048125486,0672,0760,822.77587890625,693.4190673828125,88.09337615966797,90.93108367919922,114.81804656982422,756.0,664.5,850.6273193359375,664.0523681640625,846.0369873046875,711.8139038085938,762.9107055664062,711.5269165039062
3499,23,1568048125498,0672,0760,822.6754760742188,693.8240966796875,87.67094421386719,90.98291015625,118.35858154296875,756.0,664.5,850.5,664.0054321289062,846.1435546875,711.8098754882812,762.9107055664062,711.5269165039062
3500,23,1568048125511,0672,0760,822.4041137695312,693.8045043945312,88.31845092773438,91.48789978027344,112.86412048339844,756.0,664.5,850.5,664.0054321289062,846.1435546875,711.8098754882812,762.9107055664062,711.5269165039062
3501,23,1568048125523,0672,0760,822.5441284179688,693.9253540039062,87.95272064208984,91.40754699707031,110.57219696044922,756.0,664.5,850.4503784179688,664.06201171875,846.0794677734375,711.7062377929688,762.8396606445312,711.6161499023438
3502,23,1568048125535,0672,0760,822.623291015625,693.75341796875,88.1186752319336,91.74607849121094,107.72481536865234,756.0,664.5,850.4503784179688,664.06201171875,846.0794677734375,711.7062377929688,762.8396606445312,711.6161499023438
3503,23,1568048125548,0672,0760,822.53271484375,693.8123168945312,87.79341888427734,90.9204330444336,115.1817398071289,755.947998046875,664.5008544921875,850.4503784179688,664.06201171875,846.1326904296875,711.6943969726562,762.8396606445312,711.6161499023438
3504,23,1568048125560,0672,0760,822.4140625,693.5179443359375,88.51727294921875,92.00048828125,110.31534576416016,755.947998046875,664.5008544921875,850.4503784179688,664.06201171875,846.1326904296875,711.6943969726562,762.8396606445312,711.6161499023438
3505,23,1568048125574,0672,0760,822.4898681640625,693.8497924804688,88.01576232910156,91.5001449584961,109.56354522705078,756.008544921875,664.5,850.4503784179688,664.06201171875,846.1326904296875,711.6943969726562,762.8396606445312,711.6161499023438
3506,23,1568048125587,0672,0760,822.5027465820312,693.7974243164062,88.13240814208984,91.46763610839844,112.57962799072266,756.008544921875,664.5,850.4503784179688,664.06201171875,846.1326904296875,711.6943969726562,762.8396606445312,711.6161499023438
3507,23,1568048125600,0672,0760,822.4649658203125,693.79541015625,88.16999816894531,91.72450256347656,113.44436645507812,755.947998046875,664.5008544921875,850.4503784179688,664.06201171875,846.1326904296875,711.6943969726562,762.8396606445312,711.6161499023438
3508,23,1568048125613,0672,0760,822.4813842773438,693.7987060546875,88.10516357421875,91.7030258178711,113.32512664794922,755.947998046875,664.5008544921875,850.4503784179688,664.06201171875,846.1326904296875,711.6943969726562,762.8396606445312,711.6161499023438
3509,23,1568048125626,0672,0760,822.4511108398438,693.621337890625,87.97940063476562,91.1310043334961,110.67339324951172,755.947998046875,664.5008544921875,850.4503784179688,664.06201171875,846.1435546875,711.8098754882812,762.9107055664062,711.5269165039062
3510,23,1568048125639,0672,0760,822.3887939453125,693.5814208984375,88.33599853515625,91.57368469238281,116.3704605102539,755.947998046875,664.5008544921875,850.408935546875,664.0939331054688,846.1435546875,711.8098754882812,762.8209228515625,711.5
3511,23,1568048125652,0672,0760,822.601806640625,693.5933837890625,87.97860717773438,91.11400604248047,112.97037506103516,755.947998046875,664.4991455078125,850.5,664.0054321289062,846.1903076171875,711.862060546875,762.9107055664062,711.5269165039062
3512,23,1568048125665,0672,0760,822.5516967773438,693.8101806640625,87.84822845458984,91.23497009277344,116.22494506835938,756.0,664.5,850.5,664.0054321289062,846.1903076171875,711.862060546875,762.9107055664062,711.5269165039062
3513,23,1568048125678,0672,0760,822.5234375,693.8948364257812,87.97940063476562,91.13311004638672,116.205810546875,756.0,664.5,850.5,664.0054321289062,846.0369873046875,711.8139038085938,762.9107055664062,711.5269165039062
3514,23,1568048125691,0672,0760,822.49267578125,693.8091430664062,88.23506164550781,91.85425567626953,111.76817321777344,756.0,664.5,850.6273193359375,664.0523681640625,846.0369873046875,711.8139038085938,762.9107055664062,711.5269165039062
3515,23,1568048125704,0672,0760,822.5401611328125,693.77734375,88.06874084472656,91.78927612304688,112.15169525146484,756.0,664.5,850.6273193359375,664.0523681640625,846.0369873046875,711.8139038085938,762.9107055664062,711.5269165039062
3516,23,1568048125718,0672,0760,822.4357299804688,693.6828002929688,87.99847412109375,91.79338073730469,111.11624145507812,756.0,664.5,850.6273193359375,664.0523681640625,846.1174926757812,711.9225463867188,763.0286254882812,711.5
3517,23,1568048125730,0672,0760,822.6223754882812,693.7427368164062,88.31153106689453,91.54248809814453,110.1971435546875,755.991455078125,664.5,850.639404296875,664.412109375,846.279296875,712.0,762.9813232421875,711.585205078125
3518,23,1568048125744,0672,0760,822.6298217773438,693.8040771484375,88.49024963378906,91.55895233154297,110.43403625488281,756.063232421875,664.5757446289062,850.75,664.417724609375,846.279296875,712.0,762.8175659179688,711.6712646484375
3519,23,1568048125757,0672,0760,822.5650634765625,693.7618408203125,88.4581069946289,91.36870574951172,110.28954315185547,756.1738891601562,664.6552124023438,850.7177124023438,664.3856201171875,846.279296875,712.0,762.8175659179688,711.6712646484375
3520,23,1568048125770,0672,0760,822.5734252929688,693.9149169921875,88.1784439086914,92.34033203125,116.55254364013672,756.1609497070312,664.7403564453125,850.7177124023438,664.3856201171875,846.279296875,712.0,762.9212036132812,711.8433837890625
3521,23,1568048125783,0672,0760,822.5679321289062,693.8486328125,88.20215606689453,91.63351440429688,111.44703674316406,756.2984008789062,664.797607421875,850.7508544921875,664.3551025390625,846.279296875,712.0,762.9212036132812,711.8433837890625
3522,23,1568048125797,0672,0760,822.5602416992188,693.9095458984375,88.55315399169922,91.66096496582031,110.94336700439453,756.0626220703125,664.60205078125,850.7177124023438,664.3856201171875,846.279296875,712.0,762.983154296875,711.8348999023438
3523,23,1568048125810,0672,0760,822.67626953125,693.845947265625,88.53655242919922,91.41004943847656,112.35049438476562,756.0,664.5,850.639404296875,664.412109375,846.279296875,712.0,762.9200439453125,711.7603149414062
3524,23,1568048125823,0672,0760,822.4873046875,693.7449340820312,88.81642150878906,91.66372680664062,108.30010223388672,756.0,664.5,850.5370483398438,664.1331176757812,846.1174926757812,711.9225463867188,762.9107055664062,711.5269165039062
3525,23,1568048125837,0672,0760,822.5484619140625,693.7159423828125,88.3293685913086,91.74104309082031,106.03495788574219,756.0,664.5,850.6273193359375,664.0523681640625,846.0369873046875,711.8139038085938,762.9107055664062,711.5269165039062
3526,23,1568048125850,0672,0760,822.4495849609375,693.6467895507812,88.27619934082031,91.86190032958984,107.01130676269531,756.0,664.5,850.6273193359375,664.0523681640625,846.0369873046875,711.8139038085938,763.0286254882812,711.5
3527,23,1568048125863,0672,0760,822.4489135742188,693.6204833984375,88.74652099609375,91.31001281738281,107.76097106933594,756.0,664.5,850.5,664.0054321289062,846.1113891601562,711.7810668945312,763.0286254882812,711.5
3528,23,1568048125876,0672,0760,822.2911376953125,693.4298095703125,88.70039367675781,91.73247528076172,111.44889068603516,756.0,664.5,850.5,664.0054321289062,846.0973510742188,711.8084716796875,762.9107055664062,711.4730834960938
3529,23,1568048125890,0672,0760,822.4196166992188,693.5377807617188,88.6900634765625,91.7332992553711,110.81591033935547,756.0,664.5,850.5,664.0054321289062,846.1763305664062,711.8106689453125,762.8209228515625,711.5
3530,23,1568048125903,0672,0760,822.408203125,693.6131591796875,89.09293365478516,92.06234741210938,110.03855895996094,756.0,664.5,850.5,664.0054321289062,846.1903076171875,711.862060546875,762.8209228515625,711.5
3531,23,1568048125915,0672,0760,822.3773803710938,693.7075805664062,88.79366302490234,91.63233184814453,105.13439178466797,756.0,664.5,850.5,664.0054321289062,846.1903076171875,711.862060546875,762.9107055664062,711.5269165039062
3532,23,1568048125928,0672,0760,822.34814453125,693.778564453125,88.72540283203125,91.71429443359375,106.0834732055664,756.0,664.5,850.6273193359375,664.0523681640625,846.0369873046875,711.8139038085938,762.9107055664062,711.5269165039062
3533,23,1568048125941,0672,0760,822.51123046875,693.7322998046875,88.9381103515625,91.6561050415039,104.98743438720703,756.0,664.5,850.6273193359375,664.0523681640625,846.0369873046875,711.8139038085938,762.9107055664062,711.5269165039062
3534,23,1568048125955,0672,0760,822.5487060546875,693.7368774414062,88.99819946289062,91.475341796875,107.58148193359375,756.0,664.5,850.6273193359375,664.0523681640625,846.1174926757812,711.9225463867188,762.9107055664062,711.5269165039062
3535,23,1568048125967,0672,0760,822.5875854492188,693.8899536132812,88.6174087524414,91.64183044433594,116.35437774658203,755.991455078125,664.5,850.639404296875,664.412109375,846.279296875,712.0,762.9669799804688,711.4984741210938
3536,23,1568048125981,0672,0760,822.5516357421875,693.985595703125,88.43535614013672,91.89015197753906,113.92152404785156,755.991455078125,664.5,850.610595703125,664.389404296875,846.279296875,712.0,762.9669799804688,711.4984741210938
3537,23,1568048125994,0672,0760,822.7039794921875,693.9801025390625,87.9049301147461,91.5154037475586,113.29517364501953,756.1762084960938,664.6763305664062,850.7177124023438,664.3856201171875,846.279296875,712.0,763.0,711.595458984375
3538,23,1568048126007,0672,0760,822.625244140625,693.9734497070312,88.73455047607422,91.72636413574219,116.93873596191406,756.3065185546875,664.7378540039062,850.7177124023438,664.3856201171875,846.279296875,712.0,763.1112060546875,711.9287719726562
3539,23,1568048126020,0672,0760,822.6845092773438,693.9945678710938,87.94994354248047,91.03428649902344,113.43669128417969,756.2473754882812,664.9268188476562,850.7508544921875,664.3551025390625,846.29833984375,711.992431640625,763.0,712.0028686523438
3540,23,1568048126033,0672,0760,822.6937866210938,694.0599365234375,88.51265716552734,91.37944793701172,116.79273986816406,756.2473754882812,664.9268188476562,850.6669311523438,664.4777221679688,846.2412719726562,712.1296997070312,763.0,712.0
3541,23,1568048126046,0672,0760,822.5996704101562,694.1089477539062,87.91567993164062,91.02718353271484,112.35053253173828,756.0798950195312,664.962646484375,850.6669311523438,664.4777221679688,846.2412719726562,712.1296997070312,763.0,712.0
3542,23,1568048126059,0672,0760,822.657470703125,693.9915161132812,88.08061218261719,91.38909912109375,118.07990264892578,756.2022705078125,665.0480346679688,850.6669311523438,664.4777221679688,846.264892578125,712.0991821289062,762.880615234375,711.9125366210938
3543,23,1568048126072,0672,0760,822.6093139648438,694.07177734375,88.12265014648438,91.1264877319336,112.13739013671875,756.1048583984375,664.9578857421875,850.5700073242188,664.512451171875,846.264892578125,712.0991821289062,762.939453125,711.9190673828125
3544,23,1568048126085,0672,0760,822.552001953125,694.042236328125,88.3487548828125,91.16734313964844,111.30741882324219,756.1048583984375,664.9578857421875,850.5700073242188,664.512451171875,846.264892578125,712.0991821289062,762.939453125,711.9190673828125
3545,23,1568048126098,0672,0760,822.5299072265625,693.9982299804688,87.9546890258789,91.00035095214844,118.42998504638672,756.0,664.920166015625,850.5700073242188,664.512451171875,846.264892578125,712.0991821289062,762.939453125,711.9190673828125
3546,23,1568048126111,0672,0760,822.5814819335938,693.995361328125,88.04219818115234,91.11849212646484,115.80592346191406,756.0,664.920166015625,850.5700073242188,664.512451171875,846.264892578125,712.0991821289062,762.939453125,711.9190673828125
3547,23,1568048126125,0672,0760,822.4957275390625,694.224365234375,87.49337768554688,91.00975036621094,116.07303619384766,755.9287719726562,664.9085083007812,850.4654541015625,664.4751586914062,846.264892578125,712.0991821289062,762.8383178710938,712.0
3548,23,1568048126139,0672,0760,822.4740600585938,694.08837890625,87.68228149414062,90.78826904296875,117.8143081665039,755.934326171875,664.7741088867188,850.5,664.5,846.264892578125,712.0991821289062,762.8383178710938,712.0
3549,23,1568048126152,0672,0760,822.6080932617188,693.9771118164062,86.97455596923828,91.05828857421875,118.54292297363281,755.934326171875,664.7741088867188,850.5,664.5,846.264892578125,712.0991821289062,762.928955078125,711.9356689453125
3550,23,1568048126164,0672,0760,822.4708862304688,693.931396484375,87.29373931884766,91.10811614990234,121.54661560058594,755.934326171875,664.7741088867188,850.5923461914062,664.389404296875,846.25634765625,712.0470581054688,762.928955078125,711.9356689453125
3551,23,1568048126177,0672,0760,822.5142211914062,693.9676513671875,87.37393188476562,91.15106964111328,114.31250762939453,755.934326171875,664.7741088867188,850.5923461914062,664.389404296875,846.2269287109375,712.0800170898438,762.928955078125,711.9356689453125
3552,23,1568048126191,0672,0760,822.5498046875,694.0291748046875,87.41373443603516,91.04293060302734,113.13445281982422,755.934326171875,664.7741088867188,850.5923461914062,664.389404296875,846.2269287109375,712.0800170898438,762.928955078125,711.9356689453125
3553,23,1568048126204,0672,0760,822.5731811523438,693.9509887695312,87.46112060546875,90.88726043701172,115.70545959472656,756.0,664.7645263671875,850.6633911132812,664.3366088867188,846.2197265625,712.10546875,762.928955078125,711.9356689453125
3554,23,1568048126217,0672,0760,822.6119995117188,693.8419799804688,87.81425476074219,91.00639343261719,115.92021179199219,756.065673828125,664.7741088867188,850.7508544921875,664.3551025390625,846.2197265625,712.10546875,762.928955078125,711.9356689453125
3555,23,1568048126230,0672,0760,822.6944580078125,693.957275390625,87.60769653320312,91.14202117919922,120.31845092773438,756.14453125,664.83642578125,850.7508544921875,664.3551025390625,846.2269287109375,712.0800170898438,762.8887939453125,711.9287719726562
3556,23,1568048126243,0672,0760,822.75341796875,694.0463256835938,87.84576416015625,91.17832946777344,116.25248718261719,756.2473754882812,664.9268188476562,850.7508544921875,664.3551025390625,846.2412719726562,712.1296997070312,762.880615234375,711.9125366210938
3557,23,1568048126256,0672,0760,822.6529541015625,694.0922241210938,87.1322250366211,91.01568603515625,116.25261688232422,756.2022705078125,665.0480346679688,850.6669311523438,664.4777221679688,846.3273315429688,712.1800537109375,763.0,712.0
3558,23,1568048126269,0672,0760,822.8587646484375,693.8853149414062,87.68022155761719,91.03309631347656,112.69595336914062,756.2022705078125,665.0480346679688,850.75,664.582275390625,846.3273315429688,712.1800537109375,763.0,712.0
3559,23,1568048126282,0672,0760,822.76025390625,694.113037109375,87.0400161743164,90.2361068725586,113.84718322753906,756.1500854492188,665.0,850.934326171875,664.736572265625,846.294189453125,712.3941040039062,763.060546875,712.0809326171875
3560,23,1568048126295,0672,0760,822.6983032226562,694.1466674804688,87.0730209350586,90.49754333496094,115.6021957397461,756.1500854492188,665.0,850.8585205078125,664.8585205078125,846.289306640625,712.2267456054688,763.060546875,712.0809326171875
3561,23,1568048126308,0672,0760,823.04345703125,694.0635375976562,86.96536254882812,90.32205963134766,109.55497741699219,756.1500854492188,665.0,850.8585205078125,664.8585205078125,846.4830932617188,712.4799194335938,763.071044921875,712.0643310546875
3562,23,1568048126321,0672,0760,822.8497924804688,694.1690063476562,86.94771575927734,90.68165588378906,120.02385711669922,756.1500854492188,665.0,850.8585205078125,664.8585205078125,846.4830932617188,712.4799194335938,763.071044921875,712.0643310546875
3563,23,1568048126334,0672,0760,822.9161987304688,694.1467895507812,86.52747344970703,90.04750061035156,115.45677947998047,756.2197265625,665.10546875,850.8585205078125,664.8585205078125,846.4830932617188,712.4799194335938,763.2169189453125,712.2169189453125
3564,23,1568048126347,0672,0760,822.7227172851562,694.1201782226562,86.4966049194336,90.18897247314453,116.98713684082031,756.2197265625,665.10546875,850.8585205078125,664.8585205078125,846.4830932617188,712.4799194335938,763.2169189453125,712.2169189453125
3565,23,1568048126358,0672,0760,822.7743530273438,694.1143798828125,86.4378433227539,89.91277313232422,116.7020492553711,756.2197265625,665.10546875,850.8585205078125,664.8585205078125,846.3605346679688,712.5,763.2169189453125,712.2169189453125
3566,23,1568048126371,0672,0760,822.8521118164062,694.19970703125,86.74578857421875,90.17852020263672,114.4708023071289,756.2473754882812,665.0731811523438,850.7625122070312,664.9276733398438,846.3605346679688,712.5,763.2105102539062,712.2301025390625
3567,23,1568048126384,0672,0760,822.6729125976562,694.2029418945312,86.44205474853516,89.9923324584961,116.99536895751953,756.2473754882812,665.0731811523438,850.7625122070312,664.9276733398438,846.26416015625,712.6286010742188,763.2105102539062,712.2301025390625
3568,23,1568048126397,0672,0760,822.7192993164062,694.1279296875,86.57899475097656,90.09683227539062,116.51034545898438,756.2022705078125,664.9519653320312,850.6734008789062,664.8701782226562,846.26416015625,712.6286010742188,763.091552734375,712.2569580078125
3569,23,1568048126410,0672,0760,822.7067260742188,694.1234741210938,86.63641357421875,90.07935333251953,115.58380126953125,756.2022705078125,664.9519653320312,850.6734008789062,664.8701782226562,846.26416015625,712.6286010742188,762.9212036132812,712.1566162109375
3570,23,1568048126423,0672,0760,822.581298828125,694.1365966796875,86.66184997558594,90.1624526977539,112.65925598144531,756.0798950195312,665.037353515625,850.6734008789062,664.8701782226562,846.1738891601562,712.6552124023438,762.983154296875,712.1651000976562
3571,23,1568048126436,0672,0760,822.4970703125,694.1666870117188,86.48738861083984,90.37718200683594,113.05664825439453,755.9682006835938,665.0349731445312,850.5496215820312,664.93798828125,846.063232421875,712.5757446289062,762.7830810546875,712.2169189453125
3572,23,1568048126449,0672,0760,822.4832763671875,694.199951171875,86.3467025756836,90.58970642089844,115.18016815185547,755.9682006835938,665.0349731445312,850.5496215820312,664.93798828125,846.063232421875,712.5757446289062,762.7830810546875,712.2169189453125
3573,23,1568048126463,0672,0760,822.62158203125,694.2647705078125,86.00760650634766,90.09353637695312,113.38111877441406,755.9682006835938,665.0349731445312,850.5496215820312,664.93798828125,846.063232421875,712.5757446289062,762.7830810546875,712.2169189453125
3574,23,1568048126476,0672,0760,822.5868530273438,694.21044921875,86.3327865600586,90.45213317871094,119.27645111083984,756.0712280273438,665.0914916992188,850.5337524414062,664.9642333984375,846.063232421875,712.5757446289062,762.8342895507812,712.3246459960938
3575,23,1568048126489,0672,0760,822.8988037109375,694.2507934570312,86.15792083740234,89.46027374267578,115.1742935180664,756.0712280273438,665.0914916992188,850.5496215820312,664.93798828125,846.1738891601562,712.6552124023438,762.8175659179688,712.3287353515625
3576,23,1568048126502,0672,0760,822.7989501953125,694.1864013671875,86.20674896240234,89.74828338623047,115.73967742919922,756.2085571289062,664.9887084960938,850.591064453125,664.9060668945312,846.1738891601562,712.6552124023438,762.8175659179688,712.3287353515625
3577,23,1568048126514,0672,0760,822.7534790039062,694.30908203125,85.92943572998047,89.9326171875,114.4782485961914,756.2359008789062,664.9520263671875,850.5337524414062,664.9642333984375,846.1738891601562,712.6552124023438,762.8342895507812,712.3246459960938
3578,23,1568048126527,0672,0760,822.7958984375,694.2072143554688,85.94694519042969,89.80744171142578,114.11824798583984,756.22705078125,665.1068725585938,850.5337524414062,664.9642333984375,846.1738891601562,712.6552124023438,762.8175659179688,712.3287353515625
3579,23,1568048126540,0672,0760,822.7353515625,694.2249755859375,85.94869995117188,89.9742202758789,111.0514907836914,756.181640625,665.0989990234375,850.6358032226562,665.0311279296875,846.1738891601562,712.6552124023438,762.8175659179688,712.3287353515625
3580,23,1568048126552,0672,0760,822.6991577148438,694.2483520507812,85.95423126220703,89.9704360961914,109.55223846435547,756.181640625,665.0989990234375,850.6358032226562,665.0311279296875,846.26416015625,712.6286010742188,763.1094360351562,712.2393798828125
3581,23,1568048126564,0672,0760,822.8826293945312,694.230224609375,85.56166076660156,89.5149917602539,114.18441772460938,756.2473754882812,665.0731811523438,850.7617797851562,664.9430541992188,846.26416015625,712.6286010742188,763.0799560546875,712.2396850585938
3582,23,1568048126576,0672,0760,822.8148193359375,694.1396484375,85.46260070800781,89.53492736816406,111.31904602050781,756.2473754882812,665.0731811523438,850.7617797851562,664.9430541992188,846.26416015625,712.6286010742188,763.0799560546875,712.2396850585938
3583,23,1568048126589,0672,0760,822.7496337890625,694.0740356445312,85.1640625,89.37015533447266,116.52536010742188,756.2473754882812,665.0731811523438,850.7625122070312,664.9276733398438,846.26416015625,712.6286010742188,763.1824340820312,712.3287353515625
3584,23,1568048126602,0672,0760,822.7885131835938,694.06396484375,85.36417388916016,89.34698486328125,114.14856719970703,756.2022705078125,664.9519653320312,850.7625122070312,664.9276733398438,846.26416015625,712.6286010742188,763.2105102539062,712.2301025390625
3585,23,1568048126614,0672,0760,822.7026977539062,693.8427734375,84.90238952636719,89.31861877441406,110.92411041259766,756.2767944335938,665.0,850.6734008789062,664.8701782226562,846.2119140625,712.417236328125,763.0,711.9971313476562
3586,23,1568048126626,0672,0760,822.5089721679688,693.6834106445312,85.28739929199219,89.28981018066406,112.9640884399414,756.0,665.0,850.4939575195312,664.6210327148438,846.1113891601562,712.2189331054688,763.0,712.0
3587,23,1568048126639,0672,0760,822.6060180664062,693.6901245117188,84.56875610351562,88.99893188476562,114.33509063720703,756.0505981445312,664.7921142578125,850.5700073242188,664.512451171875,846.264892578125,712.0991821289062,762.939453125,711.9190673828125
3588,23,1568048126650,0672,0760,822.5314331054688,693.7374267578125,84.75242614746094,88.72173309326172,115.15898895263672,756.0,664.7645263671875,850.7174682617188,664.4328002929688,846.2269287109375,712.0800170898438,762.928955078125,711.9356689453125
3589,23,1568048126662,0672,0760,822.7415771484375,693.4627075195312,85.31948852539062,89.16407012939453,111.65501403808594,756.065673828125,664.7741088867188,850.7861328125,664.3869018554688,846.2197265625,712.10546875,762.928955078125,711.9356689453125
3590,23,1568048126674,0672,0760,822.7871704101562,693.5235595703125,85.166015625,88.83627319335938,110.53199005126953,756.065673828125,664.7741088867188,850.7861328125,664.3869018554688,846.2197265625,712.10546875,762.8887939453125,711.9287719726562
3591,23,1568048126686,0672,0760,822.7683715820312,693.4713745117188,84.61654663085938,88.79280853271484,112.88843536376953,756.0961303710938,664.6669311523438,850.7508544921875,664.3551025390625,846.2197265625,712.10546875,762.8887939453125,711.9287719726562
3592,23,1568048126699,0672,0760,822.8534545898438,693.5573120117188,84.62094116210938,88.7242202758789,112.44841766357422,756.1104125976562,664.8023681640625,850.7508544921875,664.3551025390625,846.2197265625,712.10546875,763.2105102539062,711.7698974609375
3593,23,1568048126710,0672,0760,822.83447265625,693.5345458984375,84.56364440917969,88.77906799316406,113.58570098876953,756.0894775390625,664.856689453125,850.7508544921875,664.3551025390625,846.279296875,712.0,763.2105102539062,711.7698974609375
3594,23,1568048126722,0672,0760,822.837890625,693.611572265625,84.84716796875,89.09751892089844,108.7873306274414,756.2465209960938,664.8704833984375,850.7508544921875,664.3551025390625,846.279296875,712.0,763.1112060546875,711.9287719726562
3595,23,1568048126734,0672,0760,822.687744140625,693.4859008789062,84.28692626953125,88.08431243896484,114.8819580078125,756.1470336914062,664.8861694335938,850.7508544921875,664.3551025390625,846.2269287109375,712.0800170898438,763.1112060546875,711.9287719726562
3596,23,1568048126747,0672,0760,822.6721801757812,693.4605102539062,84.18401336669922,88.39403533935547,113.01168060302734,756.1470336914062,664.8861694335938,850.7508544921875,664.3551025390625,846.2412719726562,712.1296997070312,763.0,712.0028686523438
3597,23,1568048126759,0672,0760,822.6292724609375,693.5924682617188,83.72107696533203,88.20833587646484,115.63865661621094,756.1063232421875,664.8405151367188,850.7508544921875,664.3551025390625,846.2269287109375,712.0800170898438,763.0,712.0028686523438
3598,23,1568048126771,0672,0760,822.6045532226562,693.6152954101562,84.33575439453125,88.44890594482422,114.66393280029297,756.065673828125,664.7741088867188,850.7508544921875,664.3551025390625,846.2269287109375,712.0800170898438,763.0120239257812,712.0120239257812
3599,23,1568048126782,0672,0760,822.7510375976562,693.4037475585938,83.74040985107422,87.61292266845703,112.7603530883789,756.065673828125,664.7741088867188,850.7508544921875,664.3551025390625,846.2412719726562,712.1296997070312,762.928955078125,711.9356689453125
3600,23,1568048126794,0672,0760,822.7077026367188,693.5427856445312,83.75698852539062,87.98574829101562,113.49183654785156,756.065673828125,664.7741088867188,850.7508544921875,664.3551025390625,846.2269287109375,712.0800170898438,762.9212036132812,711.8433837890625
3601,24,1568048123295,0958,0760,786.2679443359375,692.2273559570312,88.13702392578125,89.80865478515625,89.24443054199219,735.4373168945312,664.7478637695312,829.82373046875,664.0,825.40869140625,711.7466430664062,741.9307250976562,711.2520751953125
3602,24,1568048123307,0958,0760,786.2874755859375,692.1621704101562,88.1166000366211,90.1644287109375,90.11030578613281,735.4373168945312,664.7478637695312,829.82373046875,664.0,825.40869140625,711.7466430664062,741.9307250976562,711.2520751953125
3603,24,1568048123320,0958,0760,786.21630859375,692.1931762695312,88.07593536376953,89.78372192382812,84.47853088378906,735.4373168945312,664.7478637695312,829.82373046875,664.0,825.40869140625,711.7466430664062,741.9307250976562,711.2520751953125
3604,24,1568048123332,0958,0760,786.2687377929688,692.2155151367188,87.66930389404297,89.86536407470703,83.81253814697266,735.4373168945312,664.7478637695312,829.7192993164062,664.150146484375,825.40869140625,711.7466430664062,741.9307250976562,711.2520751953125
3605,24,1568048123343,0958,0760,786.1734008789062,692.1202392578125,87.70027160644531,89.927001953125,90.1845703125,735.4373168945312,664.7478637695312,829.731689453125,664.1231689453125,825.34130859375,711.8561401367188,741.8524169921875,711.3651733398438
3606,24,1568048123355,0958,0760,786.276123046875,692.1067504882812,87.56608581542969,89.71794891357422,87.8665542602539,735.4373168945312,664.7478637695312,829.731689453125,664.1231689453125,825.34130859375,711.8561401367188,742.0,711.2538452148438
3607,24,1568048123366,0958,0760,786.3539428710938,692.144775390625,87.85301971435547,89.34614562988281,91.02324676513672,735.4373168945312,664.7478637695312,829.731689453125,664.1231689453125,825.34130859375,711.8561401367188,742.0,711.2538452148438
3608,24,1568048123378,0958,0760,786.3200073242188,692.3794555664062,88.00936889648438,90.56208801269531,82.58951568603516,735.4373168945312,664.7478637695312,829.731689453125,664.1231689453125,825.34130859375,711.8561401367188,741.8524169921875,711.3651733398438
3609,24,1568048123389,0958,0760,786.3546142578125,692.2492065429688,88.17317199707031,89.96315002441406,90.65023040771484,735.4373168945312,664.7478637695312,829.731689453125,664.1231689453125,825.34130859375,711.8561401367188,741.8524169921875,711.3651733398438
3610,24,1568048123401,0958,0760,786.4575805664062,692.19775390625,87.95781707763672,89.62532043457031,88.26692962646484,735.4373168945312,664.7478637695312,829.731689453125,664.1231689453125,825.34130859375,711.8561401367188,741.9307250976562,711.2520751953125
3611,24,1568048123412,0958,0760,786.39599609375,692.0375366210938,87.98352813720703,89.72810363769531,88.42671966552734,735.4373168945312,664.7478637695312,829.7017822265625,664.1251220703125,825.2648315429688,711.6902465820312,741.9307250976562,711.2520751953125
3612,24,1568048123424,0958,0760,786.4636840820312,692.120849609375,87.67986297607422,89.3282470703125,87.11166381835938,735.4373168945312,664.7478637695312,829.7017822265625,664.1251220703125,825.2648315429688,711.6902465820312,741.9307250976562,711.2520751953125
3613,24,1568048123437,0958,0760,786.1841430664062,692.076904296875,87.67459869384766,89.69127655029297,88.13661193847656,735.4371337890625,664.650146484375,829.6785888671875,663.898681640625,825.2103271484375,711.4606323242188,741.9310913085938,711.2806396484375
3614,24,1568048123449,0958,0760,786.5548706054688,692.1865234375,87.7476806640625,89.26496124267578,99.89093780517578,735.4371337890625,664.650146484375,829.6785888671875,663.898681640625,825.2103271484375,711.4606323242188,741.9310913085938,711.2806396484375
3615,24,1568048123462,0958,0760,786.2736206054688,691.9954223632812,87.54666137695312,90.17662811279297,92.93695068359375,735.4371337890625,664.650146484375,829.79736328125,663.9967651367188,825.40869140625,711.7466430664062,741.9307250976562,711.2520751953125
3616,24,1568048123474,0958,0760,786.4447021484375,692.3120727539062,87.38516235351562,90.07415771484375,99.26506042480469,735.4371337890625,664.650146484375,829.79736328125,663.9967651367188,825.40869140625,711.7466430664062,741.9307250976562,711.2520751953125
3617,24,1568048123486,0958,0760,786.1853637695312,692.2318725585938,87.63220977783203,90.24288177490234,89.46321105957031,735.3681030273438,664.7484130859375,829.82373046875,664.0,825.4495849609375,711.7531127929688,742.0581665039062,711.3733520507812
3618,24,1568048123497,0958,0760,786.4334716796875,692.3938598632812,87.57682800292969,90.34015655517578,87.59281921386719,735.5,664.6712036132812,829.8096313476562,664.0323486328125,825.42431640625,711.7635498046875,742.0581665039062,711.3733520507812
3619,24,1568048123509,0958,0760,786.334228515625,692.5255737304688,87.19922637939453,90.17125701904297,85.498779296875,735.5,664.6712036132812,829.7142333984375,664.2123413085938,825.3265991210938,711.8701782226562,742.0,711.5
3620,24,1568048123520,0958,0760,786.5608520507812,692.7202758789062,87.52098846435547,90.07412719726562,91.02780151367188,735.5,664.653564453125,829.847900390625,664.1504516601562,825.3265991210938,711.8701782226562,742.0,711.5
3621,24,1568048123532,0958,0760,786.7062377929688,692.4441528320312,86.92276000976562,88.83686828613281,97.41714477539062,735.535400390625,664.72607421875,829.7880249023438,664.27880859375,825.3345947265625,711.9327392578125,742.0,711.5
3622,24,1568048123544,0958,0760,786.3236083984375,692.537841796875,87.1668472290039,89.58390045166016,97.04668426513672,735.6784057617188,664.8233642578125,829.899169921875,664.4297485351562,825.3345947265625,711.9327392578125,742.0581665039062,711.6266479492188
3623,24,1568048123556,0958,0760,786.4840698242188,692.515869140625,86.62281799316406,90.05433654785156,90.16944885253906,735.7802734375,664.89453125,829.899169921875,664.4297485351562,825.5,712.0,742.0,711.7461547851562
3624,24,1568048123568,0958,0760,786.4445190429688,692.49169921875,86.9665298461914,90.12706756591797,95.19607543945312,735.7802734375,664.89453125,829.899169921875,664.4297485351562,825.5,712.0,742.0,711.7461547851562
3625,24,1568048123580,0958,0760,786.5516357421875,692.4161987304688,86.88050079345703,89.15306854248047,89.1739730834961,735.7802734375,664.89453125,829.9161987304688,664.4063110351562,825.5,712.0,742.0,711.7461547851562
3626,24,1568048123593,0958,0760,786.417236328125,692.6041870117188,87.35491180419922,89.27071380615234,90.02428436279297,735.7802734375,664.89453125,829.9161987304688,664.4063110351562,825.5,712.0,742.0,711.7461547851562
3627,24,1568048123606,0958,0760,786.5237426757812,692.6942749023438,87.45510864257812,89.32451629638672,92.86251831054688,735.5901489257812,665.0982666015625,829.9161987304688,664.4063110351562,825.498046875,712.0615234375,742.0,711.7461547851562
3628,24,1568048123618,0958,0760,786.5779418945312,692.3977661132812,87.72328186035156,89.5898666381836,85.87660217285156,735.5901489257812,665.0982666015625,829.9161987304688,664.4063110351562,825.498046875,712.0615234375,742.0,711.7461547851562
3629,24,1568048123631,0958,0760,786.5675048828125,692.3323364257812,86.5479507446289,89.18077850341797,78.36043548583984,735.5901489257812,665.0982666015625,829.9161987304688,664.4063110351562,825.498046875,712.0615234375,742.0,711.7461547851562
3630,24,1568048123643,0958,0760,786.604248046875,692.454345703125,87.20487213134766,89.15937042236328,86.16045379638672,735.3680419921875,665.0748901367188,829.8267211914062,664.5,825.498046875,712.0615234375,742.0,711.7461547851562
3631,24,1568048123656,0958,0760,786.3958129882812,692.3761596679688,85.92992401123047,88.83467102050781,96.12089538574219,735.279296875,665.0,829.7420043945312,664.5398559570312,825.4895629882812,712.100341796875,742.0,711.7461547851562
3632,24,1568048123669,0958,0760,786.2214965820312,692.396484375,86.6531753540039,89.69514465332031,91.11750793457031,735.279296875,665.0,829.7139892578125,664.4483642578125,825.3900146484375,711.9966430664062,742.0,711.7461547851562
3633,24,1568048123681,0958,0760,786.3468627929688,692.1976318359375,86.3764877319336,88.60462188720703,93.63313293457031,735.2197265625,664.89453125,829.5497436523438,664.368408203125,825.3338623046875,711.9305419921875,742.0,711.5
3634,24,1568048123694,0958,0760,786.4432373046875,692.1503295898438,86.34638977050781,88.69424438476562,95.01374053955078,735.2891845703125,664.7760009765625,829.4450073242188,664.280517578125,825.3214111328125,711.898681640625,742.0,711.5
3635,24,1568048123706,0958,0760,786.3603515625,692.0744018554688,86.12096405029297,88.4879379272461,91.39286804199219,735.29736328125,664.7986450195312,829.5802001953125,664.2051391601562,825.34130859375,711.8561401367188,742.0,711.5
3636,24,1568048123718,0958,0760,786.4268188476562,692.182373046875,85.77108764648438,88.6919937133789,92.77971649169922,735.29736328125,664.7986450195312,829.5802001953125,664.2051391601562,825.34130859375,711.8561401367188,742.0,711.5
3637,24,1568048123730,0958,0760,786.6483764648438,692.1219482421875,85.2325668334961,87.85527038574219,92.6454086303711,735.4052124023438,664.711669921875,829.7603149414062,664.1199951171875,825.40869140625,711.7466430664062,742.0,711.5
3638,24,1568048123744,0958,0760,786.6321411132812,692.2244262695312,86.09400939941406,87.6520004272461,98.8285903930664,735.4052124023438,664.711669921875,829.7603149414062,664.1199951171875,825.40869140625,711.7466430664062,742.0,711.5
3639,24,1568048123756,0958,0760,786.5950927734375,692.0757446289062,85.10533905029297,87.97262573242188,94.56354522705078,735.5,664.6712036132812,829.7717895507812,664.091796875,825.40869140625,711.7466430664062,742.0595703125,711.4901123046875
3640,24,1568048123768,0958,0760,786.6452026367188,692.0538940429688,85.67274475097656,88.05261993408203,89.33232116699219,735.4524536132812,664.7142333984375,829.731689453125,664.1231689453125,825.42431640625,711.7635498046875,742.1475830078125,711.3651733398438
3641,24,1568048123779,0958,0760,786.7546997070312,692.0960083007812,85.69386291503906,88.04624938964844,94.96902465820312,735.4524536132812,664.7142333984375,829.731689453125,664.1231689453125,825.3963012695312,711.7861938476562,742.1475830078125,711.3651733398438
3642,24,1568048123792,0958,0760,786.689208984375,692.1393432617188,85.38661193847656,87.63107299804688,94.20289611816406,735.562744140625,664.7233276367188,829.8471069335938,664.1528930664062,825.3963012695312,711.7861938476562,742.1475830078125,711.3651733398438
3643,24,1568048123804,0958,0760,786.7855834960938,691.98193359375,85.07028198242188,87.63131713867188,99.65300750732422,735.562744140625,664.7233276367188,829.8471069335938,664.1528930664062,825.3963012695312,711.7861938476562,742.1475830078125,711.3651733398438
3644,24,1568048123815,0958,0760,786.7178955078125,692.2764282226562,84.70780181884766,87.49738311767578,92.72978973388672,735.499267578125,664.7236938476562,829.7192993164062,664.150146484375,825.42431640625,711.7635498046875,742.0595703125,711.4901123046875
3645,24,1568048123826,0958,0760,786.7437744140625,692.1497802734375,84.82637023925781,87.66264343261719,95.6517105102539,735.499267578125,664.7236938476562,829.7603149414062,664.1199951171875,825.42431640625,711.7635498046875,742.0,711.5
3646,24,1568048123838,0958,0760,786.528564453125,692.1869506835938,85.2396011352539,87.47091674804688,88.0770263671875,735.4052124023438,664.711669921875,829.6849975585938,664.132080078125,825.34130859375,711.8561401367188,742.0595703125,711.4901123046875
3647,24,1568048123850,0958,0760,786.2326049804688,692.2310180664062,84.58924102783203,87.55152893066406,96.48931884765625,735.4373168945312,664.7478637695312,829.6171875,664.1560668945312,825.40869140625,711.7466430664062,741.8524169921875,711.3651733398438
3648,24,1568048123862,0958,0760,786.4374389648438,692.1798706054688,84.7959976196289,88.03363037109375,92.68045043945312,735.3248291015625,664.7588500976562,829.594970703125,664.1371459960938,825.2648315429688,711.6902465820312,741.9307250976562,711.2520751953125
3649,24,1568048123874,0958,0760,786.437255859375,692.1136474609375,85.15339660644531,87.34163665771484,90.65995788574219,735.4019775390625,664.6937866210938,829.5191650390625,663.8516845703125,825.223388671875,711.575927734375,741.8284301757812,711.1331787109375
3650,24,1568048123886,0958,0760,786.2864379882812,691.9296264648438,84.4715347290039,87.79147338867188,92.6005859375,735.4019775390625,664.6937866210938,829.5191650390625,663.8516845703125,825.223388671875,711.575927734375,741.8284301757812,711.1331787109375
3651,24,1568048123898,0958,0760,786.3770141601562,691.667724609375,84.72137451171875,87.16761779785156,90.61573028564453,735.4019775390625,664.6937866210938,829.4860229492188,663.8768310546875,825.2103271484375,711.4606323242188,741.8814086914062,711.130615234375
3652,24,1568048123910,0958,0760,786.45947265625,691.7973022460938,84.7120590209961,87.07831573486328,92.58012390136719,735.4019775390625,664.6937866210938,829.5214233398438,663.8577270507812,825.2103271484375,711.4606323242188,741.8814086914062,711.130615234375
3653,24,1568048123923,0958,0760,786.3930053710938,691.8356323242188,84.03913879394531,86.75830841064453,88.45429992675781,735.4019775390625,664.6937866210938,829.5336303710938,663.975341796875,825.223388671875,711.575927734375,741.8814086914062,711.130615234375
3654,24,1568048123935,0958,0760,786.491455078125,691.8086547851562,83.79559326171875,87.2789535522461,93.72306060791016,735.4019775390625,664.6937866210938,829.5336303710938,663.975341796875,825.223388671875,711.575927734375,742.0,711.0
3655,24,1568048123946,0958,0760,786.7940673828125,691.8821411132812,83.55145263671875,86.3416976928711,99.50297546386719,735.3509521484375,664.6490478515625,829.6552734375,664.1375122070312,825.40869140625,711.7466430664062,742.1133422851562,711.1284790039062
3656,24,1568048123958,0958,0760,786.5615844726562,692.0611572265625,83.39761352539062,86.40443420410156,97.19063568115234,735.3509521484375,664.6490478515625,829.731689453125,664.1231689453125,825.40869140625,711.7466430664062,742.1133422851562,711.1284790039062
3657,24,1568048123970,0958,0760,786.7075805664062,691.8834838867188,83.65438842773438,86.62068176269531,95.71968078613281,735.4052124023438,664.711669921875,829.7192993164062,664.150146484375,825.40869140625,711.7466430664062,742.0692749023438,711.2520751953125
3658,24,1568048123982,0958,0760,786.775146484375,692.0297241210938,84.26873779296875,86.92352294921875,95.75173950195312,735.499267578125,664.7236938476562,829.7142333984375,664.2123413085938,825.385986328125,711.8709716796875,742.1475830078125,711.3651733398438
3659,24,1568048123994,0958,0760,786.729248046875,692.0927124023438,84.06080627441406,86.44343566894531,90.91732788085938,735.5,664.653564453125,829.7142333984375,664.2123413085938,825.3694458007812,711.8980712890625,742.0595703125,711.4901123046875
3660,24,1568048124006,0958,0760,786.6536254882812,691.9165649414062,84.35321807861328,86.60163116455078,92.39112854003906,735.7802734375,664.89453125,829.8797607421875,664.2400512695312,825.3345947265625,711.9327392578125,742.1364135742188,711.3618774414062
3661,24,1568048124018,0958,0760,786.985595703125,692.05517578125,83.45043182373047,86.94148254394531,91.88890075683594,735.7526245117188,664.9268188476562,830.0256958007812,664.4651489257812,825.650390625,711.96240234375,742.2387084960938,711.6046752929688
3662,24,1568048124030,0958,0760,787.0641479492188,692.2654418945312,83.8294448852539,87.49732971191406,97.6510009765625,735.7526245117188,664.9268188476562,829.9948120117188,664.427001953125,825.7341918945312,712.0381469726562,742.2387084960938,711.6046752929688
3663,24,1568048124043,0958,0760,787.007568359375,692.25830078125,83.53070068359375,87.53236389160156,95.1863021850586,735.7977294921875,665.0480346679688,829.9948120117188,664.427001953125,825.6741943359375,712.1013793945312,742.2387084960938,711.6046752929688
3664,24,1568048124055,0958,0760,786.968505859375,692.4475708007812,83.65516662597656,87.54090118408203,91.47175598144531,735.8499145507812,665.0,829.9948120117188,664.427001953125,825.6305541992188,712.1019287109375,742.293701171875,711.706298828125
3665,24,1568048124067,0958,0760,786.94140625,692.462890625,83.81835174560547,87.42874145507812,91.25665283203125,735.8499145507812,665.0,829.96875,664.5283203125,825.6305541992188,712.1019287109375,742.293701171875,711.706298828125
3666,24,1568048124080,0958,0760,786.8584594726562,692.47509765625,84.02885437011719,86.94645690917969,90.97956848144531,735.8499145507812,665.0,829.96875,664.5283203125,825.6257934570312,712.1565551757812,742.293701171875,711.706298828125
3667,24,1568048124092,0958,0760,786.9622802734375,692.3040161132812,82.97946166992188,87.03179168701172,91.50858306884766,735.8499145507812,665.0,830.0,664.5,825.6257934570312,712.1565551757812,742.293701171875,711.706298828125
3668,24,1568048124105,0958,0760,786.8096923828125,692.2496948242188,83.59761047363281,86.64835357666016,98.69490814208984,735.8499145507812,665.0,830.0,664.5,825.6257934570312,712.1565551757812,742.293701171875,711.706298828125
3669,24,1568048124116,0958,0760,786.7255859375,692.5291748046875,83.72868347167969,86.78663635253906,86.68974304199219,735.8499145507812,665.0,830.0,664.5,825.6734008789062,712.1298217773438,742.293701171875,711.706298828125
3670,24,1568048124127,0958,0760,786.6993408203125,692.2887573242188,83.30172729492188,86.25872039794922,91.37938690185547,735.7802734375,665.10546875,830.0,664.5,825.6831665039062,712.1571655273438,742.293701171875,711.706298828125
3671,24,1568048124139,0958,0760,786.7921752929688,692.3312377929688,83.5030288696289,86.89225769042969,100.4286117553711,735.720703125,665.0,830.0,664.5,825.5574951171875,712.0709838867188,742.2387084960938,711.6046752929688
3672,24,1568048124151,0958,0760,786.7312622070312,692.3154907226562,83.44754028320312,86.4591293334961,95.33973693847656,735.720703125,665.0,830.0322875976562,664.531005859375,825.5574951171875,712.0709838867188,742.2387084960938,711.6046752929688
3673,24,1568048124164,0958,0760,786.5956420898438,692.0509033203125,83.11957550048828,86.63875579833984,98.9996566772461,735.7802734375,664.89453125,829.9850463867188,664.4534912109375,825.5,712.0,742.0595703125,711.4901123046875
3674,24,1568048124177,0958,0760,786.7684936523438,692.0496826171875,82.46122741699219,86.61624908447266,94.54508972167969,735.6784057617188,664.8233642578125,829.8588256835938,664.3399047851562,825.3258056640625,711.8986206054688,742.08251953125,711.4842529296875
3675,24,1568048124188,0958,0760,786.7017211914062,692.06103515625,82.63309478759766,86.43965911865234,99.2248306274414,735.6784057617188,664.8233642578125,829.9110717773438,664.1973876953125,825.3258056640625,711.8986206054688,742.08251953125,711.4842529296875
3676,24,1568048124200,0958,0760,786.7427978515625,691.9957275390625,82.99661254882812,85.46337890625,100.91311645507812,735.6784057617188,664.8233642578125,829.7590942382812,664.30419921875,825.3258056640625,711.8986206054688,742.12646484375,711.368896484375
3677,24,1568048124213,0958,0760,786.6644287109375,691.8716430664062,82.91173553466797,86.64727783203125,100.12947845458984,735.6784057617188,664.8233642578125,829.830322265625,664.2408447265625,825.424072265625,711.776611328125,742.1956176757812,711.2396850585938
3678,24,1568048124226,0958,0760,786.6572265625,691.9599609375,83.35661315917969,86.60694122314453,99.42691802978516,735.6400756835938,664.8599243164062,829.830322265625,664.2408447265625,825.401611328125,711.7948608398438,742.1956176757812,711.2396850585938
3679,24,1568048124239,0958,0760,786.9193115234375,691.8689575195312,82.83343505859375,86.22491455078125,100.65754699707031,735.6400756835938,664.8599243164062,829.9058837890625,664.2501831054688,825.5004272460938,711.77685546875,742.1956176757812,711.2396850585938
3680,24,1568048124252,0958,0760,786.8273315429688,691.72998046875,83.19725036621094,86.6797103881836,99.30207824707031,735.74365234375,664.9529418945312,830.0,664.4083251953125,825.6083374023438,711.7433471679688,742.1956176757812,711.2396850585938
3681,24,1568048124265,0958,0760,786.846923828125,692.0927734375,82.46141052246094,86.04707336425781,97.87486267089844,735.7526245117188,664.9268188476562,830.0,664.4083251953125,825.598388671875,711.7948608398438,742.3103637695312,711.184326171875
3682,24,1568048124278,0958,0760,786.9282836914062,691.9903564453125,83.10171508789062,85.92903900146484,95.08116912841797,735.7526245117188,664.9268188476562,830.0,664.3364868164062,825.575927734375,711.776611328125,742.4654541015625,711.2907104492188
3683,24,1568048124291,0958,0760,786.992919921875,692.0851440429688,82.24180603027344,85.6554183959961,97.79900360107422,735.7526245117188,664.9268188476562,830.0256958007812,664.4651489257812,825.6305541992188,711.8980712890625,742.4038696289062,711.233154296875
3684,24,1568048124304,0958,0760,786.7918701171875,692.0809326171875,82.67264556884766,86.4552001953125,104.78416442871094,735.7526245117188,664.9268188476562,829.9948120117188,664.427001953125,825.6305541992188,712.1019287109375,742.3781127929688,711.4824829101562
3685,24,1568048124317,0958,0760,786.7772216796875,692.2340087890625,82.76896667480469,85.30508422851562,97.33006286621094,735.8499145507812,665.0,830.0,664.5,825.6305541992188,712.1019287109375,742.2387084960938,711.6046752929688
3686,24,1568048124330,0958,0760,786.7415161132812,692.4132690429688,82.8853530883789,85.72802734375,96.01525115966797,735.8499145507812,665.0,830.0,664.5,825.6831665039062,712.1571655273438,742.2387084960938,711.6046752929688
3687,24,1568048124343,0958,0760,786.5241088867188,692.29443359375,82.70928955078125,85.56962585449219,95.96925354003906,735.8499145507812,665.0,830.0,664.5,825.6831665039062,712.1571655273438,742.2387084960938,711.6046752929688
3688,24,1568048124356,0958,0760,786.6406860351562,692.1156005859375,82.05227661132812,85.48111724853516,95.93840026855469,735.7802734375,665.10546875,830.0,664.5,825.6734008789062,712.1298217773438,742.2387084960938,711.6046752929688
3689,24,1568048124369,0958,0760,786.6679077148438,692.3075561523438,82.21475219726562,85.28716278076172,98.54318237304688,735.7802734375,665.10546875,830.0,664.5,825.6734008789062,712.1298217773438,742.2387084960938,711.6046752929688
3690,24,1568048124382,0958,0760,786.5447387695312,692.4573974609375,82.67401123046875,85.68858337402344,100.470458984375,735.7802734375,665.10546875,830.03125,664.4716796875,825.6831665039062,712.1571655273438,742.2387084960938,711.6046752929688
3691,24,1568048124395,0958,0760,786.71826171875,692.1235961914062,81.93698120117188,85.21531677246094,102.19975280761719,735.7802734375,665.10546875,830.03125,664.4716796875,825.4559936523438,712.2643432617188,742.1797485351562,711.6099243164062
3692,24,1568048124407,0958,0760,786.4976196289062,692.3064575195312,82.57139587402344,84.94628143310547,100.60456848144531,735.7802734375,665.10546875,830.03125,664.4716796875,825.4559936523438,712.2643432617188,742.1797485351562,711.6099243164062
3693,24,1568048124420,0958,0760,786.5065307617188,692.173095703125,81.87544250488281,84.91770935058594,95.892578125,735.720703125,665.0,830.03125,664.4716796875,825.4559936523438,712.2643432617188,742.1797485351562,711.6099243164062
3694,24,1568048124433,0958,0760,786.5223999023438,692.2000122070312,82.49019622802734,85.19368743896484,105.6365966796875,735.720703125,665.0,830.062744140625,664.5,825.4559936523438,712.2643432617188,742.1797485351562,711.6099243164062
3695,24,1568048124446,0958,0760,786.6015625,692.0985717773438,81.93516540527344,84.76756286621094,101.05583190917969,735.720703125,665.0,830.062744140625,664.5,825.4559936523438,712.2643432617188,742.1797485351562,711.6099243164062
3696,24,1568048124459,0958,0760,786.73876953125,692.3540649414062,82.2396240234375,84.84722137451172,105.32801818847656,735.7802734375,665.10546875,830.03125,664.4716796875,825.57568359375,712.2364501953125,742.2387084960938,711.6046752929688
3697,24,1568048124472,0958,0760,786.7387084960938,692.4912109375,81.83194732666016,84.72521209716797,96.75115203857422,735.687255859375,665.20068359375,829.9743041992188,664.5348510742188,825.57568359375,712.2364501953125,742.27734375,711.7636108398438
3698,24,1568048124486,0958,0760,786.5955200195312,692.5103149414062,81.95674896240234,85.34381103515625,95.1989517211914,735.687255859375,665.20068359375,829.9743041992188,664.5348510742188,825.57568359375,712.2364501953125,742.283447265625,711.6449584960938
3699,24,1568048124498,0958,0760,786.6639404296875,692.4747314453125,81.90320587158203,84.64797973632812,94.52449035644531,735.5626831054688,665.2521362304688,829.8519897460938,664.6025390625,825.6036987304688,712.2138061523438,742.1331787109375,711.8284301757812
3700,24,1568048124511,0958,0760,786.03955078125,692.6533203125,81.46141815185547,84.67655181884766,94.93449401855469,735.5475463867188,665.2857666015625,829.6121215820312,664.7874755859375,825.1732788085938,712.5,741.869384765625,711.8814086914062
3701,24,1568048124524,0958,0760,785.8070678710938,692.3988037109375,82.01666259765625,84.4653549194336,97.13894653320312,735.3101196289062,665.45947265625,829.5574340820312,664.77685546875,825.1732788085938,712.5,741.869384765625,711.8814086914062
3702,24,1568048124537,0958,0760,785.874267578125,692.845703125,81.55024719238281,84.66221618652344,88.64474487304688,735.4019775390625,665.6937866210938,829.584716796875,664.9607543945312,825.2051391601562,712.598388671875,741.869384765625,711.8814086914062
3703,24,1568048124549,0958,0760,785.98388671875,692.9486083984375,81.79410552978516,84.43443298339844,96.13336181640625,735.4373168945312,665.7478637695312,829.7325439453125,665.1298217773438,825.40869140625,712.7466430664062,742.0,711.9677124023438
3704,24,1568048124563,0958,0760,785.9967651367188,692.870361328125,81.68309783935547,84.4614028930664,95.16508483886719,735.4037475585938,665.7681884765625,829.540283203125,665.2138671875,825.3878784179688,712.7874755859375,742.0009765625,712.2416381835938
3705,24,1568048124575,0958,0760,785.9763793945312,692.9592895507812,81.79710388183594,84.43536376953125,90.52346801757812,735.2891845703125,665.7760009765625,829.501708984375,665.2862548828125,825.3214111328125,712.898681640625,741.9418334960938,712.3733520507812
3706,24,1568048124588,0958,0760,785.91943359375,692.970947265625,81.68434143066406,84.3927993774414,92.92039489746094,735.2891845703125,665.7760009765625,829.483642578125,665.2908325195312,825.3214111328125,712.898681640625,741.9404296875,712.4901123046875
3707,24,1568048124601,0958,0760,785.9389038085938,693.066650390625,81.71098327636719,84.41565704345703,93.32428741455078,735.2197265625,665.89453125,829.4450073242188,665.280517578125,825.17626953125,713.0,742.0,712.5
3708,24,1568048124614,0958,0760,785.8844604492188,693.0101318359375,81.90593719482422,84.28022003173828,97.19316864013672,735.2197265625,665.89453125,829.4450073242188,665.280517578125,825.17626953125,713.0,742.0,712.5
3709,24,1568048124628,0958,0760,785.8692626953125,692.8726196289062,81.8211441040039,84.13371276855469,98.7756576538086,735.2197265625,666.10546875,829.5,665.5,825.1903686523438,713.0323486328125,741.9404296875,712.5098876953125
3710,24,1568048124641,0958,0760,785.7178344726562,693.2588500976562,81.53828430175781,84.77474975585938,87.73262023925781,735.2197265625,666.10546875,829.5,665.5,825.1903686523438,713.0323486328125,741.9404296875,712.5098876953125
3711,24,1568048124654,0958,0760,785.7192993164062,692.9918823242188,81.48200988769531,83.62830352783203,91.98983764648438,735.2197265625,666.10546875,829.5,665.5,825.1903686523438,713.0323486328125,741.9404296875,712.5098876953125
3712,24,1568048124667,0958,0760,785.8040771484375,693.067138671875,81.189453125,84.53763580322266,93.17231750488281,735.2197265625,666.10546875,829.5,665.5,825.1903686523438,713.0323486328125,741.9404296875,712.5098876953125
3713,24,1568048124680,0958,0760,785.8015747070312,693.0315551757812,81.2943115234375,84.50750732421875,93.88277435302734,735.2197265625,666.10546875,829.5,665.5,825.189208984375,713.090087890625,741.9404296875,712.5098876953125
3714,24,1568048124693,0958,0760,785.7877807617188,693.13232421875,81.67159271240234,84.47208404541016,94.31712341308594,735.2197265625,666.10546875,829.5,665.5,825.189208984375,713.090087890625,741.9404296875,712.5098876953125
3715,24,1568048124706,0958,0760,785.8478393554688,693.1798706054688,81.57579803466797,84.7500228881836,93.1751708984375,735.2197265625,666.10546875,829.5,665.5,825.189208984375,713.090087890625,741.9404296875,712.5098876953125
3716,24,1568048124719,0958,0760,785.841552734375,693.0755004882812,81.70587921142578,84.35173034667969,90.50440216064453,735.2197265625,666.10546875,829.5,665.5,825.1903686523438,713.0323486328125,741.9404296875,712.5098876953125
3717,24,1568048124732,0958,0760,785.7434692382812,693.0318603515625,81.42118072509766,84.30532836914062,93.0602798461914,735.2197265625,666.10546875,829.5,665.5,825.1903686523438,713.0323486328125,741.9404296875,712.5098876953125
3718,24,1568048124746,0958,0760,785.673095703125,693.1265869140625,82.11370086669922,84.72977447509766,81.51026916503906,735.2197265625,666.10546875,829.5,665.5,825.1903686523438,713.0323486328125,741.9404296875,712.5098876953125
3719,24,1568048124758,0958,0760,785.86328125,693.0574340820312,81.14111328125,84.31806182861328,94.10150909423828,735.2197265625,666.10546875,829.4598388671875,665.498046875,825.1903686523438,713.0323486328125,741.9404296875,712.5098876953125
3720,24,1568048124771,0958,0760,785.885009765625,692.9754028320312,81.67166900634766,84.11893463134766,89.4606704711914,735.2197265625,666.10546875,829.4598388671875,665.498046875,825.1903686523438,713.0323486328125,741.9404296875,712.5098876953125
3721,24,1568048124785,0958,0760,785.8259887695312,693.0401611328125,81.95933532714844,84.4765625,97.78062438964844,735.279296875,666.0,829.4450073242188,665.280517578125,825.20263671875,712.9967651367188,742.0,712.5
3722,24,1568048124799,0958,0760,785.8869018554688,693.2498779296875,81.5819320678711,84.52783203125,97.95155334472656,735.2197265625,665.89453125,829.4450073242188,665.280517578125,825.20263671875,712.9967651367188,742.0,712.5
3723,24,1568048124812,0958,0760,785.8298950195312,693.0953979492188,81.31490325927734,84.49885559082031,95.17589569091797,735.2197265625,665.89453125,829.4450073242188,665.280517578125,825.20263671875,712.9967651367188,742.0,712.5
3724,24,1568048124826,0958,0760,785.812744140625,693.0845947265625,81.77123260498047,84.63250732421875,96.9412841796875,735.2197265625,665.89453125,829.4450073242188,665.280517578125,825.2648315429688,712.9600830078125,742.0,712.5
3725,24,1568048124839,0958,0760,786.0652465820312,692.8735961914062,81.8377456665039,85.1572265625,94.38525390625,735.2197265625,665.89453125,829.483642578125,665.2908325195312,825.20263671875,712.9967651367188,742.0,712.5
3726,24,1568048124852,0958,0760,785.928955078125,693.1954345703125,82.1935043334961,85.30599212646484,88.69132232666016,735.279296875,666.0,829.483642578125,665.2908325195312,825.20263671875,712.9967651367188,742.0,712.5
3727,24,1568048124864,0958,0760,785.9204711914062,693.2374267578125,81.85369873046875,85.33375549316406,89.93003845214844,735.279296875,666.0,829.5497436523438,665.368408203125,825.2158813476562,713.031005859375,742.0,712.5
3728,24,1568048124878,0958,0760,785.8445434570312,693.2406616210938,81.92974090576172,85.26158905029297,86.27169799804688,735.2197265625,666.10546875,829.4984130859375,665.5,825.3097534179688,713.1533813476562,742.0,712.5
3729,24,1568048124891,0958,0760,785.7692260742188,693.3704223632812,81.81359100341797,85.27469635009766,87.84911346435547,735.2197265625,666.10546875,829.5497436523438,665.631591796875,825.2857666015625,713.2123413085938,741.9404296875,712.5098876953125
3730,24,1568048124904,0958,0760,785.785400390625,693.405029296875,81.61801147460938,84.91280364990234,88.25366973876953,735.2197265625,666.10546875,829.5497436523438,665.631591796875,825.3668212890625,713.2191162109375,742.015625,712.6214599609375
3731,24,1568048124915,0958,0760,785.7601928710938,693.4155883789062,81.62129974365234,85.11280822753906,88.22322082519531,735.312744140625,666.20068359375,829.6749877929688,665.6763916015625,825.3760375976562,713.2312622070312,741.8284301757812,712.8668212890625
3732,24,1568048124927,0958,0760,785.8062133789062,693.5724487304688,82.07870483398438,84.94989013671875,89.76798248291016,735.312744140625,666.20068359375,829.6749877929688,665.6763916015625,825.3142700195312,713.1900024414062,741.8284301757812,712.8668212890625
3733,24,1568048124939,0958,0760,785.8253784179688,693.4544067382812,82.87588500976562,84.27894592285156,89.35973358154297,735.3248291015625,666.2411499023438,829.619140625,665.766357421875,825.2648315429688,713.3097534179688,741.8297119140625,712.8297119140625
3734,24,1568048124951,0958,0760,785.7106323242188,693.4827880859375,82.63307189941406,84.65519714355469,86.45415496826172,735.3248291015625,666.2411499023438,829.619140625,665.766357421875,825.1732788085938,713.5,741.8297119140625,712.8297119140625
3735,24,1568048124962,0958,0760,785.9315185546875,693.6724853515625,82.3612060546875,85.41988372802734,93.82840728759766,735.3248291015625,666.2411499023438,829.6083374023438,665.7433471679688,825.2103271484375,713.5393676757812,741.8297119140625,712.8297119140625
3736,24,1568048124974,0958,0760,786.0455322265625,693.5147094726562,82.75910186767578,85.27507019042969,92.7267074584961,735.3248291015625,666.2411499023438,829.6036987304688,665.7861938476562,825.1314697265625,713.4544067382812,741.8297119140625,712.8297119140625
3737,24,1568048124986,0958,0760,785.8463745117188,693.6443481445312,82.477294921875,85.28681945800781,91.55387878417969,735.3248291015625,666.2411499023438,829.598388671875,665.7948608398438,825.1314697265625,713.4544067382812,741.8297119140625,712.8297119140625
3738,24,1568048124997,0958,0760,785.7013549804688,693.5213623046875,82.92948913574219,85.72559356689453,85.49707794189453,735.2293701171875,666.3057250976562,829.598388671875,665.7948608398438,825.1314697265625,713.4544067382812,741.8297119140625,712.8297119140625
3739,24,1568048125009,0958,0760,785.7551879882812,693.6341552734375,82.95571899414062,85.69276428222656,84.00470733642578,735.2293701171875,666.3057250976562,829.598388671875,665.7948608398438,825.1314697265625,713.4544067382812,741.8297119140625,712.8297119140625
3740,24,1568048125021,0958,0760,786.0310668945312,693.7098999023438,82.9650650024414,86.10736083984375,94.99420928955078,735.2293701171875,666.3057250976562,829.5,665.7695922851562,825.1314697265625,713.4544067382812,741.8297119140625,712.8297119140625
3741,24,1568048125033,0958,0760,785.9594116210938,693.5965576171875,82.93401336669922,85.50773620605469,91.58390808105469,735.2293701171875,666.3057250976562,829.5,665.7695922851562,825.1314697265625,713.4544067382812,741.8297119140625,712.8297119140625
3742,24,1568048125045,0958,0760,785.7360229492188,693.6460571289062,82.72215270996094,86.52190399169922,87.50379943847656,735.2293701171875,666.3057250976562,829.5,665.7695922851562,825.1314697265625,713.4544067382812,741.8297119140625,712.8297119140625
3743,24,1568048125056,0958,0760,785.9343872070312,693.7776489257812,83.14462280273438,85.8943862915039,92.4395751953125,735.2293701171875,666.3057250976562,829.5,665.7695922851562,825.0838012695312,713.4063110351562,741.8297119140625,712.8297119140625
3744,24,1568048125067,0958,0760,785.9979248046875,693.7581787109375,82.90973663330078,85.7136459350586,91.28978729248047,735.2293701171875,666.3057250976562,829.598388671875,665.7948608398438,825.1732788085938,713.5,741.8297119140625,712.8297119140625
3745,24,1568048125080,0958,0760,785.853759765625,693.572509765625,83.41707611083984,85.46382904052734,88.71098327636719,735.2738037109375,666.5409545898438,829.5574340820312,665.77685546875,825.1732788085938,713.5,741.869384765625,712.8814086914062
3746,24,1568048125092,0958,0760,785.91259765625,693.760009765625,83.24964141845703,85.52506256103516,89.72180938720703,735.3400268554688,666.6599731445312,829.612548828125,665.8381958007812,825.2051391601562,713.598388671875,741.869384765625,712.8814086914062
3747,24,1568048125103,0958,0760,785.945556640625,693.8268432617188,83.4128646850586,85.84746551513672,88.95389556884766,735.4373168945312,666.7478637695312,829.731689453125,666.1231689453125,825.40869140625,713.7466430664062,742.0,713.0
3748,24,1568048125115,0958,0760,785.9278564453125,694.0540771484375,83.15066528320312,86.55587005615234,86.35387420654297,735.4373168945312,666.7478637695312,829.7464599609375,666.0888671875,825.40869140625,713.7466430664062,742.1133422851562,713.1284790039062
3749,24,1568048125126,0958,0760,785.8525390625,694.03759765625,83.01632690429688,86.61328887939453,90.58781433105469,735.4373168945312,666.7478637695312,829.6173095703125,666.1840209960938,825.40869140625,713.7466430664062,742.1133422851562,713.1284790039062
3750,24,1568048125138,0958,0760,785.8787231445312,694.1626586914062,83.45034790039062,86.5645523071289,86.69178009033203,735.3206176757812,666.8209228515625,829.4661254882812,666.2349243164062,825.40869140625,713.7466430664062,742.1133422851562,713.1284790039062
3751,25,1568048126555,1244,0760,749.5477294921875,694.3169555664062,85.2425765991211,86.50763702392578,59.68193817138672,714.8950805664062,667.2421264648438,809.2489624023438,666.7348022460938,804.4984130859375,714.5,721.2538452148438,714.0
3752,25,1568048126569,1244,0760,749.5848388671875,694.2193603515625,85.21440124511719,86.56181335449219,63.235164642333984,714.8950805664062,667.2421264648438,809.2489624023438,666.7348022460938,804.4984130859375,714.5,721.2538452148438,714.0
3753,25,1568048126583,1244,0760,749.5802612304688,694.1644897460938,85.34512329101562,86.33686065673828,62.42710494995117,714.8950805664062,667.2421264648438,809.2489624023438,666.7348022460938,804.4984130859375,714.5,721.31787109375,714.0
3754,25,1568048126595,1244,0760,749.5294799804688,693.9205322265625,86.18077850341797,86.956787109375,94.11097717285156,714.7254638671875,667.2078247070312,809.1177368164062,666.6986694335938,804.5497436523438,714.368408203125,721.2806396484375,713.9310913085938
3755,25,1568048126607,1244,0760,749.546630859375,694.1044921875,84.93496704101562,86.55030822753906,61.045440673828125,714.4550170898438,667.0831298828125,809.2398681640625,666.4267578125,804.5740356445312,714.3299560546875,721.0689086914062,713.7193603515625
3756,25,1568048126620,1244,0760,749.414794921875,693.9420776367188,85.4029541015625,86.90235900878906,45.918365478515625,714.4550170898438,667.0831298828125,809.1005859375,666.3547973632812,804.51123046875,714.2291259765625,721.0689086914062,713.7193603515625
3757,25,1568048126632,1244,0760,749.3849487304688,694.0864868164062,85.55908966064453,86.22727966308594,54.022891998291016,714.4528198242188,667.0447998046875,809.1005859375,666.3547973632812,804.4661254882812,714.2349243164062,721.0689086914062,713.7193603515625
3758,25,1568048126644,1244,0760,749.5115356445312,694.1259155273438,85.05070495605469,86.47710418701172,62.92667770385742,714.4528198242188,667.0447998046875,809.1005859375,666.3547973632812,804.4661254882812,714.2349243164062,721.0689086914062,713.7193603515625
3759,25,1568048126655,1244,0760,749.5115966796875,694.0201416015625,85.24976348876953,87.23739624023438,60.961341857910156,714.4996337890625,667.1409912109375,809.1005859375,666.3547973632812,804.5740356445312,714.3299560546875,721.0689086914062,713.7193603515625
3760,25,1568048126667,1244,0760,749.5150146484375,694.2205810546875,85.10432434082031,87.00454711914062,72.31261444091797,714.567626953125,667.1285400390625,809.2398681640625,666.4267578125,804.5740356445312,714.3299560546875,721.0686645507812,713.7406005859375
3761,25,1568048126679,1244,0760,749.2763061523438,694.070068359375,85.30583190917969,87.44403076171875,85.81928253173828,714.8350219726562,667.1722412109375,809.2398681640625,666.4267578125,804.5740356445312,714.3299560546875,721.0686645507812,713.7406005859375
3762,25,1568048126691,1244,0760,749.1553344726562,693.7918090820312,86.06443786621094,87.67240142822266,90.88988494873047,714.9517822265625,667.1322631835938,809.3250122070312,666.3236083984375,804.7596435546875,714.2586669921875,721.0686645507812,713.7406005859375
3763,25,1568048126703,1244,0760,749.6117553710938,694.478515625,84.80387115478516,87.65332794189453,74.30440521240234,714.9517822265625,667.1322631835938,809.4502563476562,666.368408203125,804.8111572265625,714.20751953125,721.268310546875,713.7279052734375
3764,25,1568048126715,1244,0760,749.513916015625,694.5468139648438,85.70350646972656,88.04795837402344,61.320682525634766,714.873779296875,667.0,809.4502563476562,666.368408203125,804.7554321289062,714.2633666992188,721.2024536132812,713.8262329101562
3765,25,1568048126727,1244,0760,749.3593139648438,694.4296875,84.92191314697266,87.25552368164062,74.53123474121094,714.4923706054688,667.0140380859375,809.1005859375,666.3547973632812,804.605224609375,714.1826171875,721.0689086914062,713.7193603515625
3766,25,1568048126739,1244,0760,749.449951171875,694.4391479492188,85.84587860107422,87.69715118408203,73.6826400756836,714.4528198242188,667.0447998046875,809.1005859375,666.3547973632812,804.4661254882812,714.2349243164062,721.0689086914062,713.7193603515625
3767,25,1568048126751,1244,0760,749.4208984375,694.3781127929688,85.5282211303711,87.89106750488281,73.03166961669922,714.5,667.0,808.9827270507812,666.4115600585938,804.5338745117188,714.2349243164062,721.0,713.68212890625
3768,25,1568048126763,1244,0760,749.26171875,694.3889770507812,85.799560546875,87.81837463378906,67.56573486328125,714.5,667.0,809.0256958007812,666.4651489257812,804.5338745117188,714.2349243164062,721.0,713.68212890625
3769,25,1568048126774,1244,0760,749.2574462890625,694.312744140625,85.63581848144531,87.29668426513672,67.72473907470703,714.5,667.0803833007812,809.0256958007812,666.4651489257812,804.48876953125,714.2291259765625,721.088623046875,713.5755004882812
3770,25,1568048126786,1244,0760,749.4794921875,694.2328491210938,85.5680923461914,87.42893981933594,64.36862182617188,714.5,667.0803833007812,809.0256958007812,666.4651489257812,804.2282104492188,714.091796875,721.094970703125,713.6259765625
3771,25,1568048126797,1244,0760,749.2069702148438,694.1693115234375,85.68616485595703,87.8733901977539,61.460147857666016,714.4528198242188,667.0447998046875,809.0256958007812,666.4651489257812,804.2282104492188,714.091796875,721.094970703125,713.6259765625
3772,25,1568048126811,1244,0760,749.27001953125,694.1783447265625,85.94235229492188,87.38695526123047,67.75337982177734,714.484619140625,666.9910888671875,809.0256958007812,666.4651489257812,804.2282104492188,714.091796875,721.094970703125,713.6259765625
3773,25,1568048126823,1244,0760,749.1471557617188,694.2615356445312,85.86463165283203,87.68594360351562,58.614952087402344,714.484619140625,666.9910888671875,809.0256958007812,666.4651489257812,804.2282104492188,714.091796875,721.094970703125,713.6259765625
3774,25,1568048126835,1244,0760,749.3016357421875,694.2023315429688,86.17988586425781,87.37023162841797,61.65044021606445,714.4259033203125,666.9414672851562,809.0256958007812,666.4651489257812,804.4966430664062,714.0205688476562,721.094970703125,713.6259765625
3775,25,1568048126847,1244,0760,749.4537353515625,694.0213012695312,86.16841888427734,88.12210845947266,73.07576751708984,714.471435546875,666.8346557617188,809.1260375976562,666.37451171875,804.45556640625,714.0340576171875,721.094970703125,713.6259765625
3776,25,1568048126859,1244,0760,749.26318359375,694.0401611328125,86.20738220214844,88.02064514160156,74.70478057861328,714.471435546875,666.8346557617188,809.1260375976562,666.37451171875,804.5057373046875,714.0363159179688,721.094970703125,713.6259765625
3777,25,1568048126871,1244,0760,749.3693237304688,694.1576538085938,86.32795715332031,87.9825439453125,67.17466735839844,714.4528198242188,667.0447998046875,809.1005859375,666.3547973632812,804.51123046875,714.2291259765625,721.094970703125,713.6259765625
3778,25,1568048126884,1244,0760,749.5214233398438,694.2874755859375,86.5071792602539,87.9256591796875,62.99470901489258,714.4528198242188,667.0447998046875,809.1005859375,666.3547973632812,804.51123046875,714.2291259765625,721.1732788085938,713.6315307617188
3779,25,1568048126897,1244,0760,749.4147338867188,694.2820434570312,86.568359375,87.95500183105469,58.19705581665039,714.4528198242188,667.0447998046875,809.1005859375,666.3547973632812,804.51123046875,714.2291259765625,721.0689086914062,713.7193603515625
3780,25,1568048126910,1244,0760,749.6680297851562,694.1505737304688,86.64454650878906,88.42095947265625,67.05177307128906,714.5865478515625,666.9456787109375,809.1005859375,666.3547973632812,804.51123046875,714.2291259765625,721.1732788085938,713.6315307617188
3781,25,1568048126922,1244,0760,749.4993896484375,694.4004516601562,85.70453643798828,87.94647216796875,73.52543640136719,714.5865478515625,666.9456787109375,809.2398681640625,666.4267578125,804.5740356445312,714.3299560546875,721.0689086914062,713.7193603515625
3782,25,1568048126934,1244,0760,749.479248046875,694.2529296875,86.66409301757812,88.06694793701172,68.72454833984375,714.5865478515625,666.9456787109375,809.2398681640625,666.4267578125,804.51123046875,714.2291259765625,721.0689086914062,713.7193603515625
3783,25,1568048126947,1244,0760,749.4729614257812,694.2662963867188,86.30126190185547,87.6214599609375,74.34337615966797,714.5865478515625,666.9456787109375,809.2398681640625,666.4267578125,804.51123046875,714.2291259765625,721.0689086914062,713.7193603515625
3784,25,1568048126958,1244,0760,749.3494873046875,694.21826171875,86.55662536621094,87.90559387207031,81.40325927734375,714.4528198242188,667.0447998046875,809.1005859375,666.3547973632812,804.51123046875,714.2291259765625,721.0689086914062,713.7193603515625
3785,25,1568048126969,1244,0760,749.3101806640625,694.1331787109375,86.27735137939453,87.85762023925781,83.294677734375,714.4528198242188,667.0447998046875,809.1005859375,666.3547973632812,804.51123046875,714.2291259765625,721.0689086914062,713.7193603515625
3786,25,1568048126982,1244,0760,749.5419921875,694.19580078125,86.61979675292969,88.77204895019531,59.246925354003906,714.4528198242188,667.0447998046875,809.1005859375,666.3547973632812,804.51123046875,714.2291259765625,721.1732788085938,713.6315307617188
3787,25,1568048126994,1244,0760,748.7735595703125,693.6951904296875,87.75436401367188,91.1569595336914,90.51923370361328,714.5865478515625,666.9456787109375,809.1260375976562,666.37451171875,804.6434936523438,714.13427734375,721.094970703125,713.6259765625
3788,25,1568048127008,1244,0760,749.064208984375,693.8111572265625,87.70818328857422,90.0792007446289,85.44989013671875,714.5865478515625,666.9456787109375,809.1260375976562,666.37451171875,804.5634155273438,713.9913940429688,721.094970703125,713.6259765625
3789,25,1568048127020,1244,0760,749.2904663085938,693.9239501953125,86.956298828125,89.6611099243164,87.72694396972656,714.4528198242188,667.0447998046875,809.1260375976562,666.37451171875,804.5634155273438,713.9913940429688,721.094970703125,713.6259765625
3790,25,1568048127033,1244,0760,749.2753295898438,693.8577880859375,87.33154296875,89.62637329101562,80.04598236083984,714.4528198242188,667.0447998046875,809.1260375976562,666.37451171875,804.45556640625,714.0340576171875,721.094970703125,713.6259765625
3791,25,1568048127046,1244,0760,749.3447265625,694.00537109375,87.19218444824219,89.42008209228516,72.76893615722656,714.4528198242188,667.0447998046875,809.1260375976562,666.37451171875,804.5,714.238525390625,721.094970703125,713.6259765625
3792,25,1568048127057,1244,0760,749.4385375976562,693.9215698242188,87.45721435546875,90.02042388916016,74.77851104736328,714.4528198242188,667.0447998046875,808.9948120117188,666.427001953125,804.4661254882812,714.2349243164062,721.094970703125,713.6259765625
3793,25,1568048127068,1244,0760,749.1946411132812,694.224609375,86.97308349609375,89.15945434570312,75.60187530517578,714.4528198242188,667.0447998046875,809.1260375976562,666.37451171875,804.5,714.238525390625,721.094970703125,713.6259765625
3794,25,1568048127082,1244,0760,749.39990234375,694.1119384765625,87.6015625,89.3264389038086,71.44915771484375,714.4528198242188,667.0447998046875,808.9948120117188,666.427001953125,804.4661254882812,714.2349243164062,721.094970703125,713.6259765625
3795,25,1568048127097,1244,0760,749.3003540039062,694.3565673828125,86.68043518066406,89.19208526611328,75.04796600341797,714.4528198242188,667.0447998046875,808.9948120117188,666.427001953125,804.4661254882812,714.2349243164062,721.094970703125,713.6259765625
3796,25,1568048127109,1244,0760,749.1636962890625,694.0000610351562,87.82160186767578,89.63960266113281,77.34793090820312,714.4528198242188,667.0447998046875,808.9948120117188,666.427001953125,804.4661254882812,714.2349243164062,721.094970703125,713.6259765625
3797,25,1568048127121,1244,0760,749.4215087890625,694.2379760742188,86.76998138427734,89.1595230102539,75.8704605102539,714.4528198242188,667.0447998046875,808.9948120117188,666.427001953125,804.5,714.2304077148438,721.094970703125,713.6259765625
3798,25,1568048127134,1244,0760,749.5121459960938,694.2734375,87.01144409179688,89.29871368408203,76.84440612792969,714.471435546875,666.8346557617188,809.1260375976562,666.37451171875,804.53955078125,713.9931640625,721.094970703125,713.6259765625
3799,25,1568048127147,1244,0760,749.1728515625,694.0805053710938,87.69129180908203,89.39359283447266,75.71449279785156,714.471435546875,666.8346557617188,809.1057739257812,666.3140258789062,804.6358642578125,714.0,721.1484985351562,713.5
3800,25,1568048127161,1244,0760,749.260009765625,694.1004028320312,87.2551040649414,89.71591186523438,73.45867919921875,714.6171264648438,666.64013671875,809.2363891601562,666.2523193359375,804.5404663085938,713.9515991210938,721.0,713.2538452148438
3801,25,1568048127176,1244,0760,749.2622680664062,693.7571411132812,87.11772155761719,89.37863159179688,76.28727722167969,714.6171264648438,666.64013671875,809.2807006835938,666.150146484375,804.6123657226562,714.0215454101562,721.0,713.2538452148438
3802,25,1568048127190,1244,0760,749.2728881835938,693.8236694335938,87.65071868896484,89.1908187866211,78.52114868164062,714.6171264648438,666.64013671875,809.2807006835938,666.150146484375,804.5033569335938,713.9794311523438,721.0,713.31787109375
3803,25,1568048127204,1244,0760,749.3717651367188,693.8490600585938,87.58995819091797,89.31463623046875,74.3616943359375,714.6567993164062,666.6832275390625,809.268310546875,666.1231689453125,804.6123657226562,714.0215454101562,721.0,713.31787109375
3804,25,1568048127217,1244,0760,749.357666015625,693.8643188476562,87.57945251464844,89.28987121582031,75.95730590820312,714.6567993164062,666.6832275390625,809.268310546875,666.1231689453125,804.5033569335938,713.9794311523438,721.0,713.31787109375
3805,25,1568048127230,1244,0760,749.137451171875,693.9057006835938,87.41243743896484,88.80944061279297,83.11882019042969,714.6567993164062,666.6832275390625,809.20263671875,666.1304931640625,804.5452270507812,713.9681396484375,721.0,713.2538452148438
3806,25,1568048127243,1244,0760,749.2701416015625,693.7943115234375,87.61243438720703,89.37833404541016,87.64471435546875,714.5887451171875,666.7160034179688,809.20263671875,666.1304931640625,804.4136352539062,713.9474487304688,721.0,713.2538452148438
3807,25,1568048127256,1244,0760,749.2573852539062,693.6922607421875,87.78185272216797,89.21774291992188,80.69861602783203,714.5,666.8654174804688,809.1057739257812,666.3140258789062,804.3641357421875,714.0,721.0,713.2538452148438
3808,25,1568048127269,1244,0760,749.1515502929688,693.7220458984375,88.43037414550781,89.34471893310547,85.91316223144531,714.2620239257812,666.71044921875,809.0,666.3309326171875,804.3309326171875,714.0,721.0,713.2538452148438
3809,25,1568048127281,1244,0760,749.0664672851562,694.0473022460938,87.24009704589844,88.967041015625,84.83642578125,714.2620239257812,666.71044921875,808.91259765625,666.1614379882812,804.3309326171875,714.0,721.0,713.2538452148438
3810,25,1568048127293,1244,0760,749.1453247070312,693.9320678710938,87.75015258789062,88.7466812133789,83.84759521484375,714.2171020507812,666.8451538085938,808.8624877929688,666.3447265625,804.3309326171875,714.0,720.905029296875,713.3740234375
3811,25,1568048127306,1244,0760,749.2813110351562,694.2548828125,86.46340942382812,88.94591522216797,68.5282211303711,714.1649780273438,666.8277587890625,808.9019165039062,666.3008422851562,804.268310546875,714.1231689453125,720.8515014648438,713.5
3812,25,1568048127323,1244,0760,749.259521484375,694.3728637695312,86.94004821777344,89.90242767333984,58.15188980102539,714.1649780273438,666.8277587890625,808.814208984375,666.2542724609375,804.268310546875,714.1231689453125,720.8515014648438,713.5
3813,25,1568048127336,1244,0760,749.2167358398438,694.1447143554688,86.37023162841797,89.53522491455078,70.64301300048828,714.1649780273438,666.8277587890625,808.814208984375,666.2542724609375,804.268310546875,714.1231689453125,720.8515014648438,713.5
3814,25,1568048127349,1244,0760,749.0056762695312,694.1687622070312,86.3558349609375,89.03678131103516,67.33285522460938,714.1649780273438,666.8277587890625,808.814208984375,666.2542724609375,804.268310546875,714.1231689453125,720.8515014648438,713.5
3815,25,1568048127362,1244,0760,749.0960693359375,694.1327514648438,86.80591583251953,88.5990982055664,77.29332733154297,714.1746215820312,666.8253784179688,808.814208984375,666.2542724609375,804.268310546875,714.1231689453125,720.905029296875,713.3740234375
3816,25,1568048127375,1244,0760,749.2557373046875,694.02734375,87.00234985351562,88.92375946044922,70.90672302246094,714.1746215820312,666.8253784179688,808.814208984375,666.2542724609375,804.268310546875,714.1231689453125,720.905029296875,713.3740234375
3817,25,1568048127389,1244,0760,749.1091918945312,694.2424926757812,86.84968566894531,89.0009765625,76.29541778564453,714.1746215820312,666.8253784179688,808.7142333984375,666.2123413085938,804.268310546875,714.1231689453125,720.905029296875,713.3740234375
3818,25,1568048127402,1244,0760,749.161376953125,694.1346435546875,86.83255767822266,89.15991973876953,68.90704345703125,714.1649780273438,666.8277587890625,808.7590942382812,666.30419921875,804.268310546875,714.1231689453125,720.905029296875,713.3740234375
3819,25,1568048127414,1244,0760,749.1660766601562,694.1741333007812,87.0306625366211,89.15729522705078,72.99102020263672,714.1649780273438,666.8277587890625,808.7590942382812,666.30419921875,804.268310546875,714.1231689453125,720.905029296875,713.3740234375
3820,25,1568048127428,1244,0760,749.1956176757812,694.1123657226562,86.97709655761719,89.26217651367188,74.89643096923828,714.1649780273438,666.8277587890625,808.814208984375,666.2542724609375,804.268310546875,714.1231689453125,720.8515014648438,713.5
3821,25,1568048127442,1244,0760,749.253662109375,694.1397094726562,86.72516632080078,88.93070983886719,73.56282806396484,714.1649780273438,666.8277587890625,808.814208984375,666.2542724609375,804.268310546875,714.1231689453125,720.8515014648438,713.5
3822,25,1568048127455,1244,0760,749.26904296875,694.0228271484375,86.90850830078125,89.07643127441406,73.23099517822266,714.1649780273438,666.8277587890625,808.9110717773438,666.1973876953125,804.268310546875,714.1231689453125,720.8515014648438,713.5
3823,25,1568048127467,1244,0760,749.01220703125,694.3267211914062,87.557373046875,88.82502746582031,96.4781265258789,714.1649780273438,666.8277587890625,808.8588256835938,666.3399047851562,804.268310546875,714.1231689453125,721.0,713.7461547851562
3824,25,1568048127481,1244,0760,749.061279296875,694.0250854492188,87.23426818847656,88.67900085449219,78.51163482666016,714.1649780273438,666.8277587890625,808.8588256835938,666.3399047851562,804.2282104492188,714.091796875,721.0,713.7461547851562
3825,25,1568048127494,1244,0760,749.31591796875,694.5144653320312,86.72249603271484,88.55239868164062,67.20118713378906,714.1649780273438,666.8277587890625,808.9850463867188,666.4534912109375,804.268310546875,714.1231689453125,721.0,713.7461547851562
3826,25,1568048127507,1244,0760,749.3162231445312,694.3822021484375,86.66515350341797,89.29487609863281,64.61551666259766,714.1649780273438,666.8277587890625,808.8822631835938,666.3013305664062,804.2257690429688,714.2257690429688,721.0,713.7461547851562
3827,25,1568048127519,1244,0760,749.313232421875,694.4606323242188,86.69153594970703,88.91770935058594,68.96820831298828,714.076171875,666.8660888671875,808.8822631835938,666.3013305664062,804.2257690429688,714.2257690429688,721.0,713.7461547851562
3828,25,1568048127532,1244,0760,749.222900390625,694.326904296875,86.35689544677734,88.42670440673828,61.36243438720703,714.076171875,666.8660888671875,808.7623901367188,666.2460327148438,804.2257690429688,714.2257690429688,720.9307250976562,713.7479248046875
3829,25,1568048127545,1244,0760,749.3861083984375,694.4022827148438,86.61485290527344,88.6866226196289,57.48727035522461,714.076171875,666.8660888671875,808.6749877929688,666.3236083984375,804.2257690429688,714.2257690429688,720.9307250976562,713.7479248046875
3830,25,1568048127559,1244,0760,749.1881713867188,694.2962036132812,87.53868865966797,88.49259948730469,59.74734878540039,714.076171875,666.8660888671875,808.5497436523438,666.368408203125,804.2257690429688,714.2257690429688,721.0,713.7461547851562
3831,25,1568048127572,1244,0760,749.1834716796875,694.3829956054688,86.38616943359375,88.09473419189453,72.03013610839844,714.076171875,666.8660888671875,808.5497436523438,666.368408203125,804.2257690429688,714.2257690429688,720.9307250976562,713.7479248046875
3832,25,1568048127585,1244,0760,749.3361206054688,694.2267456054688,86.57878112792969,88.78101348876953,57.463348388671875,714.076171875,666.8660888671875,808.6749877929688,666.3236083984375,804.10009765625,714.2853393554688,720.75341796875,713.523193359375
3833,25,1568048127596,1244,0760,749.158447265625,694.4866333007812,86.66476440429688,88.16268157958984,65.5658950805664,714.076171875,666.8660888671875,808.6749877929688,666.3236083984375,804.20263671875,714.1304931640625,720.8515014648438,713.5
3834,25,1568048127608,1244,0760,749.21337890625,694.4983520507812,86.86019897460938,88.55438232421875,69.50064086914062,714.0,666.77392578125,808.712646484375,666.2776489257812,804.20263671875,714.1304931640625,720.8515014648438,713.5
3835,25,1568048127622,1244,0760,748.9279174804688,694.232421875,86.37262725830078,89.2093505859375,77.31121063232422,714.1015014648438,666.720947265625,808.7603149414062,666.1199951171875,804.17626953125,714.0,720.8275146484375,713.3575439453125
3836,25,1568048127635,1244,0760,748.8546752929688,694.275634765625,86.55191802978516,89.58406066894531,83.29131317138672,714.1015014648438,666.720947265625,808.7603149414062,666.1199951171875,804.17626953125,714.0,720.8275146484375,713.3575439453125
3837,25,1568048127647,1244,0760,748.9443359375,694.3806762695312,86.40200805664062,89.48566436767578,79.87928771972656,714.1015014648438,666.720947265625,808.7192993164062,666.150146484375,804.268310546875,713.8768310546875,720.8275146484375,713.3575439453125
3838,25,1568048127660,1244,0760,749.0336303710938,694.16357421875,86.84713745117188,89.53709411621094,75.48773956298828,714.1015014648438,666.720947265625,808.7192993164062,666.150146484375,804.268310546875,713.8768310546875,720.8275146484375,713.3575439453125
3839,25,1568048127673,1244,0760,749.1746215820312,694.3231201171875,86.4693832397461,89.29070281982422,73.71609497070312,714.1015014648438,666.720947265625,808.7192993164062,666.150146484375,804.3309326171875,714.0,720.8275146484375,713.3575439453125
3840,25,1568048127686,1244,0760,749.2188110351562,694.4473876953125,86.99242401123047,89.62767791748047,70.48564147949219,714.1015014648438,666.720947265625,808.7192993164062,666.150146484375,804.3309326171875,714.0,720.8275146484375,713.3575439453125
3841,25,1568048127698,1244,0760,748.92431640625,694.1057739257812,87.75609588623047,89.83130645751953,79.80815887451172,714.1015014648438,666.720947265625,808.7192993164062,666.150146484375,804.3309326171875,714.0,720.8275146484375,713.3575439453125
3842,25,1568048127711,1244,0760,749.2081298828125,694.5775756835938,86.49276733398438,89.77656555175781,73.03946685791016,714.1015014648438,666.720947265625,808.7192993164062,666.150146484375,804.268310546875,714.1231689453125,720.8275146484375,713.3575439453125
3843,25,1568048127725,1244,0760,749.28662109375,694.878173828125,86.13422393798828,89.74996185302734,71.0204849243164,714.1746215820312,666.8253784179688,808.7167358398438,666.3478393554688,804.268310546875,714.1231689453125,720.905029296875,713.3740234375
3844,25,1568048127738,1244,0760,749.4243774414062,694.9427490234375,86.39600372314453,89.89488983154297,68.21025085449219,714.1746215820312,666.8253784179688,808.7083740234375,666.3062744140625,804.268310546875,714.1231689453125,720.8515014648438,713.5
3845,25,1568048127751,1244,0760,749.3357543945312,694.9600830078125,86.56156158447266,89.5645980834961,66.39775848388672,714.1746215820312,666.8253784179688,808.8588256835938,666.3399047851562,804.268310546875,714.1231689453125,720.8515014648438,713.5
3846,25,1568048127764,1244,0760,749.51123046875,694.7247314453125,86.5988540649414,90.2585220336914,65.71818542480469,714.1746215820312,666.8253784179688,808.8588256835938,666.3399047851562,804.268310546875,714.1231689453125,720.8515014648438,713.5
3847,25,1568048127777,1244,0760,749.4353637695312,694.7730102539062,86.68458557128906,89.52946472167969,68.50161743164062,714.1746215820312,666.8253784179688,808.7510375976562,666.2651977539062,804.268310546875,714.1231689453125,720.8515014648438,713.5
3848,25,1568048127792,1244,0760,749.3204956054688,694.8845825195312,86.65708923339844,90.37874603271484,68.9979476928711,714.1746215820312,666.8253784179688,808.7510375976562,666.2651977539062,804.268310546875,714.1231689453125,720.8515014648438,713.5
3849,25,1568048127805,1244,0760,749.2738647460938,694.8956298828125,86.48176574707031,90.571044921875,69.35455322265625,714.1746215820312,666.8253784179688,808.7510375976562,666.2651977539062,804.268310546875,714.1231689453125,720.8515014648438,713.5
3850,25,1568048127818,1244,0760,749.212158203125,694.8616333007812,86.47856140136719,90.5650634765625,67.57492065429688,714.1746215820312,666.8253784179688,808.7510375976562,666.2651977539062,804.268310546875,714.1231689453125,720.8515014648438,713.5
3851,25,1568048127831,1244,0760,749.3297119140625,694.7796020507812,86.52747344970703,90.71754455566406,70.3161849975586,714.1015014648438,666.720947265625,808.7590942382812,666.30419921875,804.268310546875,714.1231689453125,720.905029296875,713.3740234375
3852,25,1568048127844,1244,0760,749.253173828125,694.8269653320312,87.45269775390625,90.81416320800781,65.98690032958984,714.1246948242188,666.75390625,808.7142333984375,666.2123413085938,804.268310546875,714.1231689453125,720.905029296875,713.3740234375
3853,25,1568048127857,1244,0760,749.3150634765625,694.66259765625,87.12173461914062,90.212158203125,69.31835174560547,714.0592041015625,666.757568359375,808.7192993164062,666.150146484375,804.3309326171875,714.0,720.905029296875,713.3740234375
3854,25,1568048127871,1244,0760,749.4526977539062,694.7923583984375,86.61576843261719,90.56441497802734,70.60852813720703,714.0592041015625,666.757568359375,808.7192993164062,666.150146484375,804.3309326171875,714.0,721.0,713.2538452148438
3855,25,1568048127884,1244,0760,749.57080078125,694.8261108398438,87.14127349853516,90.64614868164062,69.58900451660156,714.1015014648438,666.720947265625,808.7142333984375,666.2123413085938,804.3309326171875,714.0,720.905029296875,713.3740234375
3856,25,1568048127897,1244,0760,749.4735717773438,694.8512573242188,87.08500671386719,90.64517974853516,68.0452651977539,714.1746215820312,666.8253784179688,808.7619018554688,666.3089599609375,804.268310546875,714.1231689453125,720.905029296875,713.3740234375
3857,25,1568048127910,1244,0760,749.5114135742188,694.8906860351562,87.02627563476562,90.72164154052734,68.69871520996094,714.076171875,666.8660888671875,808.7623901367188,666.2460327148438,804.268310546875,714.1231689453125,720.8515014648438,713.5
3858,25,1568048127923,1244,0760,749.5468139648438,695.0671997070312,87.47948455810547,90.84615325927734,66.99320220947266,714.076171875,666.8660888671875,808.6749877929688,666.3236083984375,804.20263671875,714.1304931640625,720.8515014648438,713.5
3859,25,1568048127936,1244,0760,749.32177734375,694.7637329101562,88.5905532836914,90.24292755126953,69.83856964111328,714.076171875,666.8660888671875,808.5497436523438,666.368408203125,804.1057739257812,714.3140258789062,720.9310913085938,713.7193603515625
3860,25,1568048127950,1244,0760,749.30517578125,694.8038330078125,88.49260711669922,90.82463836669922,73.04865264892578,714.0,667.0,808.4984130859375,666.5,804.10205078125,714.3641357421875,720.8096313476562,713.8096313476562
3861,25,1568048127963,1244,0760,749.1685791015625,694.9639892578125,88.4575424194336,90.99798583984375,75.9452133178711,714.0,667.0,808.6749877929688,666.6763916015625,804.10205078125,714.3641357421875,720.9310913085938,713.7193603515625
3862,25,1568048127976,1244,0760,749.3275146484375,695.0302734375,88.70350646972656,91.14810943603516,70.95967102050781,714.076171875,667.1339111328125,808.6749877929688,666.6763916015625,804.0,714.3364868164062,720.8096313476562,713.8096313476562
3863,25,1568048127989,1244,0760,749.3582153320312,695.0721435546875,88.62508392333984,90.97657775878906,72.60309600830078,714.076171875,667.1339111328125,808.6749877929688,666.6763916015625,803.9835205078125,714.31591796875,720.8096313476562,713.8096313476562
3864,25,1568048128003,1244,0760,749.4491577148438,694.9283447265625,88.66361236572266,91.3692626953125,66.9140625,714.076171875,667.1339111328125,808.6749877929688,666.6763916015625,804.0149536132812,714.4534912109375,720.8096313476562,713.8096313476562
3865,25,1568048128016,1244,0760,749.342041015625,695.0062255859375,88.29833221435547,91.17622375488281,69.25337219238281,714.0,667.22607421875,808.6749877929688,666.6763916015625,804.0149536132812,714.4534912109375,720.8096313476562,713.8096313476562
3866,25,1568048128029,1244,0760,749.3519897460938,695.065185546875,88.4575424194336,91.08460998535156,77.8658218383789,714.0,667.22607421875,808.6749877929688,666.6763916015625,804.0149536132812,714.4534912109375,720.7193603515625,713.9310913085938
3867,25,1568048128042,1244,0760,749.4383544921875,695.164306640625,88.6155776977539,91.49974060058594,68.21516418457031,714.0,667.22607421875,808.6749877929688,666.6763916015625,803.9827270507812,714.4115600585938,720.68212890625,714.0
3868,25,1568048128056,1244,0760,749.5101318359375,695.2719116210938,88.43961334228516,91.54813385009766,63.39672088623047,714.1780395507812,667.2913208007812,808.6446533203125,666.6481323242188,803.9827270507812,714.5884399414062,720.68212890625,714.0
3869,25,1568048128069,1244,0760,749.4638671875,695.2734985351562,89.1553726196289,91.55180358886719,69.70178985595703,714.282958984375,667.4443969726562,808.6446533203125,666.6481323242188,804.0149536132812,714.5465087890625,720.68212890625,714.0
3870,25,1568048128082,1244,0760,749.5071411132812,695.4718017578125,87.96096801757812,91.2681655883789,69.09515380859375,714.282958984375,667.4443969726562,808.6019897460938,666.7267456054688,804.0149536132812,714.5465087890625,720.68212890625,714.0
3871,25,1568048128095,1244,0760,749.4688110351562,695.3159790039062,89.16224670410156,92.03202056884766,65.49604034423828,714.282958984375,667.4443969726562,808.6121215820312,666.7874755859375,804.0256958007812,714.5348510742188,720.7193603515625,714.0689086914062
3872,25,1568048128109,1244,0760,749.6048583984375,695.027587890625,89.18388366699219,92.03802490234375,67.5117416381836,714.282958984375,667.4443969726562,808.6121215820312,666.7874755859375,804.0256958007812,714.5348510742188,720.7461547851562,714.0
3873,25,1568048128122,1244,0760,749.4255981445312,695.2859497070312,88.93709564208984,91.8306655883789,67.94010925292969,714.0,667.22607421875,808.571533203125,666.7806396484375,804.0322875976562,714.468994140625,720.7461547851562,714.0
3874,25,1568048128135,1244,0760,749.388427734375,695.2808837890625,88.95420837402344,91.79570770263672,68.03274536132812,714.0,667.22607421875,808.5,666.7264404296875,804.0322875976562,714.468994140625,720.7461547851562,714.0
3875,25,1568048128148,1244,0760,749.643310546875,695.1552734375,88.53331756591797,92.60264587402344,62.54053497314453,714.0,667.22607421875,808.5,666.7264404296875,804.062744140625,714.5,720.6266479492188,713.9418334960938
3876,25,1568048128161,1244,0760,749.5713500976562,695.1077270507812,89.5743179321289,92.36213684082031,63.59217834472656,714.0,667.22607421875,808.5,666.7264404296875,804.062744140625,714.5,720.5,714.0
3877,25,1568048128173,1244,0760,749.4869384765625,695.3638916015625,88.8314437866211,92.18492889404297,71.00511169433594,713.8984985351562,667.279052734375,808.5,666.7264404296875,804.062744140625,714.5,720.5,714.0
3878,25,1568048128185,1244,0760,749.5283203125,695.437744140625,89.30501556396484,92.72659301757812,69.34895324707031,713.8984985351562,667.279052734375,808.5,666.7264404296875,804.0172729492188,714.5884399414062,720.5,714.0
3879,25,1568048128198,1244,0760,749.571533203125,695.4472045898438,88.03911590576172,91.79999542236328,75.31461334228516,713.8984985351562,667.279052734375,808.5,666.7264404296875,804.0322875976562,714.468994140625,720.5,714.0
3880,25,1568048128210,1244,0760,749.4238891601562,695.2952880859375,89.17343139648438,92.41793060302734,67.53165435791016,714.0,667.22607421875,808.5,666.7264404296875,804.0172729492188,714.5884399414062,720.5,714.0
3881,25,1568048128224,1244,0760,749.4088745117188,695.3642578125,89.25971984863281,92.17571258544922,72.67937469482422,714.0,667.22607421875,808.6036987304688,666.7861938476562,803.9850463867188,714.5465087890625,720.6266479492188,713.9418334960938
3882,25,1568048128237,1244,0760,749.5928955078125,695.3695678710938,89.20005798339844,92.39393615722656,65.59141540527344,714.0,667.22607421875,808.6036987304688,666.7861938476562,803.9850463867188,714.5465087890625,720.6266479492188,713.9418334960938
3883,25,1568048128250,1244,0760,749.5372924804688,695.225830078125,89.72374725341797,92.54439544677734,74.55513000488281,713.8984985351562,667.279052734375,808.5,666.7264404296875,804.0172729492188,714.5884399414062,720.5,714.0
3884,25,1568048128264,1244,0760,749.3416748046875,695.4210205078125,89.36418151855469,92.83370971679688,72.5447769165039,713.8984985351562,667.279052734375,808.5549926757812,666.719482421875,803.8994140625,714.6452026367188,720.5,714.0
3885,25,1568048128277,1244,0760,749.4193115234375,695.4088134765625,89.34031677246094,92.62166595458984,77.40274047851562,713.8753051757812,667.24609375,808.380859375,666.766357421875,803.5497436523438,714.631591796875,720.2538452148438,714.0
3886,25,1568048128290,1244,0760,749.2409057617188,695.413818359375,89.6681900024414,92.61570739746094,80.09876251220703,713.8950805664062,667.2421264648438,808.2737426757812,666.841552734375,803.5497436523438,714.631591796875,720.2538452148438,714.0
3887,25,1568048128302,1244,0760,749.4010620117188,695.606201171875,88.84332275390625,92.86416625976562,75.97224426269531,713.8950805664062,667.2421264648438,808.2737426757812,666.841552734375,803.4984130859375,714.5,720.2538452148438,714.0
3888,25,1568048128315,1244,0760,749.0340576171875,695.4343872070312,89.82288360595703,92.77877807617188,65.67916107177734,713.8950805664062,667.2421264648438,808.2737426757812,666.841552734375,803.4984130859375,714.5,720.2538452148438,714.0
3889,25,1568048128328,1244,0760,749.2770385742188,695.5220947265625,89.93456268310547,92.8388900756836,72.23419952392578,713.8402099609375,667.2374267578125,808.2376098632812,666.7539672851562,803.4984130859375,714.5,720.2538452148438,714.0
3890,25,1568048128341,1244,0760,749.1094970703125,695.3951416015625,89.77666473388672,93.22920227050781,71.1475601196289,713.8462524414062,667.1575927734375,808.2376098632812,666.7539672851562,803.4984130859375,714.5,720.2538452148438,714.0
3891,25,1568048128353,1244,0760,749.0863037109375,695.5574340820312,89.5812759399414,93.01404571533203,70.13513946533203,713.7941284179688,667.2139892578125,808.2376098632812,666.7539672851562,803.4984130859375,714.5,720.31787109375,714.0
3892,25,1568048128366,1244,0760,749.1233520507812,695.5875854492188,89.74071502685547,93.28567504882812,69.18045043945312,713.8350219726562,667.1722412109375,808.2376098632812,666.7539672851562,803.4984130859375,714.5,720.31787109375,714.0
3893,25,1568048128378,1244,0760,749.3408203125,695.5107421875,89.28179931640625,93.09380340576172,71.20355987548828,713.8350219726562,667.1722412109375,808.2376098632812,666.7539672851562,803.4984130859375,714.5,720.2520751953125,713.9307250976562
3894,25,1568048128392,1244,0760,749.1067504882812,695.5235595703125,89.87437438964844,93.14562225341797,67.96855163574219,713.8350219726562,667.1722412109375,808.2051391601562,666.598388671875,803.5497436523438,714.368408203125,720.2520751953125,713.9307250976562
3895,25,1568048128404,1244,0760,749.32421875,695.5471801757812,89.29608917236328,93.1595230102539,61.70183181762695,713.8350219726562,667.1722412109375,808.4502563476562,666.631591796875,803.5497436523438,714.368408203125,720.2538452148438,714.0
3896,25,1568048128417,1244,0760,749.2111206054688,695.6785888671875,89.5840835571289,93.51102447509766,66.19012451171875,713.8350219726562,667.1722412109375,808.3250122070312,666.6763916015625,803.5497436523438,714.368408203125,720.2538452148438,714.0
3897,25,1568048128429,1244,0760,749.2021484375,695.6183471679688,89.15203857421875,93.36192321777344,68.59356689453125,713.7941284179688,667.2139892578125,808.3250122070312,666.6763916015625,803.5497436523438,714.368408203125,720.2538452148438,714.0
3898,25,1568048128441,1244,0760,749.292236328125,695.7489624023438,90.04398345947266,93.48117065429688,69.5555419921875,713.8462524414062,667.1575927734375,808.2376098632812,666.7539672851562,803.4984130859375,714.5,720.2538452148438,714.0
3899,25,1568048128454,1244,0760,749.1860961914062,695.5645141601562,89.4065170288086,93.37554168701172,74.31909942626953,713.8462524414062,667.1575927734375,808.345947265625,666.77294921875,803.4984130859375,714.5,720.2538452148438,714.0
3900,25,1568048128466,1244,0760,749.203125,695.5758056640625,89.55047607421875,93.32353210449219,69.54161834716797,713.8950805664062,667.2421264648438,808.345947265625,666.77294921875,803.4984130859375,714.5,720.2538452148438,714.0
3901,26,1568048115091,1530,0760,717.4810180664062,698.5252075195312,97.88058471679688,100.8674545288086,61.63727569580078,696.5,668.7533569335938,792.0665283203125,668.0322265625,787.6552734375,716.1375122070312,702.763427734375,715.420166015625
3902,26,1568048115103,1530,0760,717.3472290039062,698.3956909179688,98.13262176513672,101.134521484375,60.91016387939453,696.5661010742188,668.7511596679688,792.17626953125,668.0,787.5916748046875,716.0,702.77783203125,715.2559204101562
3903,26,1568048115117,1530,0760,717.4368896484375,698.29052734375,97.84098052978516,100.78910827636719,62.442264556884766,696.5661010742188,668.7511596679688,792.17626953125,668.0,787.6444702148438,715.997802734375,702.77783203125,715.2559204101562
3904,26,1568048115128,1530,0760,717.5009765625,698.3054809570312,98.0488052368164,101.33656311035156,59.93122482299805,696.5831909179688,668.6438598632812,792.17626953125,668.0,787.6444702148438,715.997802734375,702.77783203125,715.2559204101562
3905,26,1568048115140,1530,0760,717.5564575195312,698.3876342773438,98.02828979492188,101.18060302734375,63.293968200683594,696.5831909179688,668.6438598632812,792.17626953125,668.0,787.6690673828125,716.0,702.77783203125,715.2559204101562
3906,26,1568048115152,1530,0760,717.4365234375,698.4849853515625,98.14668273925781,101.88333892822266,65.45283508300781,696.554443359375,668.6416625976562,792.1903686523438,667.9676513671875,787.731689453125,715.8768310546875,702.77783203125,715.2559204101562
3907,26,1568048115163,1530,0760,717.5450439453125,698.4149169921875,98.10353088378906,101.4001235961914,63.77179718017578,696.5557861328125,668.500732421875,792.24755859375,667.864501953125,787.7742309570312,715.7742309570312,702.8763427734375,715.1236572265625
3908,26,1568048115174,1530,0760,717.4744262695312,698.1837768554688,98.46247100830078,101.39025115966797,59.825531005859375,696.4603271484375,668.5,792.2066040039062,667.8583984375,787.663330078125,715.663330078125,702.7758178710938,715.1085815429688
3909,26,1568048115186,1530,0760,717.37646484375,698.2138671875,98.41407775878906,101.48411560058594,60.09383010864258,696.5,668.5,791.9948120117188,667.572998046875,787.6132202148438,715.6539916992188,702.7758178710938,715.1085815429688
3910,26,1568048115197,1530,0760,717.297119140625,698.0361938476562,98.61724853515625,101.6204605102539,61.55778121948242,696.5396728515625,668.5,791.9948120117188,667.572998046875,787.6405639648438,715.6836547851562,702.7758178710938,714.8914184570312
3911,26,1568048115209,1530,0760,717.1795043945312,698.131591796875,98.52887725830078,101.52965545654297,64.99776458740234,696.5396728515625,668.5,791.96875,667.4716796875,787.6801147460938,715.6801147460938,702.5528564453125,714.8750610351562
3912,26,1568048115220,1530,0760,717.1144409179688,698.0947265625,98.1820068359375,101.7723617553711,62.60465621948242,696.3577880859375,668.3140258789062,792.0,667.5,787.581787109375,715.6337280273438,702.5,714.8135986328125
3913,26,1568048115232,1530,0760,717.1934814453125,697.971923828125,98.84049987792969,101.83504486083984,63.28255081176758,696.283447265625,668.2904052734375,791.8952026367188,667.6145629882812,787.5,715.5,702.398681640625,714.7316284179688
3914,26,1568048115244,1530,0760,717.208251953125,698.0380249023438,99.67407989501953,101.95220947265625,57.948204040527344,696.3445434570312,668.1788940429688,791.8952026367188,667.6145629882812,787.5,715.5,702.398681640625,714.7316284179688
3915,26,1568048115256,1530,0760,717.3335571289062,697.952880859375,98.85517883300781,101.88983917236328,60.28823471069336,696.283447265625,668.2904052734375,791.8768310546875,667.5139770507812,787.5,715.5,702.398681640625,714.7316284179688
3916,26,1568048115268,1530,0760,717.19189453125,698.0230102539062,98.98930358886719,102.12545776367188,61.42094802856445,696.2215576171875,668.0626220703125,791.6446533203125,667.3518676757812,787.5401611328125,715.501953125,702.3040771484375,714.6959228515625
3917,26,1568048115280,1530,0760,717.0269165039062,697.9019165039062,99.08610534667969,101.8288345336914,59.85441589355469,696.2215576171875,668.0626220703125,791.6446533203125,667.3518676757812,787.4697265625,715.3361206054688,702.3040771484375,714.6959228515625
3918,26,1568048115292,1530,0760,717.0279541015625,697.7572631835938,99.45563507080078,102.25899505615234,57.70262908935547,696.2767333984375,668.10986328125,791.6446533203125,667.3518676757812,787.3648681640625,715.3200073242188,702.2607421875,714.5706176757812
3919,26,1568048115303,1530,0760,717.045654296875,697.9176635742188,98.96248626708984,102.21556854248047,59.79304504394531,696.2767333984375,667.89013671875,791.6857299804688,667.1900024414062,787.3236083984375,715.3250122070312,702.2888793945312,714.5
3920,26,1568048115315,1530,0760,717.1464233398438,697.782958984375,99.32263946533203,102.38813781738281,63.30587387084961,696.2767333984375,667.89013671875,791.7218017578125,667.2840576171875,787.3236083984375,715.3250122070312,702.2888793945312,714.5
3921,26,1568048115326,1530,0760,717.0584106445312,697.8298950195312,99.14205169677734,102.14177703857422,61.38962936401367,696.2215576171875,667.9373779296875,791.7218017578125,667.2840576171875,787.4216918945312,715.3381958007812,702.2888793945312,714.5
3922,26,1568048115337,1530,0760,717.0790405273438,697.9223022460938,99.65447998046875,101.98707580566406,62.176025390625,696.2215576171875,667.9373779296875,791.8519897460938,667.3974609375,787.4216918945312,715.3381958007812,702.568603515625,714.4359130859375
3923,26,1568048115350,1530,0760,717.0293579101562,697.7478637695312,99.01985931396484,101.68762969970703,66.86052703857422,696.2791748046875,668.05810546875,791.975341796875,667.4663696289062,787.4216918945312,715.3381958007812,702.7111206054688,714.5
3924,26,1568048115362,1530,0760,717.0477905273438,697.70166015625,99.07906341552734,101.70181274414062,63.13581085205078,696.2791748046875,668.05810546875,792.0,667.4083251953125,787.5,715.2304077148438,702.7111206054688,714.5
3925,26,1568048115374,1530,0760,717.32666015625,697.884765625,98.93391418457031,102.0340805053711,62.81847381591797,696.2791748046875,668.05810546875,792.0632934570312,667.06298828125,787.5,715.2304077148438,702.7392578125,714.4293823242188
3926,26,1568048115387,1530,0760,717.1609497070312,697.6980590820312,100.00922393798828,102.9225082397461,55.507564544677734,696.2791748046875,668.05810546875,792.0632934570312,667.06298828125,787.5,715.2304077148438,702.7392578125,714.4293823242188
3927,26,1568048115398,1530,0760,717.2554931640625,697.8161010742188,98.99308013916016,101.56108856201172,64.6563720703125,696.2791748046875,668.05810546875,792.1539306640625,667.1887817382812,787.5,715.2304077148438,702.7392578125,714.4293823242188
3928,26,1568048115410,1530,0760,717.2218017578125,697.6288452148438,99.56742095947266,102.12967681884766,64.40895080566406,696.2791748046875,668.05810546875,792.169677734375,667.2408447265625,787.5,715.2304077148438,702.7392578125,714.4293823242188
3929,26,1568048115422,1530,0760,717.1668701171875,697.8655395507812,99.38693237304688,102.10867309570312,57.27811813354492,696.231201171875,668.0,792.1371459960938,667.2991333007812,787.5,715.2304077148438,702.7392578125,714.5706176757812
3930,26,1568048115434,1530,0760,717.0909423828125,697.8635864257812,100.09846496582031,102.46582794189453,55.997955322265625,696.231201171875,668.0,791.9743041992188,667.4651489257812,787.501953125,715.5401611328125,702.7392578125,714.5706176757812
3931,26,1568048115444,1530,0760,717.1192626953125,698.0431518554688,99.68113708496094,102.0012435913086,60.077762603759766,696.2215576171875,668.0626220703125,792.0051879882812,667.427001953125,787.501953125,715.5401611328125,702.5,714.89111328125
3932,26,1568048115457,1530,0760,717.135498046875,698.042724609375,100.59013366699219,102.94453430175781,55.79713821411133,696.2215576171875,668.0626220703125,792.0051879882812,667.427001953125,787.5,715.5,702.521240234375,714.8029174804688
3933,26,1568048115469,1530,0760,717.062744140625,698.1109008789062,99.43244934082031,102.30879974365234,63.4155387878418,696.2215576171875,668.0626220703125,792.0051879882812,667.427001953125,787.5,715.5,702.521240234375,714.8029174804688
3934,26,1568048115481,1530,0760,717.1060791015625,698.1381225585938,100.25920104980469,102.49501037597656,61.87145233154297,696.2215576171875,668.0626220703125,792.03125,667.5283203125,787.5,715.5,702.5,714.8135986328125
3935,26,1568048115493,1530,0760,717.1332397460938,698.20263671875,100.13526916503906,102.86354064941406,53.38676452636719,696.2215576171875,668.0626220703125,792.03125,667.5283203125,787.5,715.5,702.5,714.8135986328125
3936,26,1568048115504,1530,0760,717.1110229492188,697.947998046875,100.16301727294922,102.56724548339844,58.88450241088867,696.2215576171875,668.0626220703125,791.8952026367188,667.6145629882812,787.5,715.5,702.5,714.8135986328125
3937,26,1568048115516,1530,0760,716.8812866210938,698.26025390625,100.19033813476562,101.91398620605469,62.747955322265625,696.3445434570312,668.1788940429688,791.8768310546875,667.5139770507812,787.5401611328125,715.501953125,702.521240234375,714.8029174804688
3938,26,1568048115528,1530,0760,716.8844604492188,697.9447631835938,100.35527801513672,103.17427825927734,61.923030853271484,696.2215576171875,668.0626220703125,791.8768310546875,667.5139770507812,787.5,715.5,702.398681640625,714.7316284179688
3939,26,1568048115540,1530,0760,716.934326171875,697.9933471679688,99.55436706542969,101.99647521972656,63.833160400390625,696.2215576171875,668.0626220703125,791.7218017578125,667.2840576171875,787.5,715.5,702.3040771484375,714.6959228515625
3940,26,1568048115552,1530,0760,716.6991577148438,698.1296997070312,99.64320373535156,102.46321868896484,55.503963470458984,696.2767333984375,668.10986328125,791.6446533203125,667.3518676757812,787.3250122070312,715.3236083984375,702.236572265625,714.579833984375
3941,26,1568048115563,1530,0760,716.1774291992188,698.240966796875,99.64208984375,102.25201416015625,70.7638931274414,695.7232666015625,668.10986328125,791.6036987304688,667.2138061523438,787.2398681640625,715.4267578125,702.1249389648438,714.5528564453125
3942,26,1568048115575,1530,0760,715.9459838867188,698.0687255859375,99.99347686767578,102.51862335205078,61.607418060302734,695.7232666015625,668.10986328125,791.6036987304688,667.2138061523438,787.1204223632812,715.507568359375,702.1249389648438,714.5528564453125
3943,26,1568048115587,1530,0760,716.4386596679688,698.1334228515625,99.66905212402344,102.14398193359375,59.91599655151367,695.8119506835938,668.0,791.571533203125,667.2193603515625,787.2398681640625,715.4267578125,702.0,714.5
3944,26,1568048115599,1530,0760,716.3487548828125,698.1300048828125,99.8190689086914,102.1877670288086,51.91337203979492,696.1106567382812,668.036865234375,791.59130859375,667.2533569335938,787.3129272460938,715.3129272460938,702.1242065429688,714.6063842773438
3945,26,1568048115611,1530,0760,716.4020385742188,698.1109619140625,99.43467712402344,102.30903625488281,56.373470306396484,696.2767333984375,668.10986328125,791.6446533203125,667.3518676757812,787.3129272460938,715.3129272460938,702.214111328125,714.5
3946,26,1568048115622,1530,0760,716.4817504882812,698.0174560546875,99.4803695678711,102.20426940917969,59.236419677734375,696.1880493164062,668.0,791.6446533203125,667.3518676757812,787.3648681640625,715.3200073242188,702.214111328125,714.5
3947,26,1568048115633,1530,0760,716.6279907226562,697.8258666992188,99.25422668457031,102.41949462890625,62.667484283447266,696.1880493164062,668.0,791.7164306640625,667.3473510742188,787.3129272460938,715.3129272460938,702.214111328125,714.5
3948,26,1568048115645,1530,0760,716.5852661132812,698.0302124023438,99.5665512084961,102.45402526855469,58.11933898925781,696.1880493164062,668.0,791.7164306640625,667.3473510742188,787.3236083984375,715.3250122070312,702.2607421875,714.5706176757812
3949,26,1568048115657,1530,0760,716.6013793945312,697.9843139648438,99.82990264892578,101.69535064697266,55.10015106201172,696.2767333984375,667.89013671875,791.8096313476562,667.0323486328125,787.3236083984375,715.3250122070312,702.214111328125,714.5
3950,26,1568048115670,1530,0760,716.5567626953125,698.0438232421875,99.63804626464844,102.64938354492188,59.056888580322266,696.215087890625,667.784912109375,791.8096313476562,667.0323486328125,787.336669921875,715.336669921875,702.2607421875,714.4293823242188
3951,26,1568048115681,1530,0760,716.5137329101562,697.9080200195312,99.6428451538086,102.0688705444336,57.36817169189453,696.159423828125,667.599609375,791.82373046875,667.0,787.3531494140625,715.1221313476562,702.2607421875,714.4293823242188
3952,26,1568048115693,1530,0760,716.3291625976562,697.8077392578125,99.775634765625,102.37761688232422,63.59403991699219,696.0269775390625,667.5333251953125,791.7192993164062,666.849853515625,787.3908081054688,715.00048828125,702.22216796875,714.2559204101562
3953,26,1568048115705,1530,0760,716.3046875,697.5926513671875,99.51236724853516,102.41068267822266,56.266143798828125,696.0269775390625,667.5333251953125,791.6361083984375,666.798828125,787.37841796875,715.0655517578125,702.22216796875,714.2559204101562
3954,26,1568048115717,1530,0760,716.4686889648438,697.4567260742188,99.6917495727539,102.88385009765625,57.97756576538086,696.0,667.5,791.627685546875,666.7438354492188,787.2535400390625,714.9111328125,702.1236572265625,714.1236572265625
3955,26,1568048115729,1530,0760,716.4318237304688,697.48193359375,99.64065551757812,102.02941131591797,55.35447311401367,696.0,667.5,791.571533203125,666.7806396484375,787.2282104492188,714.908203125,702.0488891601562,714.0022583007812
3956,26,1568048115741,1530,0760,716.3749389648438,697.518798828125,99.69254302978516,102.21190643310547,62.16769790649414,696.0,667.5,791.4450073242188,666.719482421875,787.2282104492188,714.908203125,702.123779296875,714.0
3957,26,1568048115752,1530,0760,716.40478515625,697.4009399414062,99.60263061523438,102.23094177246094,58.831905364990234,696.0,667.5,791.5,666.7264404296875,787.091796875,714.7717895507812,702.0,714.0
3958,26,1568048115764,1530,0760,716.3440551757812,697.3519287109375,99.70104217529297,102.06665802001953,59.64791488647461,696.0,667.5,791.5,666.7264404296875,787.091796875,714.7717895507812,702.0,714.0
3959,26,1568048115776,1530,0760,716.3292846679688,697.3859252929688,99.55192565917969,101.86268615722656,64.32315063476562,696.0,667.5,791.5,666.7264404296875,787.091796875,714.7717895507812,702.0,714.0
3960,26,1568048115787,1530,0760,716.3692016601562,697.4564208984375,99.45956420898438,101.96676635742188,59.51407241821289,696.0,667.5,791.5,666.7264404296875,787.091796875,714.7717895507812,702.0,714.0
3961,26,1568048115799,1530,0760,716.7279052734375,697.482177734375,99.42131805419922,101.54954528808594,57.783233642578125,696.0,667.5,791.483642578125,666.7091674804688,787.132568359375,714.867431640625,702.123779296875,714.0
3962,26,1568048115812,1530,0760,716.5488891601562,697.4612426757812,99.18367004394531,101.4601821899414,61.012542724609375,696.0,667.5,791.483642578125,666.7091674804688,787.2535400390625,714.9111328125,702.123779296875,714.0
3963,26,1568048115824,1530,0760,716.5383911132812,697.5579833984375,99.14796447753906,101.51425170898438,61.15038299560547,696.0,667.5,791.483642578125,666.7091674804688,787.2282104492188,714.908203125,702.123779296875,714.0
3964,26,1568048115836,1530,0760,716.5193481445312,697.4229736328125,99.9275894165039,101.71104431152344,49.88964080810547,696.0,667.5,791.619140625,666.766357421875,787.3008422851562,714.9019165039062,702.2241821289062,714.1085815429688
3965,26,1568048115848,1530,0760,716.4423828125,697.689208984375,98.634033203125,100.88212585449219,59.998802185058594,696.0,667.5,791.694091796875,666.8045654296875,787.2535400390625,714.9111328125,702.2241821289062,714.1085815429688
3966,26,1568048115860,1530,0760,716.523681640625,697.688720703125,98.46993255615234,100.52493286132812,61.63639831542969,696.0,667.5,791.694091796875,666.8045654296875,787.3008422851562,714.9019165039062,702.2241821289062,714.1085815429688
3967,26,1568048115871,1530,0760,716.5458374023438,697.634521484375,98.9600601196289,100.83238220214844,62.42829895019531,696.0,667.5,791.694091796875,666.8045654296875,787.3008422851562,714.9019165039062,702.2241821289062,714.1085815429688
3968,26,1568048115884,1530,0760,716.6074829101562,697.6351928710938,99.11425018310547,100.88409423828125,63.54140090942383,696.0,667.5,791.694091796875,666.8045654296875,787.3008422851562,714.9019165039062,702.2241821289062,714.1085815429688
3969,26,1568048115896,1530,0760,716.3406372070312,697.4868774414062,98.86058807373047,100.50692749023438,62.212825775146484,696.0,667.5,791.703369140625,666.7755126953125,787.2535400390625,714.9111328125,702.2241821289062,714.1085815429688
3970,26,1568048115908,1530,0760,716.521728515625,697.5409545898438,99.10454559326172,100.6617660522461,56.80466079711914,696.0,667.5,791.6228637695312,666.765380859375,787.2535400390625,714.9111328125,702.2241821289062,714.1085815429688
3971,26,1568048115920,1530,0760,716.3513793945312,697.7307739257812,98.57373046875,100.55320739746094,55.201087951660156,696.0,667.5,791.6173095703125,666.8159790039062,787.2982177734375,714.8748779296875,702.22216796875,714.2559204101562
3972,26,1568048115933,1530,0760,716.4917602539062,697.6149291992188,98.71540832519531,100.6283187866211,56.76029968261719,696.0,667.5,791.5802001953125,666.7948608398438,787.268310546875,714.8768310546875,702.22216796875,714.2559204101562
3973,26,1568048115944,1530,0760,716.46826171875,697.7293701171875,98.24951171875,100.62528991699219,47.379051208496094,695.9730224609375,667.5333251953125,791.5643920898438,666.88037109375,787.268310546875,714.8768310546875,702.22216796875,714.2559204101562
3974,26,1568048115957,1530,0760,716.5125122070312,697.714111328125,98.46240997314453,100.59978485107422,56.893798828125,695.840576171875,667.599609375,791.424072265625,666.776611328125,787.268310546875,714.8768310546875,702.22216796875,714.2559204101562
3975,26,1568048115969,1530,0760,716.3847045898438,697.5367431640625,98.14009857177734,100.74169158935547,51.83343505859375,695.702880859375,667.660888671875,791.424072265625,666.776611328125,787.268310546875,714.8768310546875,702.22216796875,714.2559204101562
3976,26,1568048115981,1530,0760,716.4808959960938,697.80859375,98.50967407226562,100.26126098632812,58.11948776245117,695.702880859375,667.660888671875,791.424072265625,666.776611328125,787.0,715.0,702.1939086914062,714.3341064453125
3977,26,1568048115993,1530,0760,716.2009887695312,697.8270874023438,97.9549331665039,100.04045104980469,40.97121047973633,695.716552734375,667.7095947265625,791.3258056640625,666.8986206054688,787.0,715.0,702.088623046875,714.4244995117188
3978,26,1568048116006,1530,0760,716.3151245117188,697.6517944335938,98.58484649658203,100.89498901367188,40.61080551147461,695.716552734375,667.7095947265625,791.3258056640625,666.8986206054688,787.0,715.0,702.1249389648438,714.4471435546875
3979,26,1568048116017,1530,0760,716.31689453125,697.7302856445312,97.54237365722656,99.93021392822266,56.46891403198242,695.702880859375,667.660888671875,791.3258056640625,666.8986206054688,786.88330078125,715.0932006835938,702.1939086914062,714.3341064453125
3980,26,1568048116029,1530,0760,716.3037719726562,697.602783203125,97.75443267822266,100.11289978027344,52.51517105102539,695.702880859375,667.660888671875,791.3694458007812,666.8980712890625,786.88330078125,715.0932006835938,702.0126342773438,714.2975463867188
3981,26,1568048116041,1530,0760,716.2784423828125,697.6473388671875,97.8732681274414,99.94314575195312,54.030887603759766,695.702880859375,667.660888671875,791.4425659179688,666.77685546875,787.0932006835938,714.88330078125,701.9511108398438,714.0022583007812
3982,26,1568048116053,1530,0760,716.1697998046875,697.517578125,98.36119079589844,100.28369140625,56.33108901977539,695.7163696289062,667.7562255859375,791.424072265625,666.776611328125,787.0932006835938,714.88330078125,702.0,714.0
3983,26,1568048116065,1530,0760,716.4317016601562,697.56689453125,97.66047668457031,99.85588836669922,51.264404296875,695.9791259765625,667.5679931640625,791.4577026367188,666.756103515625,787.0733642578125,714.7749633789062,702.0,714.0
3984,26,1568048116078,1530,0760,716.3182373046875,697.2808227539062,97.7789306640625,99.98107147216797,44.34688949584961,695.8397827148438,667.3416748046875,791.3198852539062,666.6801147460938,787.1231689453125,714.731689453125,702.0,714.0
3985,26,1568048116091,1530,0760,716.2092895507812,697.2933349609375,98.01315307617188,99.547607421875,55.09766387939453,695.9791259765625,667.4320068359375,791.418212890625,666.6337280273438,787.0888671875,714.7464599609375,702.0,714.0
3986,26,1568048116104,1530,0760,716.2172241210938,696.9459838867188,97.59120178222656,99.56324768066406,53.89625930786133,695.840576171875,667.400390625,791.418212890625,666.6337280273438,787.0980834960938,714.6991577148438,702.0,714.0
3987,26,1568048116118,1530,0760,716.3613891601562,697.2131958007812,97.23689270019531,98.99563598632812,54.41130447387695,695.8463745117188,667.355224609375,791.5,666.5,787.0918579101562,714.5789794921875,702.1236572265625,713.8763427734375
3988,26,1568048116131,1530,0760,716.2271118164062,696.9772338867188,97.57313537597656,99.954345703125,42.5283317565918,695.8814086914062,667.313720703125,791.581787109375,666.3662719726562,787.1763916015625,714.5634155273438,702.22216796875,713.7440795898438
3989,26,1568048116144,1530,0760,716.6028442382812,697.0791625976562,97.47110748291016,99.48402404785156,47.1246452331543,696.0,667.3412475585938,791.6801147460938,666.3198852539062,787.1426391601562,714.4744873046875,702.22216796875,713.7440795898438
3990,26,1568048116157,1530,0760,716.546875,697.1868896484375,97.03778076171875,99.22877502441406,48.967716217041016,696.0,667.3412475585938,791.6749877929688,666.3236083984375,787.2398681640625,714.4267578125,702.22216796875,713.7440795898438
3991,26,1568048116169,1530,0760,716.5459594726562,697.202392578125,96.97882080078125,99.24908447265625,49.177894592285156,696.0,667.3412475585938,791.6749877929688,666.3236083984375,787.2051391601562,714.401611328125,702.22216796875,713.7440795898438
3992,26,1568048116181,1530,0760,716.5074462890625,697.1795043945312,97.00713348388672,99.03627014160156,49.58243179321289,696.0,667.3412475585938,791.6749877929688,666.3236083984375,787.3381958007812,714.4216918945312,702.22216796875,713.7440795898438
3993,26,1568048116193,1530,0760,716.5767822265625,697.2437133789062,97.0540771484375,99.19713592529297,43.520408630371094,696.0,667.3412475585938,791.6749877929688,666.3236083984375,787.3381958007812,714.4216918945312,702.22216796875,713.7440795898438
3994,26,1568048116206,1530,0760,716.4234008789062,697.2369995117188,97.24871826171875,99.47259521484375,44.25923538208008,695.94189453125,667.2791748046875,791.6749877929688,666.3236083984375,787.2547607421875,714.5316772460938,702.22216796875,713.7440795898438
3995,26,1568048116219,1530,0760,716.6799926757812,697.3876342773438,96.78697967529297,99.02291870117188,46.5318489074707,696.0269775390625,667.4666748046875,791.6749877929688,666.3236083984375,787.5340576171875,714.4659423828125,702.2241821289062,713.8914184570312
3996,26,1568048116231,1530,0760,716.6342163085938,697.476318359375,96.87361145019531,99.16278839111328,48.926021575927734,696.0269775390625,667.4666748046875,791.7601318359375,666.4267578125,787.5340576171875,714.4659423828125,702.2241821289062,713.8914184570312
3997,26,1568048116245,1530,0760,716.6400146484375,697.4137573242188,97.16910552978516,99.18329620361328,48.23407745361328,696.0,667.5,791.8822631835938,666.6986694335938,787.5667724609375,714.6780395507812,702.123779296875,714.0
3998,26,1568048116259,1530,0760,716.69921875,697.425537109375,97.30778503417969,99.59618377685547,51.537296295166016,696.0,667.5,791.8822631835938,666.6986694335938,787.5667724609375,714.6780395507812,702.123779296875,714.0
3999,26,1568048116272,1530,0760,716.6768798828125,697.674072265625,96.4504165649414,98.75957489013672,45.438175201416016,696.0,667.5,791.7262573242188,666.841552734375,787.3008422851562,714.9019165039062,702.2241821289062,714.1085815429688
4000,26,1568048116285,1530,0760,716.7345581054688,697.578857421875,97.22913360595703,99.68602752685547,55.15389633178711,696.0,667.5,791.694091796875,666.8045654296875,787.2535400390625,714.9111328125,702.2241821289062,714.1085815429688
4001,26,1568048116298,1530,0760,716.4537353515625,697.7555541992188,97.03772735595703,98.74049377441406,53.04270553588867,696.0,667.5,791.658447265625,666.7973022460938,787.2282104492188,714.908203125,702.2241821289062,714.1085815429688
4002,26,1568048116311,1530,0760,716.514892578125,697.7189331054688,97.0096664428711,98.81712341308594,54.7817497253418,696.0,667.5,791.4450073242188,666.719482421875,787.2282104492188,714.908203125,702.2241821289062,714.1085815429688
4003,26,1568048116324,1530,0760,716.5968017578125,697.619873046875,96.40930938720703,98.2784194946289,46.2782096862793,696.0,667.5,791.4450073242188,666.719482421875,787.268310546875,714.8768310546875,702.1236572265625,714.1236572265625
4004,26,1568048116337,1530,0760,716.537353515625,697.8297119140625,96.73001861572266,98.71701049804688,48.47292709350586,696.0,667.5,791.5,666.7264404296875,787.1528930664062,714.8471069335938,702.1236572265625,714.1236572265625
4005,26,1568048116350,1530,0760,716.5938110351562,697.7174682617188,96.49267578125,98.51519012451172,53.531410217285156,696.0,667.5,791.5,666.7695922851562,787.1528930664062,714.8471069335938,702.1236572265625,714.1236572265625
4006,26,1568048116363,1530,0760,716.4686889648438,697.7906494140625,96.379150390625,98.6571273803711,47.198673248291016,695.9791259765625,667.5679931640625,791.401611328125,666.7948608398438,787.1528930664062,714.8471069335938,702.22216796875,714.2559204101562
4007,26,1568048116376,1530,0760,716.5206298828125,697.8466186523438,95.98650360107422,98.07437133789062,43.09333419799805,695.9730224609375,667.5333251953125,791.401611328125,666.7948608398438,787.1528930664062,714.8471069335938,702.22216796875,714.2559204101562
4008,26,1568048116389,1530,0760,716.5319213867188,697.7616577148438,95.99954986572266,98.35890197753906,44.81464767456055,695.9730224609375,667.5333251953125,791.401611328125,666.7948608398438,787.1528930664062,714.8471069335938,702.22216796875,714.2559204101562
4009,26,1568048116402,1530,0760,716.5426025390625,697.8070068359375,95.44135284423828,97.5069351196289,41.585182189941406,696.0,667.5,791.506103515625,666.7160034179688,787.268310546875,714.8768310546875,702.1236572265625,714.1236572265625
4010,26,1568048116416,1530,0760,716.37646484375,697.474853515625,96.07621765136719,98.27421569824219,42.24299240112305,696.0,667.5,791.4450073242188,666.719482421875,787.1528930664062,714.8471069335938,702.1236572265625,714.1236572265625
4011,26,1568048116430,1530,0760,716.4007568359375,697.4575805664062,97.07858276367188,99.02323150634766,48.303871154785156,696.0,667.5,791.4450073242188,666.719482421875,787.1528930664062,714.8471069335938,702.1236572265625,714.1236572265625
4012,26,1568048116444,1530,0760,716.53955078125,697.599609375,96.25080108642578,98.44407653808594,51.878536224365234,696.0,667.5,791.483642578125,666.7091674804688,787.2282104492188,714.908203125,702.123779296875,714.0
4013,26,1568048116457,1530,0760,716.5958862304688,697.5545654296875,96.39999389648438,98.19392395019531,46.71493911743164,696.0,667.5,791.483642578125,666.7091674804688,787.2282104492188,714.908203125,702.123779296875,714.0
4014,26,1568048116470,1530,0760,716.6640014648438,697.4952392578125,96.7051773071289,98.77961730957031,50.06727981567383,696.0,667.5,791.483642578125,666.7091674804688,787.3008422851562,714.9019165039062,702.123779296875,714.0
4015,26,1568048116482,1530,0760,716.6154174804688,697.4867553710938,96.36475372314453,98.11986541748047,36.852596282958984,696.0,667.5,791.7139892578125,666.5516357421875,787.3150024414062,714.867919921875,702.123779296875,714.0
4016,26,1568048116496,1530,0760,716.5728759765625,697.4969482421875,96.78559112548828,98.34803009033203,40.17168045043945,696.0269775390625,667.4666748046875,791.6749877929688,666.3236083984375,787.1371459960938,714.594970703125,702.2241821289062,713.8914184570312
4017,26,1568048116509,1530,0760,716.4906005859375,697.4746704101562,96.46273040771484,98.18376922607422,46.09352493286133,696.0,667.3412475585938,791.6749877929688,666.3236083984375,787.1204223632812,714.507568359375,702.22216796875,713.7440795898438
4018,26,1568048116522,1530,0760,716.4925537109375,697.360107421875,96.56234741210938,98.65496063232422,47.29315948486328,695.8119506835938,667.0,791.6036987304688,666.2138061523438,787.1231689453125,714.5139770507812,702.1249389648438,713.5528564453125
4019,26,1568048116535,1530,0760,716.3573608398438,697.022705078125,96.15542602539062,97.81641387939453,35.20934295654297,695.7232666015625,666.89013671875,791.598388671875,666.2051391601562,787.00048828125,714.3908081054688,702.0,713.5
4020,26,1568048116548,1530,0760,716.3604736328125,696.9719848632812,96.03836822509766,97.734375,43.34494400024414,695.7232666015625,666.89013671875,791.4071655273438,666.1207885742188,786.8768310546875,714.268310546875,702.0,713.5
4021,26,1568048116562,1530,0760,716.3422241210938,696.9196166992188,96.07247161865234,98.52861022949219,47.01877975463867,695.6554565429688,666.8211059570312,791.4071655273438,666.1207885742188,786.8768310546875,714.268310546875,702.0,713.5288696289062
4022,26,1568048116577,1530,0760,716.2463989257812,697.1107788085938,96.01943969726562,98.34430694580078,51.29608154296875,695.6554565429688,666.8211059570312,791.4071655273438,666.1207885742188,786.8768310546875,714.268310546875,702.0,713.5288696289062
4023,26,1568048116591,1530,0760,716.2750244140625,697.100830078125,95.97929382324219,98.47081756591797,46.19560241699219,695.7784423828125,666.9373779296875,791.3524169921875,666.0556030273438,786.8768310546875,714.268310546875,702.0,713.5288696289062
4024,26,1568048116605,1530,0760,716.2484741210938,697.2230224609375,95.79904174804688,98.34355926513672,52.9103889465332,695.7784423828125,666.9373779296875,791.3524169921875,666.0556030273438,786.8768310546875,714.268310546875,702.0,713.5
4025,26,1568048116618,1530,0760,716.2811889648438,697.1495361328125,95.89213562011719,98.80291748046875,46.03447723388672,695.7232666015625,666.89013671875,791.5,666.1732788085938,786.8768310546875,714.268310546875,702.0,713.5
4026,26,1568048116631,1530,0760,716.3739624023438,697.0750732421875,95.90960693359375,98.48858642578125,45.64677429199219,695.7232666015625,666.89013671875,791.4210205078125,666.0918579101562,786.8768310546875,714.268310546875,702.0,713.5
4027,26,1568048116644,1530,0760,716.24072265625,697.15625,95.72127532958984,98.14498901367188,52.10358428955078,695.7232666015625,666.89013671875,791.4210205078125,666.0918579101562,786.8768310546875,714.268310546875,702.0,713.5
4028,26,1568048116658,1530,0760,716.1856689453125,697.1234741210938,96.18314361572266,98.42102813720703,51.04054260253906,695.7784423828125,666.9373779296875,791.3342895507812,666.0818481445312,787.002197265625,714.3555297851562,702.0,713.5
4029,26,1568048116671,1530,0760,716.2296752929688,697.23779296875,95.73578643798828,97.77471160888672,54.520694732666016,695.7232666015625,666.89013671875,791.3771362304688,666.234619140625,786.9111328125,714.2535400390625,702.0,713.5
4030,26,1568048116685,1530,0760,716.2682495117188,697.1824951171875,95.83016204833984,97.88095092773438,53.099849700927734,695.8204345703125,666.8930053710938,791.2351684570312,666.1748657226562,786.9019165039062,714.3008422851562,702.0,713.5
4031,26,1568048116697,1530,0760,716.2151489257812,697.3298950195312,95.4425277709961,97.5993423461914,49.112483978271484,695.8204345703125,666.8930053710938,791.2351684570312,666.1748657226562,786.9019165039062,714.3008422851562,702.0,713.5
4032,26,1568048116709,1530,0760,716.1293334960938,697.1383666992188,96.04325103759766,97.8160400390625,45.49089813232422,695.7857666015625,667.0,791.2857666015625,666.2123413085938,786.9019165039062,714.3008422851562,702.0,713.5
4033,26,1568048116721,1530,0760,716.0067138671875,697.064208984375,95.45006561279297,97.63411712646484,44.41791915893555,695.5,667.0,791.1539306640625,666.1887817382812,786.867919921875,714.3150024414062,701.785888671875,713.5
4034,26,1568048116734,1530,0760,715.9281005859375,697.0474243164062,95.59652709960938,98.17391204833984,46.67751693725586,695.5,667.0,791.1539306640625,666.1887817382812,786.73291015625,714.2216186523438,701.785888671875,713.5
4035,26,1568048116746,1530,0760,715.97998046875,697.0324096679688,95.4475326538086,97.78414154052734,44.99296569824219,695.5,666.8074340820312,791.1539306640625,666.1887817382812,786.6991577148438,714.0980834960938,701.785888671875,713.5
4036,26,1568048116758,1530,0760,716.060546875,696.9532470703125,95.336669921875,97.6047134399414,52.340843200683594,695.3401489257812,666.717529296875,791.0665283203125,666.0322265625,786.594970703125,714.1371459960938,701.785888671875,713.5
4037,26,1568048116771,1530,0760,715.9976806640625,697.0067749023438,95.38835906982422,97.48941802978516,48.96034622192383,695.3401489257812,666.717529296875,791.0665283203125,666.0322265625,786.594970703125,714.1371459960938,701.785888671875,713.5
4038,26,1568048116783,1530,0760,715.9846801757812,696.9183349609375,95.19451904296875,97.89908599853516,47.4986686706543,695.4063720703125,666.78173828125,791.0665283203125,666.0322265625,786.594970703125,714.1371459960938,701.785888671875,713.5
4039,26,1568048116795,1530,0760,716.0559692382812,697.08837890625,94.90097045898438,97.49630737304688,45.847923278808594,695.3914184570312,666.7875366210938,791.0665283203125,666.0322265625,786.594970703125,714.1371459960938,701.785888671875,713.5
4040,26,1568048116806,1530,0760,715.9732055664062,696.9236450195312,95.30956268310547,97.3883056640625,39.2788200378418,695.3914184570312,666.7875366210938,791.0665283203125,666.0322265625,786.594970703125,714.1371459960938,701.785888671875,713.5
4041,26,1568048116817,1530,0760,715.8865356445312,696.974853515625,94.69535064697266,97.05618286132812,48.80415725708008,695.5,667.0,791.1528930664062,666.1528930664062,786.6456298828125,714.2156372070312,701.785888671875,713.5
4042,26,1568048116829,1530,0760,716.1165161132812,697.2698364257812,95.23623657226562,97.48397064208984,40.632354736328125,695.5250854492188,666.8805541992188,791.169677734375,666.2408447265625,786.777587890625,714.4291381835938,701.785888671875,713.5
4043,26,1568048116841,1530,0760,716.095947265625,697.1835327148438,95.2542495727539,97.30300903320312,55.64358139038086,695.5,667.0,791.169677734375,666.2408447265625,786.744384765625,714.4161376953125,701.785888671875,713.5
4044,26,1568048116852,1530,0760,716.0918579101562,697.2791748046875,94.86031341552734,97.54820251464844,44.60788345336914,695.6422119140625,667.0969848632812,791.152099609375,666.1504516601562,786.7888793945312,714.4968872070312,701.8757934570312,713.6063842773438
4045,26,1568048116864,1530,0760,716.2265625,697.3532104492188,94.45207214355469,97.13548278808594,37.38118362426758,695.6903076171875,667.2030639648438,791.0889282226562,666.1973876953125,786.8236083984375,714.4365844726562,701.8757934570312,713.6063842773438
4046,26,1568048116876,1530,0760,716.1292724609375,697.4163208007812,96.11832427978516,97.62478637695312,27.0461483001709,695.6903076171875,667.2030639648438,791.0889282226562,666.1973876953125,786.7920532226562,714.4618530273438,701.8757934570312,713.6063842773438
4047,26,1568048116888,1530,0760,716.2304077148438,697.3855590820312,94.5566177368164,97.17557525634766,38.15205764770508,695.6903076171875,667.2030639648438,791.0889282226562,666.1973876953125,786.7920532226562,714.4618530273438,701.8757934570312,713.6063842773438
4048,26,1568048116900,1530,0760,716.2230834960938,697.1431274414062,94.75193786621094,97.2655258178711,32.345272064208984,695.768798828125,667.0,791.185791015625,666.2542724609375,786.867919921875,714.3150024414062,701.8757934570312,713.6063842773438
4049,26,1568048116911,1530,0760,716.23828125,697.1399536132812,94.29830932617188,96.86381530761719,39.14479446411133,695.5034790039062,667.0,791.2409057617188,666.30419921875,786.8800048828125,714.2396850585938,701.8757934570312,713.6063842773438
4050,26,1568048116923,1530,0760,716.1878662109375,697.0804443359375,95.02884674072266,97.38611602783203,34.188316345214844,695.6085815429688,666.7875366210938,791.268310546875,666.1231689453125,786.8800048828125,714.2396850585938,701.785888671875,713.5
4051,27,1568048157668,1816,0760,685.8792114257812,704.6085205078125,84.42884826660156,90.03114318847656,32.04880142211914,679.6554565429688,673.8211059570312,780.4556274414062,673.1171875,775.4041137695312,722.4038696289062,686.0,720.31787109375
4052,27,1568048157682,1816,0760,685.8124389648438,704.6708374023438,85.16801452636719,89.80323028564453,35.231964111328125,679.6554565429688,673.8211059570312,780.4556274414062,673.1171875,775.4219970703125,722.4597778320312,686.0,720.31787109375
4053,27,1568048157697,1816,0760,685.7583618164062,704.694091796875,84.98046875,89.96541595458984,35.545894622802734,679.6554565429688,673.8211059570312,780.3008422851562,673.0558471679688,775.4041137695312,722.4038696289062,686.0,720.31787109375
4054,27,1568048157711,1816,0760,685.5081787109375,704.6843872070312,84.9234619140625,90.1767578125,35.599117279052734,679.6554565429688,673.8211059570312,780.2679443359375,672.9751586914062,775.4031372070312,722.364501953125,685.8914184570312,720.2241821289062
4055,27,1568048157724,1816,0760,685.6456298828125,704.3226318359375,85.1589126586914,89.67969512939453,32.51277542114258,679.6851196289062,673.8291625976562,780.2679443359375,672.9751586914062,775.3228759765625,722.318115234375,685.8096313476562,720.1903686523438
4056,27,1568048157737,1816,0760,685.551025390625,704.390625,85.10552978515625,90.38816833496094,28.885610580444336,679.6085815429688,673.7875366210938,780.2679443359375,672.9751586914062,775.2634887695312,722.5023803710938,685.7758178710938,720.1085815429688
4057,27,1568048157749,1816,0760,685.6370849609375,704.4075317382812,85.02489471435547,90.26760864257812,29.790346145629883,679.6085815429688,673.7875366210938,780.2679443359375,672.9751586914062,775.3228759765625,722.318115234375,685.7758178710938,720.1085815429688
4058,27,1568048157760,1816,0760,685.646484375,704.3468627929688,84.92435455322266,89.84321594238281,31.446863174438477,679.6104125976562,673.6369018554688,780.2933959960938,672.9598388671875,775.2852783203125,722.250244140625,685.7758178710938,720.1085815429688
4059,27,1568048157774,1816,0760,685.62939453125,704.2146606445312,84.8227310180664,89.59960174560547,33.29859161376953,679.4603271484375,673.5,780.120361328125,672.8784790039062,775.327392578125,722.2180786132812,685.7758178710938,719.8914184570312
4060,27,1568048157787,1816,0760,685.5932006835938,704.1744995117188,84.568115234375,89.33216094970703,31.770540237426758,679.5,673.5,780.120361328125,672.8784790039062,775.2905883789062,722.1553955078125,685.8096313476562,719.8096313476562
4061,27,1568048157802,1816,0760,685.6402587890625,704.0662841796875,85.04190063476562,89.48409271240234,33.176780700683594,679.4578857421875,673.3795166015625,780.2511596679688,672.7546997070312,775.519775390625,721.9796142578125,685.9310913085938,719.7193603515625
4062,27,1568048157815,1816,0760,685.7376098632812,704.0074462890625,84.764404296875,89.49252319335938,29.934371948242188,679.5,673.2942504882812,780.2644653320312,672.709716796875,775.4699096679688,722.0342407226562,685.911376953125,719.5755004882812
4063,27,1568048157828,1816,0760,685.63671875,703.8574829101562,84.83377838134766,89.72930145263672,30.55409812927246,679.6085815429688,673.2124633789062,780.16259765625,672.627197265625,775.4305419921875,721.7661743164062,685.911376953125,719.5755004882812
4064,27,1568048157843,1816,0760,685.6181640625,703.7053833007812,85.29913330078125,89.67131805419922,32.4565544128418,679.6085815429688,673.2124633789062,780.16259765625,672.627197265625,775.4305419921875,721.7661743164062,685.911376953125,719.5755004882812
4065,27,1568048157856,1816,0760,685.5240478515625,703.7906494140625,84.92621612548828,89.58897399902344,30.148874282836914,679.6851196289062,673.1708374023438,780.2034301757812,672.56884765625,775.4305419921875,721.7661743164062,685.911376953125,719.5755004882812
4066,27,1568048157870,1816,0760,685.6248168945312,703.72021484375,85.80474853515625,89.38128662109375,34.80957794189453,679.6851196289062,673.1708374023438,780.2034301757812,672.56884765625,775.4380493164062,721.7927856445312,686.0,719.4711303710938
4067,27,1568048157884,1816,0760,685.5914916992188,703.7078857421875,85.08784484863281,89.16329956054688,31.90345001220703,679.6851196289062,673.1708374023438,780.290771484375,672.5377807617188,775.4566040039062,721.7658081054688,686.0,719.4711303710938
4068,27,1568048157897,1816,0760,685.455078125,703.6143188476562,85.42032623291016,90.16971588134766,31.659374237060547,679.6554565429688,673.1788940429688,780.290771484375,672.5377807617188,775.4971923828125,721.8078002929688,686.0,719.4711303710938
4069,27,1568048157909,1816,0760,685.4564819335938,703.5809326171875,85.55335235595703,89.23694610595703,31.429534912109375,679.6554565429688,673.1788940429688,780.290771484375,672.5377807617188,775.4788818359375,721.8348999023438,686.0,719.4711303710938
4070,27,1568048157922,1816,0760,685.580810546875,703.6282348632812,85.4821548461914,89.94049072265625,30.774599075317383,679.6554565429688,673.1788940429688,780.2970581054688,672.557373046875,775.3783569335938,721.793212890625,686.0,719.4711303710938
4071,27,1568048157935,1816,0760,685.450439453125,703.6536865234375,85.29247283935547,89.99005126953125,32.32681655883789,679.6851196289062,673.1708374023438,780.290771484375,672.5377807617188,775.3720092773438,721.7947387695312,686.0,719.4711303710938
4072,27,1568048157947,1816,0760,685.5230712890625,703.4308471679688,84.97305297851562,90.11976623535156,34.46845245361328,679.6085815429688,673.2124633789062,780.2034301757812,672.56884765625,775.324951171875,721.7484130859375,686.0,719.4711303710938
4073,27,1568048157961,1816,0760,685.4983520507812,703.4608764648438,84.87567138671875,90.04839324951172,35.884010314941406,679.6627197265625,673.2750854492188,780.15478515625,672.5140380859375,775.2391357421875,721.6357421875,686.0,719.5
4074,27,1568048157974,1816,0760,685.5582885742188,703.4554443359375,84.79873657226562,90.0019760131836,34.679080963134766,679.5,673.0,779.9866333007812,672.3660888671875,775.1968383789062,721.5509033203125,685.911376953125,719.4244995117188
4075,27,1568048157987,1816,0760,685.53125,703.3627319335938,84.87885284423828,89.93579864501953,32.06960678100586,679.1841430664062,672.9004516601562,779.9735717773438,672.3161010742188,775.2045288085938,721.572509765625,685.8060913085938,719.3341064453125
4076,27,1568048158002,1816,0760,685.4686889648438,703.4219360351562,85.82047271728516,90.2220687866211,30.322328567504883,679.1841430664062,672.9004516601562,779.9735717773438,672.3161010742188,775.2239379882812,721.5374145507812,685.7084350585938,719.2819213867188
4077,27,1568048158016,1816,0760,685.3651733398438,703.3723754882812,85.52276611328125,90.0984878540039,31.457683563232422,679.2210083007812,672.9432983398438,779.9110107421875,672.2833862304688,775.2045288085938,721.572509765625,685.7084350585938,719.2819213867188
4078,27,1568048158029,1816,0760,685.4095458984375,703.4033203125,85.42479705810547,90.56800079345703,31.31658172607422,679.2210083007812,672.9432983398438,779.8939208984375,672.2805786132812,774.9989624023438,721.5028686523438,685.6690063476562,719.2208862304688
4079,27,1568048158042,1816,0760,685.5643920898438,703.2203369140625,84.94700622558594,90.20553588867188,34.3372917175293,679.2215576171875,672.9373779296875,779.8939208984375,672.2805786132812,774.9989624023438,721.5028686523438,685.6690063476562,719.2208862304688
4080,27,1568048158055,1816,0760,685.4402465820312,703.3004760742188,85.84971618652344,90.51614379882812,33.41817855834961,679.2210083007812,672.9432983398438,779.8939208984375,672.2805786132812,774.9989624023438,721.5028686523438,685.7758178710938,719.1085815429688
4081,27,1568048158067,1816,0760,685.4531860351562,703.32958984375,85.83576965332031,89.80207824707031,30.394350051879883,679.3148803710938,672.8291625976562,779.8939208984375,672.2805786132812,774.9989624023438,721.5028686523438,685.7758178710938,719.1085815429688
4082,27,1568048158083,1816,0760,685.43310546875,703.3298950195312,85.6823959350586,90.4211196899414,32.82455825805664,679.3148803710938,672.8291625976562,779.8939208984375,672.2805786132812,774.9989624023438,721.5028686523438,685.8096313476562,719.1903686523438
4083,27,1568048158096,1816,0760,685.5108642578125,703.3414916992188,85.02009582519531,90.5223388671875,33.650306701660156,679.5,672.6854858398438,779.95556640625,672.3919067382812,775.2239379882812,721.5374145507812,685.8914184570312,719.2241821289062
4084,27,1568048158108,1816,0760,685.5758056640625,703.3113403320312,85.47631072998047,90.39862823486328,36.549198150634766,679.7591552734375,672.7601928710938,780.0999145507812,672.2695922851562,775.3057861328125,721.548583984375,685.8060913085938,719.3341064453125
4085,27,1568048158120,1816,0760,685.763427734375,703.3987426757812,85.20806884765625,90.28006744384766,29.794544219970703,679.8158569335938,672.9004516601562,780.1846313476562,672.3058471679688,775.3334350585938,721.4951782226562,686.0,719.31787109375
4086,27,1568048158133,1816,0760,685.810546875,703.2848510742188,85.79415130615234,90.5167236328125,31.129043579101562,679.768798828125,673.0,780.226806640625,672.382080078125,775.3334350585938,721.4951782226562,686.0,719.5288696289062
4087,27,1568048158146,1816,0760,685.783447265625,703.3760375976562,84.71300506591797,90.37554931640625,35.001304626464844,679.7232666015625,673.10986328125,780.4502563476562,672.4398193359375,775.3555908203125,721.6920166015625,686.0,719.5288696289062
4088,27,1568048158159,1816,0760,685.5194702148438,703.555419921875,85.85818481445312,90.95426177978516,38.45524978637695,679.7232666015625,673.10986328125,780.4502563476562,672.4398193359375,775.3555908203125,721.6920166015625,686.0,719.5288696289062
4089,27,1568048158172,1816,0760,685.4783325195312,703.45458984375,85.6537094116211,90.325927734375,36.76679611206055,679.7232666015625,673.10986328125,780.4502563476562,672.4398193359375,775.3555908203125,721.6920166015625,686.0,719.5288696289062
4090,27,1568048158186,1816,0760,685.6119384765625,703.4901733398438,85.82501983642578,90.5051498413086,37.738853454589844,679.7784423828125,673.0626220703125,780.2980346679688,672.4971923828125,775.3555908203125,721.6920166015625,686.0,719.5288696289062
4091,27,1568048158200,1816,0760,685.5989990234375,703.4144897460938,85.68235778808594,90.41151428222656,34.471405029296875,679.7784423828125,673.0626220703125,780.2980346679688,672.4971923828125,775.3555908203125,721.6920166015625,686.0,719.5288696289062
4092,27,1568048158212,1816,0760,685.6664428710938,703.4285888671875,85.62989807128906,90.55581665039062,33.5460090637207,679.7784423828125,673.0626220703125,780.2980346679688,672.4971923828125,775.3555908203125,721.6920166015625,686.0,719.5288696289062
4093,27,1568048158224,1816,0760,685.7932739257812,703.3941650390625,85.31721496582031,89.76686096191406,35.908931732177734,679.7784423828125,673.0626220703125,780.2980346679688,672.4971923828125,775.3555908203125,721.6920166015625,686.0,719.5288696289062
4094,27,1568048158239,1816,0760,685.5612182617188,703.4067993164062,85.3413314819336,90.48020935058594,37.946533203125,679.7784423828125,673.0626220703125,780.2980346679688,672.4971923828125,775.3555908203125,721.6920166015625,686.0,719.5288696289062
4095,27,1568048158253,1816,0760,685.7093505859375,703.4832763671875,85.01459503173828,90.1705322265625,34.62636947631836,679.7784423828125,673.0626220703125,780.2980346679688,672.4971923828125,775.3555908203125,721.6920166015625,686.0,719.5288696289062
4096,27,1568048158267,1816,0760,685.502685546875,703.49560546875,86.05424499511719,90.96046447753906,34.63859558105469,679.7784423828125,673.0626220703125,780.2980346679688,672.4971923828125,775.3555908203125,721.6920166015625,686.0,719.5288696289062
4097,27,1568048158280,1816,0760,685.6512451171875,703.2891235351562,85.23998260498047,90.6859359741211,36.470367431640625,679.7784423828125,673.0626220703125,780.2980346679688,672.4971923828125,775.4369506835938,721.5415649414062,686.0,719.5288696289062
4098,27,1568048158292,1816,0760,685.64208984375,703.296875,85.37088775634766,90.6493911743164,36.32164764404297,679.7784423828125,673.0626220703125,780.2980346679688,672.4971923828125,775.4369506835938,721.5415649414062,686.0,719.5288696289062
4099,27,1568048158304,1816,0760,685.9822998046875,703.4044189453125,84.99687194824219,90.249267578125,36.1427001953125,679.8119506835938,673.0,780.4502563476562,672.4398193359375,775.4369506835938,721.5415649414062,686.0,719.5288696289062
4100,27,1568048158318,1816,0760,685.99755859375,703.3558959960938,85.11437225341797,89.93475341796875,34.609283447265625,679.8119506835938,673.0,780.4502563476562,672.4398193359375,775.4369506835938,721.5415649414062,686.0,719.5288696289062
4101,27,1568048158330,1816,0760,685.9063720703125,703.3126831054688,85.0067367553711,90.22509765625,34.603050231933594,679.8119506835938,673.0,780.4502563476562,672.4398193359375,775.5275268554688,721.5275268554688,686.0,719.5288696289062
4102,27,1568048158343,1816,0760,686.0469360351562,703.4336547851562,85.31450653076172,90.25346374511719,34.9195556640625,679.8119506835938,673.0,780.4502563476562,672.4398193359375,775.5275268554688,721.5275268554688,686.088623046875,719.4244995117188
4103,27,1568048158355,1816,0760,686.053466796875,703.2799072265625,84.96883392333984,90.06724548339844,37.68000411987305,679.8119506835938,673.0,780.5061645507812,672.3673706054688,775.5275268554688,721.5275268554688,686.088623046875,719.4244995117188
4104,27,1568048158366,1816,0760,685.9996948242188,703.3379516601562,85.24870300292969,90.2192611694336,36.599708557128906,679.8119506835938,673.0,780.5061645507812,672.3673706054688,775.4528198242188,721.3092041015625,686.088623046875,719.4244995117188
4105,27,1568048158378,1816,0760,686.1454467773438,703.2909545898438,84.69438934326172,90.12471771240234,37.311370849609375,679.8893432617188,672.963134765625,780.5061645507812,672.3673706054688,775.4528198242188,721.3092041015625,686.088623046875,719.4244995117188
4106,27,1568048158390,1816,0760,685.9837646484375,703.2044677734375,85.06480407714844,90.53610229492188,37.06741714477539,679.8893432617188,672.963134765625,780.5061645507812,672.3673706054688,775.4528198242188,721.3092041015625,686.088623046875,719.4244995117188
4107,27,1568048158402,1816,0760,685.9003295898438,703.2635498046875,85.08682250976562,90.29328918457031,35.95378875732422,680.0,673.0,780.5231323242188,672.3912353515625,775.4252319335938,721.2761840820312,686.088623046875,719.4244995117188
4108,27,1568048158413,1816,0760,685.8692626953125,703.4437866210938,85.23297882080078,90.49241638183594,34.49616241455078,680.0,673.0,780.5231323242188,672.3912353515625,775.4252319335938,721.2761840820312,686.088623046875,719.4244995117188
4109,27,1568048158424,1816,0760,686.0235595703125,703.3466796875,85.3006591796875,90.57152557373047,33.421627044677734,680.0,673.0,780.5231323242188,672.3912353515625,775.4252319335938,721.2761840820312,686.088623046875,719.4244995117188
4110,27,1568048158437,1816,0760,685.7924194335938,703.4088745117188,85.54061889648438,90.58890533447266,41.29790496826172,680.0,673.0,780.5231323242188,672.3912353515625,775.4556274414062,721.2437744140625,686.088623046875,719.4244995117188
4111,27,1568048158451,1816,0760,685.9108276367188,703.1985473632812,85.580078125,90.59657287597656,36.4591064453125,680.0,673.0,780.516357421875,672.3142700195312,775.3926391601562,721.3026733398438,686.2915649414062,719.2819213867188
4112,27,1568048158466,1816,0760,686.0269775390625,703.2875366210938,85.83717346191406,90.90678405761719,37.37078857421875,680.0,673.0,780.516357421875,672.3142700195312,775.3926391601562,721.3026733398438,686.2915649414062,719.2819213867188
4113,27,1568048158480,1816,0760,686.074951171875,703.1895141601562,85.92510986328125,90.31884765625,39.42503356933594,680.0,673.0,780.5604248046875,672.2974243164062,775.3926391601562,721.3026733398438,686.2915649414062,719.2819213867188
4114,27,1568048158493,1816,0760,686.1724853515625,703.1494140625,85.7994155883789,90.6894302368164,37.619659423828125,679.8969116210938,672.906494140625,780.537841796875,672.1112670898438,775.4722290039062,721.1734008789062,686.1903686523438,719.1903686523438
4115,27,1568048158505,1816,0760,686.0192260742188,703.1776733398438,85.7659912109375,90.89977264404297,37.70441436767578,679.8969116210938,672.906494140625,780.537841796875,672.1112670898438,775.5206298828125,721.2276000976562,686.1903686523438,719.1903686523438
4116,27,1568048158517,1816,0760,685.924560546875,703.1732788085938,85.73072814941406,90.07661437988281,35.336090087890625,680.0,672.77392578125,780.537841796875,672.1112670898438,775.5206298828125,721.2276000976562,686.1903686523438,719.1903686523438
4117,27,1568048158529,1816,0760,685.884765625,703.3307495117188,85.4352798461914,89.90290069580078,35.95637130737305,680.0,672.77392578125,780.5778198242188,672.1023559570312,775.67578125,721.1627197265625,686.1903686523438,719.1903686523438
4118,27,1568048158542,1816,0760,685.8988647460938,703.2058715820312,85.23067474365234,90.15079498291016,34.632572174072266,679.9923095703125,672.74853515625,780.537841796875,672.1112670898438,775.67578125,721.1627197265625,686.1903686523438,719.1903686523438
4119,27,1568048158555,1816,0760,685.870849609375,703.1357421875,85.09152221679688,90.15587615966797,35.74346923828125,679.9923095703125,672.74853515625,780.5778198242188,672.1023559570312,775.67578125,721.1627197265625,686.1903686523438,719.1903686523438
4120,27,1568048158568,1816,0760,685.9244384765625,703.1878662109375,85.0701904296875,90.08544158935547,36.11371612548828,679.8814086914062,672.686279296875,780.5611572265625,672.1229858398438,775.67578125,721.1627197265625,686.1903686523438,719.1903686523438
4121,27,1568048158580,1816,0760,685.8588256835938,703.1619873046875,85.27777862548828,89.66506958007812,38.54106140136719,679.880615234375,672.6416015625,780.5778198242188,672.1023559570312,775.67578125,721.1627197265625,686.1903686523438,719.1903686523438
4122,27,1568048158593,1816,0760,686.0072021484375,703.1117553710938,85.41039276123047,90.05419921875,34.387413024902344,679.9730224609375,672.5333251953125,780.5778198242188,672.1023559570312,775.5206298828125,721.2276000976562,686.1903686523438,719.1903686523438
4123,27,1568048158607,1816,0760,685.8800659179688,702.8508911132812,85.35157775878906,90.24665069580078,38.880367279052734,680.159423828125,672.599609375,780.4732055664062,672.1271362304688,775.6649780273438,721.1381225585938,686.31787109375,719.0
4124,27,1568048158621,1816,0760,685.95458984375,703.0708618164062,86.04752349853516,90.28572845458984,37.70058822631836,680.159423828125,672.599609375,780.4732055664062,672.1271362304688,775.6649780273438,721.1381225585938,686.31787109375,719.0
4125,27,1568048158634,1816,0760,685.89892578125,703.0481567382812,85.14990997314453,90.19490051269531,36.063114166259766,680.159423828125,672.599609375,780.5299072265625,672.1220703125,775.6649780273438,721.1381225585938,686.31787109375,719.0
4126,27,1568048158648,1816,0760,685.9218139648438,703.1348266601562,85.31796264648438,90.26305389404297,34.60335159301758,680.159423828125,672.599609375,780.5299072265625,672.1220703125,775.6649780273438,721.1381225585938,686.31787109375,719.0
4127,27,1568048158661,1816,0760,686.090576171875,703.1497802734375,84.5102310180664,88.95470428466797,36.13892364501953,680.159423828125,672.599609375,780.5299072265625,672.1220703125,775.642333984375,721.1314086914062,686.2077026367188,719.0970458984375
4128,27,1568048158674,1816,0760,686.0045166015625,703.1791381835938,85.3304672241211,90.21949768066406,37.48761749267578,680.159423828125,672.599609375,780.5299072265625,672.1220703125,775.642333984375,721.1314086914062,686.2077026367188,719.0970458984375
4129,27,1568048158687,1816,0760,686.317138671875,703.1046752929688,84.47955322265625,89.4968490600586,31.37297248840332,680.2213134765625,672.828369140625,780.5640869140625,672.250732421875,775.642333984375,721.1314086914062,686.3627319335938,719.2649536132812
4130,27,1568048158699,1816,0760,686.1124267578125,703.0551147460938,84.81111145019531,89.6248779296875,33.26621627807617,680.3017578125,672.8533325195312,780.6690063476562,672.2914428710938,775.642333984375,721.1314086914062,686.5,719.3045654296875
4131,27,1568048158712,1816,0760,686.2537231445312,703.1820678710938,84.28668212890625,89.46392822265625,31.311368942260742,680.3445434570312,672.8211059570312,780.6690063476562,672.2914428710938,775.7529907226562,721.0797119140625,686.5,719.3045654296875
4132,27,1568048158725,1816,0760,685.9924926757812,703.075927734375,84.82251739501953,90.08049774169922,40.47929763793945,680.3445434570312,672.8211059570312,780.6690063476562,672.2914428710938,775.7529907226562,721.0797119140625,686.5,719.3045654296875
4133,27,1568048158738,1816,0760,686.0138549804688,702.9077758789062,84.8591537475586,89.23635864257812,38.935794830322266,680.3445434570312,672.8211059570312,780.6690063476562,672.2914428710938,775.7529907226562,721.0797119140625,686.529052734375,719.2399291992188
4134,27,1568048158751,1816,0760,686.0029907226562,703.0414428710938,84.53086853027344,89.18614959716797,36.75425338745117,680.3621826171875,672.7612915039062,780.614501953125,672.1422119140625,775.7506103515625,721.0629272460938,686.529052734375,719.2399291992188
4135,27,1568048158765,1816,0760,686.1254272460938,703.0,84.39540100097656,89.73872375488281,35.53339767456055,680.297119140625,672.660888671875,780.5322875976562,672.1136474609375,775.7622680664062,721.0060424804688,686.3740234375,719.094970703125
4136,27,1568048158779,1816,0760,686.1693115234375,703.0810546875,84.21337127685547,89.27786254882812,35.789466857910156,680.297119140625,672.660888671875,780.5759887695312,672.0623168945312,775.7622680664062,721.0060424804688,686.3740234375,719.094970703125
4137,27,1568048158794,1816,0760,686.0752563476562,703.1270141601562,83.87590026855469,89.22706604003906,36.94675827026367,680.159423828125,672.599609375,780.5759887695312,672.0623168945312,775.7622680664062,721.0060424804688,686.3740234375,719.094970703125
4138,27,1568048158808,1816,0760,686.129150390625,703.05078125,83.58726501464844,88.7000732421875,36.457603454589844,680.159423828125,672.599609375,780.5322875976562,672.1136474609375,775.7622680664062,721.0060424804688,686.3740234375,719.094970703125
4139,27,1568048158820,1816,0760,686.1181030273438,703.052978515625,83.83784484863281,88.68648529052734,38.961421966552734,680.159423828125,672.599609375,780.5322875976562,672.1136474609375,775.7622680664062,721.0060424804688,686.3740234375,719.094970703125
4140,27,1568048158832,1816,0760,685.961669921875,702.9852294921875,84.0061264038086,88.61520385742188,35.46013641357422,680.1602172851562,672.6583251953125,780.5322875976562,672.1136474609375,775.7640991210938,721.0641479492188,686.3740234375,719.094970703125
4141,27,1568048158845,1816,0760,686.0811157226562,702.9842529296875,83.5465316772461,88.2269287109375,38.69549560546875,680.1602172851562,672.6583251953125,780.5759887695312,672.0623168945312,775.6405639648438,721.0047607421875,686.2538452148438,719.0
4142,27,1568048158858,1816,0760,686.0719604492188,702.8948364257812,83.8201904296875,88.72157287597656,35.98768997192383,680.0606079101562,672.517822265625,780.5759887695312,672.0623168945312,775.6405639648438,721.0047607421875,686.2538452148438,719.0
4143,27,1568048158871,1816,0760,685.959716796875,702.8945922851562,83.3506851196289,88.14075469970703,36.45177459716797,680.0,672.5,780.5322875976562,672.1136474609375,775.6434326171875,721.0510864257812,686.2538452148438,719.0
4144,27,1568048158883,1816,0760,685.9793090820312,702.88818359375,83.58858489990234,88.1797866821289,34.20465087890625,680.0,672.5,780.5611572265625,672.1229858398438,775.4775390625,720.9962768554688,686.31787109375,719.0
4145,27,1568048158896,1816,0760,685.7924194335938,702.9197387695312,83.8009033203125,88.24150085449219,34.769989013671875,680.0,672.5,780.5611572265625,672.1229858398438,775.3766479492188,721.0964965820312,686.31787109375,719.0
4146,27,1568048158909,1816,0760,685.6526489257812,703.0094604492188,83.94375610351562,88.67382049560547,34.54111099243164,680.0,672.5,780.4694213867188,671.9758911132812,775.3814697265625,721.08740234375,686.31787109375,719.0
4147,27,1568048158922,1816,0760,685.4896240234375,703.0485229492188,83.35250091552734,88.47673797607422,39.45643615722656,680.0,672.5,780.182373046875,672.0462036132812,775.368896484375,721.000244140625,686.2241821289062,718.8914184570312
4148,27,1568048158935,1816,0760,685.8336181640625,702.97998046875,83.18643188476562,87.94385528564453,34.39166259765625,680.0,672.5,780.182373046875,672.0462036132812,775.368896484375,721.000244140625,686.2241821289062,718.8914184570312
4149,27,1568048158949,1816,0760,685.8533325195312,702.953369140625,83.15034484863281,87.90807342529297,35.03919982910156,680.0,672.5,780.0933227539062,671.8590087890625,775.3675537109375,720.9791870117188,686.2241821289062,718.8914184570312
4150,27,1568048158962,1816,0760,685.7186889648438,702.8096923828125,83.60364532470703,88.89147186279297,33.9055061340332,680.0,672.5,780.0933227539062,671.8590087890625,775.3675537109375,720.9791870117188,686.2241821289062,718.8914184570312
4151,27,1568048158976,1816,0760,685.873291015625,702.8280029296875,83.04663848876953,87.71448516845703,32.56827163696289,680.0,672.5,780.0933227539062,671.8590087890625,775.4779663085938,720.9147338867188,686.2241821289062,718.8914184570312
4152,27,1568048158988,1816,0760,685.5701904296875,702.9257202148438,83.72688293457031,88.37943267822266,38.7477912902832,680.0,672.5,780.2808227539062,671.6495361328125,775.4779663085938,720.9147338867188,686.2241821289062,718.8914184570312
4153,27,1568048159002,1816,0760,685.7509155273438,702.8942260742188,82.93030548095703,87.42457580566406,37.015785217285156,680.0,672.5,780.4853515625,671.7845458984375,775.625244140625,720.7613525390625,686.2241821289062,718.8914184570312
4154,27,1568048159015,1816,0760,685.8471069335938,702.8809204101562,83.14447021484375,87.48040008544922,39.658390045166016,680.0,672.5,780.5744018554688,671.900634765625,775.625244140625,720.7613525390625,686.2241821289062,718.8914184570312
4155,27,1568048159029,1816,0760,685.8350219726562,702.7837524414062,82.97838592529297,87.64944458007812,41.10914611816406,680.0,672.5,780.5744018554688,671.900634765625,775.6056518554688,720.755126953125,686.2241821289062,718.8914184570312
4156,27,1568048159042,1816,0760,685.8321533203125,702.911865234375,83.14640808105469,88.05220031738281,40.45097351074219,680.0,672.5,780.5744018554688,671.900634765625,775.6056518554688,720.755126953125,686.2241821289062,718.8914184570312
4157,27,1568048159055,1816,0760,685.8710327148438,702.9251708984375,83.16698455810547,87.74915313720703,37.62241744995117,680.0,672.5,780.5744018554688,671.900634765625,775.6056518554688,720.755126953125,686.2241821289062,718.8914184570312
4158,27,1568048159068,1816,0760,685.9739990234375,702.8878173828125,82.95368194580078,88.05766296386719,36.5744743347168,680.0,672.5,780.5744018554688,671.900634765625,775.6056518554688,720.755126953125,686.31787109375,719.0
4159,27,1568048159082,1816,0760,685.6503295898438,702.9229125976562,83.50750732421875,87.41688537597656,41.85277557373047,680.0,672.5,780.4381103515625,672.0025024414062,775.6708984375,720.796630859375,686.31787109375,719.0
4160,27,1568048159098,1816,0760,685.8350219726562,703.0424194335938,83.64556884765625,88.293701171875,43.18867111206055,680.0,672.5,780.4381103515625,672.0025024414062,775.6708984375,720.796630859375,686.31787109375,719.0
4161,27,1568048159112,1816,0760,685.9513549804688,702.97119140625,83.26526641845703,87.47002410888672,39.09376907348633,680.0,672.5,780.4381103515625,672.0025024414062,775.621826171875,720.8900756835938,686.31787109375,719.0
4162,27,1568048159126,1816,0760,685.8960571289062,703.0509643554688,83.53803253173828,87.45979309082031,35.2403564453125,680.0,672.5,780.4381103515625,672.0025024414062,775.621826171875,720.8900756835938,686.31787109375,719.0
4163,27,1568048159139,1816,0760,685.8618774414062,702.8463745117188,82.82000732421875,86.8600082397461,42.68349075317383,680.0,672.5,780.4781494140625,672.0031127929688,775.621826171875,720.8900756835938,686.31787109375,719.0
4164,27,1568048159152,1816,0760,685.8673706054688,702.8745727539062,83.40436553955078,87.45177459716797,36.72537612915039,680.0,672.5,780.4989624023438,671.9926147460938,775.621826171875,720.8900756835938,686.31787109375,719.0
4165,27,1568048159165,1816,0760,685.868896484375,702.7278442382812,82.85884094238281,87.24164581298828,36.847679138183594,680.0,672.5,780.4989624023438,671.9926147460938,775.621826171875,720.8900756835938,686.31787109375,719.0
4166,27,1568048159178,1816,0760,685.9019775390625,702.6964721679688,82.82655334472656,87.25955963134766,37.802276611328125,680.0,672.5,780.4989624023438,671.9926147460938,775.6708984375,720.796630859375,686.31787109375,719.0
4167,27,1568048159192,1816,0760,685.8372802734375,702.6993408203125,83.5280532836914,87.79124450683594,38.203468322753906,680.0,672.5,780.591064453125,671.8964233398438,775.6708984375,720.796630859375,686.2241821289062,718.8914184570312
4168,27,1568048159205,1816,0760,685.8272094726562,702.7049560546875,83.07208251953125,87.53358459472656,40.42501449584961,680.0,672.5,780.591064453125,671.8964233398438,775.6056518554688,720.755126953125,686.2241821289062,718.8914184570312
4169,27,1568048159218,1816,0760,685.750244140625,702.8641357421875,82.81234741210938,88.26377868652344,38.985416412353516,680.0,672.5,780.5744018554688,671.900634765625,775.6056518554688,720.755126953125,686.2241821289062,718.8914184570312
4170,27,1568048159232,1816,0760,685.7326049804688,702.7756958007812,83.23089599609375,87.78827667236328,38.742408752441406,680.0,672.5,780.5744018554688,671.900634765625,775.6056518554688,720.755126953125,686.2241821289062,718.8914184570312
4171,27,1568048159246,1816,0760,685.9002075195312,702.9424438476562,82.9740982055664,87.65027618408203,32.42374801635742,680.0,672.5,780.4989624023438,671.9926147460938,775.4951171875,721.005126953125,686.31787109375,719.0
4172,27,1568048159259,1816,0760,685.9352416992188,702.6976928710938,82.919677734375,87.78349304199219,32.866085052490234,680.0,672.5,780.4989624023438,671.9926147460938,775.4951171875,721.005126953125,686.31787109375,719.0
4173,27,1568048159273,1816,0760,686.0490112304688,702.6837158203125,82.87969207763672,87.9483642578125,31.236112594604492,680.0,672.5,780.4989624023438,671.9926147460938,775.6585693359375,720.8470458984375,686.31787109375,719.0
4174,27,1568048159285,1816,0760,686.0623168945312,702.657958984375,83.12394714355469,88.143310546875,34.397796630859375,680.0,672.5,780.4853515625,671.7845458984375,775.6376342773438,720.783935546875,686.31787109375,719.0
4175,27,1568048159298,1816,0760,686.1573486328125,702.72314453125,82.66590118408203,87.42048645019531,36.70612716674805,680.0,672.5,780.4993896484375,671.7369995117188,775.6376342773438,720.783935546875,686.2241821289062,718.8914184570312
4176,27,1568048159311,1816,0760,686.0675048828125,702.5075073242188,83.14505767822266,87.51419830322266,37.821590423583984,680.0,672.5,780.6273803710938,671.767578125,775.625244140625,720.7613525390625,686.2241821289062,718.8914184570312
4177,27,1568048159324,1816,0760,685.9044189453125,702.5281372070312,82.68704223632812,86.99452209472656,35.83008575439453,680.0208740234375,672.4320068359375,780.4993896484375,671.7369995117188,775.6251831054688,720.6902465820312,686.2241821289062,718.8914184570312
4178,27,1568048159336,1816,0760,685.964111328125,702.5650634765625,83.17554473876953,87.6759033203125,39.024654388427734,680.1602172851562,672.3416748046875,780.4993896484375,671.7369995117188,775.6251831054688,720.6902465820312,686.2241821289062,718.8914184570312
4179,27,1568048159349,1816,0760,686.0577392578125,702.5736083984375,82.82190704345703,87.4675064086914,33.34387969970703,680.1602172851562,672.3416748046875,780.5271606445312,671.6156005859375,775.6251831054688,720.6902465820312,686.2241821289062,718.8914184570312
4180,27,1568048159364,1816,0760,686.0227661132812,702.6895751953125,82.65890502929688,87.3663558959961,36.14644241333008,680.159423828125,672.400390625,780.47607421875,671.5615234375,775.6251831054688,720.6902465820312,686.2241821289062,718.8914184570312
4181,27,1568048159378,1816,0760,685.9896240234375,702.516845703125,82.94390869140625,87.07613372802734,31.302656173706055,680.159423828125,672.400390625,780.4471435546875,671.6978759765625,775.6251831054688,720.6902465820312,686.2241821289062,718.8914184570312
4182,27,1568048159391,1816,0760,685.9083862304688,702.6681518554688,83.14098358154297,87.7330093383789,33.7348747253418,680.0,672.4257202148438,780.4402465820312,671.69287109375,775.6251831054688,720.6902465820312,686.2241821289062,718.8914184570312
4183,27,1568048159403,1816,0760,685.9853515625,702.4642333984375,83.08171844482422,88.03460693359375,30.239728927612305,679.9791259765625,672.4320068359375,780.4541625976562,671.670654296875,775.7057495117188,720.6128540039062,686.1236572265625,718.8763427734375
4184,27,1568048159416,1816,0760,685.8206176757812,702.47998046875,83.55078887939453,88.38214874267578,35.775508880615234,679.9791259765625,672.4320068359375,780.4541625976562,671.670654296875,775.7057495117188,720.6128540039062,686.1236572265625,718.8763427734375
4185,27,1568048159427,1816,0760,686.0194702148438,702.503173828125,82.693603515625,86.94849395751953,33.49726486206055,679.840576171875,672.400390625,780.5227661132812,671.635009765625,775.560791015625,720.654541015625,686.1085815429688,718.7758178710938
4186,27,1568048159439,1816,0760,685.6557006835938,702.3435668945312,83.30941772460938,87.77423858642578,36.03334426879883,679.740966796875,672.199462890625,780.5227661132812,671.635009765625,775.5960693359375,720.6182250976562,686.1939086914062,718.6658935546875
4187,27,1568048159453,1816,0760,686.0567626953125,702.2789916992188,82.45841217041016,87.1445083618164,32.06631851196289,679.8033447265625,672.136962890625,780.4173583984375,671.5148315429688,775.5,720.5,686.088623046875,718.5755004882812
4188,27,1568048159466,1816,0760,685.940673828125,702.3782958984375,83.25399017333984,87.22561645507812,32.98563766479492,679.8033447265625,672.136962890625,780.4173583984375,671.5148315429688,775.5,720.5,686.0,718.4711303710938
4189,27,1568048159481,1816,0760,685.864013671875,702.4171752929688,83.34901428222656,87.72712707519531,39.207359313964844,679.8033447265625,672.136962890625,780.4105224609375,671.5120239257812,775.5,720.5,686.0,718.4711303710938
4190,27,1568048159495,1816,0760,685.8065795898438,702.3587036132812,83.59425354003906,87.9106216430664,40.65072250366211,679.8033447265625,672.136962890625,780.4105224609375,671.5120239257812,775.5,720.5,686.0,718.4711303710938
4191,27,1568048159508,1816,0760,685.7643432617188,702.0771484375,83.80931854248047,87.91448974609375,36.650238037109375,679.7232666015625,672.10986328125,780.4105224609375,671.5120239257812,775.5,720.5,686.0,718.4711303710938
4192,27,1568048159521,1816,0760,685.7099609375,702.257568359375,83.90950012207031,88.41033935546875,34.41286849975586,679.7232666015625,672.10986328125,780.4105224609375,671.5120239257812,775.4834594726562,720.5216674804688,686.0,718.4711303710938
4193,27,1568048159533,1816,0760,685.8433837890625,702.278076171875,83.53065490722656,87.74139404296875,36.66238784790039,679.8033447265625,672.136962890625,780.2970581054688,671.557373046875,775.5,720.5,686.088623046875,718.5755004882812
4194,27,1568048159545,1816,0760,685.993408203125,702.1245727539062,83.57383728027344,87.723876953125,34.940467834472656,679.8033447265625,672.136962890625,780.290771484375,671.5377807617188,775.5,720.5,686.088623046875,718.5755004882812
4195,27,1568048159556,1816,0760,685.7753295898438,702.5302734375,83.15453338623047,88.50274658203125,38.69629669189453,679.8814086914062,672.313720703125,780.5227661132812,671.635009765625,775.560791015625,720.654541015625,686.1939086914062,718.6658935546875
4196,27,1568048159569,1816,0760,686.0629272460938,702.5113525390625,83.90541076660156,88.8182144165039,39.32917022705078,679.8814086914062,672.313720703125,780.5227661132812,671.635009765625,775.560791015625,720.654541015625,686.1939086914062,718.6658935546875
4197,27,1568048159581,1816,0760,686.1383056640625,702.4705810546875,83.86061096191406,88.6213607788086,39.257545471191406,679.8814086914062,672.313720703125,780.488525390625,671.517578125,775.6251831054688,720.6902465820312,686.1939086914062,718.6658935546875
4198,27,1568048159594,1816,0760,686.0056762695312,702.4210205078125,84.07537841796875,88.6475601196289,39.30241394042969,680.0,672.4257202148438,780.488525390625,671.517578125,775.6251831054688,720.6902465820312,686.22216796875,718.7440795898438
4199,27,1568048159606,1816,0760,686.193603515625,702.2955932617188,84.07191467285156,88.09040069580078,37.68534851074219,680.0,672.4257202148438,780.488525390625,671.517578125,775.6251831054688,720.6902465820312,686.3309936523438,718.7791137695312
4200,27,1568048159619,1816,0760,686.129638671875,702.5469970703125,83.6807632446289,88.75186920166016,37.08579635620117,680.0,672.4257202148438,780.3969116210938,671.6332397460938,775.6251831054688,720.6902465820312,686.2241821289062,718.8914184570312
4201,28,1568048156007,0100,0980,885.0126953125,715.3281860351562,80.43868255615234,84.03787994384766,169.0960693359375,787.29833984375,674.007568359375,886.992431640625,674.29833984375,882.992431640625,722.29833984375,796.5076293945312,721.842041015625
4202,28,1568048156020,0100,0980,885.0186157226562,715.34033203125,80.49485778808594,84.40886688232422,163.4526824951172,787.29833984375,674.007568359375,886.992431640625,674.29833984375,882.992431640625,722.29833984375,796.5076293945312,721.842041015625
4203,28,1568048156033,0100,0980,885.0245361328125,715.1870727539062,80.37913513183594,84.18965148925781,169.02972412109375,787.29833984375,674.007568359375,886.992431640625,674.29833984375,882.992431640625,722.29833984375,796.5076293945312,721.842041015625
4204,28,1568048156045,0100,0980,885.114501953125,715.2338256835938,80.51828002929688,84.15828704833984,169.4237823486328,787.29833984375,674.007568359375,886.992431640625,674.29833984375,882.992431640625,722.29833984375,796.5076293945312,721.842041015625
4205,28,1568048156057,0100,0980,885.1320190429688,715.2820434570312,80.39689636230469,84.046875,165.53134155273438,787.29833984375,674.007568359375,886.992431640625,674.29833984375,882.992431640625,722.29833984375,796.5076293945312,721.842041015625
4206,28,1568048156069,0100,0980,884.9746704101562,715.3466186523438,79.95402526855469,84.4871826171875,169.40203857421875,787.29833984375,674.007568359375,886.992431640625,674.29833984375,882.992431640625,722.29833984375,796.5076293945312,721.842041015625
4207,28,1568048156081,0100,0980,885.0431518554688,715.0429077148438,79.9864501953125,83.87962341308594,166.00222778320312,787.2252807617188,673.8634033203125,886.9512329101562,674.2879638671875,883.0045166015625,722.2642211914062,796.269775390625,721.6024169921875
4208,28,1568048156093,0100,0980,884.9857788085938,715.0823364257812,79.67008209228516,83.48158264160156,166.785888671875,787.1324462890625,673.8197631835938,887.0,674.279296875,883.0045166015625,722.2642211914062,796.269775390625,721.6024169921875
4209,28,1568048156104,0100,0980,884.9072265625,715.1751098632812,79.62179565429688,83.51803588867188,165.22998046875,787.0810546875,673.7267456054688,886.9512329101562,674.2879638671875,883.0,722.2138061523438,796.269775390625,721.6024169921875
4210,28,1568048156117,0100,0980,885.0587158203125,715.067138671875,79.96077728271484,83.67305755615234,167.35903930664062,787.0810546875,673.7267456054688,886.9512329101562,674.2879638671875,883.0,722.2138061523438,796.269775390625,721.6024169921875
4211,28,1568048156130,0100,0980,884.871337890625,715.0792236328125,79.6264877319336,83.0591049194336,165.5514373779297,787.0810546875,673.7267456054688,887.0,674.279296875,883.0,722.2138061523438,796.269775390625,721.6024169921875
4212,28,1568048156143,0100,0980,884.9242553710938,714.9684448242188,79.66072082519531,83.16569519042969,169.78062438964844,787.1173706054688,673.7689819335938,886.89453125,674.2197265625,883.0386962890625,722.2208862304688,796.269775390625,721.6024169921875
4213,28,1568048156155,0100,0980,884.9766235351562,715.02001953125,79.26692962646484,83.70448303222656,169.58416748046875,787.0,673.6868286132812,886.9190673828125,674.1905517578125,882.8873901367188,722.1590576171875,796.2171020507812,721.5
4214,28,1568048156169,0100,0980,884.9310302734375,714.9603881835938,79.53839111328125,83.34795379638672,166.2362060546875,787.0,673.6868286132812,886.9190673828125,674.1905517578125,882.8065185546875,722.12109375,796.130859375,721.5676879882812
4215,28,1568048156182,0100,0980,884.947998046875,714.8560180664062,78.339111328125,83.29752349853516,170.29766845703125,787.1173706054688,673.7689819335938,887.0546875,674.2614135742188,882.8065185546875,722.12109375,796.130859375,721.5676879882812
4216,28,1568048156195,0100,0980,885.04443359375,714.8884887695312,79.59049987792969,83.05459594726562,166.92303466796875,787.1173706054688,673.7689819335938,886.9190673828125,674.1905517578125,882.7802734375,722.10546875,796.130859375,721.5676879882812
4217,28,1568048156207,0100,0980,885.08544921875,714.9391479492188,79.59524536132812,83.08514404296875,170.8094482421875,787.1173706054688,673.7689819335938,886.9007568359375,674.0992431640625,882.7802734375,722.10546875,796.130859375,721.5676879882812
4218,28,1568048156219,0100,0980,885.0135498046875,715.1864013671875,79.37940979003906,82.76885986328125,166.740234375,786.8826293945312,673.7689819335938,886.8387451171875,674.1612548828125,882.7802734375,722.10546875,796.130859375,721.5676879882812
4219,28,1568048156231,0100,0980,885.0153198242188,714.991943359375,79.28073120117188,83.06645965576172,166.699462890625,786.8826293945312,673.7689819335938,886.7963256835938,674.1309814453125,882.7802734375,722.10546875,796.130859375,721.5676879882812
4220,28,1568048156245,0100,0980,884.9766235351562,714.88134765625,79.35673522949219,82.87799835205078,161.4221649169922,786.8826293945312,673.7689819335938,886.7730712890625,674.0800170898438,882.7802734375,722.10546875,796.0,721.5
4221,28,1568048156259,0100,0980,885.0301513671875,714.8381958007812,79.08136749267578,82.80533599853516,163.6963653564453,786.8826293945312,673.7689819335938,886.7120361328125,673.9512329101562,882.720703125,722.0,796.0,721.5
4222,28,1568048156272,0100,0980,885.0594482421875,714.790283203125,79.2327651977539,83.16705322265625,164.5051727294922,786.8253173828125,673.7811889648438,886.7120361328125,673.9512329101562,882.720703125,722.0,796.0,721.5
4223,28,1568048156285,0100,0980,885.0765380859375,714.7509155273438,79.13565063476562,82.3203125,164.28277587890625,786.9779663085938,673.5913696289062,886.7120361328125,673.9512329101562,882.720703125,722.0,796.0,721.5
4224,28,1568048156300,0100,0980,884.9775390625,714.7186279296875,79.4534683227539,83.40702819824219,166.55067443847656,787.0617065429688,673.5,886.7935791015625,674.0,882.7802734375,721.89453125,796.0,721.5
4225,28,1568048156313,0100,0980,885.0347900390625,715.0150756835938,78.3506088256836,82.3031997680664,162.02035522460938,787.0617065429688,673.5,887.0328369140625,673.8237915039062,882.85546875,721.83642578125,796.2171020507812,721.5
4226,28,1568048156326,0100,0980,885.0640258789062,714.795166015625,79.36278533935547,82.97073364257812,161.81251525878906,787.0617065429688,673.5,886.9603271484375,673.8213500976562,882.7526245117188,721.9268188476562,796.2171020507812,721.5
4227,28,1568048156340,0100,0980,885.120361328125,715.0774536132812,78.2790298461914,82.2593765258789,164.0278778076172,787.0617065429688,673.5,887.0100708007812,673.876953125,882.814208984375,721.8760375976562,796.2171020507812,721.5
4228,28,1568048156355,0100,0980,885.263671875,714.9674682617188,78.61845397949219,82.4093017578125,166.30941772460938,787.1610717773438,673.5787963867188,887.0,674.0,882.9305419921875,722.0,796.2171020507812,721.5
4229,28,1568048156368,0100,0980,885.1365966796875,715.1723022460938,78.3105239868164,82.11082458496094,163.80389404296875,787.1746826171875,673.7811889648438,886.863037109375,674.0982055664062,883.0076293945312,722.0358276367188,796.2171020507812,721.5
4230,28,1568048156382,0100,0980,885.4404907226562,715.040283203125,78.68516540527344,82.73149108886719,163.11373901367188,787.1746826171875,673.7811889648438,887.0396728515625,674.1786499023438,883.14208984375,722.1500244140625,796.269775390625,721.6024169921875
4231,28,1568048156395,0100,0980,885.3388671875,715.290771484375,78.68011474609375,82.20468139648438,157.04220581054688,787.1356201171875,673.731689453125,887.0,674.2138061523438,883.0819702148438,722.2108764648438,796.269775390625,721.6024169921875
4232,28,1568048156408,0100,0980,885.3823852539062,715.197265625,78.59601593017578,82.43685913085938,161.8308868408203,787.2252807617188,673.8634033203125,887.0,674.2933959960938,883.0487670898438,722.2879638671875,796.269775390625,721.6024169921875
4233,28,1568048156422,0100,0980,885.2376098632812,715.4479370117188,78.14714813232422,82.25335693359375,158.47259521484375,787.2252807617188,673.8634033203125,887.007568359375,674.29833984375,883.007568359375,722.29833984375,796.0958251953125,721.7767333984375
4234,28,1568048156435,0100,0980,885.2379150390625,715.37109375,78.10254669189453,82.12183380126953,159.188720703125,787.2608642578125,674.0361328125,887.007568359375,674.29833984375,883.007568359375,722.29833984375,796.0958251953125,721.7767333984375
4235,28,1568048156448,0100,0980,885.1868896484375,715.4224243164062,78.02278900146484,81.97786712646484,157.31602478027344,787.2568969726562,674.0,887.007568359375,674.29833984375,883.007568359375,722.29833984375,796.0407104492188,721.7413330078125
4236,28,1568048156463,0100,0980,885.22314453125,715.2940673828125,78.68241119384766,82.41815185546875,167.5454864501953,787.1341552734375,674.105224609375,887.007568359375,674.29833984375,883.007568359375,722.29833984375,796.0407104492188,721.7413330078125
4237,28,1568048156478,0100,0980,885.1631469726562,715.0264282226562,78.02619934082031,82.45918273925781,167.35154724121094,787.1341552734375,674.105224609375,887.007568359375,674.29833984375,882.936767578125,722.4242553710938,796.1318969726562,721.882568359375
4238,28,1568048156494,0100,0980,885.1539306640625,715.2241821289062,78.46869659423828,82.38188934326172,167.4175262451172,787.1341552734375,674.105224609375,887.007568359375,674.29833984375,882.936767578125,722.4242553710938,796.1318969726562,721.882568359375
4239,28,1568048156508,0100,0980,885.2343139648438,715.3402099609375,77.74371337890625,81.5550765991211,162.2049102783203,787.1341552734375,674.105224609375,887.007568359375,674.29833984375,883.007568359375,722.29833984375,796.1318969726562,721.882568359375
4240,28,1568048156520,0100,0980,885.1889038085938,715.0597534179688,78.30325317382812,81.94284057617188,163.78659057617188,787.1341552734375,674.105224609375,887.007568359375,674.29833984375,883.007568359375,722.29833984375,796.1318969726562,721.882568359375
4241,28,1568048156533,0100,0980,885.35888671875,714.9656372070312,77.77181243896484,81.91022491455078,167.0369110107422,787.1341552734375,674.105224609375,887.007568359375,674.29833984375,883.007568359375,722.29833984375,796.0632934570312,721.7606201171875
4242,28,1568048156545,0100,0980,885.353271484375,714.9415283203125,77.71194458007812,81.674072265625,162.65798950195312,787.1341552734375,674.105224609375,887.007568359375,674.29833984375,883.007568359375,722.29833984375,796.0632934570312,721.7606201171875
4243,28,1568048156556,0100,0980,885.2669067382812,715.0067749023438,77.97283172607422,81.71076202392578,161.47579956054688,787.2568969726562,674.0,887.007568359375,674.29833984375,883.007568359375,722.29833984375,796.0632934570312,721.7606201171875
4244,28,1568048156569,0100,0980,885.199462890625,715.1351928710938,78.03863525390625,81.4680404663086,158.14834594726562,787.2568969726562,674.0,887.007568359375,674.29833984375,882.936767578125,722.4242553710938,796.0732421875,721.8295288085938
4245,28,1568048156581,0100,0980,885.3566284179688,715.2040405273438,78.00859069824219,81.50569915771484,162.83306884765625,787.2568969726562,674.0,886.9376220703125,674.3047485351562,882.936767578125,722.4242553710938,796.0732421875,721.8295288085938
4246,28,1568048156594,0100,0980,885.2945556640625,715.22412109375,78.13223266601562,81.64177703857422,165.67056274414062,787.2568969726562,674.0,886.9376220703125,674.3047485351562,882.936767578125,722.4242553710938,796.0732421875,721.8295288085938
4247,28,1568048156607,0100,0980,885.4556274414062,715.1953735351562,78.08907318115234,81.32864379882812,162.87791442871094,787.2568969726562,674.0,886.9376220703125,674.3047485351562,883.008544921875,722.5,796.0732421875,721.8295288085938
4248,28,1568048156619,0100,0980,885.4490356445312,715.03564453125,78.07666015625,81.10221099853516,158.0191650390625,787.2568969726562,674.0,886.9512329101562,674.2879638671875,882.936767578125,722.4242553710938,796.0732421875,721.8295288085938
4249,28,1568048156631,0100,0980,885.1644287109375,715.031982421875,78.173828125,82.08917999267578,165.20761108398438,787.279296875,674.0,887.063232421875,674.4242553710938,883.008544921875,722.5,796.0732421875,721.8295288085938
4250,28,1568048156644,0100,0980,885.5197143554688,715.074951171875,78.04112243652344,81.28964233398438,163.2406005859375,787.279296875,674.0,886.992431640625,674.29833984375,883.008544921875,722.5,796.0732421875,721.8295288085938
4251,28,1568048156656,0100,0980,885.5202026367188,715.0603637695312,77.64165496826172,81.409423828125,163.53756713867188,787.279296875,674.0,886.992431640625,674.29833984375,883.008544921875,722.5,796.18896484375,721.8627319335938
4252,28,1568048156670,0100,0980,885.6427612304688,715.385986328125,78.07001495361328,81.48881530761719,157.4101104736328,787.279296875,674.0,886.992431640625,674.29833984375,883.008544921875,722.5,796.18896484375,721.8627319335938
4253,28,1568048156682,0100,0980,885.5697631835938,715.2623901367188,77.94749450683594,81.18878936767578,161.78125,787.279296875,674.0,886.992431640625,674.29833984375,883.008544921875,722.5,796.18896484375,721.8627319335938
4254,28,1568048156698,0100,0980,885.3448486328125,715.2843017578125,78.28072357177734,81.26031494140625,157.3468475341797,787.279296875,674.0,886.992431640625,674.29833984375,883.008544921875,722.5,796.18896484375,721.8627319335938
4255,28,1568048156712,0100,0980,885.4085693359375,715.2708129882812,77.96930694580078,81.23242950439453,156.1656494140625,787.279296875,674.0,886.992431640625,674.29833984375,883.008544921875,722.5,796.18896484375,721.8627319335938
4256,28,1568048156725,0100,0980,885.576171875,715.0069580078125,78.15393829345703,81.8056640625,166.198486328125,787.279296875,674.0,886.992431640625,674.29833984375,883.008544921875,722.5,796.18896484375,721.8627319335938
4257,28,1568048156739,0100,0980,885.435791015625,714.9178466796875,78.22346496582031,81.86967468261719,163.684326171875,787.279296875,674.0,886.9512329101562,674.2879638671875,882.936767578125,722.4242553710938,796.0732421875,721.8295288085938
4258,28,1568048156752,0100,0980,885.4218139648438,715.1896362304688,77.76373291015625,80.87834167480469,155.83535766601562,787.2568969726562,674.0,886.9376220703125,674.3047485351562,882.936767578125,722.4242553710938,796.0732421875,721.8295288085938
4259,28,1568048156764,0100,0980,885.4613647460938,715.166015625,77.20701599121094,80.88746643066406,162.19113159179688,787.2568969726562,674.0,887.007568359375,674.29833984375,883.007568359375,722.29833984375,796.0632934570312,721.7606201171875
4260,28,1568048156777,0100,0980,885.44140625,715.086181640625,78.1954574584961,81.58543395996094,162.19764709472656,787.2568969726562,674.0,887.007568359375,674.29833984375,883.007568359375,722.29833984375,796.0407104492188,721.7413330078125
4261,28,1568048156791,0100,0980,885.3059692382812,715.2396240234375,77.27030944824219,81.37841033935547,158.66172790527344,787.0213012695312,674.1564331054688,886.9476318359375,674.3726806640625,882.936767578125,722.4242553710938,795.92919921875,721.745849609375
4262,28,1568048156806,0100,0980,885.3257446289062,715.1917724609375,77.44515991210938,81.71390533447266,157.60711669921875,787.0213012695312,674.1564331054688,886.9476318359375,674.3726806640625,882.936767578125,722.4242553710938,796.0407104492188,721.7413330078125
4263,28,1568048156822,0100,0980,885.3013916015625,715.2177124023438,77.63521575927734,81.28231048583984,158.0479278564453,786.9754028320312,674.2108764648438,886.9476318359375,674.3726806640625,882.936767578125,722.4242553710938,795.92919921875,721.745849609375
4264,28,1568048156835,0100,0980,885.2686157226562,715.1948852539062,77.50840759277344,81.43260955810547,159.0286865234375,786.9754028320312,674.2108764648438,886.9476318359375,674.3726806640625,882.936767578125,722.4242553710938,795.92919921875,721.745849609375
4265,28,1568048156846,0100,0980,885.3770751953125,715.4305419921875,77.35067749023438,80.64306640625,158.04747009277344,786.9754028320312,674.2108764648438,886.9476318359375,674.3726806640625,882.936767578125,722.4242553710938,795.9034423828125,722.0
4266,28,1568048156859,0100,0980,885.4067993164062,715.2477416992188,77.30926513671875,81.29785919189453,162.41458129882812,786.934326171875,674.2258911132812,886.9476318359375,674.3726806640625,882.936767578125,722.5757446289062,795.9454345703125,721.9454345703125
4267,28,1568048156871,0100,0980,885.4552612304688,715.362060546875,77.4423599243164,81.01927947998047,156.66375732421875,787.003173828125,674.286376953125,886.936767578125,674.5757446289062,882.936767578125,722.5757446289062,795.9697875976562,722.1682739257812
4268,28,1568048156884,0100,0980,885.5172119140625,715.641845703125,77.45066833496094,80.9765853881836,158.00657653808594,787.06787109375,674.2742919921875,886.9490966796875,674.6929321289062,883.007568359375,722.70166015625,796.0632934570312,722.2393798828125
4269,28,1568048156897,0100,0980,885.4830322265625,715.4517211914062,77.40758514404297,81.39207458496094,160.83090209960938,786.992431640625,674.29833984375,887.0623779296875,674.6952514648438,883.007568359375,722.70166015625,796.216552734375,722.21875
4270,28,1568048156910,0100,0980,885.5108642578125,715.4634399414062,77.40467834472656,81.2705078125,160.2731170654297,787.063232421875,674.4242553710938,887.0623779296875,674.6952514648438,883.0819702148438,722.7891235351562,796.2802734375,722.3182373046875
4271,28,1568048156923,0100,0980,885.466796875,715.5424194335938,77.7820053100586,81.5255355834961,160.1946258544922,787.2119140625,674.417236328125,886.9882202148438,674.7293701171875,883.0819702148438,722.7891235351562,796.269775390625,722.3975830078125
4272,28,1568048156937,0100,0980,885.4098510742188,715.6729125976562,77.88882446289062,82.1003646850586,159.63104248046875,787.12109375,674.5,886.9882202148438,674.7293701171875,882.9635009765625,722.7974853515625,796.269775390625,722.3975830078125
4273,28,1568048156952,0100,0980,885.4949340820312,715.6279907226562,77.48777770996094,80.64171600341797,158.45587158203125,787.2119140625,674.582763671875,887.065673828125,674.7741088867188,883.0036010742188,723.0,796.2171020507812,722.5
4274,28,1568048156965,0100,0980,885.5735473632812,715.5650024414062,77.88006591796875,81.09346771240234,161.2736053466797,787.2119140625,674.582763671875,887.065673828125,674.7741088867188,883.0841064453125,722.971923828125,796.2171020507812,722.5
4275,28,1568048156979,0100,0980,885.4736938476562,715.7037353515625,77.40696716308594,80.73936462402344,161.08355712890625,787.2119140625,674.582763671875,887.0755004882812,674.8676147460938,883.0036010742188,723.0,796.2171020507812,722.5
4276,28,1568048156991,0100,0980,885.3401489257812,715.8497924804688,78.03919219970703,81.0426254272461,160.6341552734375,787.32763671875,674.6244506835938,886.9503784179688,675.0081787109375,883.0036010742188,723.0,796.2171020507812,722.5
4277,28,1568048157003,0100,0980,885.4346313476562,715.7589111328125,77.49827575683594,80.91576385498047,161.12864685058594,787.2291870117188,674.6592407226562,886.9899291992188,675.123046875,883.0036010742188,723.0,796.269775390625,722.6024169921875
4278,28,1568048157015,0100,0980,885.4320678710938,715.7835083007812,77.76174926757812,81.00785064697266,164.40243530273438,787.1968383789062,674.8031616210938,887.0396728515625,675.1786499023438,883.1718139648438,723.1650390625,796.269775390625,722.6024169921875
4279,28,1568048157028,0100,0980,885.553466796875,715.7550659179688,77.53800201416016,81.03269958496094,163.5260009765625,787.2412719726562,674.8703002929688,887.0323486328125,675.2293701171875,883.14208984375,723.1500244140625,796.269775390625,722.6024169921875
4280,28,1568048157041,0100,0980,885.296630859375,715.9454345703125,78.09156036376953,81.11273193359375,160.7258758544922,787.2412719726562,674.8703002929688,886.9954833984375,675.2642211914062,883.1683349609375,723.1166381835938,796.269775390625,722.6024169921875
4281,28,1568048157054,0100,0980,885.4307250976562,715.8435668945312,77.14187622070312,81.20000457763672,159.75071716308594,787.2412719726562,674.8703002929688,886.9954833984375,675.2642211914062,883.0819702148438,723.2108764648438,796.269775390625,722.6024169921875
4282,28,1568048157067,0100,0980,885.314697265625,715.7937622070312,77.25105285644531,81.45044708251953,157.31993103027344,787.2412719726562,674.8703002929688,887.0936889648438,675.2493286132812,883.0819702148438,723.2108764648438,796.269775390625,722.6024169921875
4283,28,1568048157081,0100,0980,885.3140869140625,715.89404296875,77.52236938476562,81.12786865234375,160.25152587890625,787.2412719726562,674.8703002929688,886.9757080078125,675.27294921875,883.0819702148438,723.2108764648438,796.269775390625,722.6024169921875
4284,28,1568048157095,0100,0980,885.336181640625,715.957275390625,77.92677307128906,81.45775604248047,160.9965057373047,787.2412719726562,674.8703002929688,886.9757080078125,675.27294921875,883.0,723.2064208984375,796.269775390625,722.6024169921875
4285,28,1568048157109,0100,0980,885.4287719726562,715.96337890625,77.67671203613281,81.10400390625,160.63204956054688,787.2412719726562,674.8703002929688,886.9512329101562,675.2879638671875,883.0992431640625,723.0992431640625,796.269775390625,722.6024169921875
4286,28,1568048157124,0100,0980,885.5678100585938,715.9542846679688,78.15657806396484,81.28471374511719,154.469970703125,787.2412719726562,674.8703002929688,886.9512329101562,675.2879638671875,883.015625,723.1385498046875,796.269775390625,722.6024169921875
4287,28,1568048157137,0100,0980,885.4932861328125,715.9519653320312,77.60588073730469,81.31548309326172,161.20262145996094,787.2412719726562,674.8703002929688,886.9512329101562,675.2879638671875,883.015625,723.1385498046875,796.269775390625,722.6024169921875
4288,28,1568048157149,0100,0980,885.4764404296875,715.943603515625,77.59915161132812,81.33482360839844,162.23020935058594,787.2412719726562,674.8703002929688,886.9963989257812,675.2553100585938,883.0992431640625,723.0992431640625,796.269775390625,722.6024169921875
4289,28,1568048157163,0100,0980,885.5283813476562,715.9796142578125,77.67696380615234,81.35619354248047,161.74879455566406,787.3273315429688,674.8199462890625,887.065673828125,675.263427734375,883.0992431640625,723.0992431640625,796.269775390625,722.6024169921875
4290,28,1568048157176,0100,0980,885.5189208984375,715.9278564453125,77.9495849609375,81.05117797851562,155.69432067871094,787.3273315429688,674.8199462890625,887.1414794921875,675.1414794921875,883.0992431640625,723.0992431640625,796.269775390625,722.6024169921875
4291,28,1568048157189,0100,0980,885.5247802734375,715.9143676757812,77.93025970458984,81.09748840332031,156.4909210205078,787.406494140625,674.6991577148438,887.2696533203125,675.034912109375,883.1470336914062,723.1138305664062,796.32666015625,722.6131591796875
4292,28,1568048157202,0100,0980,885.5039672851562,715.9205932617188,78.0765151977539,80.9493179321289,155.72518920898438,787.406494140625,674.6991577148438,887.2696533203125,675.034912109375,883.1470336914062,723.1138305664062,796.349853515625,722.650146484375
4293,28,1568048157214,0100,0980,885.5223388671875,715.9364624023438,77.93717193603516,81.12356567382812,157.59580993652344,787.406494140625,674.6991577148438,887.2696533203125,675.034912109375,883.25634765625,723.0470581054688,796.349853515625,722.650146484375
4294,28,1568048157228,0100,0980,885.5275268554688,715.9734497070312,77.91380310058594,81.21167755126953,160.67901611328125,787.406494140625,674.6991577148438,887.29833984375,674.992431640625,883.25634765625,723.0470581054688,796.349853515625,722.650146484375
4295,28,1568048157240,0100,0980,885.720703125,715.9960327148438,77.52516174316406,81.42636108398438,159.9169158935547,787.406494140625,674.6991577148438,887.29833984375,674.992431640625,883.2269287109375,723.0800170898438,796.349853515625,722.650146484375
4296,28,1568048157254,0100,0980,885.4932861328125,716.0775756835938,78.30802917480469,81.49674224853516,160.2098846435547,787.406494140625,674.6991577148438,887.29833984375,674.992431640625,883.2269287109375,723.0800170898438,796.349853515625,722.650146484375
4297,28,1568048157267,0100,0980,885.4747924804688,716.1613159179688,77.93700408935547,81.94951629638672,163.2769775390625,787.406494140625,674.6991577148438,887.29833984375,674.992431640625,883.2197265625,723.10546875,796.349853515625,722.650146484375
4298,28,1568048157281,0100,0980,885.525390625,716.2203979492188,77.78272247314453,81.30416870117188,159.48818969726562,787.4533081054688,674.7823486328125,887.29833984375,674.992431640625,883.2269287109375,723.0800170898438,796.4006958007812,722.6695556640625
4299,28,1568048157294,0100,0980,885.5204467773438,716.2232055664062,77.80596923828125,81.28004455566406,160.1951904296875,787.4533081054688,674.7823486328125,887.29833984375,674.992431640625,883.264892578125,723.0991821289062,796.5,722.8560180664062
4300,28,1568048157309,0100,0980,885.2931518554688,716.2604370117188,78.10690307617188,81.4518814086914,157.42584228515625,787.3726806640625,674.9476318359375,887.2696533203125,675.034912109375,883.25634765625,723.0470581054688,796.5,722.8560180664062
4301,28,1568048157322,0100,0980,885.4395141601562,716.3331909179688,77.55480194091797,81.28194427490234,164.64764404296875,787.3726806640625,674.9476318359375,887.2044677734375,675.2044677734375,883.2465209960938,723.1295166015625,796.5,722.8560180664062
4302,28,1568048157336,0100,0980,885.3582153320312,716.3076171875,77.88958740234375,81.46770477294922,156.5543975830078,787.501953125,675.0357666015625,887.065673828125,675.263427734375,883.1296997070312,723.2412719726562,796.5,722.8560180664062
4303,28,1568048157348,0100,0980,885.467041015625,716.4388427734375,78.15263366699219,81.53651428222656,161.8674774169922,787.5,675.0,887.065673828125,675.263427734375,883.1296997070312,723.2412719726562,796.5,722.8560180664062
4304,28,1568048157362,0100,0980,885.4485473632812,716.8402709960938,78.61885070800781,81.4756088256836,158.45272827148438,787.5,675.0,887.1113891601562,675.2189331054688,883.1917114257812,723.3717041015625,796.4983520507812,722.737548828125
4305,28,1568048157377,0100,0980,885.3593139648438,716.37548828125,78.0921401977539,80.81647491455078,158.3765869140625,787.5,675.0,887.065673828125,675.263427734375,883.063232421875,723.4242553710938,796.5,722.7828979492188
4306,28,1568048157392,0100,0980,885.3431396484375,716.4468994140625,78.34191131591797,82.01570129394531,165.4082794189453,787.5,675.0,887.138916015625,675.3753051757812,883.063232421875,723.4242553710938,796.5,722.7828979492188
4307,28,1568048157406,0100,0980,885.3689575195312,716.5304565429688,78.48140716552734,81.64067077636719,167.38743591308594,787.5,675.0,887.1738891601562,675.3447875976562,883.1917114257812,723.3717041015625,796.5,722.7828979492188
4308,28,1568048157421,0100,0980,885.5015869140625,716.6006469726562,77.90819549560547,81.88102722167969,160.24822998046875,787.5,675.0,887.3605346679688,675.5,883.2119140625,723.417236328125,796.5926513671875,722.9125366210938
4309,28,1568048157434,0100,0980,885.4480590820312,716.6849365234375,78.255859375,82.35262298583984,165.0720977783203,787.683837890625,675.1336059570312,887.4830932617188,675.5200805664062,883.4938354492188,723.659423828125,796.5,723.0
4310,28,1568048157448,0100,0980,885.5821533203125,716.6950073242188,78.75939178466797,81.92047882080078,161.1226348876953,787.683837890625,675.1336059570312,887.4830932617188,675.5200805664062,883.4938354492188,723.659423828125,796.5714721679688,723.0778198242188
4311,28,1568048157462,0100,0980,885.6487426757812,716.7267456054688,78.61154174804688,82.04918670654297,161.8390350341797,787.6726684570312,675.1800537109375,887.5377807617188,675.4622192382812,883.4938354492188,723.659423828125,796.5714721679688,723.0778198242188
4312,28,1568048157476,0100,0980,885.5167236328125,716.916015625,78.52701568603516,81.83447265625,164.76522827148438,787.6726684570312,675.1800537109375,887.4141235351562,675.4689331054688,883.3460083007812,723.6361694335938,796.5714721679688,723.0778198242188
4313,28,1568048157490,0100,0980,885.4974365234375,716.8694458007812,78.3822250366211,81.95339965820312,164.74627685546875,787.6726684570312,675.1800537109375,887.4141235351562,675.4689331054688,883.3460083007812,723.6361694335938,796.5714721679688,723.0778198242188
4314,28,1568048157504,0100,0980,885.4456787109375,716.6715087890625,78.95925903320312,82.45089721679688,162.60804748535156,787.683837890625,675.1336059570312,887.5707397460938,675.5,883.4938354492188,723.659423828125,796.5714721679688,723.0778198242188
4315,28,1568048157516,0100,0980,885.496337890625,716.5950927734375,78.22688293457031,82.0548095703125,166.1299591064453,787.6784057617188,675.1766357421875,887.5377807617188,675.5377807617188,883.5707397460938,723.5,796.5039672851562,723.0
4316,28,1568048157530,0100,0980,885.3831787109375,716.465087890625,78.63272857666016,81.89449310302734,160.92352294921875,787.6319580078125,675.0748901367188,887.5377807617188,675.5377807617188,883.5707397460938,723.5,796.5714721679688,722.9221801757812
4317,28,1568048157542,0100,0980,885.3964233398438,716.5866088867188,78.53373718261719,82.02952575683594,161.73623657226562,787.6319580078125,675.0748901367188,887.5377807617188,675.5377807617188,883.5333862304688,723.5333862304688,796.5714721679688,722.9221801757812
4318,28,1568048157556,0100,0980,885.3994140625,716.5935668945312,78.50269317626953,82.16090393066406,161.4408721923828,787.6319580078125,675.0748901367188,887.5377807617188,675.5377807617188,883.4830932617188,723.4799194335938,796.5714721679688,722.9221801757812
4319,28,1568048157569,0100,0980,885.343994140625,716.6387329101562,78.63005828857422,82.36200714111328,162.1923065185547,787.6319580078125,675.0748901367188,887.5377807617188,675.5377807617188,883.4830932617188,723.4799194335938,796.5926513671875,722.9125366210938
4320,28,1568048157584,0100,0980,885.3155517578125,716.6552734375,79.0373306274414,82.360595703125,164.0133819580078,787.6319580078125,675.0748901367188,887.3330688476562,675.5222778320312,883.4830932617188,723.4799194335938,796.5926513671875,722.9125366210938
4321,28,1568048157599,0100,0980,885.1469116210938,716.6324462890625,78.61804962158203,82.19149017333984,161.09178161621094,787.5,675.0,887.3605346679688,675.5,883.3605346679688,723.5,796.5926513671875,722.9125366210938
4322,28,1568048157613,0100,0980,885.1738891601562,716.5665283203125,79.3997573852539,82.58181762695312,162.45945739746094,787.5,675.0,887.2119140625,675.417236328125,883.2119140625,723.582763671875,796.5,723.0
4323,28,1568048157627,0100,0980,885.1544189453125,716.4039916992188,79.23080444335938,81.81583404541016,161.87843322753906,787.5,675.0,887.2119140625,675.417236328125,883.2119140625,723.417236328125,796.4073486328125,722.9125366210938
4324,28,1568048157640,0100,0980,885.2091064453125,716.5581665039062,79.35629272460938,82.29840850830078,166.21653747558594,787.5,675.0,887.2119140625,675.417236328125,883.12109375,723.5,796.5926513671875,722.9125366210938
4325,28,1568048157655,0100,0980,885.1542358398438,716.4749145507812,79.23282623291016,82.96511840820312,165.55503845214844,787.5,675.0,887.2119140625,675.417236328125,883.12109375,723.5,796.5,723.0
4326,28,1568048157668,0100,0980,885.3295288085938,716.2653198242188,79.5414810180664,82.71330261230469,163.4009552001953,787.5,675.0,887.2119140625,675.417236328125,883.12109375,723.5,796.5,723.0
4327,28,1568048157680,0100,0980,885.34228515625,716.4337768554688,79.61647033691406,82.43923950195312,159.96807861328125,787.5,675.0,887.2119140625,675.417236328125,883.063232421875,723.4242553710938,796.5,723.0
4328,28,1568048157694,0100,0980,885.35986328125,716.4138793945312,79.67698669433594,82.37393188476562,166.8161163330078,787.3680419921875,675.0748901367188,887.2119140625,675.417236328125,883.063232421875,723.4242553710938,796.5,722.7828979492188
4329,28,1568048157708,0100,0980,885.2289428710938,716.2945556640625,79.48356628417969,82.21501159667969,161.8534393310547,787.5,674.9945678710938,887.1113891601562,675.2189331054688,882.992431640625,723.29833984375,796.5,722.7828979492188
4330,28,1568048157721,0100,0980,885.1298828125,716.251220703125,79.4306640625,82.81206512451172,161.16526794433594,787.3726806640625,674.9476318359375,887.065673828125,675.263427734375,882.9882202148438,723.2706298828125,796.5,722.8560180664062
4331,28,1568048157733,0100,0980,885.177978515625,716.2550659179688,79.59410095214844,82.84159088134766,158.69119262695312,787.3726806640625,674.9476318359375,887.065673828125,675.263427734375,882.9882202148438,723.2706298828125,796.5,722.8560180664062
4332,28,1568048157746,0100,0980,885.1378784179688,716.1887817382812,79.57696533203125,82.77152252197266,158.7280731201172,787.3273315429688,674.8199462890625,887.2044677734375,675.2044677734375,883.1612548828125,723.1612548828125,796.3796997070312,722.7554931640625
4333,28,1568048157758,0100,0980,885.1646118164062,716.1824951171875,79.57557678222656,83.14574432373047,157.74900817871094,787.5,674.6712036132812,887.2879638671875,674.9512329101562,883.2197265625,723.10546875,796.349853515625,722.650146484375
4334,28,1568048157772,0100,0980,885.1649780273438,716.2056274414062,80.39746856689453,83.6358642578125,160.15768432617188,787.6018676757812,674.577392578125,887.2879638671875,674.9512329101562,883.2197265625,723.10546875,796.439453125,722.5145874023438
4335,28,1568048157785,0100,0980,885.3312377929688,716.1360473632812,80.1371078491211,83.30870056152344,162.71209716796875,787.6018676757812,674.577392578125,887.29833984375,674.992431640625,883.2197265625,723.10546875,796.439453125,722.5145874023438
4336,28,1568048157799,0100,0980,885.1810913085938,716.3116455078125,80.23200225830078,82.82904815673828,162.63140869140625,787.6018676757812,674.577392578125,887.29833984375,674.992431640625,883.2197265625,723.10546875,796.5993041992188,722.6695556640625
4337,28,1568048157812,0100,0980,885.3171997070312,716.3598022460938,80.182373046875,83.13848876953125,165.19529724121094,787.6726684570312,674.8199462890625,887.29833984375,674.992431640625,883.2197265625,723.10546875,796.5,722.8560180664062
4338,28,1568048157825,0100,0980,885.190673828125,716.4605102539062,80.30458068847656,83.27192687988281,163.32559204101562,787.6726684570312,674.8199462890625,887.29833984375,674.992431640625,883.2269287109375,723.0800170898438,796.5,722.8560180664062
4339,28,1568048157838,0100,0980,885.3367919921875,716.2566528320312,79.99665069580078,83.53209686279297,167.59774780273438,787.6726684570312,674.8199462890625,887.29833984375,674.992431640625,883.2412719726562,723.1296997070312,796.5,722.8560180664062
4340,28,1568048157852,0100,0980,885.3936157226562,716.4197998046875,80.07890319824219,82.96173858642578,160.664794921875,787.6726684570312,674.8199462890625,887.29833984375,674.992431640625,883.2412719726562,723.1296997070312,796.5,722.8560180664062
4341,28,1568048157865,0100,0980,885.3272705078125,716.5025024414062,79.90478515625,83.03900146484375,166.18505859375,787.6726684570312,674.8199462890625,887.29833984375,674.992431640625,883.2412719726562,723.1296997070312,796.5,722.8560180664062
4342,28,1568048157879,0100,0980,885.2539672851562,716.523681640625,80.07697296142578,83.69303894042969,168.46417236328125,787.6726684570312,674.8199462890625,887.263427734375,675.065673828125,883.2412719726562,723.1296997070312,796.5,722.8560180664062
4343,28,1568048157891,0100,0980,885.1918334960938,716.4849853515625,79.71661376953125,83.39559936523438,166.07876586914062,787.6726684570312,674.8199462890625,887.2044677734375,675.2044677734375,883.2412719726562,723.1296997070312,796.5,722.8560180664062
4344,28,1568048157904,0100,0980,885.2605590820312,716.5128784179688,79.70793151855469,83.41577911376953,165.910888671875,787.6273193359375,674.9476318359375,887.2044677734375,675.2044677734375,883.264892578125,723.0991821289062,796.5,722.8560180664062
4345,28,1568048157917,0100,0980,885.409423828125,716.5530395507812,79.6312255859375,83.3473129272461,166.44711303710938,787.501953125,675.0357666015625,887.2044677734375,675.2044677734375,883.29638671875,723.2908325195312,796.4983520507812,722.737548828125
4346,28,1568048157931,0100,0980,885.3261108398438,716.5070190429688,79.5093002319336,83.64905548095703,161.5779571533203,787.501953125,675.0357666015625,887.2044677734375,675.2044677734375,883.29638671875,723.2908325195312,796.4983520507812,722.737548828125
4347,28,1568048157943,0100,0980,885.43994140625,716.4981689453125,80.19575500488281,83.12217712402344,164.4354248046875,787.501953125,675.0357666015625,887.2044677734375,675.2044677734375,883.437255859375,723.2766723632812,796.4983520507812,722.737548828125
4348,28,1568048157958,0100,0980,885.3733520507812,716.5708618164062,80.5410385131836,83.45679473876953,165.86061096191406,787.501953125,675.0357666015625,887.2044677734375,675.2044677734375,883.437255859375,723.2766723632812,796.4983520507812,722.737548828125
4349,28,1568048157971,0100,0980,885.5094604492188,716.66943359375,80.05902099609375,83.12290954589844,167.91329956054688,787.5,675.0,887.2044677734375,675.2044677734375,883.3369750976562,723.358154296875,796.5,722.7828979492188
4350,28,1568048157983,0100,0980,885.2902221679688,716.6536254882812,79.7176513671875,83.44976043701172,163.9819793701172,787.6319580078125,675.0748901367188,887.3460083007812,675.3638305664062,883.4830932617188,723.4799194335938,796.5,722.7828979492188
4351,29,1568048146253,0386,0980,853.36669921875,713.5606079101562,86.61006927490234,89.6214370727539,158.00685119628906,772.3208618164062,672.642578125,868.5,672.9945678710938,864.3726806640625,720.9476318359375,780.1716918945312,720.0810546875
4352,29,1568048146269,0386,0980,853.281005859375,713.56103515625,86.77827453613281,89.66433715820312,156.2283477783203,772.3208618164062,672.642578125,868.5,672.9945678710938,864.29833984375,721.007568359375,780.1436157226562,720.1616821289062
4353,29,1568048146285,0386,0980,853.1912841796875,713.4620361328125,86.9216537475586,89.89657592773438,156.24559020996094,772.330322265625,672.721923828125,868.5,672.9945678710938,864.263427734375,720.934326171875,780.1016235351562,720.3379516601562
4354,29,1568048146298,0386,0980,853.0884399414062,713.2543334960938,87.40335845947266,90.0637435913086,158.0323028564453,772.3329467773438,672.6670532226562,868.3273315429688,672.8199462890625,864.065673828125,720.736572265625,780.0,720.0
4355,29,1568048146310,0386,0980,853.0239868164062,713.514892578125,86.82243347167969,89.50491333007812,161.51661682128906,772.1846313476562,672.502685546875,868.2429809570312,672.7271728515625,863.992431640625,720.70166015625,779.92626953125,719.75390625
4356,29,1568048146322,0386,0980,852.9889526367188,713.3927612304688,86.64146423339844,89.67321014404297,161.0314178466797,772.200927734375,672.5,868.412109375,672.639404296875,864.0951538085938,720.5765991210938,779.8975830078125,719.7720947265625
4357,29,1568048146335,0386,0980,852.9388427734375,713.2984008789062,86.83847045898438,89.75939178466797,164.20773315429688,772.1902465820312,672.3882446289062,868.4830932617188,672.5200805664062,864.0238037109375,720.3841552734375,779.8975830078125,719.7720947265625
4358,29,1568048146347,0386,0980,852.994384765625,713.309814453125,86.72622680664062,89.68009948730469,163.85198974609375,772.1931762695312,672.3323974609375,868.4830932617188,672.5200805664062,864.0238037109375,720.3841552734375,779.8975830078125,719.7720947265625
4359,29,1568048146359,0386,0980,853.0018920898438,713.3368530273438,86.60385131835938,89.29086303710938,162.20352172851562,772.1931762695312,672.3323974609375,868.4830932617188,672.5200805664062,864.0238037109375,720.3841552734375,779.8975830078125,719.7720947265625
4360,29,1568048146371,0386,0980,852.9677734375,713.18115234375,86.51106262207031,89.65321350097656,163.0630340576172,772.1931762695312,672.3323974609375,868.3605346679688,672.5,864.0,720.3131713867188,779.8975830078125,719.7720947265625
4361,29,1568048146383,0386,0980,853.1416625976562,713.1893920898438,86.10330200195312,89.42395782470703,157.5243377685547,772.2766723632812,672.2422485351562,868.4830932617188,672.5200805664062,864.0623779296875,720.3047485351562,779.8975830078125,719.7720947265625
4362,29,1568048146395,0386,0980,853.1614379882812,712.9714965820312,86.2833251953125,89.8344497680664,164.20838928222656,772.2735595703125,672.29248046875,868.3330688476562,672.5222778320312,864.0623779296875,720.3047485351562,779.8975830078125,719.7720947265625
4363,29,1568048146407,0386,0980,853.305908203125,713.0467529296875,86.30142211914062,89.17491912841797,156.79928588867188,772.2735595703125,672.29248046875,868.3460083007812,672.3638305664062,864.1113891601562,720.2189331054688,779.9125366210938,719.5926513671875
4364,29,1568048146420,0386,0980,853.2316284179688,713.0142211914062,86.34535217285156,89.24121856689453,160.318603515625,772.2735595703125,672.29248046875,868.2093505859375,672.4110107421875,863.992431640625,720.29833984375,779.8206176757812,719.564453125
4365,29,1568048146434,0386,0980,853.1747436523438,712.8416137695312,86.33399200439453,89.0965576171875,166.55247497558594,772.0,672.0,868.065673828125,672.263427734375,864.0623779296875,720.3047485351562,779.6664428710938,719.5
4366,29,1568048146447,0386,0980,852.8863525390625,712.8509521484375,87.15802764892578,89.31819915771484,163.183349609375,772.0,672.0,868.1113891601562,672.2189331054688,863.934326171875,720.263427734375,779.560546875,719.4854125976562
4367,29,1568048146460,0386,0980,852.8766479492188,712.9033203125,86.12403106689453,88.48526000976562,160.9365234375,772.0,672.0,868.1113891601562,672.2189331054688,863.934326171875,720.263427734375,779.560546875,719.4854125976562
4368,29,1568048146472,0386,0980,852.8247680664062,713.032958984375,86.56219482421875,89.05870056152344,163.37539672851562,772.0036010742188,672.0,868.1113891601562,672.2189331054688,863.934326171875,720.263427734375,779.5,719.5
4369,29,1568048146483,0386,0980,852.803955078125,712.8566284179688,86.63011169433594,88.53404235839844,166.95245361328125,772.0036010742188,672.0,867.992431640625,672.29833984375,863.8594360351562,720.1207275390625,779.560546875,719.4854125976562
4370,29,1568048146497,0386,0980,852.6791381835938,712.9612426757812,86.49480438232422,88.62699890136719,161.6671905517578,771.9722290039062,672.031005859375,867.9376220703125,672.3047485351562,863.70166015625,719.992431640625,779.5,719.5
4371,29,1568048146510,0386,0980,852.6044921875,712.8156127929688,85.92354583740234,88.42469787597656,162.61233520507812,771.6475830078125,672.1206665039062,867.93212890625,672.2742919921875,863.6155395507812,719.9373779296875,779.5,719.5
4372,29,1568048146525,0386,0980,852.6820068359375,712.8505249023438,86.21532440185547,89.12133026123047,160.24716186523438,771.6475830078125,672.1206665039062,867.8880615234375,672.20556640625,863.501953125,719.9642333984375,779.5,719.5
4373,29,1568048146539,0386,0980,852.604736328125,712.8670043945312,86.75006103515625,88.95221710205078,163.6922149658203,771.6918334960938,672.07275390625,867.8387451171875,672.1612548828125,863.501953125,719.9642333984375,779.439453125,719.4854125976562
4374,29,1568048146552,0386,0980,852.7118530273438,712.8776245117188,85.9928970336914,88.70806884765625,171.6510467529297,771.6918334960938,672.07275390625,867.735107421875,672.0991821289062,863.5,720.0054321289062,779.439453125,719.4854125976562
4375,29,1568048146564,0386,0980,852.7741088867188,712.9368286132812,85.9058609008789,88.53976440429688,161.645263671875,771.5924072265625,672.0,867.8895874023438,672.1976318359375,863.5,720.0054321289062,779.5,719.5
4376,29,1568048146576,0386,0980,852.7272338867188,712.7942504882812,85.922119140625,88.56160736083984,160.5785369873047,771.5924072265625,672.0,867.8895874023438,672.1976318359375,863.5,720.0054321289062,779.5,719.5
4377,29,1568048146589,0386,0980,852.8858642578125,712.9169921875,85.52227020263672,87.62835693359375,156.98626708984375,771.5924072265625,672.0,867.8895874023438,672.1976318359375,863.5,720.0054321289062,779.5,719.5
4378,29,1568048146602,0386,0980,852.7692260742188,712.9016723632812,85.84539031982422,88.28486633300781,155.9764862060547,771.5924072265625,672.0,867.8895874023438,672.1976318359375,863.5,720.0054321289062,779.439453125,719.4854125976562
4379,29,1568048146614,0386,0980,852.8363037109375,712.8323364257812,85.91900634765625,88.24869537353516,160.98818969726562,771.5498046875,672.0841674804688,867.8895874023438,672.1976318359375,863.5,720.0054321289062,779.5,719.5
4380,29,1568048146627,0386,0980,852.7484741210938,712.865966796875,85.70854949951172,88.31246185302734,160.0153350830078,771.495361328125,672.0272216796875,867.8886108398438,672.2189331054688,863.5,720.0054321289062,779.5,719.5
4381,29,1568048146640,0386,0980,852.9107666015625,713.0765991210938,85.45684051513672,88.00045013427734,165.5325927734375,771.5703735351562,672.24072265625,868.007568359375,672.29833984375,863.5496215820312,720.06201171875,779.439453125,719.5145874023438
4382,29,1568048146653,0386,0980,852.8099365234375,712.935546875,86.21288299560547,88.38188171386719,158.81887817382812,771.5703735351562,672.24072265625,868.007568359375,672.29833984375,863.6018676757812,720.2774658203125,779.439453125,719.5145874023438
4383,29,1568048146666,0386,0980,852.7330932617188,712.9884033203125,85.23823547363281,88.06098175048828,159.40806579589844,771.5703735351562,672.24072265625,867.9476318359375,672.3726806640625,863.6018676757812,720.2774658203125,779.439453125,719.5145874023438
4384,29,1568048146679,0386,0980,852.7875366210938,712.930419921875,85.60446166992188,88.00302124023438,162.5087890625,771.5703735351562,672.24072265625,867.9476318359375,672.3726806640625,863.52197265625,720.3096313476562,779.439453125,719.5145874023438
4385,29,1568048146694,0386,0980,852.8265380859375,713.0748291015625,85.47675323486328,87.82884979248047,161.80906677246094,771.5703735351562,672.24072265625,867.9476318359375,672.3726806640625,863.6018676757812,720.2774658203125,779.439453125,719.5145874023438
4386,29,1568048146708,0386,0980,852.734130859375,713.0255126953125,85.47453308105469,88.27352142333984,162.18167114257812,771.5703735351562,672.24072265625,867.9476318359375,672.3726806640625,863.6018676757812,720.2774658203125,779.439453125,719.5145874023438
4387,29,1568048146721,0386,0980,852.916259765625,712.7485961914062,85.60086822509766,88.1527328491211,155.17039489746094,771.5703735351562,672.24072265625,868.007568359375,672.29833984375,863.6795654296875,720.1270141601562,779.439453125,719.5145874023438
4388,29,1568048146736,0386,0980,852.8761596679688,712.755859375,85.67259216308594,88.11775207519531,155.14089965820312,771.5703735351562,672.24072265625,868.007568359375,672.29833984375,863.6795654296875,720.1270141601562,779.439453125,719.5145874023438
4389,29,1568048146749,0386,0980,852.8524780273438,712.6204223632812,85.47711944580078,87.50315856933594,152.73226928710938,771.5703735351562,672.24072265625,868.007568359375,672.29833984375,863.6795654296875,720.1270141601562,779.439453125,719.5145874023438
4390,29,1568048146762,0386,0980,852.87451171875,712.728271484375,85.33195495605469,87.68181610107422,149.18862915039062,771.5703735351562,672.24072265625,868.007568359375,672.29833984375,863.6795654296875,720.1270141601562,779.439453125,719.5145874023438
4391,29,1568048146773,0386,0980,852.9329833984375,712.7723999023438,85.2683334350586,87.73468017578125,151.12734985351562,771.5703735351562,672.24072265625,868.007568359375,672.29833984375,863.6795654296875,720.1270141601562,779.439453125,719.5145874023438
4392,29,1568048146786,0386,0980,852.8504028320312,712.830322265625,85.12130737304688,87.20514678955078,148.66380310058594,771.5703735351562,672.24072265625,868.007568359375,672.29833984375,863.6795654296875,720.1270141601562,779.439453125,719.5145874023438
4393,29,1568048146799,0386,0980,852.7588500976562,712.7067260742188,84.66299438476562,87.39169311523438,150.7382049560547,771.471435546875,672.1653442382812,867.8886108398438,672.2189331054688,863.5496215820312,720.06201171875,779.439453125,719.5145874023438
4394,29,1568048146812,0386,0980,852.8395385742188,712.5625610351562,85.34491729736328,87.34862518310547,150.7806854248047,771.471435546875,672.1653442382812,867.8886108398438,672.2189331054688,863.4629516601562,720.1331176757812,779.439453125,719.5145874023438
4395,29,1568048146825,0386,0980,852.8517456054688,712.693115234375,84.93240356445312,87.43173217773438,148.83302307128906,771.5,672.200927734375,867.6793212890625,672.2076416015625,863.4629516601562,720.1331176757812,779.3533325195312,719.5
4396,29,1568048146838,0386,0980,852.9360961914062,712.7114868164062,85.38441467285156,87.51327514648438,144.98910522460938,771.5,672.200927734375,867.7955322265625,672.2044677734375,863.3726806640625,720.0523681640625,779.3533325195312,719.5
4397,29,1568048146851,0386,0980,852.8370971679688,712.6131591796875,84.77845001220703,87.12615966796875,149.406982421875,771.5,672.200927734375,867.7570190429688,672.2728271484375,863.5,720.0054321289062,779.3533325195312,719.5
4398,29,1568048146863,0386,0980,852.8092651367188,712.6875,84.75218200683594,87.1902084350586,153.3960723876953,771.5,672.200927734375,867.6726684570312,672.1800537109375,863.5,720.0054321289062,779.3533325195312,719.5
4399,29,1568048146876,0386,0980,852.9013671875,712.614013671875,84.51207733154297,87.21688079833984,158.3893585205078,771.5,672.200927734375,867.6726684570312,672.1800537109375,863.3726806640625,720.0523681640625,779.3533325195312,719.5
4400,29,1568048146890,0386,0980,852.919189453125,712.53564453125,84.64811706542969,86.8883285522461,151.2565460205078,771.5,672.200927734375,867.6726684570312,672.1800537109375,863.3726806640625,720.0523681640625,779.3533325195312,719.5
4401,29,1568048146902,0386,0980,853.0092163085938,712.5377197265625,84.77584838867188,86.99038696289062,149.31942749023438,771.5,672.0,867.6273193359375,672.0523681640625,863.3726806640625,720.0523681640625,779.3533325195312,719.5
4402,29,1568048146915,0386,0980,852.8637084960938,712.474853515625,84.87205505371094,87.03465270996094,142.35076904296875,771.5,671.799072265625,867.6273193359375,672.0523681640625,863.3726806640625,720.0523681640625,779.2487182617188,719.2215576171875
4403,29,1568048146928,0386,0980,852.9060668945312,712.401611328125,84.65072631835938,86.61256408691406,153.3392333984375,771.5,671.799072265625,867.70166015625,671.992431640625,863.5,720.0054321289062,779.2487182617188,719.2215576171875
4404,29,1568048146942,0386,0980,852.8782958984375,712.374755859375,84.75174713134766,86.76372528076172,153.4693603515625,771.471435546875,671.8346557617188,867.7120361328125,672.0487670898438,863.501953125,719.9642333984375,779.2487182617188,719.2215576171875
4405,29,1568048146957,0386,0980,853.0341796875,712.2412719726562,84.56102752685547,86.78517150878906,154.8697967529297,771.471435546875,671.8346557617188,867.70166015625,672.007568359375,863.5,720.0,779.2487182617188,719.2215576171875
4406,29,1568048146974,0386,0980,853.1104125976562,712.1102294921875,84.61083221435547,86.65511322021484,155.2986297607422,771.3514404296875,671.760009765625,867.70166015625,672.007568359375,863.5,719.9945678710938,779.1663208007812,719.1663208007812
4407,29,1568048146988,0386,0980,853.1395263671875,712.2620849609375,83.67526245117188,85.55221557617188,154.11265563964844,771.3514404296875,671.760009765625,867.70166015625,672.007568359375,863.5,719.9945678710938,779.2184448242188,719.0585327148438
4408,29,1568048147001,0386,0980,852.871826171875,712.3538208007812,84.44933319091797,86.53469848632812,153.75477600097656,771.3514404296875,671.760009765625,867.70166015625,672.007568359375,863.5,719.9945678710938,779.2218017578125,719.0662841796875
4409,29,1568048147014,0386,0980,852.858154296875,712.1671752929688,84.04882049560547,85.9443588256836,154.34434509277344,771.3887939453125,671.7960205078125,867.70166015625,672.007568359375,863.5,719.9945678710938,779.2218017578125,719.0662841796875
4410,29,1568048147027,0386,0980,852.8031005859375,712.1607666015625,83.93211364746094,86.43218994140625,157.70703125,771.3887939453125,671.7960205078125,867.70166015625,672.007568359375,863.5,719.9945678710938,779.199951171875,719.1633911132812
4411,29,1568048147042,0386,0980,852.8705444335938,712.2471313476562,83.89584350585938,86.25157165527344,153.71487426757812,771.3208618164062,671.642578125,867.5,671.9945678710938,863.3726806640625,719.9476318359375,779.0615234375,719.2308349609375
4412,29,1568048147056,0386,0980,852.8723754882812,712.0975341796875,83.4629135131836,85.4751205444336,153.80079650878906,771.3208618164062,671.642578125,867.5,671.9945678710938,863.3726806640625,719.9476318359375,779.0447387695312,719.29248046875
4413,29,1568048147071,0386,0980,852.8286743164062,712.0169067382812,83.57119750976562,85.60819244384766,149.05686950683594,771.3208618164062,671.642578125,867.5,671.9945678710938,863.2696533203125,719.965087890625,779.1016235351562,719.3379516601562
4414,29,1568048147087,0386,0980,852.8322143554688,712.0494384765625,83.60132598876953,85.5551986694336,151.15292358398438,771.3208618164062,671.642578125,867.591064453125,671.9060668945312,863.2696533203125,719.965087890625,779.1016235351562,719.3379516601562
4415,29,1568048147102,0386,0980,852.9601440429688,712.1058349609375,83.51428985595703,85.77091979980469,157.6719970703125,771.330322265625,671.721923828125,867.591064453125,671.9060668945312,863.2696533203125,719.965087890625,779.1175537109375,719.0548706054688
4416,29,1568048147116,0386,0980,852.828369140625,712.0421142578125,83.44255065917969,85.8652572631836,159.39292907714844,771.330322265625,671.721923828125,867.5,671.9945678710938,863.2696533203125,719.965087890625,779.1175537109375,719.0548706054688
4417,29,1568048147131,0386,0980,852.7581787109375,711.919921875,82.99297332763672,85.53164672851562,156.8447723388672,771.3208618164062,671.642578125,867.5,671.9945678710938,863.29833984375,720.007568359375,779.1016235351562,719.3379516601562
4418,29,1568048147147,0386,0980,852.8369140625,712.0514526367188,82.83955383300781,85.2477035522461,154.81381225585938,771.3208618164062,671.642578125,867.5,671.9945678710938,863.29833984375,720.007568359375,779.0447387695312,719.29248046875
4419,29,1568048147160,0386,0980,852.84033203125,712.1682739257812,82.89799499511719,85.02717590332031,154.6205596923828,771.3208618164062,671.642578125,867.501953125,672.0357666015625,863.279296875,720.0,779.1024169921875,719.2279052734375
4420,29,1568048147178,0386,0980,852.8963623046875,712.34619140625,82.61888122558594,85.40302276611328,146.37606811523438,771.3208618164062,671.642578125,867.6319580078125,672.0748901367188,863.3726806640625,720.0523681640625,779.1024169921875,719.2279052734375
4421,29,1568048147192,0386,0980,853.0267333984375,712.10107421875,82.7419662475586,84.68299865722656,147.54859924316406,771.404296875,671.90380859375,867.6273193359375,672.0523681640625,863.3726806640625,720.0523681640625,779.1024169921875,719.2279052734375
4422,29,1568048147207,0386,0980,853.0103759765625,712.0645141601562,82.58358001708984,84.67194366455078,152.24032592773438,771.3400268554688,671.841552734375,867.6273193359375,672.0523681640625,863.3726806640625,720.0523681640625,779.202392578125,719.2806396484375
4423,29,1568048147222,0386,0980,852.8849487304688,712.3832397460938,82.45059967041016,85.54010772705078,158.33792114257812,771.4296264648438,672.24072265625,867.6726684570312,672.1800537109375,863.4629516601562,720.1331176757812,779.3335571289062,719.5
4424,29,1568048147235,0386,0980,852.948974609375,712.5927124023438,82.7322998046875,85.25916290283203,165.63137817382812,771.4296264648438,672.24072265625,867.7570190429688,672.2728271484375,863.43896484375,720.27001953125,779.3335571289062,719.5
4425,29,1568048147249,0386,0980,853.0106201171875,712.5267944335938,82.56544494628906,84.72396087646484,168.83045959472656,771.3887939453125,672.2039794921875,867.587890625,672.360595703125,863.360595703125,720.412109375,779.32666015625,719.6131591796875
4426,29,1568048147263,0386,0980,853.193115234375,712.6206665039062,82.84339904785156,85.17755889892578,156.40916442871094,771.3887939453125,672.2039794921875,867.5169067382812,672.4799194335938,863.4180908203125,720.4521484375,779.3717041015625,719.6455688476562
4427,29,1568048147275,0386,0980,853.0283203125,712.6159057617188,82.52819061279297,84.23171997070312,150.8719940185547,771.3887939453125,672.2039794921875,867.6669311523438,672.4777221679688,863.4390869140625,720.4334106445312,779.2991943359375,719.78125
4428,29,1568048147289,0386,0980,852.998291015625,712.6448364257812,81.83251190185547,84.52918243408203,153.71368408203125,771.3243408203125,672.5,867.6669311523438,672.4777221679688,863.3330688476562,720.4777221679688,779.2991943359375,719.78125
4429,29,1568048147303,0386,0980,852.94189453125,712.6373901367188,81.99370574951172,84.34549713134766,150.1320037841797,771.3243408203125,672.5,867.6669311523438,672.4777221679688,863.3330688476562,720.4777221679688,779.3473510742188,719.8428344726562
4430,29,1568048147316,0386,0980,853.143798828125,712.67236328125,82.08306884765625,84.49748992919922,148.45687866210938,771.3243408203125,672.5,867.6669311523438,672.4777221679688,863.3330688476562,720.4777221679688,779.3473510742188,719.8428344726562
4431,29,1568048147329,0386,0980,852.9005126953125,712.6688842773438,82.00861358642578,84.106201171875,156.48634338378906,771.3243408203125,672.5,867.5343627929688,672.5042114257812,863.3330688476562,720.4777221679688,779.2415771484375,719.9042358398438
4432,29,1568048147342,0386,0980,852.9749755859375,712.5927124023438,82.43787384033203,84.13895416259766,158.0762176513672,771.3243408203125,672.5,867.5343627929688,672.5042114257812,863.3330688476562,720.4777221679688,779.199951171875,719.8366088867188
4433,29,1568048147355,0386,0980,853.1273193359375,712.6790161132812,82.24337768554688,83.73108673095703,157.09548950195312,771.3243408203125,672.5,867.5343627929688,672.5042114257812,863.3330688476562,720.4777221679688,779.0447387695312,719.70751953125
4434,29,1568048147369,0386,0980,852.9696044921875,712.64599609375,82.17831420898438,84.0736312866211,153.69412231445312,771.3243408203125,672.5,867.5343627929688,672.5042114257812,863.3330688476562,720.4777221679688,779.0447387695312,719.70751953125
4435,29,1568048147382,0386,0980,853.2374267578125,712.2443237304688,81.85720825195312,83.47244262695312,156.20298767089844,771.3243408203125,672.5,867.6669311523438,672.4777221679688,863.3330688476562,720.4777221679688,779.1610107421875,719.6787719726562
4436,29,1568048147396,0386,0980,853.0772094726562,712.4962768554688,82.46429443359375,83.95934295654297,153.55052185058594,771.3243408203125,672.5,867.6669311523438,672.4777221679688,863.3330688476562,720.4777221679688,779.0447387695312,719.70751953125
4437,29,1568048147409,0386,0980,852.8184814453125,712.8742065429688,81.89124298095703,83.54613494873047,157.1359100341797,771.3243408203125,672.5,867.6669311523438,672.4777221679688,863.3330688476562,720.4777221679688,779.0447387695312,719.70751953125
4438,29,1568048147423,0386,0980,852.9662475585938,712.7551879882812,82.01879119873047,83.67819213867188,156.876708984375,771.3243408203125,672.5,867.5343627929688,672.5042114257812,863.3330688476562,720.4777221679688,779.0447387695312,719.70751953125
4439,29,1568048147437,0386,0980,853.1015014648438,712.6126098632812,81.32637786865234,83.70973205566406,153.4727325439453,771.3243408203125,672.5,867.6214599609375,672.5617065429688,863.25,720.582275390625,779.1436157226562,719.8383178710938
4440,29,1568048147452,0386,0980,853.039794921875,712.6890258789062,80.9612808227539,83.18992614746094,148.15585327148438,771.3243408203125,672.5,867.6795654296875,672.8729858398438,863.389404296875,720.610595703125,779.1436157226562,719.8383178710938
4441,29,1568048147465,0386,0980,853.1634521484375,712.8419799804688,81.12236785888672,82.92081451416016,152.253173828125,771.3088989257812,672.5047607421875,867.6795654296875,672.8729858398438,863.3204345703125,720.8729858398438,779.235107421875,719.9595336914062
4442,29,1568048147478,0386,0980,853.197021484375,712.7056274414062,81.2396469116211,83.52877044677734,153.26153564453125,771.2620239257812,672.71044921875,867.6688232421875,672.906494140625,863.5,720.9945678710938,779.235107421875,719.9595336914062
4443,29,1568048147491,0386,0980,853.1668701171875,712.8414306640625,81.20970916748047,82.99012756347656,158.91586303710938,771.2620239257812,672.71044921875,867.5,672.9945678710938,863.3726806640625,720.9476318359375,779.324951171875,720.0518188476562
4444,29,1568048147504,0386,0980,853.23193359375,712.8372192382812,81.13817596435547,83.1795654296875,156.61509704589844,771.3887939453125,672.7960205078125,867.5,672.9945678710938,863.5,720.9945678710938,779.2689208984375,719.9904174804688
4445,29,1568048147516,0386,0980,853.1653442382812,712.8029174804688,80.95193481445312,83.0028076171875,156.3680877685547,771.3887939453125,672.7960205078125,867.5,672.9945678710938,863.5,720.9945678710938,779.2689208984375,719.9904174804688
4446,29,1568048147528,0386,0980,853.2501831054688,712.7255859375,80.8408432006836,83.08578491210938,152.6066131591797,771.3887939453125,672.7960205078125,867.6273193359375,672.9476318359375,863.5,720.9945678710938,779.0615234375,720.2308349609375
4447,29,1568048147542,0386,0980,853.3259887695312,712.8093872070312,81.07162475585938,82.62571716308594,155.86428833007812,771.3887939453125,672.7960205078125,867.6688232421875,672.906494140625,863.5,720.9945678710938,779.2184448242188,720.0585327148438
4448,29,1568048147555,0386,0980,853.381591796875,712.5745239257812,81.49430847167969,83.16847229003906,160.4793243408203,771.3887939453125,672.7960205078125,867.7303466796875,672.965087890625,863.5,720.9945678710938,779.2184448242188,720.0585327148438
4449,29,1568048147569,0386,0980,853.2391967773438,712.5877075195312,81.59202575683594,82.62541198730469,171.55911254882812,771.3887939453125,672.7960205078125,867.7303466796875,672.965087890625,863.5,720.9945678710938,779.2689208984375,719.9904174804688
4450,29,1568048147583,0386,0980,853.3532104492188,712.5480346679688,81.4865951538086,82.67603302001953,171.6846160888672,771.3887939453125,672.7960205078125,867.8076171875,672.8069458007812,863.5,720.9945678710938,779.2669067382812,719.9481811523438
4451,29,1568048147596,0386,0980,853.3876953125,712.5432739257812,81.5946273803711,82.94708251953125,158.29791259765625,771.4750366210938,672.6420288085938,867.8076171875,672.8069458007812,863.5,720.9945678710938,779.3765869140625,719.8330078125
4452,29,1568048147610,0386,0980,853.40576171875,712.5964965820312,81.5677490234375,82.93995666503906,165.40908813476562,771.4750366210938,672.6420288085938,867.8076171875,672.8069458007812,863.5,720.9945678710938,779.3765869140625,719.8330078125
4453,29,1568048147623,0386,0980,853.1919555664062,712.5911865234375,80.91168975830078,82.30955505371094,156.89495849609375,771.4750366210938,672.6420288085938,867.8076171875,672.8069458007812,863.5,720.9945678710938,779.3704833984375,719.9459228515625
4454,29,1568048147635,0386,0980,853.2139282226562,712.69189453125,81.05293273925781,82.9293441772461,154.5585174560547,771.4750366210938,672.6420288085938,867.8076171875,672.8069458007812,863.5,720.9945678710938,779.3753662109375,719.851806640625
4455,29,1568048147647,0386,0980,853.3156127929688,712.7467651367188,80.95679473876953,82.48152923583984,155.35813903808594,771.4750366210938,672.6420288085938,867.8076171875,672.8069458007812,863.5,720.9945678710938,779.3698120117188,719.8897094726562
4456,29,1568048147660,0386,0980,853.3246459960938,712.7597045898438,80.82280731201172,82.56346893310547,156.98020935058594,771.471435546875,672.8346557617188,867.7664794921875,672.9991455078125,863.5,720.9945678710938,779.290771484375,720.13525390625
4457,29,1568048147672,0386,0980,853.3200073242188,712.8499755859375,80.6876449584961,83.09029388427734,155.80979919433594,771.495361328125,672.9727783203125,867.7391357421875,672.9638671875,863.5,721.0,779.2487182617188,720.2215576171875
4458,29,1568048147685,0386,0980,853.3196411132812,713.02294921875,80.82919311523438,82.5937728881836,149.72779846191406,771.5498046875,673.0841674804688,867.742431640625,673.010009765625,863.5,721.0054321289062,779.34326171875,720.3563232421875
4459,29,1568048147698,0386,0980,853.3451538085938,713.2561645507812,80.72257232666016,82.38661193847656,159.5842742919922,771.495361328125,673.0272216796875,867.8170166015625,673.1939086914062,863.6795654296875,721.1270141601562,779.5,720.5
4460,29,1568048147712,0386,0980,853.1985473632812,713.2156982421875,81.21571350097656,83.10043334960938,141.34439086914062,771.595703125,673.09619140625,867.8253173828125,673.2188110351562,863.6795654296875,721.1270141601562,779.5,720.5
4461,29,1568048147725,0386,0980,853.4339599609375,713.332275390625,80.98477172851562,82.50634765625,150.93630981445312,771.595703125,673.09619140625,867.8253173828125,673.2188110351562,863.6795654296875,721.1270141601562,779.5,720.5
4462,29,1568048147739,0386,0980,853.4308471679688,713.201171875,81.24742126464844,83.11697387695312,147.27676391601562,771.595703125,673.09619140625,867.8253173828125,673.2188110351562,863.6795654296875,721.1270141601562,779.439453125,720.5145874023438
4463,29,1568048147751,0386,0980,853.3721923828125,713.1987915039062,81.27246856689453,83.00143432617188,148.7527618408203,771.595703125,673.09619140625,867.8253173828125,673.2188110351562,863.6795654296875,721.1270141601562,779.5,720.5
4464,29,1568048147765,0386,0980,853.5139770507812,713.3134155273438,80.74000549316406,82.69464874267578,155.32327270507812,771.595703125,673.09619140625,868.0,673.3131713867188,863.7293701171875,721.2562866210938,779.439453125,720.5145874023438
4465,29,1568048147778,0386,0980,853.2970581054688,713.216796875,80.4898452758789,82.26132202148438,156.88844299316406,771.595703125,673.09619140625,868.0,673.3131713867188,863.8750610351562,721.3055419921875,779.439453125,720.5145874023438
4466,29,1568048147791,0386,0980,853.4978637695312,713.380615234375,80.8898696899414,82.87693786621094,153.52842712402344,771.595703125,673.09619140625,868.0,673.3131713867188,863.8750610351562,721.3055419921875,779.439453125,720.5145874023438
4467,29,1568048147805,0386,0980,853.4308471679688,713.2517700195312,81.26246643066406,82.62123107910156,153.55368041992188,771.7219848632812,673.2365112304688,868.0,673.3131713867188,863.8750610351562,721.3055419921875,779.439453125,720.5145874023438
4468,29,1568048147817,0386,0980,853.5476684570312,713.3646240234375,81.09198760986328,82.95525360107422,151.54913330078125,771.669677734375,673.368896484375,867.9761962890625,673.3841552734375,863.75,721.417724609375,779.439453125,720.5145874023438
4469,29,1568048147830,0386,0980,853.5346069335938,713.2224731445312,80.67294311523438,82.62236022949219,146.68710327148438,771.669677734375,673.368896484375,867.9761962890625,673.3841552734375,863.75,721.417724609375,779.439453125,720.5145874023438
4470,29,1568048147844,0386,0980,853.541259765625,713.3004150390625,80.62567138671875,82.96582794189453,144.98521423339844,771.7828369140625,673.2825317382812,868.0,673.3131713867188,863.8750610351562,721.3055419921875,779.439453125,720.5145874023438
4471,29,1568048147857,0386,0980,853.5189819335938,713.310791015625,81.2029037475586,81.85848999023438,166.40074157714844,771.7254638671875,673.2078247070312,868.0,673.3131713867188,863.8750610351562,721.3055419921875,779.5,720.5
4472,29,1568048147870,0386,0980,853.40087890625,713.1963500976562,81.11968994140625,82.40444946289062,151.93995666503906,771.7254638671875,673.2078247070312,868.0,673.3131713867188,863.8750610351562,721.3055419921875,779.5,720.5
4473,29,1568048147881,0386,0980,853.4584350585938,713.237548828125,81.00708770751953,82.14693450927734,150.57150268554688,771.7254638671875,673.2078247070312,868.0,673.3131713867188,863.8750610351562,721.3055419921875,779.5,720.5
4474,29,1568048147894,0386,0980,853.39794921875,713.351806640625,81.76263427734375,82.57524108886719,156.9330291748047,771.7828369140625,673.2825317382812,868.0,673.3131713867188,863.8750610351562,721.3055419921875,779.5,720.5
4475,29,1568048147908,0386,0980,853.4296875,713.2817993164062,81.05085754394531,82.81395721435547,136.2037353515625,771.7230834960938,673.4239501953125,867.9761962890625,673.3841552734375,863.8139038085938,721.2565307617188,779.5,720.5
4476,29,1568048147922,0386,0980,853.55419921875,713.5645751953125,80.9505386352539,82.79454803466797,147.5662078857422,771.7230834960938,673.4239501953125,868.0238037109375,673.6158447265625,863.8668823242188,721.5370483398438,779.7512817382812,720.7784423828125
4477,29,1568048147935,0386,0980,853.5802001953125,713.5179443359375,80.8856201171875,82.44547271728516,144.29428100585938,771.7185668945312,673.474609375,868.2791748046875,673.6025390625,863.9476318359375,721.6273193359375,779.5881958007812,720.9583129882812
4478,29,1568048147948,0386,0980,853.5791625976562,713.52978515625,81.0450439453125,82.37491607666016,144.66671752929688,771.8933715820312,673.5778198242188,868.1860961914062,673.7434692382812,864.007568359375,721.70166015625,779.5,721.037353515625
4479,29,1568048147960,0386,0980,853.6654663085938,713.6502685546875,80.809814453125,82.18870544433594,145.56915283203125,771.8034057617188,673.628173828125,868.1860961914062,673.7434692382812,864.007568359375,721.70166015625,779.6407470703125,721.052490234375
4480,29,1568048147973,0386,0980,853.650634765625,713.79150390625,80.70057678222656,82.55917358398438,148.36749267578125,771.9664306640625,673.76416015625,868.1249389648438,673.6944580078125,863.8886108398438,721.7810668945312,779.676025390625,721.143798828125
4481,29,1568048147985,0386,0980,853.732177734375,713.9286499023438,80.7763671875,82.30131530761719,152.20367431640625,772.0086059570312,673.7864379882812,868.2265625,673.914794921875,863.7587280273438,721.8703002929688,779.7512817382812,721.2215576171875
4482,29,1568048147998,0386,0980,853.5633544921875,713.8193359375,80.99886322021484,82.24652099609375,144.27828979492188,772.0036010742188,674.0,868.1693115234375,674.2012939453125,863.7120361328125,722.0487670898438,779.650146484375,721.349853515625
4483,29,1568048148012,0386,0980,853.443359375,714.2290649414062,80.47947692871094,82.09196472167969,140.69143676757812,771.8837890625,674.0840454101562,867.9734497070312,674.175537109375,863.7120361328125,721.9512329101562,779.560546875,721.4854125976562
4484,29,1568048148029,0386,0980,853.3060913085938,714.1282348632812,81.70433807373047,83.3277587890625,148.1619873046875,771.7059326171875,674.2388305664062,868.0773315429688,674.2478637695312,863.7120361328125,721.9512329101562,779.560546875,721.4854125976562
4485,29,1568048148043,0386,0980,853.4277954101562,714.1253662109375,80.62222290039062,82.42351531982422,138.3793487548828,771.7059326171875,674.2388305664062,867.87646484375,674.2090454101562,863.7446899414062,721.9963989257812,779.560546875,721.4854125976562
4486,29,1568048148057,0386,0980,853.3703002929688,714.0638427734375,81.52283477783203,82.71102905273438,142.3013458251953,771.567626953125,674.1285400390625,867.996826171875,674.286376953125,863.7120361328125,721.9512329101562,779.5,721.5
4487,29,1568048148070,0386,0980,853.5087280273438,714.0275268554688,80.75988006591797,82.32343292236328,134.02603149414062,771.567626953125,674.1285400390625,867.87646484375,674.2090454101562,863.7120361328125,721.9512329101562,779.5,721.5
4488,29,1568048148082,0386,0980,853.489501953125,714.0224609375,80.84107208251953,82.51937103271484,139.4085235595703,771.5925903320312,674.0443725585938,867.87646484375,674.2090454101562,863.7120361328125,721.9512329101562,779.5,721.5
4489,29,1568048148094,0386,0980,853.5192260742188,714.1111450195312,80.88106536865234,82.4461898803711,140.93515014648438,771.5925903320312,674.0443725585938,867.87646484375,674.2090454101562,863.7120361328125,721.9512329101562,779.5,721.5
4490,29,1568048148106,0386,0980,853.6077270507812,714.1678466796875,80.7142105102539,82.68038177490234,145.14048767089844,771.7526245117188,674.0,867.9734497070312,674.175537109375,863.7446899414062,721.9963989257812,779.560546875,721.4854125976562
4491,29,1568048148118,0386,0980,853.571533203125,714.1920776367188,80.97205352783203,82.5966796875,147.49656677246094,772.0036010742188,674.0,868.0773315429688,674.2478637695312,863.8825073242188,722.0774536132812,779.560546875,721.4854125976562
4492,29,1568048148130,0386,0980,853.5250244140625,714.359619140625,80.81138610839844,82.66156005859375,146.40257263183594,771.9517822265625,674.1322631835938,868.0810546875,674.2732543945312,863.934326171875,722.263427734375,779.560546875,721.4854125976562
4493,29,1568048148144,0386,0980,853.6912231445312,714.2781982421875,80.73552703857422,82.47769165039062,139.54103088378906,772.0086059570312,674.2135620117188,868.1173706054688,674.2310180664062,863.8886108398438,722.2189331054688,779.560546875,721.4854125976562
4494,29,1568048148157,0386,0980,853.8173828125,714.1707763671875,80.406005859375,82.78748321533203,149.9305877685547,772.0086059570312,674.2135620117188,868.1860961914062,674.2565307617188,864.007568359375,722.29833984375,779.6466674804688,721.5
4495,29,1568048148169,0386,0980,853.640625,714.4911499023438,81.03621673583984,82.47948455810547,138.31436157226562,771.9727783203125,674.2969970703125,868.2822875976562,674.6143798828125,864.0,722.3131713867188,779.8745727539062,721.7269287109375
4496,29,1568048148182,0386,0980,853.7080078125,714.4777221679688,80.3056411743164,82.31101989746094,139.826416015625,771.8560180664062,674.4741821289062,868.2822875976562,674.6143798828125,864.0,722.5,779.800048828125,721.8366088867188
4497,29,1568048148195,0386,0980,853.7825927734375,714.5438232421875,80.29290771484375,82.39241027832031,140.5518341064453,771.8646850585938,674.6041870117188,868.2822875976562,674.6143798828125,864.0365600585938,722.5714111328125,779.7781982421875,721.9337158203125
4498,29,1568048148208,0386,0980,853.5381469726562,714.7952880859375,80.8135757446289,82.75299835205078,129.58912658691406,772.0,674.77392578125,868.1249389648438,674.6944580078125,864.0,722.6868286132812,779.764892578125,722.0404663085938
4499,29,1568048148221,0386,0980,853.5783081054688,714.6567993164062,80.90111541748047,81.99169158935547,141.33642578125,772.0,674.77392578125,868.2706298828125,674.7437133789062,864.0,722.6868286132812,779.7638549804688,722.1106567382812
4500,29,1568048148234,0386,0980,853.6670532226562,714.61279296875,81.17076873779297,82.24816131591797,141.94509887695312,772.0,674.77392578125,868.3273315429688,674.8199462890625,864.0,722.6868286132812,779.7584228515625,722.0957641601562
4501,30,1568048138081,0672,0980,821.41650390625,714.5700073242188,83.66105651855469,85.00537872314453,94.97232055664062,754.6010131835938,675.3882446289062,849.6083374023438,675.2566528320312,845.1414794921875,722.8585205078125,761.6739501953125,722.183349609375
4502,30,1568048138095,0672,0980,821.4310302734375,714.420654296875,83.73884582519531,85.33721923828125,101.4264907836914,754.5,675.4849853515625,849.6083374023438,675.2566528320312,845.1414794921875,722.8585205078125,761.6739501953125,722.183349609375
4503,30,1568048138109,0672,0980,821.4534301757812,714.42431640625,84.03170776367188,85.20511627197266,101.84071350097656,754.5,675.4849853515625,849.6083374023438,675.2566528320312,845.1405639648438,722.8792724609375,761.6739501953125,722.183349609375
4504,30,1568048138121,0672,0980,821.295654296875,714.5762329101562,84.4106674194336,85.87693786621094,98.01397705078125,754.5,675.4849853515625,849.506103515625,675.2839965820312,845.1405639648438,722.8792724609375,761.7750244140625,722.0029296875
4505,30,1568048138133,0672,0980,821.296875,714.4368286132812,83.68620300292969,84.90000915527344,94.8615951538086,754.3787841796875,675.442626953125,849.598388671875,675.2051391601562,845.1414794921875,722.8585205078125,761.7750244140625,722.0029296875
4506,30,1568048138147,0672,0980,821.2721557617188,714.3677978515625,84.23991394042969,85.68214416503906,88.47283172607422,754.4750366210938,675.3579711914062,849.598388671875,675.2051391601562,845.065673828125,722.736572265625,761.76220703125,722.0
4507,30,1568048138159,0672,0980,821.4568481445312,714.4564208984375,83.96392822265625,84.9262924194336,95.192138671875,754.4750366210938,675.3579711914062,849.5,675.1732788085938,845.0810546875,722.7267456054688,761.76220703125,722.0
4508,30,1568048138172,0672,0980,821.1511840820312,714.4634399414062,84.12631225585938,85.67216491699219,92.20356750488281,754.3887939453125,675.2039794921875,849.5,675.1732788085938,845.0810546875,722.7267456054688,761.8383178710938,722.0
4509,30,1568048138184,0672,0980,821.3377685546875,714.4267578125,83.95124053955078,85.26872253417969,99.91918182373047,754.3887939453125,675.2039794921875,849.401611328125,675.2051391601562,845.0810546875,722.7267456054688,761.8383178710938,722.0
4510,30,1568048138195,0672,0980,821.1907958984375,714.4213256835938,84.24217224121094,85.40385437011719,98.64488220214844,754.3887939453125,675.2039794921875,849.401611328125,675.2051391601562,845.0810546875,722.7267456054688,761.8383178710938,722.0
4511,30,1568048138207,0672,0980,821.1372680664062,714.323486328125,83.9942855834961,85.96795654296875,99.41383361816406,754.3887939453125,675.2039794921875,849.401611328125,675.2051391601562,845.0810546875,722.7267456054688,761.8383178710938,722.0
4512,30,1568048138219,0672,0980,821.2855834960938,714.3938598632812,83.92778778076172,85.62797546386719,103.72433471679688,754.3887939453125,675.2039794921875,849.401611328125,675.2051391601562,845.0810546875,722.7267456054688,761.8383178710938,722.0
4513,30,1568048138232,0672,0980,821.4368286132812,714.2570190429688,83.41727447509766,84.93868255615234,91.39791870117188,754.3887939453125,675.2039794921875,849.401611328125,675.2051391601562,845.1173706054688,722.7689819335938,761.8383178710938,722.0
4514,30,1568048138246,0672,0980,821.4135131835938,714.3359375,84.5478744506836,85.51677703857422,108.46195220947266,754.3887939453125,675.2039794921875,849.401611328125,675.2051391601562,845.0810546875,722.7267456054688,761.8383178710938,722.0
4515,30,1568048138259,0672,0980,821.1719360351562,714.33349609375,84.18309020996094,85.17096710205078,91.53611755371094,754.3887939453125,675.2039794921875,849.401611328125,675.2051391601562,845.0810546875,722.7267456054688,761.8383178710938,722.0
4516,30,1568048138272,0672,0980,821.1380615234375,714.4210205078125,84.08678436279297,85.30873107910156,94.2905044555664,754.4750366210938,675.3579711914062,849.401611328125,675.2051391601562,845.0810546875,722.7267456054688,761.78662109375,722.03515625
4517,30,1568048138285,0672,0980,821.3271484375,714.316650390625,83.81846618652344,84.9719467163086,87.71419525146484,754.3787841796875,675.442626953125,849.3963012695312,675.2138061523438,845.0810546875,722.7267456054688,761.819580078125,721.9993896484375
4518,30,1568048138297,0672,0980,821.1266479492188,714.4200439453125,84.57286071777344,85.52889251708984,93.4524917602539,754.3787841796875,675.442626953125,849.3963012695312,675.2138061523438,845.0810546875,722.7267456054688,761.7603149414062,722.0799560546875
4519,30,1568048138310,0672,0980,821.1495361328125,714.3660278320312,84.17057800292969,85.49933624267578,103.99803161621094,754.3787841796875,675.442626953125,849.3963012695312,675.2138061523438,845.0810546875,722.7267456054688,761.7603149414062,722.0799560546875
4520,30,1568048138323,0672,0980,821.1648559570312,714.367919921875,84.22261047363281,85.56616973876953,99.32001495361328,754.3787841796875,675.442626953125,849.3916625976562,675.2566528320312,845.0810546875,722.7267456054688,761.7603149414062,722.0799560546875
4521,30,1568048138335,0672,0980,821.1605224609375,714.3882446289062,84.18731689453125,85.01838684082031,104.21847534179688,754.3787841796875,675.442626953125,849.401611328125,675.2051391601562,845.0810546875,722.7267456054688,761.78662109375,722.03515625
4522,30,1568048138348,0672,0980,821.2076416015625,714.3856201171875,83.86505126953125,85.18582916259766,102.36759948730469,754.3887939453125,675.2039794921875,849.401611328125,675.2051391601562,845.0,722.6868286132812,761.790283203125,722.0794677734375
4523,30,1568048138360,0672,0980,821.1249389648438,714.2848510742188,83.95686340332031,85.01118469238281,102.555419921875,754.3684692382812,675.0722045898438,849.4425659179688,675.22314453125,845.0,722.6868286132812,761.790283203125,722.0794677734375
4524,30,1568048138374,0672,0980,821.1616821289062,714.1288452148438,84.43977355957031,84.88243865966797,105.1739273071289,754.3684692382812,675.0722045898438,849.4425659179688,675.22314453125,845.0,722.6868286132812,761.7279052734375,722.0
4525,30,1568048138386,0672,0980,821.1668090820312,714.3223876953125,83.63837432861328,85.72589874267578,96.22311401367188,754.432373046875,675.1285400390625,849.427001953125,674.9948120117188,845.0,722.5,761.7603149414062,721.9200439453125
4526,30,1568048138398,0672,0980,821.248779296875,714.2901611328125,84.14845275878906,86.06707763671875,98.03658294677734,754.37548828125,675.1945190429688,849.5283203125,674.96875,845.0,722.5,761.7603149414062,721.9200439453125
4527,30,1568048138412,0672,0980,821.2354125976562,714.242431640625,83.93744659423828,85.45417022705078,89.5956039428711,754.5,675.0,849.5283203125,674.96875,845.0,722.5,761.7603149414062,721.9200439453125
4528,30,1568048138425,0672,0980,821.299560546875,714.2149047851562,83.85086059570312,85.65522003173828,100.21227264404297,754.5,675.0,849.4716796875,675.03125,845.0940551757812,722.5934448242188,761.7603149414062,721.9200439453125
4529,30,1568048138437,0672,0980,821.4344482421875,714.1868896484375,83.65469360351562,85.69383239746094,95.35414123535156,754.5,675.0,849.3854370117188,674.8952026367188,845.2791748046875,722.3974609375,761.8336791992188,721.8336791992188
4530,30,1568048138450,0672,0980,821.3754272460938,714.0999145507812,84.11309814453125,85.6640853881836,95.2646713256836,754.4528198242188,674.9552001953125,849.575927734375,674.776611328125,845.2791748046875,722.3974609375,761.8336791992188,721.8336791992188
4531,30,1568048138462,0672,0980,821.41650390625,714.1511840820312,83.77851867675781,85.54798889160156,98.6064453125,754.4528198242188,674.9552001953125,849.575927734375,674.776611328125,845.2791748046875,722.3974609375,761.8336791992188,721.8336791992188
4532,30,1568048138474,0672,0980,821.3489990234375,714.1928100585938,83.58455657958984,85.32791900634766,96.4186019897461,754.4528198242188,674.9552001953125,849.575927734375,674.776611328125,845.2791748046875,722.3974609375,761.8336791992188,721.8336791992188
4533,30,1568048138487,0672,0980,821.336669921875,714.0817260742188,83.9869384765625,85.39451599121094,94.9787368774414,754.5,675.0,849.575927734375,674.776611328125,845.2791748046875,722.3974609375,761.8336791992188,721.8336791992188
4534,30,1568048138501,0672,0980,821.3946533203125,714.1401977539062,84.12893676757812,85.5206069946289,96.23820495605469,754.5471801757812,675.0447998046875,849.598388671875,674.7948608398438,845.2791748046875,722.3974609375,761.8336791992188,721.8336791992188
4535,30,1568048138514,0672,0980,821.2833251953125,714.014892578125,83.8227310180664,85.4332275390625,107.4179916381836,754.5471801757812,675.0447998046875,849.401611328125,674.7948608398438,845.1248168945312,722.3026733398438,761.8336791992188,721.8336791992188
4536,30,1568048138527,0672,0980,821.1575927734375,713.9642944335938,84.29659271240234,86.23876190185547,106.97820281982422,754.5471801757812,675.0447998046875,849.401611328125,674.7948608398438,845.0238037109375,722.3841552734375,761.7512817382812,721.7784423828125
4537,30,1568048138540,0672,0980,821.1961669921875,714.0840454101562,84.78314971923828,85.59818267822266,118.96758270263672,754.4134521484375,674.9456787109375,849.3577270507812,674.8231811523438,844.8826293945312,722.2310180664062,761.65673828125,721.6436767578125
4538,30,1568048138554,0672,0980,821.0546264648438,713.8869018554688,84.22327423095703,85.29393005371094,105.60708618164062,754.4134521484375,674.9456787109375,849.3150024414062,674.867919921875,844.8826293945312,722.2310180664062,761.65673828125,721.6436767578125
4539,30,1568048138566,0672,0980,821.186279296875,713.7076416015625,83.8023681640625,84.89981079101562,100.35549926757812,754.4134521484375,674.9456787109375,849.3150024414062,674.867919921875,844.8826293945312,722.2310180664062,761.56884765625,721.6324462890625
4540,30,1568048138579,0672,0980,821.0810546875,713.9598388671875,84.67962646484375,85.79334259033203,104.75284576416016,754.2249145507812,674.9464721679688,849.3150024414062,674.867919921875,844.9189453125,722.2732543945312,761.56884765625,721.6324462890625
4541,30,1568048138592,0672,0980,821.1204833984375,713.7898559570312,83.74148559570312,85.03299713134766,93.83755493164062,754.2249145507812,674.9464721679688,849.3150024414062,674.867919921875,844.9189453125,722.2732543945312,761.56884765625,721.6324462890625
4542,30,1568048138605,0672,0980,821.060302734375,714.0496826171875,84.159423828125,85.4614486694336,110.3398666381836,754.2249145507812,674.9464721679688,849.3150024414062,674.867919921875,844.9189453125,722.2732543945312,761.56884765625,721.6324462890625
4543,30,1568048138616,0672,0980,821.0490112304688,714.1332397460938,84.35713195800781,85.50254821777344,114.34815216064453,754.3297119140625,674.9852294921875,849.3150024414062,674.867919921875,844.8826293945312,722.2310180664062,761.56884765625,721.6324462890625
4544,30,1568048138629,0672,0980,820.8803100585938,713.9668579101562,83.99857330322266,85.48595428466797,94.6808853149414,754.45458984375,675.0682983398438,849.3150024414062,674.867919921875,844.9096069335938,722.2943725585938,761.7512817382812,721.7784423828125
4545,30,1568048138642,0672,0980,820.9927978515625,714.1842041015625,84.30323791503906,85.68833923339844,106.8518295288086,754.5471801757812,675.0447998046875,849.2400512695312,674.8797607421875,845.0,722.5,761.676025390625,721.856201171875
4546,30,1568048138654,0672,0980,821.1472778320312,714.1266479492188,84.27517700195312,85.42577362060547,113.17723083496094,754.5,675.0,849.2913818359375,674.9238891601562,845.0,722.5,761.676025390625,721.856201171875
4547,30,1568048138666,0672,0980,821.1787719726562,714.2587280273438,84.23744201660156,85.23393249511719,99.69445037841797,754.3684692382812,675.0722045898438,849.3878784179688,675.031494140625,845.0238037109375,722.6158447265625,761.7603149414062,721.9200439453125
4548,30,1568048138679,0672,0980,821.0170288085938,714.3231201171875,84.41127014160156,86.34691619873047,100.87023162841797,754.4259033203125,675.0585327148438,849.427001953125,674.9948120117188,845.0238037109375,722.6158447265625,761.78662109375,721.96484375
4549,30,1568048138691,0672,0980,821.2549438476562,714.3304443359375,84.41801452636719,85.50720977783203,120.5257339477539,754.5,675.1345825195312,849.401611328125,675.2051391601562,845.1173706054688,722.7689819335938,761.8383178710938,722.0
4550,30,1568048138704,0672,0980,821.0720825195312,714.1708984375,84.14352416992188,85.8956527709961,113.12232971191406,754.5887451171875,675.2839965820312,849.401611328125,675.2051391601562,845.1173706054688,722.7689819335938,761.8383178710938,722.0
4551,30,1568048138716,0672,0980,821.3223266601562,714.2296752929688,83.20697784423828,85.17430877685547,97.57401275634766,754.4750366210938,675.3579711914062,849.401611328125,675.2051391601562,845.1173706054688,722.7689819335938,761.819580078125,721.9993896484375
4552,30,1568048138728,0672,0980,821.086669921875,714.3629760742188,83.95625305175781,85.66407012939453,101.02313232421875,754.4750366210938,675.3579711914062,849.401611328125,675.2051391601562,845.1173706054688,722.7689819335938,761.819580078125,721.9993896484375
4553,30,1568048138741,0672,0980,821.2283325195312,714.3063354492188,84.06404113769531,85.399169921875,102.26380157470703,754.4750366210938,675.3579711914062,849.401611328125,675.2051391601562,845.1173706054688,722.7689819335938,761.78662109375,722.03515625
4554,30,1568048138754,0672,0980,821.0823364257812,714.1480102539062,84.2332534790039,85.7910385131836,117.22900390625,754.4750366210938,675.3579711914062,849.401611328125,675.2051391601562,845.0,722.6868286132812,761.790283203125,722.0794677734375
4555,30,1568048138767,0672,0980,821.0614624023438,714.1993408203125,83.94860076904297,85.8322525024414,110.82317352294922,754.4559936523438,675.2167358398438,849.401611328125,675.2051391601562,845.0,722.6868286132812,761.790283203125,722.0794677734375
4556,30,1568048138779,0672,0980,821.0564575195312,714.3619995117188,83.76161193847656,85.62033081054688,110.94015502929688,754.4559936523438,675.2167358398438,849.4425659179688,675.22314453125,845.0,722.6868286132812,761.790283203125,722.0794677734375
4557,30,1568048138791,0672,0980,821.1143798828125,714.287109375,83.73479461669922,85.06492614746094,102.50379180908203,754.2391967773438,675.1897583007812,849.3878784179688,675.2125244140625,844.6631469726562,722.603271484375,761.5,722.0
4558,30,1568048138803,0672,0980,820.5272827148438,713.9737548828125,83.70745086669922,85.23114013671875,98.77039337158203,754.0,675.22607421875,849.0,675.0,844.5,722.4100952148438,761.2396850585938,721.9200439453125
4559,30,1568048138815,0672,0980,819.789306640625,713.50634765625,84.16033172607422,85.7356185913086,99.97602844238281,753.55908203125,675.0933227539062,848.6132202148438,674.6539916992188,844.25,722.417724609375,760.9540405273438,721.6369018554688
4560,30,1568048138826,0672,0980,819.83642578125,713.4533081054688,83.83230590820312,85.95367431640625,103.87350463867188,753.54541015625,674.9317016601562,848.5574340820312,674.77685546875,844.065673828125,722.263427734375,761.0,721.692626953125
4561,30,1568048138838,0672,0980,820.0447998046875,713.5726318359375,83.8445816040039,85.72103118896484,107.82403564453125,753.7088012695312,674.9415893554688,848.663330078125,674.663330078125,844.065673828125,722.263427734375,761.0,721.692626953125
4562,30,1568048138851,0672,0980,820.1456298828125,713.4300537109375,83.95669555664062,85.39334106445312,116.36756134033203,753.7088012695312,674.9415893554688,848.663330078125,674.663330078125,844.1249389648438,722.3055419921875,761.0,721.692626953125
4563,30,1568048138863,0672,0980,820.0225219726562,713.4403076171875,83.82745361328125,85.6169204711914,103.79393768310547,753.7088012695312,674.9415893554688,848.663330078125,674.663330078125,844.1923828125,722.1930541992188,761.0,721.692626953125
4564,30,1568048138876,0672,0980,820.1375122070312,713.4954223632812,83.73013305664062,85.50012969970703,108.71000671386719,753.7088012695312,674.9415893554688,848.663330078125,674.663330078125,844.1923828125,722.1930541992188,761.0,721.692626953125
4565,30,1568048138889,0672,0980,819.99658203125,713.4878540039062,83.56363677978516,85.77384185791016,102.90428161621094,753.8236694335938,674.8003540039062,848.663330078125,674.663330078125,844.3204345703125,722.1270141601562,761.0,721.692626953125
4566,30,1568048138902,0672,0980,820.1048583984375,713.5969848632812,83.40544128417969,85.23954772949219,92.90377807617188,753.6927490234375,674.8887939453125,848.7265014648438,674.7101440429688,844.3204345703125,722.1270141601562,761.0,721.692626953125
4567,30,1568048138915,0672,0980,820.1602172851562,713.582275390625,83.38800048828125,84.77055358886719,89.26834869384766,753.9517822265625,674.8677368164062,848.7265014648438,674.7101440429688,844.3204345703125,722.1270141601562,761.1024169921875,721.7720947265625
4568,30,1568048138927,0672,0980,820.0745849609375,713.5643920898438,83.63587951660156,85.25138854980469,93.82929229736328,753.9517822265625,674.8677368164062,848.7636108398438,674.7476806640625,844.417724609375,722.25,761.199951171875,721.8366088867188
4569,30,1568048138938,0672,0980,820.1641235351562,713.596923828125,83.61419677734375,85.17166900634766,99.9031753540039,754.0036010742188,675.0,848.7636108398438,674.7476806640625,844.417724609375,722.25,761.199951171875,721.8366088867188
4570,30,1568048138950,0672,0980,820.1541748046875,713.7603759765625,84.09394836425781,85.0709457397461,91.78292846679688,754.0036010742188,675.0,848.7636108398438,674.7476806640625,844.389404296875,722.389404296875,761.199951171875,721.8366088867188
4571,30,1568048138962,0672,0980,820.1365356445312,713.6930541992188,83.41895294189453,84.69236755371094,83.22129821777344,754.0036010742188,675.0,848.7636108398438,674.7476806640625,844.389404296875,722.389404296875,761.199951171875,721.8366088867188
4572,30,1568048138974,0672,0980,820.0411987304688,713.6292724609375,83.334716796875,84.95496368408203,92.34300994873047,754.0036010742188,675.0,848.7742309570312,674.7742309570312,844.4848022460938,722.3627319335938,761.199951171875,721.8366088867188
4573,30,1568048138987,0672,0980,820.3675537109375,713.4317016601562,84.27286529541016,85.41734313964844,108.59992980957031,754.0036010742188,675.0,848.731689453125,674.8768310546875,844.389404296875,722.389404296875,761.199951171875,721.8366088867188
4574,30,1568048139000,0672,0980,820.0606689453125,713.5606079101562,83.42173767089844,85.21002197265625,96.5300064086914,754.0036010742188,675.0,848.731689453125,674.8768310546875,844.389404296875,722.389404296875,761.199951171875,721.8366088867188
4575,30,1568048139013,0672,0980,820.1950073242188,713.6647338867188,83.49384307861328,84.88526916503906,92.55264282226562,753.9722290039062,675.031005859375,848.731689453125,674.8768310546875,844.389404296875,722.389404296875,761.199951171875,721.8366088867188
4576,30,1568048139026,0672,0980,819.9237060546875,713.7288818359375,83.32415008544922,84.98429107666016,110.28990936279297,754.0036010742188,675.0,848.731689453125,674.8768310546875,844.3330688476562,722.5222778320312,761.199951171875,721.8366088867188
4577,30,1568048139039,0672,0980,820.1065673828125,713.6865234375,83.2314453125,84.80968475341797,91.26933288574219,754.0036010742188,675.0,848.731689453125,674.8768310546875,844.3330688476562,722.5222778320312,761.199951171875,721.8366088867188
4578,30,1568048139051,0672,0980,820.0745849609375,713.7566528320312,83.59062194824219,84.78884887695312,95.45013427734375,753.9722290039062,675.031005859375,848.731689453125,674.8768310546875,844.3330688476562,722.5222778320312,761.199951171875,721.8366088867188
4579,30,1568048139063,0672,0980,820.10595703125,713.81396484375,82.99276733398438,84.64430236816406,92.05078125,753.9201049804688,675.037353515625,848.731689453125,674.8768310546875,844.3330688476562,722.5222778320312,761.199951171875,721.8366088867188
4580,30,1568048139076,0672,0980,819.8427124023438,713.8179321289062,83.03228759765625,85.64897918701172,99.8859634399414,753.917724609375,675.2318115234375,848.82373046875,675.0,844.3330688476562,722.5222778320312,761.2415771484375,721.9042358398438
4581,30,1568048139088,0672,0980,819.94189453125,713.6913452148438,83.28384399414062,85.17154693603516,96.53276824951172,753.8409423828125,675.3563842773438,848.82373046875,675.0,844.3330688476562,722.5222778320312,761.2249755859375,721.9970703125
4582,30,1568048139101,0672,0980,819.9286499023438,713.9741821289062,82.5544662475586,85.06095123291016,100.71403503417969,753.8409423828125,675.3563842773438,848.731689453125,675.1231689453125,844.3605346679688,722.5,761.2249755859375,721.9970703125
4583,30,1568048139114,0672,0980,819.9732666015625,713.8135375976562,83.13684844970703,84.67291259765625,103.51273345947266,753.8409423828125,675.3563842773438,848.731689453125,675.1231689453125,844.25,722.582275390625,761.2249755859375,721.9970703125
4584,30,1568048139127,0672,0980,819.9130249023438,713.7747802734375,83.39280700683594,85.03565216064453,93.3389663696289,753.8409423828125,675.3563842773438,848.731689453125,675.1231689453125,844.25,722.582275390625,761.2249755859375,722.0029296875
4585,30,1568048139141,0672,0980,820.0582885742188,713.9789428710938,82.91706848144531,85.13592529296875,102.70462036132812,753.82275390625,675.3861083984375,848.8624877929688,675.3447265625,844.417724609375,722.75,761.2091064453125,722.2118530273438
4586,30,1568048139156,0672,0980,819.9859008789062,713.8898315429688,82.58238220214844,85.24187469482422,96.85607147216797,753.82275390625,675.3861083984375,848.8624877929688,675.3447265625,844.3204345703125,722.8729858398438,761.199951171875,722.1633911132812
4587,30,1568048139169,0672,0980,819.9539794921875,714.0594482421875,82.76640319824219,85.32167053222656,95.40803527832031,753.7185668945312,675.525390625,848.8588256835938,675.3399047851562,844.3726806640625,722.9476318359375,761.199951171875,722.1633911132812
4588,30,1568048139182,0672,0980,820.0826416015625,714.037841796875,82.497802734375,85.20884704589844,103.38089752197266,753.7698364257812,675.525634765625,848.8822631835938,675.3013305664062,844.3726806640625,722.9476318359375,761.199951171875,722.1633911132812
4589,30,1568048139195,0672,0980,820.0379638671875,714.0525512695312,82.64312744140625,85.31869506835938,98.74366760253906,753.7320556640625,675.5665893554688,848.7948608398438,675.401611328125,844.3726806640625,722.9476318359375,761.0447387695312,722.29248046875
4590,30,1568048139208,0672,0980,820.0588989257812,714.0086059570312,82.78316497802734,85.45922088623047,94.24649810791016,753.7320556640625,675.5665893554688,848.7948608398438,675.401611328125,844.3726806640625,722.9476318359375,761.0447387695312,722.29248046875
4591,30,1568048139221,0672,0980,820.0808715820312,713.9144287109375,82.90088653564453,85.60384368896484,92.42330932617188,753.7185668945312,675.525390625,848.8588256835938,675.3399047851562,844.3726806640625,722.9476318359375,761.0447387695312,722.29248046875
4592,30,1568048139234,0672,0980,820.15576171875,713.8877563476562,82.7556381225586,84.98169708251953,100.19026184082031,753.8383178710938,675.4854736328125,848.8594360351562,675.3646850585938,844.3204345703125,722.8729858398438,761.199951171875,722.1633911132812
4593,30,1568048139246,0672,0980,820.0680541992188,713.92041015625,82.79149627685547,85.09266662597656,96.780029296875,753.8214721679688,675.41943359375,848.8226928710938,675.3846435546875,844.3204345703125,722.8729858398438,761.0447387695312,722.29248046875
4594,30,1568048139259,0672,0980,820.1607055664062,713.98291015625,82.9268798828125,85.0554428100586,93.16277313232422,753.8383178710938,675.4854736328125,848.8226928710938,675.3846435546875,844.3204345703125,722.8729858398438,761.0447387695312,722.29248046875
4595,30,1568048139271,0672,0980,820.0457763671875,713.897216796875,82.58850860595703,84.85917663574219,86.2419662475586,753.8383178710938,675.4854736328125,848.8226928710938,675.3846435546875,844.3204345703125,722.8729858398438,761.0447387695312,722.29248046875
4596,30,1568048139284,0672,0980,819.9448852539062,713.9647827148438,82.635009765625,85.1911392211914,98.09893035888672,753.8214721679688,675.41943359375,848.8594360351562,675.3646850585938,844.3204345703125,722.8729858398438,761.0447387695312,722.29248046875
4597,30,1568048139297,0672,0980,820.1630859375,714.083740234375,82.49906921386719,84.45044708251953,105.26594543457031,753.82275390625,675.3861083984375,848.8624877929688,675.3447265625,844.3204345703125,722.8729858398438,761.2415771484375,722.0957641601562
4598,30,1568048139311,0672,0980,820.0296630859375,713.8765258789062,82.99385070800781,85.35742950439453,106.6929702758789,753.82275390625,675.3861083984375,848.8624877929688,675.3447265625,844.3204345703125,722.8729858398438,761.2415771484375,722.0957641601562
4599,30,1568048139324,0672,0980,820.0917358398438,713.7335815429688,81.79266357421875,84.6522216796875,94.7922592163086,753.82275390625,675.3861083984375,848.8624877929688,675.3447265625,844.3204345703125,722.8729858398438,761.2415771484375,722.0957641601562
4600,30,1568048139337,0672,0980,819.8652954101562,713.8255004882812,82.12834167480469,85.13021087646484,87.94730377197266,753.82275390625,675.3861083984375,848.8624877929688,675.3447265625,844.3204345703125,722.8729858398438,761.2415771484375,722.0957641601562
4601,30,1568048139350,0672,0980,820.374755859375,714.0186157226562,81.47098541259766,84.5384750366211,87.99938201904297,754.0,675.4085693359375,848.8624877929688,675.3447265625,844.5,722.7739868164062,761.2396850585938,722.0799560546875
4602,30,1568048139363,0672,0980,820.7769775390625,713.67529296875,82.11283111572266,84.88446044921875,88.87378692626953,754.3787841796875,675.442626953125,849.4197998046875,675.2051391601562,844.8826293945312,722.7689819335938,761.676025390625,722.143798828125
4603,30,1568048139376,0672,0980,821.19921875,713.7509765625,81.96672058105469,84.76811218261719,89.74742889404297,754.5451049804688,675.4303588867188,849.5,675.2304077148438,845.1173706054688,722.7689819335938,761.7603149414062,722.0799560546875
4604,30,1568048139389,0672,0980,821.0001831054688,713.6207885742188,81.89340209960938,85.2210922241211,96.20072937011719,754.5451049804688,675.4303588867188,849.5,675.2304077148438,845.1173706054688,722.7689819335938,761.7603149414062,722.0799560546875
4605,30,1568048139402,0672,0980,820.9559936523438,713.6355590820312,81.93512725830078,85.21107482910156,99.8899154663086,754.5451049804688,675.4303588867188,849.401611328125,675.2051391601562,845.0,722.6868286132812,761.7603149414062,722.0799560546875
4606,30,1568048139415,0672,0980,820.9812622070312,713.7742919921875,82.29861450195312,84.92779541015625,103.34736633300781,754.6010131835938,675.3882446289062,849.401611328125,675.2051391601562,845.0,722.6868286132812,761.7603149414062,722.0799560546875
4607,30,1568048139427,0672,0980,821.1510009765625,713.643798828125,82.25630187988281,85.08753204345703,95.3776626586914,754.6010131835938,675.3882446289062,849.401611328125,675.2051391601562,845.0,722.6868286132812,761.7603149414062,722.0799560546875
4608,30,1568048139440,0672,0980,820.997314453125,713.709716796875,81.8863754272461,85.44410705566406,97.1998062133789,754.3514404296875,675.239990234375,849.4651489257812,675.0256958007812,844.9761962890625,722.6158447265625,761.7313842773438,722.06689453125
4609,30,1568048139453,0672,0980,820.8599853515625,713.6796264648438,81.9693603515625,83.62168884277344,101.75899505615234,754.3400268554688,675.158447265625,849.3447265625,674.8624877929688,844.8826293945312,722.2310180664062,761.7603149414062,721.9200439453125
4610,30,1568048139467,0672,0980,821.04638671875,713.3557739257812,82.69111633300781,84.5779800415039,93.35076904296875,754.3400268554688,675.158447265625,849.3447265625,674.8624877929688,844.8826293945312,722.2310180664062,761.676025390625,721.856201171875
4611,30,1568048139481,0672,0980,820.9171142578125,713.4514770507812,82.8249282836914,84.93124389648438,90.54849243164062,754.37548828125,675.1945190429688,849.3447265625,674.8624877929688,844.8826293945312,722.2310180664062,761.676025390625,721.856201171875
4612,30,1568048139494,0672,0980,820.895751953125,713.4364624023438,83.14124298095703,84.89515686035156,90.1353988647461,754.3400268554688,675.158447265625,849.3447265625,674.8624877929688,844.8826293945312,722.2310180664062,761.676025390625,721.856201171875
4613,30,1568048139508,0672,0980,820.9551391601562,713.2879028320312,83.1524887084961,84.88703918457031,92.73902893066406,754.3400268554688,675.158447265625,849.3447265625,674.8624877929688,844.8826293945312,722.2310180664062,761.676025390625,721.856201171875
4614,30,1568048139521,0672,0980,820.8932495117188,713.3593139648438,82.62718963623047,84.87090301513672,96.71337127685547,754.3400268554688,675.158447265625,849.3447265625,674.8624877929688,844.8826293945312,722.2310180664062,761.676025390625,721.856201171875
4615,30,1568048139533,0672,0980,820.9204711914062,713.4125366210938,82.5376205444336,85.11459350585938,92.55693054199219,754.3400268554688,675.158447265625,849.3447265625,674.8624877929688,844.8826293945312,722.2310180664062,761.676025390625,721.856201171875
4616,30,1568048139546,0672,0980,820.8584594726562,713.7063598632812,82.75205993652344,85.20571899414062,96.21717834472656,754.3400268554688,675.158447265625,849.3447265625,674.8624877929688,844.8826293945312,722.2310180664062,761.676025390625,721.856201171875
4617,30,1568048139559,0672,0980,820.8758544921875,713.5120849609375,82.79781341552734,85.01338195800781,100.36627197265625,754.3400268554688,675.158447265625,849.3447265625,674.8624877929688,844.8826293945312,722.2310180664062,761.676025390625,721.856201171875
4618,30,1568048139572,0672,0980,820.8717651367188,713.5428466796875,82.44977569580078,85.08567810058594,97.16283416748047,754.3400268554688,675.158447265625,849.3447265625,674.8624877929688,844.9059448242188,722.4065551757812,761.634033203125,721.9488525390625
4619,30,1568048139585,0672,0980,820.6710205078125,713.6825561523438,82.64378356933594,85.18551635742188,93.70008850097656,754.404296875,675.09619140625,849.268310546875,674.8768310546875,844.7177124023438,722.6143798828125,761.5006103515625,722.0535278320312
4620,30,1568048139600,0672,0980,820.6961059570312,713.7161865234375,82.73889923095703,85.22993469238281,97.10540008544922,754.404296875,675.09619140625,849.268310546875,675.1231689453125,844.7177124023438,722.6143798828125,761.5,722.0
4621,30,1568048139613,0672,0980,820.677978515625,713.8763427734375,82.47323608398438,84.58714294433594,96.89493560791016,754.1560668945312,675.2885131835938,849.1528930664062,675.1528930664062,844.75,722.582275390625,761.3699951171875,722.1195068359375
4622,30,1568048139627,0672,0980,820.4829711914062,713.8314208984375,82.33937072753906,85.60476684570312,95.41865539550781,754.1560668945312,675.2885131835938,849.1528930664062,675.1528930664062,844.75,722.582275390625,761.3699951171875,722.1195068359375
4623,30,1568048139641,0672,0980,820.589599609375,713.7831420898438,82.43563842773438,85.12194061279297,95.913330078125,754.0919189453125,675.1702880859375,849.1528930664062,675.1528930664062,844.7177124023438,722.6143798828125,761.3699951171875,722.1195068359375
4624,30,1568048139654,0672,0980,820.5350341796875,713.8034057617188,82.38494110107422,85.48149108886719,97.41706848144531,754.0919189453125,675.1702880859375,849.1528930664062,675.1528930664062,844.75,722.582275390625,761.3699951171875,722.1195068359375
4625,30,1568048139667,0672,0980,820.6675415039062,713.6790771484375,82.28594970703125,84.90553283691406,97.37126922607422,754.0919189453125,675.1702880859375,849.0665283203125,675.0322265625,844.75,722.582275390625,761.3699951171875,722.1195068359375
4626,30,1568048139680,0672,0980,820.5132446289062,713.74365234375,82.31749725341797,85.2803726196289,99.2303237915039,754.0919189453125,675.1702880859375,849.0665283203125,675.0322265625,844.75,722.582275390625,761.2720947265625,722.0
4627,30,1568048139693,0672,0980,820.5314331054688,713.7584228515625,82.1435317993164,85.12510681152344,91.9602279663086,754.0482177734375,675.1322631835938,849.0,675.0,844.75,722.582275390625,761.2720947265625,722.0
4628,30,1568048139706,0672,0980,820.49951171875,713.77978515625,83.21075439453125,85.10307312011719,97.11542510986328,754.0482177734375,675.1322631835938,849.17626953125,675.0,844.6394653320312,722.5,761.2720947265625,722.0
4629,30,1568048139720,0672,0980,820.43408203125,713.5819702148438,82.62813568115234,85.30420684814453,98.23616027832031,754.1763305664062,675.1996459960938,849.17626953125,675.0,844.6394653320312,722.5,761.2686157226562,722.06689453125
4630,30,1568048139736,0672,0980,820.6000366210938,713.5578002929688,82.80252075195312,85.67485046386719,92.64360809326172,754.1763305664062,675.1996459960938,849.17626953125,675.0,844.6669311523438,722.4777221679688,761.2720947265625,722.0
4631,30,1568048139751,0672,0980,820.5518188476562,713.5985107421875,82.74658203125,85.98735809326172,99.57098388671875,754.14892578125,675.1666259765625,849.0665283203125,675.0322265625,844.7177124023438,722.6143798828125,761.2720947265625,722.0
4632,30,1568048139764,0672,0980,820.26025390625,713.7589111328125,83.6351318359375,85.74044799804688,102.72606658935547,754.082275390625,675.2318115234375,849.1528930664062,675.1528930664062,844.75,722.582275390625,761.3699951171875,722.1195068359375
4633,30,1568048139780,0672,0980,820.5824584960938,713.90234375,83.12997436523438,85.91936492919922,99.55050659179688,754.2838745117188,675.4550170898438,849.130126953125,675.2905883789062,844.8750610351562,722.6944580078125,761.323974609375,722.143798828125
4634,30,1568048139796,0672,0980,820.3388061523438,714.01318359375,82.89191436767578,86.39823150634766,99.88331604003906,754.2537841796875,675.552001953125,849.1697998046875,675.3966674804688,844.8750610351562,722.6944580078125,761.323974609375,722.143798828125
4635,30,1568048139810,0672,0980,820.482177734375,714.0601806640625,82.97014617919922,85.92452239990234,101.93470001220703,754.1616821289062,675.5145263671875,849.1618041992188,675.387451171875,844.8750610351562,722.6944580078125,761.323974609375,722.143798828125
4636,30,1568048139823,0672,0980,820.46240234375,713.947509765625,83.81964111328125,85.83263397216797,100.98290252685547,754.1616821289062,675.5145263671875,849.1697998046875,675.3966674804688,844.8750610351562,722.6944580078125,761.323974609375,722.143798828125
4637,30,1568048139838,0672,0980,820.703369140625,714.091552734375,83.06256103515625,85.45408630371094,93.24100494384766,754.1616821289062,675.5145263671875,849.1697998046875,675.3966674804688,844.8709106445312,722.7242431640625,761.323974609375,722.143798828125
4638,30,1568048139852,0672,0980,820.6024780273438,714.0900268554688,83.14090728759766,85.77699279785156,92.9677734375,754.1634521484375,675.6422119140625,849.1456298828125,675.3338012695312,844.6273193359375,722.9476318359375,761.4343872070312,722.2748413085938
4639,30,1568048139865,0672,0980,820.4632568359375,714.1375732421875,83.19285583496094,86.0473861694336,98.13545227050781,754.1625366210938,675.6724243164062,849.1456298828125,675.3338012695312,844.6273193359375,722.9476318359375,761.34326171875,722.3563232421875
4640,30,1568048139878,0672,0980,820.4683227539062,714.1483154296875,83.18197631835938,86.20475006103516,96.13058471679688,754.1590576171875,675.6436157226562,849.223388671875,675.424072265625,844.6273193359375,722.9476318359375,761.43115234375,722.3675537109375
4641,30,1568048139891,0672,0980,820.6751098632812,714.0860595703125,83.07369232177734,85.67346954345703,98.56621551513672,754.1590576171875,675.6436157226562,849.1732788085938,675.5,844.6357421875,722.988037109375,761.43115234375,722.3675537109375
4642,30,1568048139904,0672,0980,820.5965576171875,714.2401123046875,83.46078491210938,85.7555160522461,91.69418334960938,754.1590576171875,675.6436157226562,849.1732788085938,675.5,844.6357421875,722.988037109375,761.5,722.5
4643,30,1568048139916,0672,0980,820.4011840820312,714.3126220703125,84.33235931396484,86.1731185913086,104.34832763671875,754.1590576171875,675.6436157226562,849.2103271484375,675.5393676757812,844.6319580078125,722.9251098632812,761.5,722.5
4644,30,1568048139928,0672,0980,820.3892822265625,714.4407348632812,84.12967681884766,86.23011779785156,102.59376525878906,754.1590576171875,675.6436157226562,848.96875,675.4716796875,844.501953125,722.9642333984375,761.5,722.5
4645,30,1568048139944,0672,0980,820.3220825195312,714.4019165039062,83.74555969238281,86.33586120605469,98.15791320800781,754.0053100585938,675.8617553710938,849.0,675.4415283203125,844.5,723.0054321289062,761.5,722.5
4646,30,1568048139957,0672,0980,820.2025756835938,714.4624633789062,83.73836517333984,86.76190185546875,91.64469146728516,754.0053100585938,675.8617553710938,849.0,675.4415283203125,844.5,723.0054321289062,761.5,722.5
4647,30,1568048139970,0672,0980,820.3004760742188,714.3092041015625,83.161376953125,86.02713775634766,85.8464126586914,754.0053100585938,675.8617553710938,849.0,675.4415283203125,844.5,723.0054321289062,761.5,722.5
4648,30,1568048139984,0672,0980,820.295166015625,714.4195556640625,83.54714965820312,86.05402374267578,90.25541687011719,753.9617919921875,675.86279296875,849.0,675.4415283203125,844.5,723.0054321289062,761.5,722.5
4649,30,1568048139999,0672,0980,820.2973022460938,714.2288818359375,83.199951171875,86.34149932861328,97.48633575439453,753.9617919921875,675.86279296875,849.0,675.4415283203125,844.5,723.0054321289062,761.5,722.5
4650,30,1568048140012,0672,0980,820.3567504882812,714.1683959960938,82.91570281982422,86.32476043701172,95.78877258300781,754.1590576171875,675.6436157226562,849.0,675.4415283203125,844.5,723.0054321289062,761.5,722.5
4651,31,1568048133113,0958,0980,787.8642578125,714.853759765625,87.87672424316406,89.06427764892578,89.74315643310547,735.6599731445312,676.158447265625,830.0665283203125,675.9677734375,825.5,723.2260131835938,742.4901123046875,723.0595703125
4652,31,1568048133128,0958,0980,787.6943359375,715.1392211914062,88.51128387451172,89.2748794555664,84.0677719116211,735.6599731445312,676.158447265625,830.17626953125,676.0,825.5540771484375,723.3894653320312,742.3651733398438,723.1475830078125
4653,31,1568048133144,0958,0980,787.6875,714.9495239257812,87.37828063964844,89.20537567138672,94.20401763916016,735.6340942382812,676.1431884765625,830.0054931640625,676.02978515625,825.4141235351562,723.5310668945312,742.2360229492188,723.228759765625
4654,31,1568048133157,0958,0980,787.66650390625,714.8884887695312,88.33695220947266,89.21449279785156,73.76700592041016,735.5513916015625,676.29443359375,830.0,676.0862426757812,825.4180908203125,723.4521484375,742.2360229492188,723.228759765625
4655,31,1568048133170,0958,0980,787.755126953125,714.884521484375,88.43968963623047,89.01806640625,83.18421173095703,735.4548950195312,676.4303588867188,829.830322265625,676.2408447265625,825.3330688476562,723.5222778320312,742.1331787109375,723.1715698242188
4656,31,1568048133183,0958,0980,787.517822265625,714.6651611328125,88.37611389160156,89.9070816040039,78.08995056152344,735.4548950195312,676.4303588867188,829.847900390625,676.1504516601562,825.3330688476562,723.5222778320312,742.1331787109375,723.1715698242188
4657,31,1568048133196,0958,0980,787.53076171875,714.8756713867188,87.43933868408203,88.17608642578125,96.16053771972656,735.207275390625,676.310302734375,829.7880249023438,676.27880859375,825.3605346679688,723.5,742.0692749023438,723.2520751953125
4658,31,1568048133209,0958,0980,787.4630126953125,715.0330200195312,87.34449768066406,88.96276092529297,90.07874298095703,735.207275390625,676.310302734375,829.899169921875,676.4297485351562,825.3330688476562,723.4777221679688,742.0692749023438,723.2520751953125
4659,31,1568048133220,0958,0980,787.3408813476562,715.2260131835938,87.53204345703125,89.14769744873047,86.34917449951172,735.3713989257812,676.5159301757812,829.7896728515625,676.4606323242188,825.25,723.582275390625,742.0581665039062,723.3733520507812
4660,31,1568048133233,0958,0980,787.4417114257812,715.2999267578125,88.39781188964844,89.34490203857422,110.6772232055664,735.3624267578125,676.5589599609375,829.8267211914062,676.5,825.1249389648438,723.6944580078125,742.0581665039062,723.3733520507812
4661,31,1568048133245,0958,0980,787.3551635742188,715.5798950195312,88.18163299560547,88.8446273803711,76.1147689819336,735.2877197265625,676.5,829.776611328125,676.575927734375,825.1249389648438,723.6944580078125,742.0,723.5
4662,31,1568048133256,0958,0980,787.383544921875,715.4649658203125,87.72222137451172,88.8964614868164,83.04600524902344,735.2985229492188,676.4603271484375,829.776611328125,676.575927734375,825.0661010742188,723.7622680664062,742.0,723.5
4663,31,1568048133268,0958,0980,787.4234008789062,715.3284912109375,87.43022918701172,88.41155242919922,75.83955383300781,735.2604370117188,676.53955078125,829.6446533203125,676.6481323242188,825.065673828125,723.736572265625,742.0,723.5
4664,31,1568048133281,0958,0980,787.3360595703125,715.5269775390625,88.74928283691406,89.396728515625,1.854833960533142,735.3088989257812,676.5047607421875,829.6446533203125,676.6481323242188,825.065673828125,723.736572265625,742.0,723.5
4665,31,1568048133293,0958,0980,787.3597412109375,715.4215698242188,87.12185668945312,88.94807434082031,78.7857666015625,735.3088989257812,676.5047607421875,829.6446533203125,676.6481323242188,825.065673828125,723.736572265625,742.0,723.5
4666,31,1568048133307,0958,0980,787.4649047851562,715.1450805664062,87.69114685058594,88.56986236572266,61.39265060424805,735.3088989257812,676.5047607421875,829.6749877929688,676.6763916015625,825.065673828125,723.736572265625,742.0,723.5
4667,31,1568048133320,0958,0980,787.4317626953125,715.3206787109375,87.3265380859375,89.22026062011719,72.06649780273438,735.2606201171875,676.4894409179688,829.7896728515625,676.4606323242188,825.065673828125,723.736572265625,742.0,723.5
4668,31,1568048133333,0958,0980,787.2604370117188,715.1447143554688,88.08334350585938,89.13311004638672,70.93136596679688,735.3088989257812,676.5047607421875,829.7896728515625,676.4606323242188,825.065673828125,723.736572265625,742.0,723.5
4669,31,1568048133347,0958,0980,787.4589233398438,715.4054565429688,88.02930450439453,89.07806396484375,75.36752319335938,735.2877197265625,676.5,829.8267211914062,676.5,825.1249389648438,723.6944580078125,742.0,723.5
4670,31,1568048133360,0958,0980,787.4798583984375,715.0814208984375,87.76769256591797,89.03268432617188,73.91761016845703,735.370849609375,676.5665893554688,829.9161987304688,676.4063110351562,825.1249389648438,723.6944580078125,742.0,723.5
4671,31,1568048133372,0958,0980,787.5233154296875,715.0576782226562,87.76066589355469,89.07374572753906,82.0510482788086,735.370849609375,676.5665893554688,829.9161987304688,676.4063110351562,825.1249389648438,723.6944580078125,742.0,723.5
4672,31,1568048133388,0958,0980,787.3394775390625,715.2781372070312,87.8850326538086,88.59693145751953,62.822696685791016,735.2699584960938,676.4970092773438,829.9161987304688,676.4063110351562,825.1249389648438,723.6944580078125,742.0581665039062,723.3733520507812
4673,31,1568048133400,0958,0980,787.4340209960938,715.0806274414062,87.4262466430664,88.44581604003906,79.35136413574219,735.2699584960938,676.4970092773438,829.9161987304688,676.4063110351562,825.1249389648438,723.6944580078125,742.0581665039062,723.3733520507812
4674,31,1568048133413,0958,0980,787.5479736328125,715.1705932617188,87.60851287841797,88.62944030761719,84.67738342285156,735.1594848632812,676.3775634765625,829.8822631835938,676.3013305664062,825.25,723.582275390625,742.0581665039062,723.3733520507812
4675,31,1568048133425,0958,0980,787.4053955078125,715.3145751953125,87.75281524658203,88.9732666015625,84.78173065185547,735.1368408203125,676.4241943359375,829.8267211914062,676.5,825.25,723.582275390625,742.015625,723.3785400390625
4676,31,1568048133438,0958,0980,787.2476806640625,715.404541015625,87.80684661865234,89.31685638427734,98.3642349243164,735.1368408203125,676.4241943359375,829.8267211914062,676.5,825.1249389648438,723.6944580078125,742.0,723.5
4677,31,1568048133451,0958,0980,787.4103393554688,715.3538818359375,88.05415344238281,88.58061981201172,84.26821899414062,735.1415405273438,676.306640625,829.8267211914062,676.5,825.1249389648438,723.6944580078125,742.0,723.5
4678,31,1568048133464,0958,0980,787.2777709960938,715.40185546875,87.69319915771484,89.20274353027344,87.69754028320312,735.1415405273438,676.306640625,829.8267211914062,676.5,825.1746826171875,723.7811889648438,742.0,723.5
4679,31,1568048133475,0958,0980,787.3285522460938,715.2830200195312,87.83586120605469,88.95390319824219,83.52717590332031,735.1415405273438,676.306640625,829.6749877929688,676.6763916015625,825.1746826171875,723.7811889648438,741.9404296875,723.4901123046875
4680,31,1568048133488,0958,0980,787.1907958984375,715.2365112304688,87.88147735595703,89.06726837158203,83.54269409179688,735.14990234375,676.27734375,829.6240234375,676.6851196289062,825.1173706054688,723.7689819335938,741.9404296875,723.4901123046875
4681,31,1568048133500,0958,0980,787.1844482421875,715.3088989257812,88.4657974243164,89.02307891845703,81.77247619628906,735.0618896484375,676.3330688476562,829.6801147460938,676.6801147460938,825.1173706054688,723.7689819335938,741.9404296875,723.4901123046875
4682,31,1568048133513,0958,0980,787.248779296875,715.284423828125,88.39476776123047,89.26280975341797,86.21035766601562,735.0618896484375,676.3330688476562,829.6801147460938,676.6801147460938,825.1173706054688,723.7689819335938,741.9404296875,723.4901123046875
4683,31,1568048133524,0958,0980,787.2572021484375,715.3335571289062,88.3294448852539,89.20664978027344,77.87165069580078,735.029296875,676.3070678710938,829.6801147460938,676.6801147460938,825.1173706054688,723.7689819335938,741.8504028320312,723.5
4684,31,1568048133535,0958,0980,787.2803955078125,715.3468627929688,88.36676025390625,89.23401641845703,77.73672485351562,734.91650390625,676.3978881835938,829.6801147460938,676.6801147460938,825.1173706054688,723.7689819335938,741.8504028320312,723.5
4685,31,1568048133547,0958,0980,787.1278076171875,715.4844360351562,87.07393646240234,88.9666519165039,93.64735412597656,734.9396362304688,676.4202880859375,829.6801147460938,676.6801147460938,825.1173706054688,723.7689819335938,741.8504028320312,723.5
4686,31,1568048133560,0958,0980,787.1491088867188,715.3961791992188,88.05231475830078,89.31348419189453,91.44566345214844,734.9778442382812,676.4529418945312,829.6801147460938,676.6801147460938,825.1173706054688,723.7689819335938,741.8504028320312,723.5
4687,31,1568048133574,0958,0980,787.072265625,715.640869140625,88.06172943115234,88.62264251708984,85.07559967041016,735.0830688476562,676.607666015625,829.6749877929688,676.6763916015625,825.0810546875,723.7267456054688,741.9404296875,723.5098876953125
4688,31,1568048133587,0958,0980,787.0391845703125,715.4188232421875,88.36637878417969,88.91446685791016,61.20964431762695,735.0830688476562,676.607666015625,829.6749877929688,676.6763916015625,825.0810546875,723.7267456054688,741.9404296875,723.5098876953125
4689,31,1568048133599,0958,0980,787.1246337890625,715.6021728515625,87.47025299072266,88.70768737792969,67.41558837890625,735.0343627929688,676.7373046875,829.6749877929688,676.6763916015625,825.0875244140625,723.751708984375,741.8524169921875,723.6348266601562
4690,31,1568048133613,0958,0980,787.0942993164062,715.7583618164062,88.05087280273438,89.37699127197266,78.91266632080078,735.082275390625,676.7681884765625,829.5991821289062,676.6549072265625,825.1861572265625,723.9249267578125,742.0,723.762451171875
4691,31,1568048133625,0958,0980,786.9887084960938,715.6416625976562,88.24175262451172,88.87572479248047,120.1720962524414,734.9913940429688,676.7864379882812,829.6491088867188,676.6491088867188,825.1861572265625,723.9249267578125,742.0,723.762451171875
4692,31,1568048133636,0958,0980,786.9828491210938,715.6887817382812,88.6599349975586,89.80400848388672,84.19605255126953,735.0482177734375,676.8677368164062,829.57568359375,676.7635498046875,825.1996459960938,723.97119140625,741.8814086914062,723.869384765625
4693,31,1568048133647,0958,0980,787.02197265625,715.6275024414062,87.64533996582031,89.28519439697266,74.66156768798828,735.1763305664062,676.8003540039062,829.5574340820312,676.77685546875,825.1861572265625,724.0750732421875,742.0,724.0
4694,31,1568048133659,0958,0980,786.915771484375,716.0186157226562,87.97003936767578,89.97247314453125,79.08796691894531,735.0482177734375,676.8677368164062,829.5574340820312,676.77685546875,825.1851806640625,724.1199340820312,742.0,724.0
4695,31,1568048133671,0958,0980,787.1444091796875,716.0315551757812,87.49050903320312,89.84368896484375,77.86668395996094,735.3072509765625,676.8887939453125,829.6305541992188,676.8980712890625,825.1356201171875,724.268310546875,742.0,724.0
4696,31,1568048133682,0958,0980,787.2265625,715.9598388671875,87.79247283935547,89.69383239746094,80.90208435058594,735.1589965820312,676.9585571289062,829.6865844726562,676.9617919921875,825.1356201171875,724.268310546875,742.0,724.0
4697,31,1568048133693,0958,0980,787.0079956054688,716.0679321289062,87.28958129882812,89.10233306884766,81.372802734375,735.1162109375,677.0840454101562,829.7510375976562,677.0,825.1356201171875,724.268310546875,742.0,724.0
4698,31,1568048133705,0958,0980,787.217529296875,716.0003662109375,88.33760833740234,89.77935791015625,77.23126220703125,735.1162109375,677.0840454101562,829.6552734375,677.1375122070312,825.1356201171875,724.268310546875,742.0,724.0
4699,31,1568048133718,0958,0980,787.1767578125,716.0096435546875,88.45167541503906,88.85166931152344,79.3114013671875,735.2682495117188,677.074951171875,829.6552734375,677.1375122070312,825.1356201171875,724.268310546875,742.0,724.0
4700,31,1568048133731,0958,0980,787.1351928710938,715.9378051757812,88.51238250732422,90.28290557861328,87.29035186767578,735.14892578125,677.1666259765625,829.6552734375,677.1375122070312,825.1356201171875,724.268310546875,742.0,724.0
4701,31,1568048133743,0958,0980,786.95947265625,716.07568359375,88.29999542236328,89.74617767333984,85.14253997802734,735.14892578125,677.1666259765625,829.6552734375,677.1375122070312,825.1356201171875,724.268310546875,742.0,724.0
4702,31,1568048133755,0958,0980,787.108154296875,716.0001220703125,88.878173828125,89.74341583251953,78.32389831542969,735.2682495117188,677.074951171875,829.6552734375,677.1375122070312,825.1746826171875,724.2188110351562,742.0,724.0
4703,31,1568048133767,0958,0980,787.2138671875,716.2235717773438,88.28789520263672,89.33128356933594,87.85803985595703,735.2682495117188,677.074951171875,829.6406860351562,677.1693725585938,825.1746826171875,724.2188110351562,741.8814086914062,724.130615234375
4704,31,1568048133780,0958,0980,787.2311401367188,716.2784423828125,88.42162322998047,89.71543884277344,78.75961303710938,735.082275390625,677.2318115234375,829.6406860351562,677.1693725585938,825.1746826171875,724.2188110351562,741.8814086914062,724.130615234375
4705,31,1568048133792,0958,0980,787.0880737304688,716.289306640625,88.47132110595703,89.51235961914062,78.20484161376953,735.082275390625,677.2318115234375,829.6406860351562,677.1693725585938,825.1173706054688,724.2310180664062,741.8814086914062,724.130615234375
4706,31,1568048133804,0958,0980,787.0763549804688,716.0993041992188,88.30726623535156,89.68965148925781,87.79422760009766,735.14892578125,677.1666259765625,829.6406860351562,677.1693725585938,825.1173706054688,724.2310180664062,741.8814086914062,724.130615234375
4707,31,1568048133816,0958,0980,787.0182495117188,716.0523071289062,88.2582778930664,89.60352325439453,82.13707733154297,735.0798950195312,677.037353515625,829.6406860351562,677.1693725585938,825.1173706054688,724.2310180664062,742.0,724.0
4708,31,1568048133830,0958,0980,786.805908203125,715.8789672851562,89.08350372314453,89.76673126220703,85.10558319091797,735.0798950195312,677.037353515625,829.6115112304688,677.1066284179688,825.1173706054688,724.2310180664062,742.0,724.0
4709,31,1568048133842,0958,0980,786.9942016601562,715.8392944335938,89.11305236816406,90.35912322998047,84.65758514404297,734.9963989257812,677.0,829.6115112304688,677.1066284179688,825.1173706054688,724.2310180664062,742.0,724.0
4710,31,1568048133853,0958,0980,787.1331176757812,715.9849853515625,88.77703857421875,89.9285888671875,89.32455444335938,734.9963989257812,677.0,829.6115112304688,677.1066284179688,825.1173706054688,724.2310180664062,742.0,724.0
4711,31,1568048133865,0958,0980,787.1245727539062,716.065673828125,88.31793975830078,89.4590835571289,87.60050964355469,735.1162109375,677.0840454101562,829.5928344726562,677.1207885742188,825.1173706054688,724.2310180664062,742.0,724.0
4712,31,1568048133878,0958,0980,787.1178588867188,716.0332641601562,89.48824310302734,90.93201446533203,91.3318099975586,735.0798950195312,677.037353515625,829.6865844726562,676.9617919921875,825.1173706054688,724.2310180664062,742.0,724.0
4713,31,1568048133891,0958,0980,787.1964721679688,715.9725952148438,89.80675506591797,90.85971069335938,83.9054183959961,735.0798950195312,677.037353515625,829.7411499023438,676.9640502929688,825.1356201171875,724.268310546875,742.0,724.0
4714,31,1568048133903,0958,0980,787.1883544921875,715.9888916015625,89.71955108642578,91.09085845947266,74.38545227050781,735.2022705078125,676.9519653320312,829.6785888671875,676.898681640625,825.1356201171875,724.268310546875,742.0,724.0
4715,31,1568048133916,0958,0980,787.3374633789062,715.9180297851562,89.63987731933594,91.05870819091797,82.70990753173828,735.3072509765625,676.8887939453125,829.6121215820312,676.7874755859375,825.257568359375,724.010009765625,742.0,724.0
4716,31,1568048133929,0958,0980,787.0682373046875,715.8973388671875,89.44964599609375,90.6245346069336,93.24213409423828,735.3072509765625,676.8887939453125,829.5574340820312,676.77685546875,825.257568359375,724.010009765625,742.0,724.0
4717,31,1568048133942,0958,0980,787.1679077148438,715.76904296875,89.51886749267578,90.85459899902344,106.52521514892578,735.3072509765625,676.8887939453125,829.5574340820312,676.77685546875,825.257568359375,724.010009765625,742.0,724.0
4718,31,1568048133956,0958,0980,787.044677734375,715.7232666015625,90.48059844970703,90.89315795898438,133.2526397705078,735.3072509765625,676.8887939453125,829.575927734375,676.776611328125,825.0528564453125,724.09033203125,741.8814086914062,723.869384765625
4719,31,1568048133969,0958,0980,787.3574829101562,715.8511962890625,89.4990005493164,90.34188079833984,98.1849365234375,735.0482177734375,676.8677368164062,829.575927734375,676.776611328125,824.9508666992188,724.0480346679688,741.9431762695312,723.8640747070312
4720,31,1568048133981,0958,0980,787.2054443359375,715.8894653320312,90.23558807373047,91.03954315185547,29.602209091186523,735.0291748046875,676.8748779296875,829.57568359375,676.7635498046875,824.8527221679688,724.0332641601562,741.8668212890625,723.8284301757812
4721,31,1568048133994,0958,0980,786.8495483398438,715.6175537109375,90.35943603515625,91.46306610107422,84.70657348632812,734.9590454101562,676.771240234375,829.6036987304688,676.7861938476562,824.8138427734375,723.9249267578125,741.853271484375,723.853271484375
4722,31,1568048134007,0958,0980,786.9992065429688,715.8048095703125,89.60198211669922,91.14354705810547,96.77229309082031,734.9590454101562,676.771240234375,829.6036987304688,676.7861938476562,824.8564453125,723.8098754882812,741.9168090820312,723.7442626953125
4723,31,1568048134020,0958,0980,786.9862670898438,715.7487182617188,90.20466613769531,90.83831787109375,123.28328704833984,734.9326782226562,676.6158447265625,829.6801147460938,676.6801147460938,824.9124755859375,723.751708984375,741.7612915039062,723.6046752929688
4724,31,1568048134033,0958,0980,786.9830322265625,715.8878784179688,91.37689208984375,91.9155502319336,114.33150482177734,734.9326782226562,676.6158447265625,829.6801147460938,676.6801147460938,824.9189453125,723.7267456054688,741.7612915039062,723.6046752929688
4725,31,1568048134047,0958,0980,786.9415893554688,715.9873657226562,90.3183364868164,91.14794158935547,128.3652801513672,734.9326782226562,676.6158447265625,829.6801147460938,676.6801147460938,824.9189453125,723.7267456054688,741.849365234375,723.6376953125
4726,31,1568048134060,0958,0980,787.2134399414062,715.8412475585938,90.9368896484375,91.87144470214844,121.77708435058594,734.9501953125,676.739990234375,829.6801147460938,676.6801147460938,824.9124755859375,723.751708984375,741.849365234375,723.6376953125
4727,31,1568048134072,0958,0980,787.2581787109375,715.884765625,90.70850372314453,91.38560485839844,90.48307037353516,734.9501953125,676.739990234375,829.6801147460938,676.6801147460938,825.0,723.6868286132812,741.8524169921875,723.6348266601562
4728,31,1568048134086,0958,0980,787.1177368164062,715.9751586914062,90.9640121459961,91.74140930175781,93.17420196533203,734.9899291992188,676.7421875,829.6801147460938,676.6801147460938,824.9515380859375,723.7944946289062,741.9307250976562,723.7479248046875
4729,31,1568048134099,0958,0980,787.03271484375,715.8553466796875,90.34962463378906,91.61039733886719,107.81114196777344,735.0335693359375,676.76416015625,829.6036987304688,676.7861938476562,825.0491333007812,723.9519653320312,741.9313354492188,723.7406005859375
4730,31,1568048134112,0958,0980,786.7952270507812,716.048828125,91.0693359375,92.10432434082031,105.4124526977539,735.0291748046875,676.8748779296875,829.57568359375,676.7635498046875,825.0,724.0859985351562,741.8668212890625,723.8284301757812
4731,31,1568048134124,0958,0980,786.8566284179688,716.1360473632812,90.93233489990234,92.53816223144531,119.48680877685547,735.0291748046875,676.8748779296875,829.575927734375,676.776611328125,824.8527221679688,724.0332641601562,741.8668212890625,723.8284301757812
4732,31,1568048134138,0958,0980,786.8474731445312,716.2811279296875,90.49456024169922,92.20491027832031,101.9797134399414,735.0291748046875,676.8748779296875,829.575927734375,676.776611328125,824.8527221679688,724.0332641601562,741.8668212890625,723.8284301757812
4733,31,1568048134151,0958,0980,786.8724975585938,716.046875,91.14677429199219,92.1385269165039,105.13346862792969,735.0291748046875,676.8748779296875,829.575927734375,676.776611328125,824.8527221679688,724.0332641601562,741.8668212890625,723.8284301757812
4734,31,1568048134163,0958,0980,786.9549560546875,716.1962890625,91.05545043945312,91.97050476074219,83.74179077148438,735.0291748046875,676.8748779296875,829.575927734375,676.776611328125,824.9093627929688,724.0538940429688,741.8668212890625,723.8284301757812
4735,31,1568048134177,0958,0980,786.8320922851562,716.3519897460938,91.05329132080078,91.52557373046875,78.25772094726562,735.0291748046875,676.8748779296875,829.575927734375,676.776611328125,824.8527221679688,724.0332641601562,741.8668212890625,723.8284301757812
4736,31,1568048134191,0958,0980,786.9158325195312,716.3154907226562,91.65751647949219,92.47382354736328,75.11837005615234,735.0291748046875,676.8748779296875,829.575927734375,676.776611328125,824.8527221679688,724.0332641601562,741.8668212890625,723.8284301757812
4737,31,1568048134204,0958,0980,786.9354248046875,716.1929931640625,91.44747924804688,92.27110290527344,86.37319946289062,735.0291748046875,676.8748779296875,829.575927734375,676.776611328125,824.8527221679688,724.0332641601562,741.8668212890625,723.8284301757812
4738,31,1568048134218,0958,0980,786.8990478515625,716.385986328125,90.86766052246094,92.26114654541016,84.12295532226562,735.0291748046875,676.8748779296875,829.575927734375,676.776611328125,824.8527221679688,724.0332641601562,741.8668212890625,723.8284301757812
4739,31,1568048134230,0958,0980,786.7252197265625,716.3424072265625,91.53067779541016,92.22270202636719,95.36705780029297,735.0291748046875,676.8748779296875,829.575927734375,676.776611328125,824.8527221679688,724.0332641601562,741.8668212890625,723.8284301757812
4740,31,1568048134243,0958,0980,787.0075073242188,716.17529296875,92.00096130371094,92.3420181274414,118.80388641357422,735.0291748046875,676.8748779296875,829.575927734375,676.776611328125,824.8527221679688,724.0332641601562,741.8668212890625,723.8284301757812
4741,31,1568048134256,0958,0980,786.9950561523438,716.313232421875,91.59011840820312,92.37903594970703,105.90451049804688,735.0291748046875,676.8748779296875,829.575927734375,676.776611328125,824.8579711914062,724.1025390625,741.8668212890625,723.8284301757812
4742,31,1568048134269,0958,0980,786.96435546875,716.4019165039062,91.79851531982422,92.40741729736328,108.1198501586914,735.0,677.0,829.575927734375,676.776611328125,824.8579711914062,724.1025390625,741.9431762695312,723.8640747070312
4743,31,1568048134282,0958,0980,786.9075317382812,716.2791137695312,91.13756561279297,92.45143127441406,84.12572479248047,735.0,677.0,829.575927734375,676.776611328125,824.9189453125,724.2732543945312,741.8715209960938,724.1133422851562
4744,31,1568048134295,0958,0980,786.9324951171875,716.4632568359375,91.73723602294922,92.3106460571289,77.76732635498047,735.0,677.0,829.575927734375,676.776611328125,824.9189453125,724.2732543945312,741.8715209960938,724.1133422851562
4745,31,1568048134307,0958,0980,786.8153076171875,716.2987670898438,91.84294128417969,92.72187805175781,126.2672119140625,735.0,677.0,829.575927734375,676.776611328125,824.9189453125,724.2732543945312,741.8814086914062,723.869384765625
4746,31,1568048134320,0958,0980,786.7540893554688,716.164306640625,91.32516479492188,92.54373931884766,112.85680389404297,735.0,677.0,829.575927734375,676.776611328125,824.87890625,724.1588134765625,741.8814086914062,723.869384765625
4747,31,1568048134332,0958,0980,786.799560546875,716.40087890625,91.97049713134766,92.86278533935547,107.57776641845703,735.0291748046875,676.8748779296875,829.6036987304688,676.7861938476562,824.8527221679688,724.0332641601562,741.9310913085938,723.7193603515625
4748,31,1568048134346,0958,0980,786.8438110351562,716.274658203125,92.39752197265625,93.22513580322266,108.6836166381836,735.0291748046875,676.8748779296875,829.57568359375,676.7635498046875,824.8527221679688,724.0332641601562,741.9310913085938,723.7193603515625
4749,31,1568048134359,0958,0980,786.7697143554688,716.4519653320312,91.93924713134766,92.75879669189453,107.3753890991211,735.0,676.7960205078125,829.6036987304688,676.7861938476562,824.8527221679688,724.0332641601562,741.9310913085938,723.7193603515625
4750,31,1568048134372,0958,0980,786.72900390625,716.2962036132812,92.38072204589844,93.07975769042969,97.84425354003906,735.0,676.7960205078125,829.6036987304688,676.7861938476562,824.9075317382812,723.881591796875,741.9310913085938,723.7193603515625
4751,31,1568048134384,0958,0980,786.814697265625,716.2630615234375,92.07906341552734,92.78306579589844,70.47683715820312,735.0,676.7960205078125,829.57568359375,676.7635498046875,825.0,723.9140014648438,741.9310913085938,723.7193603515625
4752,31,1568048134397,0958,0980,786.68798828125,716.1712646484375,92.19882202148438,93.02873229980469,103.08255767822266,735.0,676.7960205078125,829.6036987304688,676.7861938476562,825.0,723.9140014648438,741.9310913085938,723.7193603515625
4753,31,1568048134410,0958,0980,786.7677001953125,716.2085571289062,92.00436401367188,92.89068603515625,84.3134536743164,734.9590454101562,676.771240234375,829.6036987304688,676.7861938476562,825.0,724.0,741.9310913085938,723.7193603515625
4754,31,1568048134423,0958,0980,786.4790649414062,716.0709838867188,92.18038940429688,93.69763946533203,100.8977279663086,734.90673828125,676.7730712890625,829.6801147460938,676.6801147460938,824.9722900390625,723.8829345703125,741.9307250976562,723.7479248046875
4755,31,1568048134436,0958,0980,786.78125,715.9371337890625,91.96074676513672,92.91749572753906,101.87919616699219,734.9590454101562,676.771240234375,829.6801147460938,676.6801147460938,824.8826293945312,723.7689819335938,741.8524169921875,723.6348266601562
4756,31,1568048134449,0958,0980,786.72802734375,716.2129516601562,92.4924087524414,93.38600158691406,93.46443939208984,734.7921752929688,676.62060546875,829.581787109375,676.6337280273438,824.8826293945312,723.7689819335938,741.8524169921875,723.6348266601562
4757,31,1568048134462,0958,0980,786.6630249023438,716.0230712890625,92.1241226196289,93.05010986328125,89.49439239501953,734.8560180664062,676.620849609375,829.5,676.5,824.8826293945312,723.7689819335938,741.751220703125,723.605224609375
4758,31,1568048134475,0958,0980,786.6016235351562,716.0407104492188,92.62560272216797,93.11550903320312,115.12094116210938,734.9391479492188,676.605224609375,829.5,676.5,824.8253173828125,723.7811889648438,741.7612915039062,723.6046752929688
4759,31,1568048134489,0958,0980,786.5343017578125,716.1803588867188,92.12285614013672,92.90682983398438,123.26128387451172,734.8631591796875,676.5758056640625,829.418212890625,676.3662719726562,824.8750610351562,723.6944580078125,741.7612915039062,723.6046752929688
4760,31,1568048134503,0958,0980,786.3114624023438,715.9207153320312,92.73505401611328,93.60586547851562,100.45211791992188,734.8631591796875,676.5758056640625,829.3198852539062,676.3198852539062,824.8750610351562,723.6944580078125,741.6737060546875,723.5
4761,31,1568048134516,0958,0980,786.4257202148438,715.985107421875,91.758056640625,93.22738647460938,107.70012664794922,734.629150390625,676.4334106445312,829.3198852539062,676.3198852539062,824.8750610351562,723.6944580078125,741.6737060546875,723.5
4762,31,1568048134529,0958,0980,786.3529052734375,715.9249877929688,92.1250991821289,93.82777404785156,110.86703491210938,734.6299438476562,676.4861450195312,829.3250122070312,676.3236083984375,824.75,723.582275390625,741.521240234375,723.3782348632812
4763,31,1568048134542,0958,0980,786.3814086914062,715.8690795898438,92.07544708251953,93.46720123291016,119.96000671386719,734.6212158203125,676.442626953125,829.3250122070312,676.3236083984375,824.75,723.582275390625,741.5234375,723.3037109375
4764,31,1568048134555,0958,0980,786.302978515625,715.7619018554688,93.27335357666016,93.31902313232422,175.23548889160156,734.6212158203125,676.442626953125,829.3553466796875,676.3518676757812,824.75,723.582275390625,741.6141357421875,723.2464599609375
4765,31,1568048134568,0958,0980,786.2249145507812,715.9127197265625,92.38853454589844,93.3711166381836,128.63308715820312,734.6212158203125,676.442626953125,829.3553466796875,676.3518676757812,824.75,723.582275390625,741.5,723.1495971679688
4766,31,1568048134581,0958,0980,786.2224731445312,715.9051513671875,92.21482849121094,93.50862884521484,119.91240692138672,734.6212158203125,676.442626953125,829.3553466796875,676.3518676757812,824.75,723.582275390625,741.6141357421875,723.2464599609375
4767,31,1568048134594,0958,0980,786.2722778320312,715.9578857421875,92.27202606201172,93.2013931274414,99.72599792480469,734.6212158203125,676.442626953125,829.3553466796875,676.3518676757812,824.75,723.582275390625,741.6141357421875,723.2464599609375
4768,31,1568048134607,0958,0980,786.24169921875,715.9775390625,92.472900390625,93.24898529052734,107.49591827392578,734.6299438476562,676.4861450195312,829.3250122070312,676.3236083984375,824.75,723.582275390625,741.5961303710938,723.233154296875
4769,31,1568048134620,0958,0980,786.3165893554688,716.0490112304688,93.06965637207031,93.59632873535156,110.03956604003906,734.7122802734375,676.5,829.3198852539062,676.3198852539062,824.75,723.582275390625,741.6737060546875,723.5
4770,31,1568048134633,0958,0980,786.2990112304688,716.2042236328125,92.63567352294922,93.8487548828125,130.46868896484375,734.7236938476562,676.58447265625,829.418212890625,676.3662719726562,824.8750610351562,723.6944580078125,741.6737060546875,723.5
4771,31,1568048134646,0958,0980,786.6226806640625,716.542236328125,92.14430236816406,93.10826110839844,138.68898010253906,734.8631591796875,676.5758056640625,829.418212890625,676.3662719726562,824.934326171875,723.736572265625,741.6737060546875,723.5
4772,31,1568048134660,0958,0980,786.2426147460938,716.0872802734375,92.4865951538086,94.08741760253906,128.72967529296875,734.8631591796875,676.5758056640625,829.5,676.5,824.934326171875,723.736572265625,741.6737060546875,723.5
4773,31,1568048134674,0958,0980,786.606689453125,716.5219116210938,91.92607879638672,93.41259002685547,148.61273193359375,734.8631591796875,676.5758056640625,829.5,676.5,824.934326171875,723.736572265625,741.7612915039062,723.6046752929688
4774,31,1568048134687,0958,0980,786.5601806640625,716.3054809570312,92.60688018798828,93.25675201416016,136.86465454101562,734.8631591796875,676.5758056640625,829.5,676.5,824.934326171875,723.736572265625,741.6737060546875,723.5
4775,31,1568048134701,0958,0980,786.4945068359375,716.134521484375,92.62163543701172,93.6624755859375,144.1539764404297,734.8584594726562,676.693359375,829.5,676.5,824.934326171875,723.736572265625,741.6737060546875,723.5
4776,31,1568048134714,0958,0980,786.5427856445312,716.2373657226562,92.52371215820312,93.86991119384766,144.6488494873047,734.8631591796875,676.5758056640625,829.418212890625,676.3662719726562,824.8750610351562,723.6944580078125,741.6737060546875,723.5
4777,31,1568048134727,0958,0980,786.28515625,716.20556640625,91.7476577758789,93.35784149169922,145.15457153320312,734.7236938476562,676.58447265625,829.418212890625,676.3662719726562,824.8750610351562,723.6944580078125,741.6737060546875,723.5
4778,31,1568048134740,0958,0980,786.0213012695312,716.2826538085938,92.08396911621094,93.26009368896484,140.35653686523438,734.7122802734375,676.5,829.418212890625,676.3662719726562,824.8750610351562,723.6944580078125,741.6737060546875,723.5
4779,31,1568048134752,0958,0980,786.4664306640625,716.3189086914062,91.67198181152344,93.02307891845703,155.4245147705078,734.7122802734375,676.5,829.3198852539062,676.3198852539062,824.8750610351562,723.6944580078125,741.6737060546875,723.5
4780,31,1568048134764,0958,0980,786.27001953125,716.1791381835938,91.8525390625,92.96395111083984,145.82272338867188,734.629150390625,676.4334106445312,829.3250122070312,676.3236083984375,824.8750610351562,723.6944580078125,741.6737060546875,723.5
4781,31,1568048134775,0958,0980,786.1196899414062,716.2466430664062,91.98161315917969,93.78004455566406,149.22998046875,734.629150390625,676.4334106445312,829.3250122070312,676.3236083984375,824.8750610351562,723.6944580078125,741.60302734375,723.4679565429688
4782,31,1568048134788,0958,0980,785.94482421875,716.2628173828125,92.40967559814453,93.48512268066406,146.16456604003906,734.629150390625,676.4334106445312,829.3250122070312,676.3236083984375,824.75,723.582275390625,741.521240234375,723.3782348632812
4783,31,1568048134799,0958,0980,785.916015625,716.0451049804688,92.23085021972656,93.3070297241211,132.42373657226562,734.6760864257812,676.328125,829.3553466796875,676.3518676757812,824.75,723.582275390625,741.21923828125,723.3389892578125
4784,31,1568048134812,0958,0980,785.9305419921875,715.853271484375,92.81748962402344,93.34318542480469,135.67422485351562,734.6760864257812,676.328125,829.3553466796875,676.3518676757812,824.7861328125,723.6130981445312,741.3540649414062,723.339111328125
4785,31,1568048134824,0958,0980,785.8866577148438,716.04931640625,92.720703125,93.42506408691406,133.9188232421875,734.6760864257812,676.328125,829.3553466796875,676.3518676757812,824.6956176757812,723.5,741.3540649414062,723.339111328125
4786,31,1568048134837,0958,0980,786.0993041992188,715.9100341796875,92.23023986816406,93.72682189941406,117.72984313964844,734.6760864257812,676.328125,829.3553466796875,676.3518676757812,824.6956176757812,723.5,741.394775390625,723.248779296875
4787,31,1568048134850,0958,0980,786.1085815429688,715.9287109375,92.42229461669922,93.75236511230469,128.8236541748047,734.6760864257812,676.328125,829.3553466796875,676.3518676757812,824.6956176757812,723.5,741.5,723.1495971679688
4788,31,1568048134862,0958,0980,785.9234619140625,716.0957641601562,92.41236114501953,93.5703353881836,105.36747741699219,734.6788330078125,676.3615112304688,829.3460083007812,676.3867797851562,824.6956176757812,723.5,741.5,723.1495971679688
4789,31,1568048134874,0958,0980,786.0916137695312,715.98388671875,92.15863800048828,93.85174560546875,109.08444213867188,734.6788330078125,676.3615112304688,829.3460083007812,676.3867797851562,824.6956176757812,723.5,741.5,723.1495971679688
4790,31,1568048134888,0958,0980,785.9454956054688,716.0621337890625,92.61141967773438,94.49755859375,107.05950164794922,734.5414428710938,676.2561645507812,829.3460083007812,676.3867797851562,824.6956176757812,723.5,741.5,723.1495971679688
4791,31,1568048134900,0958,0980,785.860595703125,715.916259765625,92.35464477539062,93.64625549316406,103.13894653320312,734.5414428710938,676.2561645507812,829.3460083007812,676.3867797851562,824.6956176757812,723.5,741.5,723.1495971679688
4792,31,1568048134911,0958,0980,785.935302734375,715.8402099609375,93.08378601074219,94.28900146484375,129.7158966064453,734.5414428710938,676.2561645507812,829.3460083007812,676.3867797851562,824.6956176757812,723.5,741.5,723.1495971679688
4793,31,1568048134924,0958,0980,786.0100708007812,715.8980102539062,92.3195571899414,93.85519409179688,102.44692993164062,734.4841918945312,676.3156127929688,829.3460083007812,676.3867797851562,824.6956176757812,723.5,741.5,723.1495971679688
4794,31,1568048134937,0958,0980,785.922607421875,715.95751953125,92.2874984741211,94.04334259033203,100.90946197509766,734.4841918945312,676.3156127929688,829.336669921875,676.336669921875,824.6956176757812,723.5,741.394775390625,723.248779296875
4795,31,1568048134950,0958,0980,785.8101196289062,715.9879150390625,92.4784164428711,93.20344543457031,128.0794219970703,734.4841918945312,676.3156127929688,829.2808837890625,676.2962036132812,824.5,723.4100952148438,741.3651733398438,723.1475830078125
4796,31,1568048134964,0958,0980,785.7525634765625,715.6996459960938,93.23214721679688,93.89118194580078,88.72052764892578,734.5414428710938,676.2561645507812,829.19970703125,676.135986328125,824.5,723.4100952148438,741.3651733398438,723.1475830078125
4797,31,1568048134977,0958,0980,785.6314697265625,715.9783935546875,92.60105895996094,94.73865509033203,89.41059875488281,734.411865234375,676.2027587890625,829.146240234375,676.085693359375,824.5,723.4100952148438,741.2360229492188,723.228759765625
4798,31,1568048134992,0958,0980,785.7683715820312,716.0198364257812,93.1404800415039,94.3507080078125,107.02681732177734,734.411865234375,676.2027587890625,828.9723510742188,676.0982055664062,824.4180908203125,723.4521484375,741.2360229492188,723.228759765625
4799,31,1568048135005,0958,0980,785.76953125,716.006591796875,92.60470581054688,93.46150207519531,105.36703491210938,734.411865234375,676.2027587890625,828.9367065429688,676.06298828125,824.25,723.417724609375,741.1331787109375,723.1715698242188
4800,31,1568048135018,0958,0980,785.5244140625,715.8272705078125,93.12538146972656,93.80016326904297,127.43400573730469,734.3148803710938,676.1708374023438,829.0,676.0,824.389404296875,723.389404296875,741.0568237304688,723.1359252929688
4801,32,1568048164344,1244,0980,753.090576171875,715.7894287109375,88.93529510498047,91.16659545898438,67.79817199707031,717.2205200195312,675.885009765625,812.10009765625,675.2853393554688,807.3624877929688,723.0411987304688,724.3807373046875,722.5821533203125
4802,32,1568048164358,1244,0980,753.1337890625,715.8876342773438,89.22686767578125,91.20960998535156,69.06116485595703,717.2205200195312,675.885009765625,812.10009765625,675.2853393554688,807.3624877929688,723.0411987304688,724.3807373046875,722.5821533203125
4803,32,1568048164373,1244,0980,753.246337890625,715.8306884765625,89.07783508300781,91.04171752929688,72.83087158203125,717.2205200195312,675.885009765625,812.10009765625,675.2853393554688,807.3624877929688,723.0411987304688,724.3807373046875,722.5821533203125
4804,32,1568048164387,1244,0980,753.186279296875,715.5728759765625,88.53296661376953,91.29273223876953,65.81663513183594,717.2205200195312,675.885009765625,812.10009765625,675.2853393554688,807.431396484375,723.0250854492188,724.3865356445312,722.7144775390625
4805,32,1568048164400,1244,0980,752.9982299804688,715.6630249023438,88.56432342529297,91.09394073486328,68.96812438964844,717.0798950195312,676.037353515625,812.10009765625,675.2853393554688,807.3113403320312,722.9854125976562,724.1111450195312,722.4596557617188
4806,32,1568048164414,1244,0980,752.9464111328125,715.6205444335938,88.55184173583984,91.6583251953125,73.25616455078125,717.0277709960938,676.031005859375,812.0,675.25,807.2672729492188,723.0118408203125,724.0,722.5
4807,32,1568048164427,1244,0980,752.8816528320312,715.5314331054688,88.22953033447266,91.66900634765625,79.74683380126953,717.0482177734375,675.8677368164062,812.036376953125,675.2220458984375,807.20263671875,723.1304931640625,724.0,722.5
4808,32,1568048164440,1244,0980,752.9750366210938,715.6590576171875,88.45201873779297,91.52389526367188,72.5173568725586,717.0482177734375,675.8677368164062,812.036376953125,675.2220458984375,807.1036376953125,723.0996704101562,723.905029296875,722.3740234375
4809,32,1568048164452,1244,0980,752.8714599609375,715.728271484375,87.94667053222656,90.65994262695312,74.05348205566406,716.9320678710938,675.9758911132812,812.036376953125,675.2220458984375,807.1036376953125,723.0996704101562,723.905029296875,722.3740234375
4810,32,1568048164465,1244,0980,752.75244140625,715.5628051757812,88.2984848022461,90.88059997558594,73.89192962646484,717.0192260742188,675.857177734375,812.036376953125,675.2220458984375,807.1036376953125,723.0996704101562,723.911376953125,722.4244995117188
4811,32,1568048164478,1244,0980,752.9191284179688,715.44873046875,87.99324035644531,90.96160888671875,74.87445831298828,716.9320678710938,675.9758911132812,812.036376953125,675.2220458984375,807.1771850585938,723.0,723.911376953125,722.4244995117188
4812,32,1568048164492,1244,0980,752.8800048828125,715.5113525390625,88.06983947753906,90.48035430908203,68.5755386352539,716.9320678710938,675.9758911132812,811.9295654296875,675.25927734375,807.1036376953125,723.0996704101562,723.905029296875,722.3740234375
4813,32,1568048164505,1244,0980,752.9307250976562,715.8555908203125,86.93536376953125,90.60633850097656,76.3072738647461,716.9320678710938,675.9758911132812,812.036376953125,675.2220458984375,807.0,723.25,723.905029296875,722.3740234375
4814,32,1568048164519,1244,0980,753.1063842773438,715.8641357421875,87.8306655883789,91.55733489990234,70.76710510253906,716.9320678710938,675.9758911132812,812.036376953125,675.2220458984375,807.0,723.25,723.905029296875,722.3740234375
4815,32,1568048164532,1244,0980,753.2891845703125,715.6636352539062,87.33719635009766,90.63240814208984,71.233154296875,717.0,676.0,812.036376953125,675.2220458984375,807.0,723.25,724.0,722.5
4816,32,1568048164545,1244,0980,753.1287231445312,715.57861328125,87.66227722167969,90.70948028564453,77.3409423828125,717.0,676.0,812.036376953125,675.2220458984375,807.0,723.25,724.0,722.5
4817,32,1568048164556,1244,0980,753.0462646484375,715.6187744140625,87.58547973632812,90.34490203857422,74.19043731689453,717.0,676.0,812.036376953125,675.2220458984375,807.0,723.25,724.0,722.5
4818,32,1568048164567,1244,0980,753.0713500976562,715.6347045898438,87.5401382446289,90.39662170410156,74.92465209960938,717.0,676.0,812.036376953125,675.2220458984375,807.0,723.25,724.0,722.5
4819,32,1568048164578,1244,0980,753.0977172851562,715.5223388671875,86.82431030273438,89.70303344726562,78.28288269042969,717.0,676.0,812.036376953125,675.2220458984375,807.0,723.25,724.0,722.5
4820,32,1568048164590,1244,0980,753.04443359375,715.6495361328125,87.47123718261719,90.41326141357422,77.79296875,717.0,676.0,812.036376953125,675.2220458984375,807.0,723.25,723.905029296875,722.3740234375
4821,32,1568048164602,1244,0980,752.9290771484375,715.6300659179688,87.11663055419922,89.4866714477539,74.54720306396484,717.0,676.0,812.036376953125,675.2220458984375,807.0,723.25,723.905029296875,722.3740234375
4822,32,1568048164614,1244,0980,753.0136108398438,715.6845703125,87.28284454345703,89.73607635498047,80.68276977539062,716.9320678710938,675.9758911132812,811.9295654296875,675.25927734375,807.0,723.25,723.9418334960938,722.6266479492188
4823,32,1568048164625,1244,0980,752.9885864257812,715.5011596679688,87.02223205566406,89.82108306884766,83.20320129394531,716.9320678710938,675.9758911132812,811.9295654296875,675.25927734375,807.0,723.25,723.9418334960938,722.6266479492188
4824,32,1568048164638,1244,0980,752.9231567382812,715.5794067382812,87.22068786621094,89.84597778320312,85.23734283447266,716.9320678710938,675.9758911132812,811.8215942382812,675.1784057617188,807.0,723.25,723.8515014648438,722.5
4825,32,1568048164651,1244,0980,752.8489379882812,715.6466064453125,86.64643859863281,89.7690200805664,74.24259185791016,716.8319091796875,675.8319091796875,811.6585693359375,675.130126953125,807.0,723.25,723.8515014648438,722.5
4826,32,1568048164666,1244,0980,752.9407348632812,715.5955810546875,87.20471954345703,90.02444458007812,70.92859649658203,716.8319091796875,675.8319091796875,811.6585693359375,675.130126953125,807.0,723.25,723.905029296875,722.3740234375
4827,32,1568048164680,1244,0980,753.0524291992188,715.5231323242188,87.0711898803711,89.47996520996094,69.9273452758789,716.90087890625,675.7191162109375,811.6585693359375,675.130126953125,807.0,723.25,723.905029296875,722.3740234375
4828,32,1568048164694,1244,0980,752.9639892578125,715.6487426757812,87.2927474975586,89.19449615478516,66.7052993774414,716.90087890625,675.7191162109375,811.6585693359375,675.130126953125,807.0,723.25,723.905029296875,722.3740234375
4829,32,1568048164707,1244,0980,753.0413208007812,715.5352783203125,86.64661407470703,89.35676574707031,79.90601348876953,716.8319091796875,675.8319091796875,811.6585693359375,675.130126953125,807.0,723.25,723.905029296875,722.3740234375
4830,32,1568048164719,1244,0980,753.1099853515625,715.6687622070312,87.37698364257812,89.69857788085938,74.97748565673828,716.9722290039062,675.968994140625,811.6585693359375,675.130126953125,807.0,723.25,723.8515014648438,722.5
4831,32,1568048164731,1244,0980,752.9092407226562,715.7294311523438,86.52717590332031,89.85301208496094,82.39363098144531,716.8977661132812,675.8302001953125,811.6585693359375,675.130126953125,807.0,723.25,723.8515014648438,722.5
4832,32,1568048164744,1244,0980,753.0072631835938,715.6123046875,87.46443176269531,89.76891326904297,75.95336151123047,716.9722290039062,675.968994140625,811.7141723632812,675.2086181640625,807.0,723.25,723.9418334960938,722.6266479492188
4833,32,1568048164756,1244,0980,753.0274047851562,715.51416015625,87.17427062988281,89.51213836669922,77.44918823242188,716.9722290039062,675.968994140625,811.7141723632812,675.2086181640625,807.0,723.25,724.0,722.7461547851562
4834,32,1568048164768,1244,0980,752.8735961914062,715.6481323242188,87.13166809082031,90.12606048583984,76.73765563964844,716.9722290039062,675.968994140625,811.7141723632812,675.2086181640625,807.0,723.25,724.0,722.7461547851562
4835,32,1568048164779,1244,0980,752.871337890625,715.4519653320312,86.77127838134766,89.8970947265625,75.24774169921875,716.9722290039062,675.968994140625,811.7141723632812,675.2086181640625,807.0,723.25,724.0,722.7461547851562
4836,32,1568048164792,1244,0980,752.8330688476562,715.4789428710938,86.96692657470703,90.5643081665039,74.32656860351562,716.8977661132812,675.8302001953125,811.6585693359375,675.130126953125,807.0,723.25,723.8515014648438,722.5
4837,32,1568048164806,1244,0980,752.8737182617188,715.4056396484375,86.51233673095703,89.99464416503906,81.3441162109375,716.8977661132812,675.8302001953125,811.6585693359375,675.130126953125,807.0,723.25,723.905029296875,722.3740234375
4838,32,1568048164821,1244,0980,752.9008178710938,715.4531860351562,86.8446044921875,89.74787139892578,77.56230163574219,716.8771362304688,675.6300048828125,811.568603515625,675.0250854492188,807.0,723.25,723.8275146484375,722.3575439453125
4839,32,1568048164833,1244,0980,752.6488647460938,715.2924194335938,86.78380584716797,89.16909790039062,80.41311645507812,716.8409423828125,675.6436157226562,811.568603515625,675.0250854492188,807.0,723.25,723.8275146484375,722.3575439453125
4840,32,1568048164846,1244,0980,752.8350219726562,715.1802978515625,87.26972198486328,89.5181655883789,85.14595031738281,716.8068237304688,675.6676025390625,811.6886596679688,674.9854125976562,807.0714721679688,723.1505737304688,723.9310913085938,722.2806396484375
4841,32,1568048164857,1244,0980,752.8287963867188,715.0712890625,86.0499038696289,89.83744049072266,83.76347351074219,716.8374633789062,675.6724243164062,811.6886596679688,674.9854125976562,807.0714721679688,722.8494262695312,723.9310913085938,722.2806396484375
4842,32,1568048164869,1244,0980,752.7978515625,715.1763916015625,86.85365295410156,89.53949737548828,80.95243835449219,716.82275390625,675.6138916015625,811.6690673828125,675.0,807.0,722.75,723.9310913085938,722.2806396484375
4843,32,1568048164881,1244,0980,753.0612182617188,714.8768310546875,86.25019073486328,89.27034759521484,78.52777862548828,716.82275390625,675.6138916015625,811.74072265625,674.9295654296875,807.0,722.75,723.9310913085938,722.2806396484375
4844,32,1568048164892,1244,0980,752.9588623046875,715.0372314453125,85.91606140136719,89.43058776855469,82.6194839477539,716.8682250976562,675.6175537109375,811.74072265625,674.9295654296875,807.0,722.75,723.9310913085938,722.2806396484375
4845,32,1568048164904,1244,0980,752.9576416015625,714.9369506835938,85.62185668945312,89.48358917236328,83.43447875976562,716.8682250976562,675.6175537109375,811.843017578125,674.843017578125,807.0,722.75,723.8297119140625,722.1702880859375
4846,32,1568048164917,1244,0980,752.8490600585938,714.9985961914062,87.1245346069336,89.7059555053711,73.73473358154297,716.8682250976562,675.6175537109375,811.9295654296875,674.74072265625,807.0,722.75,723.8297119140625,722.1702880859375
4847,32,1568048164929,1244,0980,753.0016479492188,714.9066162109375,86.63345336914062,89.77759552001953,68.1939468383789,716.82275390625,675.6138916015625,811.8111572265625,674.79248046875,806.89990234375,722.7146606445312,723.8297119140625,722.1702880859375
4848,32,1568048164941,1244,0980,752.90625,714.9061279296875,86.4412841796875,89.60671997070312,68.50460815429688,716.9148559570312,675.5117797851562,811.8111572265625,674.79248046875,806.9295654296875,722.74072265625,723.8297119140625,722.1702880859375
4849,32,1568048164952,1244,0980,752.7037353515625,715.0262451171875,85.82577514648438,89.2740707397461,70.9194564819336,716.7945556640625,675.4273071289062,811.5740356445312,674.6700439453125,806.9295654296875,722.74072265625,723.7193603515625,722.0689086914062
4850,32,1568048164964,1244,0980,752.6621704101562,714.943603515625,86.52081298828125,89.17321014404297,67.45513153076172,716.720947265625,675.4152221679688,811.5948486328125,674.666748046875,806.8145141601562,722.7250366210938,723.7193603515625,722.0689086914062
4851,32,1568048164976,1244,0980,752.7300415039062,715.1370239257812,86.34081268310547,89.14256286621094,69.6670150756836,716.6099853515625,675.4794921875,811.5948486328125,674.666748046875,806.8145141601562,722.7250366210938,723.68212890625,722.0
4852,32,1568048164989,1244,0980,752.5420532226562,714.7588500976562,86.30875396728516,89.38409423828125,81.15906524658203,716.6099853515625,675.4794921875,811.5263671875,674.6795043945312,806.8145141601562,722.7250366210938,723.68212890625,722.0
4853,32,1568048165001,1244,0980,752.775634765625,714.9466552734375,86.03050231933594,89.26805114746094,68.83463287353516,716.6004638671875,675.1597900390625,811.5263671875,674.6795043945312,806.8010864257812,722.6963500976562,723.68212890625,722.0
4854,32,1568048165014,1244,0980,752.7689819335938,714.985107421875,86.14165496826172,89.25931549072266,73.22138214111328,716.5999145507812,675.2211303710938,811.5948486328125,674.666748046875,806.8010864257812,722.6963500976562,723.68212890625,722.0
4855,32,1568048165024,1244,0980,752.7601928710938,715.0789794921875,85.996337890625,89.14750671386719,73.73226165771484,716.5999145507812,675.2211303710938,811.5948486328125,674.666748046875,806.8010864257812,722.6963500976562,723.68212890625,722.0
4856,32,1568048165036,1244,0980,752.6851196289062,715.048583984375,86.2014389038086,89.41704559326172,74.84259796142578,716.6995239257812,675.3740234375,811.5948486328125,674.666748046875,806.8145141601562,722.7250366210938,723.68212890625,722.0
4857,32,1568048165048,1244,0980,752.6820678710938,714.9970703125,86.00846099853516,89.2833480834961,75.87156677246094,716.6995239257812,675.3740234375,811.5948486328125,674.666748046875,806.8145141601562,722.7250366210938,723.7193603515625,722.0689086914062
4858,32,1568048165060,1244,0980,752.748291015625,714.9632568359375,85.99356079101562,89.0195083618164,79.04055786132812,716.6995239257812,675.3740234375,811.5948486328125,674.666748046875,806.9295654296875,722.74072265625,723.7193603515625,722.0689086914062
4859,32,1568048165074,1244,0980,752.744140625,714.906494140625,85.88484954833984,89.10366821289062,79.1264877319336,716.70556640625,675.53662109375,811.4703979492188,674.8335571289062,806.9295654296875,722.74072265625,723.7193603515625,722.0689086914062
4860,32,1568048165088,1244,0980,752.8626098632812,715.0599365234375,86.48833465576172,89.37690734863281,75.50686645507812,716.713623046875,675.5791625976562,811.5182495117188,674.969482421875,806.9295654296875,722.74072265625,723.8297119140625,722.1702880859375
4861,32,1568048165101,1244,0980,752.821533203125,715.1473388671875,85.65608215332031,88.65762329101562,76.3846435546875,716.82275390625,675.6138916015625,811.60400390625,675.0477905273438,806.89990234375,722.7146606445312,723.9310913085938,722.2806396484375
4862,32,1568048165114,1244,0980,752.7894287109375,715.196533203125,86.93240356445312,89.15376281738281,76.2852783203125,716.82275390625,675.6138916015625,811.60400390625,675.0477905273438,806.89990234375,722.7146606445312,723.9310913085938,722.2806396484375
4863,32,1568048165127,1244,0980,752.7067260742188,715.0833129882812,86.27823638916016,89.58055877685547,75.50926208496094,716.82275390625,675.6138916015625,811.568603515625,675.0250854492188,806.89990234375,722.7146606445312,723.9310913085938,722.2806396484375
4864,32,1568048165139,1244,0980,752.6884155273438,715.057861328125,85.8440170288086,88.95691680908203,80.73435974121094,716.8409423828125,675.6436157226562,811.568603515625,675.0250854492188,806.8335571289062,722.8335571289062,723.8267211914062,722.3684692382812
4865,32,1568048165150,1244,0980,752.8455810546875,715.2193603515625,85.64417266845703,88.77185821533203,77.34966278076172,716.8409423828125,675.6436157226562,811.568603515625,675.0250854492188,806.9285278320312,722.8494262695312,723.8275146484375,722.3575439453125
4866,32,1568048165165,1244,0980,752.7178344726562,715.2264404296875,85.76764678955078,89.03430938720703,76.51496887207031,716.78759765625,675.7018432617188,811.6375122070312,675.0411987304688,806.8963623046875,723.0996704101562,723.75341796875,722.476806640625
4867,32,1568048165178,1244,0980,752.7920532226562,715.2981567382812,85.66165924072266,88.72904968261719,76.2278060913086,716.78759765625,675.7018432617188,811.6843872070312,675.129638671875,806.9298706054688,723.07958984375,723.75341796875,722.476806640625
4868,32,1568048165192,1244,0980,752.7357788085938,715.44287109375,85.63140869140625,88.77969360351562,79.23085021972656,716.78759765625,675.7018432617188,811.575927734375,675.0390014648438,806.7717895507812,723.091796875,723.75341796875,722.476806640625
4869,32,1568048165204,1244,0980,752.6029052734375,715.2653198242188,86.04743957519531,88.68173217773438,80.2290267944336,716.78759765625,675.7018432617188,811.4817504882812,675.030517578125,806.7717895507812,723.091796875,723.75341796875,722.476806640625
4870,32,1568048165217,1244,0980,752.5072631835938,715.4760131835938,86.73966217041016,89.18310546875,74.43660736083984,716.78759765625,675.7018432617188,811.4817504882812,675.030517578125,806.7717895507812,723.091796875,723.75341796875,722.476806640625
4871,32,1568048165231,1244,0980,752.5960693359375,715.2384643554688,85.51163482666016,88.51214599609375,79.82740783691406,716.687255859375,675.79931640625,811.4817504882812,675.030517578125,806.7717895507812,723.091796875,723.75341796875,722.476806640625
4872,32,1568048165243,1244,0980,752.802978515625,715.4320068359375,85.7799072265625,88.42765808105469,75.66641998291016,716.687255859375,675.79931640625,811.4817504882812,675.030517578125,806.7717895507812,723.091796875,723.75341796875,722.476806640625
4873,32,1568048165256,1244,0980,752.76025390625,715.2589721679688,85.4796142578125,89.11261749267578,73.53801727294922,716.687255859375,675.79931640625,811.492431640625,675.2420043945312,806.7141723632812,723.2086181640625,723.75341796875,722.476806640625
4874,32,1568048165268,1244,0980,752.6742553710938,715.2335205078125,85.89143371582031,89.04070281982422,72.22714233398438,716.687255859375,675.79931640625,811.492431640625,675.2420043945312,806.7141723632812,723.2086181640625,723.75341796875,722.476806640625
4875,32,1568048165279,1244,0980,752.7711181640625,715.2345581054688,84.99169158935547,88.80490112304688,75.50233459472656,716.687255859375,675.79931640625,811.492431640625,675.2420043945312,806.7141723632812,723.2086181640625,723.75341796875,722.476806640625
4876,32,1568048165292,1244,0980,752.6906127929688,715.1823120117188,85.308349609375,88.7472152709961,79.1778564453125,716.687255859375,675.79931640625,811.492431640625,675.2420043945312,806.7141723632812,723.2086181640625,723.75341796875,722.476806640625
4877,32,1568048165305,1244,0980,752.744384765625,715.2113037109375,84.79134368896484,88.73957061767578,74.66641998291016,716.687255859375,675.79931640625,811.492431640625,675.2420043945312,806.7141723632812,723.2086181640625,723.75341796875,722.476806640625
4878,32,1568048165320,1244,0980,752.7982788085938,715.1976318359375,85.14513397216797,89.02645874023438,69.64144897460938,716.687255859375,675.79931640625,811.492431640625,675.2420043945312,806.7141723632812,723.2086181640625,723.75341796875,722.476806640625
4879,32,1568048165333,1244,0980,752.8403930664062,715.2320556640625,85.6253890991211,88.64913940429688,69.89195251464844,716.687255859375,675.79931640625,811.492431640625,675.2420043945312,806.7141723632812,723.2086181640625,723.75341796875,722.476806640625
4880,32,1568048165346,1244,0980,752.7609252929688,715.286865234375,85.7435531616211,88.76947784423828,67.92942810058594,716.687255859375,675.79931640625,811.5808715820312,675.2457275390625,806.7141723632812,723.2086181640625,723.75341796875,722.476806640625
4881,32,1568048165358,1244,0980,752.8748779296875,715.2196655273438,84.85841369628906,88.67350769042969,70.8228988647461,716.687255859375,675.79931640625,811.55078125,675.257568359375,806.8145141601562,723.2749633789062,723.75341796875,722.476806640625
4882,32,1568048165371,1244,0980,752.6595458984375,715.2374267578125,85.46385955810547,89.03929901123047,69.77183532714844,716.7526245117188,675.9268188476562,811.6314086914062,675.2449340820312,806.9295654296875,723.25927734375,724.0,722.68212890625
4883,32,1568048165382,1244,0980,752.7069091796875,715.3856811523438,85.73041534423828,88.91541290283203,74.2216796875,716.7526245117188,675.9268188476562,811.6314086914062,675.2449340820312,806.9295654296875,723.25927734375,724.0,722.68212890625
4884,32,1568048165395,1244,0980,752.6217041015625,715.4013671875,85.63055419921875,88.93199157714844,76.8154067993164,716.7526245117188,675.9268188476562,811.552978515625,675.3069458007812,806.9295654296875,723.25927734375,724.0,722.68212890625
4885,32,1568048165408,1244,0980,752.4404296875,715.521728515625,85.37494659423828,88.96128845214844,71.98243713378906,716.6475830078125,676.1206665039062,811.4736328125,675.3204956054688,806.7141723632812,723.2086181640625,723.9310913085938,722.7193603515625
4886,32,1568048165421,1244,0980,752.6381225585938,715.4000244140625,84.91030883789062,88.97008514404297,71.20479583740234,716.7526245117188,675.9268188476562,811.4736328125,675.3204956054688,806.7141723632812,723.2086181640625,723.8096313476562,722.8096313476562
4887,32,1568048165434,1244,0980,752.6232299804688,715.5725708007812,84.96019744873047,88.52190399169922,72.16165924072266,716.7526245117188,675.9268188476562,811.4736328125,675.3204956054688,806.7141723632812,723.2086181640625,723.8096313476562,722.8096313476562
4888,32,1568048165446,1244,0980,752.6556396484375,715.5927734375,85.45082092285156,89.62429809570312,72.85228729248047,716.7526245117188,675.9268188476562,811.4736328125,675.3204956054688,806.8145141601562,723.2749633789062,723.8096313476562,722.8096313476562
4889,32,1568048165458,1244,0980,752.6824951171875,715.4517822265625,85.13077545166016,88.63109588623047,69.89717864990234,716.7526245117188,675.9268188476562,811.4736328125,675.3204956054688,806.8145141601562,723.2749633789062,723.8096313476562,722.8096313476562
4890,32,1568048165471,1244,0980,752.681640625,715.4331665039062,85.18019104003906,88.55008697509766,70.3121566772461,716.7526245117188,675.9268188476562,811.4736328125,675.3204956054688,806.8145141601562,723.2749633789062,723.9310913085938,722.7193603515625
4891,32,1568048165484,1244,0980,752.414794921875,715.43115234375,85.49273681640625,89.00350952148438,73.9898452758789,716.7526245117188,675.9268188476562,811.4736328125,675.3204956054688,806.8145141601562,723.2749633789062,723.8096313476562,722.8096313476562
4892,32,1568048165496,1244,0980,752.525634765625,715.5799560546875,85.42295837402344,88.92387390136719,66.60802459716797,716.7526245117188,675.9268188476562,811.4736328125,675.3204956054688,806.8145141601562,723.2749633789062,723.8096313476562,722.8096313476562
4893,32,1568048165509,1244,0980,752.5990600585938,715.51123046875,85.25035095214844,88.85660552978516,69.19497680664062,716.7526245117188,675.9268188476562,811.4736328125,675.3204956054688,806.8145141601562,723.2749633789062,723.8096313476562,722.8096313476562
4894,32,1568048165523,1244,0980,752.6494140625,715.5778198242188,85.59073638916016,88.93382263183594,68.89549255371094,716.7526245117188,675.9268188476562,811.4736328125,675.3204956054688,806.8145141601562,723.2749633789062,724.0,722.68212890625
4895,32,1568048165535,1244,0980,752.6813354492188,715.4158325195312,85.1661376953125,88.67697143554688,63.63210678100586,716.7526245117188,675.9268188476562,811.532958984375,675.2911987304688,806.7141723632812,723.2086181640625,724.0,722.68212890625
4896,32,1568048165548,1244,0980,752.6030883789062,715.463623046875,85.2969741821289,88.81452941894531,66.45555877685547,716.7526245117188,675.9268188476562,811.5668334960938,675.2547607421875,806.7141723632812,723.2086181640625,724.0,722.68212890625
4897,32,1568048165561,1244,0980,752.7935180664062,715.2543334960938,85.0782241821289,88.71544647216797,68.03732299804688,716.78759765625,675.7018432617188,811.6408081054688,675.156005859375,806.9295654296875,723.25927734375,724.0,722.7461547851562
4898,32,1568048165575,1244,0980,752.6338500976562,715.4222412109375,86.01636505126953,89.3807144165039,64.690185546875,716.85107421875,675.8333740234375,811.6408081054688,675.156005859375,806.9295654296875,723.25927734375,724.0,722.7461547851562
4899,32,1568048165589,1244,0980,752.8762817382812,715.3003540039062,84.42337036132812,88.71504211425781,69.36322021484375,716.9201049804688,675.962646484375,811.6978759765625,675.2349853515625,806.9295654296875,723.25927734375,724.0,722.68212890625
4900,32,1568048165602,1244,0980,752.7521362304688,715.3827514648438,85.55814361572266,88.95345306396484,65.3883056640625,716.9201049804688,675.962646484375,811.6275024414062,675.3794555664062,806.9295654296875,723.25927734375,724.0,722.68212890625
4901,32,1568048165615,1244,0980,752.870849609375,715.5687866210938,85.34873962402344,89.32429504394531,61.471397399902344,717.0036010742188,676.0,811.56591796875,675.4727783203125,806.9342041015625,723.2772827148438,724.0,722.68212890625
4902,32,1568048165628,1244,0980,752.7291870117188,715.5988159179688,85.39546966552734,88.81501007080078,67.70600891113281,717.0036010742188,676.0,811.5564575195312,675.4468383789062,806.9343872070312,723.3382568359375,724.0,722.68212890625
4903,32,1568048165641,1244,0980,752.7625732421875,715.6016845703125,85.50896453857422,88.7907943725586,67.2187728881836,717.0036010742188,676.0,811.5564575195312,675.4468383789062,806.9124145507812,723.2364501953125,724.0,722.68212890625
4904,32,1568048165653,1244,0980,753.0651245117188,715.4609375,85.26270294189453,89.2811050415039,64.18663787841797,717.0036010742188,676.0,811.5564575195312,675.4468383789062,807.0364990234375,723.177978515625,724.0,722.68212890625
4905,32,1568048165666,1244,0980,752.8722534179688,715.6566772460938,85.27084350585938,88.54195404052734,68.52651977539062,717.0036010742188,676.0,811.5564575195312,675.4468383789062,807.111328125,723.2089233398438,724.0,722.68212890625
4906,32,1568048165679,1244,0980,752.8931274414062,715.7551879882812,85.36302947998047,89.04930114746094,66.28028869628906,717.0,676.0,811.6751708984375,675.53466796875,807.111328125,723.2089233398438,724.0,722.68212890625
4907,32,1568048165693,1244,0980,752.8153686523438,715.6563110351562,85.26313018798828,88.75364685058594,67.5721435546875,717.0,676.0,811.6751708984375,675.53466796875,807.111328125,723.2089233398438,724.0,722.68212890625
4908,32,1568048165705,1244,0980,752.9364624023438,715.5826416015625,85.17587280273438,89.1350326538086,67.19298553466797,717.0,676.0,811.6751708984375,675.53466796875,807.111328125,723.2089233398438,724.0,722.68212890625
4909,32,1568048165718,1244,0980,752.7740478515625,715.5755004882812,85.07968139648438,88.94795227050781,67.88700866699219,717.0,676.0,811.828857421875,675.6136474609375,807.111328125,723.2089233398438,724.0,722.68212890625
4910,32,1568048165732,1244,0980,752.8179931640625,715.4503784179688,86.16151428222656,89.19347381591797,64.2210922241211,717.0,676.0,811.828857421875,675.6136474609375,807.111328125,723.2089233398438,724.0,722.68212890625
4911,32,1568048165746,1244,0980,752.83251953125,715.4188842773438,84.97087860107422,88.8908462524414,70.19029235839844,717.0,676.0,811.828857421875,675.6136474609375,807.111328125,723.2089233398438,724.0,722.68212890625
4912,32,1568048165759,1244,0980,752.8911743164062,715.6661376953125,85.10920715332031,89.2432861328125,68.62161254882812,717.0,676.0,811.8717041015625,675.491943359375,807.111328125,723.2089233398438,724.0,722.68212890625
4913,32,1568048165772,1244,0980,752.9480590820312,715.6895141601562,85.26573944091797,89.43543243408203,68.69137573242188,717.0,676.0,811.8717041015625,675.491943359375,807.111328125,723.2089233398438,724.0,722.68212890625
4914,32,1568048165786,1244,0980,752.7506103515625,715.5857543945312,85.62879180908203,89.34585571289062,70.47636413574219,717.0,676.0,811.8717041015625,675.491943359375,807.0938110351562,723.310546875,724.0,722.68212890625
4915,32,1568048165799,1244,0980,752.8971557617188,715.599609375,85.31361389160156,88.91233825683594,71.38109588623047,717.0,676.0,811.7352905273438,675.4889526367188,807.1026611328125,723.2636108398438,724.0,722.68212890625
4916,32,1568048165812,1244,0980,752.9212646484375,715.5313720703125,85.07518005371094,88.91166687011719,68.0481185913086,717.0,676.0,811.7352905273438,675.4889526367188,807.0462036132812,723.2449340820312,724.0,722.68212890625
4917,32,1568048165825,1244,0980,752.8150634765625,715.425048828125,85.08233642578125,88.77166748046875,69.73775482177734,717.0,676.0,811.6189575195312,675.4263916015625,807.0462036132812,723.2449340820312,724.0,722.68212890625
4918,32,1568048165837,1244,0980,752.9194946289062,715.5283203125,85.4551773071289,89.63751220703125,63.51277160644531,717.0,676.0,811.6189575195312,675.4263916015625,807.0462036132812,723.2449340820312,724.0,722.68212890625
4919,32,1568048165849,1244,0980,752.8109130859375,715.5302734375,85.01426696777344,88.7570571899414,69.65862274169922,717.0,676.0,811.7296142578125,675.4141845703125,807.0462036132812,723.2449340820312,724.0,722.68212890625
4920,32,1568048165862,1244,0980,752.9288940429688,715.4916381835938,85.44973754882812,89.52359008789062,67.43915557861328,717.0,676.0,811.6751708984375,675.53466796875,807.1317138671875,723.2890625,724.0,722.68212890625
4921,32,1568048165876,1244,0980,752.9163208007812,715.4075317382812,85.26420593261719,89.15990447998047,69.45213317871094,717.0,676.0,811.8717041015625,675.491943359375,807.0938110351562,723.310546875,724.0,722.68212890625
4922,32,1568048165891,1244,0980,752.8928833007812,715.5676879882812,86.30776977539062,89.63025665283203,68.2995376586914,717.0,676.0,811.8717041015625,675.491943359375,807.1026611328125,723.2636108398438,724.0,722.68212890625
4923,32,1568048165917,1244,0980,752.9794311523438,715.5628662109375,85.31509399414062,88.80715942382812,72.20146942138672,717.0,676.0,811.7352905273438,675.4889526367188,807.1026611328125,723.2636108398438,724.0,722.68212890625
4924,32,1568048165933,1244,0980,753.0425415039062,715.340087890625,85.09126281738281,89.20703887939453,65.97940063476562,717.0,676.0,811.7476806640625,675.4212036132812,806.963623046875,723.2220458984375,724.0,722.68212890625
4925,32,1568048165951,1244,0980,752.8971557617188,715.31982421875,85.3691635131836,89.56475830078125,65.4662094116211,717.0,676.0,811.6978759765625,675.2349853515625,807.0,723.25,724.0,722.68212890625
4926,32,1568048165976,1244,0980,752.7957153320312,715.3297119140625,85.31242370605469,89.29104614257812,69.66557312011719,716.9722290039062,675.968994140625,811.7141723632812,675.2086181640625,807.036376953125,723.2220458984375,724.0,722.68212890625
4927,32,1568048165989,1244,0980,752.7825927734375,715.3799438476562,84.99057006835938,89.58779907226562,69.4549331665039,716.9201049804688,675.962646484375,811.6415405273438,675.3584594726562,806.9295654296875,723.25927734375,724.0,722.68212890625
4928,32,1568048166002,1244,0980,752.7637939453125,715.4359130859375,85.6783676147461,89.45972442626953,69.58699798583984,716.85546875,675.83642578125,811.6275024414062,675.3794555664062,806.9295654296875,723.25927734375,724.0,722.68212890625
4929,32,1568048166015,1244,0980,752.6932373046875,715.4158935546875,85.40726470947266,89.59823608398438,70.1663589477539,716.85546875,675.83642578125,811.5668334960938,675.2547607421875,806.8215942382812,723.1784057617188,723.7513427734375,722.3339233398438
4930,32,1568048166029,1244,0980,752.6007690429688,715.2612915039062,85.14281463623047,89.3281021118164,69.0599594116211,716.85546875,675.83642578125,811.5829467773438,675.2324829101562,806.8215942382812,723.1784057617188,723.7513427734375,722.3339233398438
4931,32,1568048166043,1244,0980,752.6098022460938,715.3375244140625,85.25601196289062,89.1014404296875,67.57913208007812,716.85546875,675.83642578125,811.5829467773438,675.2324829101562,806.8215942382812,723.1784057617188,723.75341796875,722.476806640625
4932,32,1568048166056,1244,0980,752.6035766601562,715.2329711914062,84.93097686767578,89.24247741699219,68.0611343383789,716.7526245117188,675.9268188476562,811.63671875,675.22216796875,806.8215942382812,723.1784057617188,723.6160278320312,722.5
4933,32,1568048166072,1244,0980,752.2023315429688,715.1777954101562,85.99241638183594,89.58609008789062,72.085693359375,716.78759765625,675.7018432617188,811.568603515625,675.0250854492188,806.8215942382812,723.1784057617188,723.75341796875,722.476806640625
4934,32,1568048166087,1244,0980,752.2220458984375,715.1165161132812,86.1282730102539,90.05118560791016,69.05596160888672,716.78759765625,675.7018432617188,811.568603515625,675.0250854492188,806.89990234375,723.2853393554688,723.75341796875,722.476806640625
4935,32,1568048166102,1244,0980,752.6046752929688,715.1396484375,86.24992370605469,89.25529479980469,70.1679916381836,716.78759765625,675.7018432617188,811.6585693359375,675.130126953125,807.0,723.25,723.75341796875,722.476806640625
4936,32,1568048166117,1244,0980,752.511962890625,715.1641235351562,86.27885437011719,89.77265167236328,66.82241821289062,716.78759765625,675.7018432617188,811.6585693359375,675.130126953125,807.0,723.25,723.9418334960938,722.6266479492188
4937,32,1568048166132,1244,0980,752.611328125,715.2882690429688,85.50729370117188,89.05846405029297,73.24855041503906,716.85546875,675.83642578125,811.6585693359375,675.130126953125,807.0,723.25,723.9418334960938,722.6266479492188
4938,32,1568048166147,1244,0980,752.6209106445312,715.2275390625,86.28880310058594,89.6149673461914,73.00228118896484,716.8977661132812,675.8302001953125,811.6585693359375,675.130126953125,807.036376953125,723.2220458984375,724.0,722.68212890625
4939,32,1568048166160,1244,0980,752.595458984375,715.2385864257812,85.79882049560547,89.58164978027344,71.7244873046875,716.8977661132812,675.8302001953125,811.7141723632812,675.2086181640625,807.036376953125,723.2220458984375,724.0,722.68212890625
4940,32,1568048166174,1244,0980,752.4569091796875,715.3992919921875,86.10163116455078,90.1893310546875,66.82038116455078,716.9722290039062,675.968994140625,811.7141723632812,675.2086181640625,807.036376953125,723.2220458984375,724.0,722.68212890625
4941,32,1568048166187,1244,0980,752.4519653320312,715.1683959960938,86.44603729248047,90.08924102783203,66.1119155883789,716.9201049804688,675.962646484375,811.7141723632812,675.2086181640625,807.036376953125,723.2220458984375,724.0,722.68212890625
4942,32,1568048166200,1244,0980,752.4994506835938,715.2951049804688,85.97966766357422,90.5191879272461,72.22276306152344,716.9201049804688,675.962646484375,811.7141723632812,675.2086181640625,807.036376953125,723.2220458984375,724.0,722.68212890625
4943,32,1568048166213,1244,0980,752.3637084960938,715.2122802734375,86.05663299560547,90.28136444091797,69.40309143066406,716.9201049804688,675.962646484375,811.7141723632812,675.2086181640625,807.036376953125,723.2220458984375,724.0,722.68212890625
4944,32,1568048166226,1244,0980,752.3896484375,715.0899047851562,86.34940338134766,90.1706314086914,66.94464874267578,716.85546875,675.83642578125,811.6585693359375,675.130126953125,807.036376953125,723.2220458984375,724.0,722.68212890625
4945,32,1568048166239,1244,0980,752.3712158203125,715.2918701171875,85.61032104492188,89.94602966308594,73.35095977783203,716.85546875,675.83642578125,811.6978759765625,675.2349853515625,806.9295654296875,723.25927734375,724.0,722.68212890625
4946,32,1568048166251,1244,0980,752.4266357421875,715.0982055664062,86.43584442138672,90.46443939208984,66.42932891845703,716.85546875,675.83642578125,811.6978759765625,675.2349853515625,806.9295654296875,723.25927734375,723.8455200195312,722.4283447265625
4947,32,1568048166264,1244,0980,752.583740234375,714.9837646484375,86.14619445800781,90.50567626953125,68.89872741699219,716.85546875,675.83642578125,811.7141723632812,675.2086181640625,806.9295654296875,723.25927734375,724.0,722.68212890625
4948,32,1568048166276,1244,0980,752.4754028320312,715.0934448242188,86.143310546875,90.47648620605469,71.34364318847656,716.85546875,675.83642578125,811.6978759765625,675.2349853515625,807.036376953125,723.2220458984375,724.0,722.68212890625
4949,32,1568048166289,1244,0980,752.5294189453125,715.1580810546875,85.96702575683594,90.39645385742188,70.07374572753906,716.85546875,675.83642578125,811.7141723632812,675.2086181640625,807.036376953125,723.2220458984375,724.0,722.68212890625
4950,32,1568048166303,1244,0980,752.4542236328125,715.2434692382812,86.07232666015625,90.0003433227539,73.20081329345703,716.85546875,675.83642578125,811.7141723632812,675.2086181640625,807.036376953125,723.2220458984375,724.0,722.68212890625
4951,33,1568048139702,1530,0980,717.2546997070312,720.4259643554688,88.18154907226562,89.43048095703125,86.75033569335938,696.2171020507812,681.5,792.0903930664062,680.7056274414062,787.0,728.5,702.7922973632812,727.9029541015625
4952,33,1568048139718,1530,0980,717.314453125,720.4661254882812,88.14105987548828,89.69589233398438,76.76290893554688,696.2171020507812,681.5,792.0903930664062,680.7056274414062,787.0,728.5,702.7922973632812,727.9029541015625
4953,33,1568048139736,1530,0980,717.1842651367188,720.5247192382812,87.78770446777344,89.92613220214844,77.67596435546875,696.2171020507812,681.5,792.0903930664062,680.7056274414062,787.0,728.5,702.7922973632812,727.9029541015625
4954,33,1568048139750,1530,0980,717.1637573242188,720.4175415039062,88.02094268798828,90.28842163085938,72.91287994384766,696.130859375,681.5676879882812,792.0903930664062,680.7056274414062,786.9474487304688,728.5863647460938,702.7461547851562,728.0
4955,33,1568048139763,1530,0980,717.171875,720.59423828125,88.13642120361328,90.07624053955078,78.56805419921875,696.1464233398438,681.6608276367188,792.0903930664062,680.7056274414062,787.0,728.7048950195312,702.7461547851562,728.0
4956,33,1568048139777,1530,0980,717.0569458007812,720.6373901367188,88.38421630859375,90.25010681152344,73.62837219238281,696.1464233398438,681.6608276367188,792.0903930664062,680.7056274414062,787.0,728.5916748046875,702.7461547851562,728.0
4957,33,1568048139792,1530,0980,717.1409912109375,720.603759765625,87.94996643066406,89.52043151855469,81.03359985351562,696.1464233398438,681.6608276367188,792.0454711914062,680.6517944335938,786.89794921875,728.6358642578125,702.7461547851562,728.0
4958,33,1568048139805,1530,0980,717.196533203125,720.5760498046875,88.7908706665039,90.267822265625,62.86733627319336,696.0208740234375,681.5679931640625,792.0454711914062,680.6517944335938,786.9343872070312,728.6617431640625,702.6266479492188,727.9418334960938
4959,33,1568048139817,1530,0980,717.1973266601562,720.72216796875,88.12184143066406,89.83124542236328,69.13363647460938,696.0208740234375,681.5679931640625,792.0454711914062,680.6517944335938,786.9343872070312,728.6617431640625,702.5,728.0
4960,33,1568048139831,1530,0980,717.2652587890625,720.8601684570312,86.8693618774414,90.07295227050781,69.22392272949219,696.0208740234375,681.5679931640625,792.0454711914062,680.6517944335938,786.9343872070312,728.6617431640625,702.5,728.0
4961,33,1568048139845,1530,0980,717.0831298828125,720.961669921875,87.55494689941406,90.12698364257812,69.6285171508789,696.0208740234375,681.5679931640625,792.0454711914062,680.6517944335938,786.9343872070312,728.6617431640625,702.3740234375,727.905029296875
4962,33,1568048139858,1530,0980,717.2188720703125,720.73486328125,87.95161437988281,90.09800720214844,54.277862548828125,696.0208740234375,681.5679931640625,792.0903930664062,680.7056274414062,786.9343872070312,728.6617431640625,702.3740234375,727.905029296875
4963,33,1568048139872,1530,0980,717.4512329101562,720.7806396484375,87.72598266601562,89.75978088378906,61.1823844909668,696.0,681.5,791.8751831054688,680.6973266601562,786.9124145507812,728.7635498046875,702.2538452148438,728.0
4964,33,1568048139886,1530,0980,717.0906982421875,720.7946166992188,88.28007507324219,90.54386138916016,61.15077209472656,696.0,681.5,791.8751831054688,680.6973266601562,786.8781127929688,728.6214599609375,702.2538452148438,728.0
4965,33,1568048139899,1530,0980,717.1953125,720.946044921875,87.03789520263672,90.23707580566406,67.2301254272461,696.0,681.5,791.8751831054688,680.6973266601562,786.8886108398438,728.6028442382812,702.2538452148438,728.0
4966,33,1568048139911,1530,0980,717.1828002929688,720.7449951171875,87.8993911743164,90.05184173583984,64.9729232788086,696.0,681.5,791.8751831054688,680.6973266601562,786.8781127929688,728.6214599609375,702.2538452148438,728.0
4967,33,1568048139923,1530,0980,717.1554565429688,720.8687133789062,88.5369644165039,90.46417999267578,67.5411148071289,696.0,681.5,791.8751831054688,680.6973266601562,786.8781127929688,728.6214599609375,702.2538452148438,728.0
4968,33,1568048139937,1530,0980,717.2633666992188,720.8655395507812,88.46263122558594,90.94133758544922,72.62771606445312,696.0,681.5,791.8751831054688,680.6973266601562,786.8781127929688,728.6214599609375,702.2538452148438,728.0
4969,33,1568048139951,1530,0980,717.225830078125,720.6627807617188,87.50012969970703,90.37440490722656,63.4932861328125,696.0,681.5,791.7208251953125,680.6025390625,786.8781127929688,728.6214599609375,702.2538452148438,728.0
4970,33,1568048139963,1530,0980,717.3391723632812,720.814697265625,88.06584167480469,90.2128677368164,65.95011901855469,696.0,681.5,791.8837890625,680.525634765625,786.709228515625,728.5,702.2077026367188,727.9029541015625
4971,33,1568048139976,1530,0980,717.353515625,720.6260986328125,87.89803314208984,90.07515716552734,65.83360290527344,696.0,681.5,791.7177124023438,680.6143798828125,786.6751708984375,728.53466796875,702.2754516601562,727.783203125
4972,33,1568048139992,1530,0980,717.2794189453125,720.6747436523438,88.65945434570312,90.58232116699219,64.1373062133789,696.0,681.5,791.6954345703125,680.518310546875,786.8781127929688,728.3785400390625,702.3627319335938,727.7350463867188
4973,33,1568048140005,1530,0980,717.2382202148438,720.6790161132812,88.38330078125,90.5309829711914,67.98722839355469,696.0,681.5,791.89208984375,680.3272094726562,786.8781127929688,728.3785400390625,702.2754516601562,727.783203125
4974,33,1568048140019,1530,0980,717.1505737304688,720.7094116210938,89.17503356933594,90.89256286621094,78.45046997070312,696.0,681.5,791.7501831054688,680.4274291992188,786.8781127929688,728.3785400390625,702.5,727.6954345703125
4975,33,1568048140032,1530,0980,717.36328125,720.6345825195312,88.64665985107422,91.2784194946289,68.44723510742188,696.0208740234375,681.4320068359375,791.9189453125,680.2732543945312,786.8886108398438,728.3971557617188,702.3627319335938,727.7350463867188
4976,33,1568048140045,1530,0980,717.0912475585938,720.5442504882812,88.97457122802734,92.07804107666016,70.17190551757812,696.0208740234375,681.4320068359375,791.9189453125,680.2732543945312,786.8886108398438,728.3971557617188,702.3627319335938,727.7350463867188
4977,33,1568048140057,1530,0980,717.558349609375,720.550537109375,88.4883804321289,91.00845336914062,63.40177917480469,696.0269775390625,681.4666748046875,791.9189453125,680.2732543945312,786.9343872070312,728.3382568359375,702.5,727.6954345703125
4978,33,1568048140070,1530,0980,717.1539916992188,720.68359375,88.6590347290039,91.97815704345703,70.74455261230469,696.1113891601562,681.309814453125,791.87890625,680.1588134765625,786.9343872070312,728.3382568359375,702.5,727.6954345703125
4979,33,1568048140083,1530,0980,717.216552734375,720.6213989257812,88.68335723876953,91.98648834228516,68.45606231689453,696.1536254882812,681.355224609375,791.87890625,680.1588134765625,786.9229736328125,728.2913208007812,702.5,727.6954345703125
4980,33,1568048140095,1530,0980,717.0577392578125,720.4114379882812,89.32679748535156,91.96427917480469,74.40371704101562,696.1141357421875,681.2399291992188,791.87890625,680.1588134765625,786.9295654296875,728.25927734375,702.47509765625,727.6046752929688
4981,33,1568048140107,1530,0980,717.1483764648438,720.462890625,88.83589172363281,91.89600372314453,72.39823913574219,696.0889282226562,681.2127685546875,791.87890625,680.1588134765625,786.8215942382812,728.1784057617188,702.47509765625,727.6046752929688
4982,33,1568048140119,1530,0980,717.1775512695312,720.491943359375,89.22025299072266,91.98397827148438,69.69508361816406,696.0889282226562,681.2127685546875,791.822265625,680.1434936523438,786.8111572265625,728.20751953125,702.349609375,727.650390625
4983,33,1568048140132,1530,0980,717.2010498046875,720.297119140625,89.20240783691406,92.0919418334961,67.87483978271484,695.9786376953125,681.1309814453125,791.8585205078125,680.1414794921875,786.7717895507812,728.091796875,702.2683715820312,727.601318359375
4984,33,1568048140146,1530,0980,717.2879638671875,720.3488159179688,89.11531829833984,92.39207458496094,68.43043518066406,695.8893432617188,681.036865234375,791.8585205078125,680.1414794921875,786.7717895507812,728.091796875,702.1970825195312,727.521240234375
4985,33,1568048140159,1530,0980,717.21484375,720.3890380859375,89.16817474365234,91.56101989746094,61.174190521240234,695.8119506835938,681.0,791.66650390625,680.1107788085938,786.7717895507812,728.091796875,702.0,727.5288696289062
4986,33,1568048140172,1530,0980,717.1611938476562,720.4053955078125,88.98320007324219,92.11638641357422,66.84136199951172,695.8119506835938,681.0,791.5,680.0054321289062,786.6886596679688,727.9854125976562,702.088623046875,727.4244995117188
4987,33,1568048140184,1530,0980,716.934814453125,720.2489013671875,89.57392883300781,91.93203735351562,70.4072265625,695.8119506835938,681.0,791.5,679.9945678710938,786.6106567382812,728.0380249023438,702.0,727.31787109375
4988,33,1568048140198,1530,0980,716.897705078125,720.3754272460938,89.60103607177734,92.34603118896484,69.21858978271484,695.7232666015625,680.89013671875,791.6273193359375,679.9476318359375,786.6664428710938,727.9930419921875,702.0,727.31787109375
4989,33,1568048140210,1530,0980,717.079345703125,720.3362426757812,89.01177215576172,92.00160217285156,70.92607879638672,695.7232666015625,680.89013671875,791.5,679.9945678710938,786.6076049804688,727.9564208984375,702.0,727.31787109375
4990,33,1568048140221,1530,0980,717.0186157226562,720.0929565429688,90.03156280517578,92.7891616821289,67.64263916015625,695.718994140625,680.8585205078125,791.6273193359375,679.9476318359375,786.6100463867188,727.8363037109375,702.1903686523438,727.1903686523438
4991,33,1568048140236,1530,0980,717.2686767578125,720.1199951171875,89.14250183105469,92.26734924316406,61.943359375,695.718994140625,680.8585205078125,791.6273193359375,679.9476318359375,786.6561889648438,727.7498779296875,702.2241821289062,727.1085815429688
4992,33,1568048140251,1530,0980,717.0382690429688,720.2425537109375,90.16645812988281,92.9725570678711,68.22293090820312,695.7809448242188,680.7595825195312,791.6273193359375,679.9476318359375,786.7141723632812,727.7913818359375,702.2241821289062,727.1085815429688
4993,33,1568048140264,1530,0980,717.1701049804688,720.2515258789062,89.91375732421875,92.53105926513672,63.325618743896484,695.718994140625,680.8585205078125,791.6273193359375,679.9476318359375,786.7717895507812,727.908203125,702.2241821289062,727.1085815429688
4994,33,1568048140277,1530,0980,717.1591796875,720.2861328125,89.96456909179688,92.60269165039062,62.88848114013672,695.8119506835938,681.0,791.6788940429688,679.9593505859375,786.6886596679688,728.0145874023438,702.2915649414062,727.2819213867188
4995,33,1568048140290,1530,0980,717.1139526367188,720.39990234375,89.96379852294922,92.3843765258789,70.0355453491211,695.8119506835938,681.0,791.7717895507812,679.9857177734375,786.6690673828125,728.0,702.2915649414062,727.2819213867188
4996,33,1568048140301,1530,0980,717.330322265625,720.3606567382812,89.76496124267578,93.02061462402344,67.64561462402344,695.8893432617188,681.036865234375,791.71923828125,679.9845581054688,786.6690673828125,728.0,702.2915649414062,727.2819213867188
4997,33,1568048140312,1530,0980,717.228271484375,720.484619140625,89.7590103149414,93.21063232421875,62.44782638549805,695.8893432617188,681.036865234375,791.8138427734375,680.0750732421875,786.6690673828125,728.0,702.2915649414062,727.2819213867188
4998,33,1568048140325,1530,0980,717.2205810546875,720.1053466796875,90.62966918945312,94.01739501953125,67.27635955810547,695.8893432617188,681.036865234375,791.8148193359375,680.1199340820312,786.6690673828125,728.0,702.1939086914062,727.3341064453125
4999,33,1568048140339,1530,0980,717.0792236328125,720.4110717773438,90.59193420410156,92.7503662109375,62.52190399169922,695.8119506835938,681.0,791.8594360351562,680.1207275390625,786.6690673828125,728.0,702.1939086914062,727.3341064453125
5000,33,1568048140352,1530,0980,716.9052734375,720.2623901367188,91.90188598632812,93.98880767822266,53.664527893066406,695.8119506835938,681.0,791.8594360351562,680.1207275390625,786.6690673828125,728.0,702.1939086914062,727.3341064453125
5001,33,1568048140365,1530,0980,716.959716796875,720.4716186523438,91.35057067871094,92.33704376220703,56.82014846801758,695.8119506835938,681.0,791.8594360351562,680.1207275390625,786.6886596679688,727.9854125976562,702.1939086914062,727.3341064453125
5002,33,1568048140380,1530,0980,717.2824096679688,720.1343383789062,91.18074798583984,93.16876220703125,39.51432800292969,695.8119506835938,681.0,791.8594360351562,680.1207275390625,786.6690673828125,728.0,702.1939086914062,727.3341064453125
5003,33,1568048140396,1530,0980,717.06787109375,720.3345947265625,90.95014953613281,93.46270751953125,54.296112060546875,695.8119506835938,681.0,791.8825073242188,680.0774536132812,786.6690673828125,728.0,702.2915649414062,727.2819213867188
5004,33,1568048140410,1530,0980,716.929443359375,720.3909301757812,90.84458923339844,93.11784362792969,68.33246612548828,695.8119506835938,681.0,791.78466796875,680.0482177734375,786.6690673828125,728.0,702.2915649414062,727.2819213867188
5005,33,1568048140423,1530,0980,717.1082153320312,720.38134765625,90.62625122070312,93.21614837646484,60.20164108276367,695.8119506835938,681.0,791.78466796875,680.0482177734375,786.6690673828125,728.0,702.2915649414062,727.2819213867188
5006,33,1568048140437,1530,0980,717.0474243164062,720.305908203125,92.02113342285156,93.55060577392578,45.323299407958984,695.8119506835938,681.0,791.78466796875,680.0482177734375,786.6690673828125,728.0,702.1939086914062,727.3341064453125
5007,33,1568048140451,1530,0980,717.14111328125,720.5725708007812,91.25623321533203,93.14044189453125,65.87066650390625,695.8119506835938,681.0,791.78466796875,680.0482177734375,786.6690673828125,728.0,702.1939086914062,727.3341064453125
5008,33,1568048140465,1530,0980,716.9475708007812,720.6611328125,91.12886810302734,93.90387725830078,66.18577575683594,695.8119506835938,681.0,791.7803955078125,680.012939453125,786.6690673828125,728.0,702.1939086914062,727.3341064453125
5009,33,1568048140480,1530,0980,717.2164916992188,720.4273681640625,91.60498046875,93.47676849365234,53.85581588745117,695.8119506835938,681.0,791.7803955078125,680.012939453125,786.6690673828125,728.0,702.1939086914062,727.3341064453125
5010,33,1568048140492,1530,0980,717.1240234375,720.5034790039062,91.43871307373047,94.56324005126953,61.4076042175293,695.8119506835938,681.0,791.7803955078125,680.012939453125,786.6690673828125,728.0,702.2915649414062,727.2819213867188
5011,33,1568048140505,1530,0980,717.1826782226562,720.4418334960938,91.39331817626953,93.9375991821289,64.85369873046875,695.8119506835938,681.0,791.78466796875,680.0482177734375,786.6690673828125,728.0,702.1939086914062,727.3341064453125
5012,33,1568048140518,1530,0980,717.0702514648438,720.4696044921875,91.3996353149414,94.2838134765625,62.77634811401367,695.8119506835938,681.0,791.78466796875,680.0482177734375,786.6690673828125,728.0,702.1939086914062,727.3341064453125
5013,33,1568048140530,1530,0980,717.4844360351562,720.5283203125,90.90469360351562,94.32498931884766,62.09143829345703,695.8119506835938,681.0,791.78466796875,680.0482177734375,786.6690673828125,728.0,702.1939086914062,727.3341064453125
5014,33,1568048140544,1530,0980,717.326416015625,720.553466796875,91.97130584716797,95.26355743408203,61.34611129760742,695.8119506835938,681.0,791.7859497070312,680.108642578125,786.6690673828125,728.0,702.1939086914062,727.3341064453125
5015,33,1568048140558,1530,0980,717.562255859375,720.4507446289062,91.40660858154297,94.65692138671875,64.53658294677734,695.8119506835938,681.0,791.7803955078125,680.012939453125,786.6690673828125,728.0,702.1939086914062,727.3341064453125
5016,33,1568048140574,1530,0980,717.4078979492188,720.6069946289062,91.2850341796875,94.25411224365234,65.3944320678711,695.8119506835938,681.0,791.7803955078125,680.012939453125,786.6690673828125,728.0,702.1939086914062,727.3341064453125
5017,33,1568048140588,1530,0980,717.3742065429688,720.4325561523438,91.61083984375,94.51912689208984,70.54146575927734,695.8893432617188,681.036865234375,791.8825073242188,680.0774536132812,786.6690673828125,728.0,702.1939086914062,727.3341064453125
5018,33,1568048140601,1530,0980,717.4910278320312,720.6362915039062,91.18800354003906,94.7430191040039,62.17376708984375,695.8893432617188,681.036865234375,791.810302734375,680.0816040039062,786.6690673828125,728.0,702.2915649414062,727.2819213867188
5019,33,1568048140613,1530,0980,717.4635620117188,720.5536499023438,91.15911102294922,94.61643981933594,64.2769546508789,696.0,681.0,791.83056640625,680.1993408203125,786.731689453125,727.8768310546875,702.2754516601562,727.216796875
5020,33,1568048140626,1530,0980,717.4776000976562,720.5457153320312,91.09840393066406,94.52291870117188,64.0096664428711,696.0123291015625,680.9691162109375,791.9130859375,680.143310546875,786.7742309570312,727.7742309570312,702.2077026367188,727.0970458984375
5021,33,1568048140641,1530,0980,717.450439453125,720.4766235351562,91.07164001464844,94.7901840209961,61.591182708740234,696.259033203125,680.800537109375,791.8059692382812,679.8975830078125,786.89990234375,727.7146606445312,702.2077026367188,727.0970458984375
5022,33,1568048140654,1530,0980,717.5541381835938,720.5009765625,91.1375961303711,94.52574920654297,61.96968078613281,696.259033203125,680.800537109375,791.8978271484375,679.807861328125,786.89990234375,727.7146606445312,702.2077026367188,727.0970458984375
5023,33,1568048140667,1530,0980,717.5322265625,720.445556640625,91.0374526977539,94.7010498046875,65.0064926147461,696.1536254882812,680.644775390625,791.9584350585938,679.7694091796875,786.89990234375,727.7146606445312,702.3733520507812,727.0581665039062
5024,33,1568048140681,1530,0980,717.41650390625,720.524658203125,91.59272003173828,94.73358917236328,66.79222869873047,696.1536254882812,680.644775390625,791.9584350585938,679.7694091796875,786.89990234375,727.7146606445312,702.3733520507812,727.0581665039062
5025,33,1568048140697,1530,0980,717.261962890625,720.37841796875,92.15605926513672,95.5235824584961,53.641326904296875,696.1536254882812,680.644775390625,791.9584350585938,679.7694091796875,786.89990234375,727.7146606445312,702.3733520507812,727.0581665039062
5026,33,1568048140710,1530,0980,717.4072875976562,720.4336547851562,91.09239196777344,95.1355972290039,62.13850402832031,696.1536254882812,680.644775390625,791.9072265625,679.7794799804688,786.89990234375,727.7146606445312,702.3733520507812,727.0581665039062
5027,33,1568048140723,1530,0980,717.472412109375,720.26513671875,91.02667236328125,94.97588348388672,63.019840240478516,696.1536254882812,680.644775390625,791.9072265625,679.7794799804688,786.89990234375,727.7146606445312,702.3733520507812,727.0581665039062
5028,33,1568048140740,1530,0980,717.3411865234375,720.3186645507812,90.88969421386719,94.94939422607422,66.54119873046875,696.1536254882812,680.644775390625,791.8289184570312,679.7294921875,786.8942260742188,727.6859741210938,702.3733520507812,727.0581665039062
5029,33,1568048140755,1530,0980,717.414794921875,720.3255615234375,90.9570541381836,94.7842788696289,65.02584838867188,696.1536254882812,680.644775390625,791.6917724609375,679.5682373046875,786.8942260742188,727.6859741210938,702.3733520507812,727.0581665039062
5030,33,1568048140771,1530,0980,717.4541015625,720.2611694335938,91.3614501953125,94.842529296875,59.96017074584961,696.1536254882812,680.644775390625,791.6917724609375,679.5682373046875,786.9229736328125,727.7086791992188,702.3733520507812,727.0581665039062
5031,33,1568048140785,1530,0980,717.6039428710938,720.1382446289062,91.32291412353516,94.58715057373047,58.29804611206055,696.0269775390625,680.5333251953125,791.6631469726562,679.603271484375,786.9343872070312,727.6617431640625,702.3733520507812,727.0581665039062
5032,33,1568048140798,1530,0980,717.3745727539062,720.1263427734375,91.80763244628906,94.88558197021484,59.75581741333008,696.0208740234375,680.5679931640625,791.7208251953125,679.6025390625,786.9124145507812,727.7635498046875,702.3733520507812,727.0581665039062
5033,33,1568048140811,1530,0980,717.4253540039062,720.1865844726562,91.50939178466797,94.91609954833984,62.76093292236328,696.0208740234375,680.5679931640625,791.7208251953125,679.6025390625,786.8781127929688,727.6214599609375,702.3733520507812,727.0581665039062
5034,33,1568048140827,1530,0980,717.4456176757812,720.1660766601562,91.41697692871094,95.13146209716797,59.32698440551758,696.0208740234375,680.5679931640625,791.8343505859375,679.6619873046875,786.8781127929688,727.6214599609375,702.5,727.0
5035,33,1568048140841,1530,0980,717.49462890625,720.0853271484375,91.4200668334961,94.74455261230469,58.5019645690918,696.1602172851562,680.6583251953125,792.0903930664062,679.7056274414062,786.9474487304688,727.5863647460938,702.7461547851562,727.0
5036,33,1568048140855,1530,0980,717.4349975585938,720.1852416992188,91.98007202148438,95.14494323730469,52.66840744018555,696.1602172851562,680.6583251953125,792.0903930664062,679.7056274414062,786.9474487304688,727.5863647460938,702.7461547851562,727.0
5037,33,1568048140868,1530,0980,717.7447509765625,720.3250122070312,90.72476959228516,94.2701187133789,59.545982360839844,696.1602172851562,680.6583251953125,792.0903930664062,679.7056274414062,786.9474487304688,727.5863647460938,702.7461547851562,727.0
5038,33,1568048140883,1530,0980,717.5187377929688,719.86962890625,92.22215270996094,94.75159454345703,60.47490692138672,696.1602172851562,680.6583251953125,792.0903930664062,679.7056274414062,786.9474487304688,727.5863647460938,702.7461547851562,727.0
5039,33,1568048140897,1530,0980,717.4229736328125,719.85888671875,91.88755798339844,94.3639907836914,60.2423210144043,696.1602172851562,680.6583251953125,792.0903930664062,679.7056274414062,787.0,727.5,702.7461547851562,727.0
5040,33,1568048140911,1530,0980,717.4891357421875,719.9718627929688,92.2219009399414,95.33621978759766,46.37566375732422,696.1602172851562,680.6583251953125,792.0903930664062,679.7056274414062,787.0,727.5,702.7461547851562,727.0
5041,33,1568048140925,1530,0980,717.4000244140625,719.9130859375,91.51017761230469,95.37135314941406,54.911354064941406,696.0,680.5,792.0903930664062,679.7056274414062,787.0525512695312,727.4136352539062,702.6266479492188,726.9418334960938
5042,33,1568048140939,1530,0980,717.4404296875,719.7510986328125,91.70319366455078,96.04463195800781,49.120361328125,696.0,680.5,791.9290161132812,679.4425048828125,787.0164794921875,727.31591796875,702.529052734375,726.7600708007812
5043,33,1568048140953,1530,0980,717.4862060546875,719.8883666992188,91.37385559082031,94.9541015625,55.63300704956055,696.0208740234375,680.4320068359375,791.9290161132812,679.4425048828125,787.0164794921875,727.31591796875,702.529052734375,726.7600708007812
5044,33,1568048140966,1530,0980,717.5121459960938,719.94921875,91.24807739257812,94.93175506591797,56.571041107177734,696.0208740234375,680.4320068359375,791.9290161132812,679.4425048828125,786.9343872070312,727.3382568359375,702.529052734375,726.7600708007812
5045,33,1568048140979,1530,0980,717.4917602539062,719.9375610351562,91.2865219116211,94.94835662841797,56.97488784790039,696.1602172851562,680.3416748046875,791.9545288085938,679.3482055664062,786.9343872070312,727.3382568359375,702.5,726.6954345703125
5046,33,1568048140993,1530,0980,717.5489501953125,719.83203125,91.27781677246094,95.10009765625,54.0076904296875,696.2686157226562,680.2125244140625,791.9189453125,679.2732543945312,787.0,727.25,702.52490234375,726.6046752929688
5047,33,1568048141007,1530,0980,717.6961059570312,719.7078857421875,91.68844604492188,95.11677551269531,48.8757209777832,696.3445434570312,680.1788940429688,792.1027221679688,679.1270751953125,787.0,727.25,702.52490234375,726.6046752929688
5048,33,1568048141023,1530,0980,717.5578002929688,719.8307495117188,91.73465728759766,94.82388305664062,57.66901397705078,696.3445434570312,680.1788940429688,792.1027221679688,679.1270751953125,787.0,727.25,702.6048583984375,726.6638793945312
5049,33,1568048141040,1530,0980,717.652099609375,719.8390502929688,91.56129455566406,94.87956237792969,55.099578857421875,696.3445434570312,680.1788940429688,792.2147216796875,679.2255249023438,787.10009765625,727.2853393554688,702.6048583984375,726.6638793945312
5050,33,1568048141053,1530,0980,717.5679321289062,719.815673828125,91.33697509765625,94.9065170288086,57.346656799316406,696.3445434570312,680.1788940429688,792.2147216796875,679.2255249023438,787.10009765625,727.2853393554688,702.6048583984375,726.6638793945312
5051,33,1568048141066,1530,0980,717.5850219726562,719.8789672851562,90.75125122070312,94.91706848144531,57.41465759277344,696.3445434570312,680.1788940429688,792.2147216796875,679.2255249023438,787.10009765625,727.2853393554688,702.6048583984375,726.6638793945312
5052,33,1568048141080,1530,0980,717.5474853515625,719.854736328125,91.62224578857422,94.9803466796875,51.2414436340332,696.259033203125,680.199462890625,792.1027221679688,679.1270751953125,787.0,727.25,702.6048583984375,726.6638793945312
5053,33,1568048141093,1530,0980,717.6009521484375,719.6934204101562,90.83138275146484,94.03882598876953,56.292335510253906,696.259033203125,680.199462890625,792.0702514648438,679.1304931640625,787.0,727.25,702.6048583984375,726.6638793945312
5054,33,1568048141107,1530,0980,717.510009765625,719.8643188476562,91.50247955322266,94.60694885253906,60.168312072753906,696.2700805664062,680.2582397460938,791.87890625,679.1588134765625,787.0,727.25,702.5,726.6954345703125
5055,33,1568048141121,1530,0980,717.5695190429688,719.870849609375,91.1722640991211,94.66172790527344,56.76932144165039,696.2700805664062,680.2582397460938,791.87890625,679.1588134765625,786.89990234375,727.2853393554688,702.5,726.6954345703125
5056,33,1568048141135,1530,0980,717.5443115234375,719.7743530273438,91.07968139648438,94.76982116699219,53.26408767700195,696.2700805664062,680.2582397460938,791.87890625,679.1588134765625,786.9295654296875,727.25927734375,702.5,726.6954345703125
5057,33,1568048141148,1530,0980,717.3346557617188,719.8396606445312,91.19932556152344,94.65425109863281,61.893280029296875,696.0839233398438,680.2819213867188,791.87890625,679.1588134765625,786.89990234375,727.2853393554688,702.47509765625,726.6046752929688
5058,33,1568048141162,1530,0980,717.4678344726562,719.7400512695312,91.17709350585938,94.18272399902344,57.0411262512207,696.0889282226562,680.2127685546875,791.87890625,679.1588134765625,786.89990234375,727.2853393554688,702.47509765625,726.6046752929688
5059,33,1568048141177,1530,0980,717.4484252929688,719.476806640625,91.68291473388672,94.83493041992188,59.035308837890625,695.9786376953125,680.1309814453125,791.87890625,679.1588134765625,786.7742309570312,727.2257690429688,702.5,726.4795532226562
5060,33,1568048141191,1530,0980,717.5440673828125,719.7308959960938,90.49337005615234,95.21565246582031,55.088783264160156,695.9786376953125,680.1309814453125,791.87890625,679.1588134765625,786.89990234375,727.2853393554688,702.5,726.4795532226562
5061,33,1568048141204,1530,0980,717.6861572265625,719.8148803710938,90.53723907470703,93.86543273925781,56.31916046142578,696.1030883789062,680.093505859375,791.87890625,679.1588134765625,786.89990234375,727.2853393554688,702.5,726.4795532226562
5062,33,1568048141217,1530,0980,717.6217041015625,719.7842407226562,90.67108917236328,93.89384460449219,57.53327560424805,696.1030883789062,680.093505859375,791.87890625,679.1588134765625,786.89990234375,727.2853393554688,702.5,726.4795532226562
5063,33,1568048141230,1530,0980,717.6221313476562,719.8231201171875,90.38812255859375,94.0786361694336,54.816226959228516,696.1030883789062,680.093505859375,791.87890625,679.1588134765625,786.89990234375,727.2853393554688,702.5,726.4795532226562
5064,33,1568048141244,1530,0980,717.4381103515625,719.981201171875,90.83842468261719,94.2051010131836,56.726295471191406,696.2213134765625,680.171630859375,791.87890625,679.1588134765625,786.89990234375,727.2853393554688,702.5,726.4795532226562
5065,33,1568048141258,1530,0980,717.4652709960938,719.7190551757812,90.95501708984375,94.32634735107422,60.25334548950195,696.2213134765625,680.171630859375,791.87890625,679.1588134765625,787.0,727.25,702.5,726.4795532226562
5066,33,1568048141273,1530,0980,717.4404296875,719.7195434570312,91.1486587524414,94.33677673339844,62.14131164550781,696.2213134765625,680.171630859375,791.87890625,679.1588134765625,787.0,727.25,702.5,726.4795532226562
5067,33,1568048141288,1530,0980,717.7180786132812,719.9267578125,90.33132934570312,94.45149230957031,57.3624153137207,696.259033203125,680.199462890625,791.87890625,679.1588134765625,787.0,727.25,702.5,726.4795532226562
5068,33,1568048141302,1530,0980,717.7883911132812,719.8262939453125,90.17082977294922,94.57457733154297,59.65797424316406,696.259033203125,680.199462890625,791.87890625,679.1588134765625,787.0,727.25,702.52490234375,726.6046752929688
5069,33,1568048141316,1530,0980,717.815185546875,719.732177734375,90.50810241699219,94.14188385009766,60.20451736450195,696.259033203125,680.199462890625,791.87890625,679.1588134765625,787.0,727.25,702.52490234375,726.6046752929688
5070,33,1568048141330,1530,0980,717.5823364257812,719.8369140625,90.509033203125,94.25971221923828,59.06053924560547,696.2700805664062,680.2582397460938,791.9189453125,679.2732543945312,787.0,727.25,702.52490234375,726.6046752929688
5071,33,1568048141344,1530,0980,717.7169799804688,719.8572998046875,90.74954986572266,93.52306365966797,60.631927490234375,696.2700805664062,680.2582397460938,791.87890625,679.1588134765625,787.10009765625,727.2853393554688,702.6048583984375,726.6638793945312
5072,33,1568048141358,1530,0980,717.6240844726562,719.853759765625,90.46729278564453,94.83683776855469,59.244667053222656,696.2700805664062,680.2582397460938,791.87890625,679.1588134765625,787.10009765625,727.2853393554688,702.6048583984375,726.6638793945312
5073,33,1568048141373,1530,0980,717.7216796875,720.0489501953125,89.70890045166016,93.76978302001953,60.46003723144531,696.2700805664062,680.2582397460938,791.9779663085938,679.0764770507812,787.10009765625,727.2853393554688,702.6048583984375,726.6638793945312
5074,33,1568048141388,1530,0980,717.6168212890625,719.8506469726562,91.21981048583984,94.60078430175781,73.25961303710938,696.3445434570312,680.1788940429688,791.9779663085938,679.0764770507812,787.0,727.25,702.6048583984375,726.6638793945312
5075,33,1568048141402,1530,0980,717.6549682617188,719.7672119140625,90.83089447021484,93.78024291992188,64.3360366821289,696.3017578125,680.1466674804688,791.9779663085938,679.0764770507812,787.0,727.25,702.52490234375,726.6046752929688
5076,33,1568048141416,1530,0980,717.4566040039062,719.5914306640625,91.11190032958984,94.33856201171875,64.1450424194336,696.2767333984375,680.10986328125,791.9779663085938,679.0764770507812,787.0,727.25,702.5364379882812,726.4531860351562
5077,33,1568048141431,1530,0980,717.5325927734375,719.5133666992188,90.38336944580078,94.23365783691406,58.284481048583984,696.2767333984375,680.10986328125,791.9779663085938,679.0764770507812,787.0,727.25,702.5364379882812,726.4531860351562
5078,33,1568048141444,1530,0980,717.3416137695312,719.6355590820312,91.1505126953125,94.05635833740234,64.4408950805664,696.2767333984375,680.10986328125,791.9779663085938,679.0764770507812,787.0,727.25,702.5364379882812,726.4531860351562
5079,33,1568048141457,1530,0980,717.7254638671875,719.6865234375,90.3197021484375,93.5932846069336,57.98045349121094,696.2767333984375,680.10986328125,791.9779663085938,679.0764770507812,787.0,727.25,702.5364379882812,726.4531860351562
5080,33,1568048141469,1530,0980,717.6538696289062,719.4918212890625,91.10630798339844,93.7353286743164,55.74192428588867,696.2767333984375,680.10986328125,791.9779663085938,679.0764770507812,787.1036376953125,727.0996704101562,702.5364379882812,726.4531860351562
5081,33,1568048141481,1530,0980,717.6814575195312,719.7691650390625,89.93064880371094,93.4289321899414,59.19684982299805,696.2767333984375,680.10986328125,791.9779663085938,679.0764770507812,787.0,727.25,702.6048583984375,726.3361206054688
5082,33,1568048141496,1530,0980,717.6775512695312,719.969482421875,90.44676208496094,93.99820709228516,53.436702728271484,696.2767333984375,680.10986328125,791.9779663085938,679.0764770507812,787.0,727.25,702.6048583984375,726.3361206054688
5083,33,1568048141511,1530,0980,717.5988159179688,719.678466796875,90.43497467041016,93.13224029541016,62.469032287597656,696.2767333984375,680.10986328125,792.04052734375,679.10546875,787.0714721679688,727.1505737304688,702.911376953125,726.4244995117188
5084,33,1568048141527,1530,0980,717.4415283203125,719.6202392578125,90.84266662597656,94.22508239746094,62.5701789855957,696.2767333984375,680.10986328125,791.994873046875,679.0769653320312,787.1771850585938,727.0,702.7684936523438,726.2793579101562
5085,33,1568048141541,1530,0980,717.9266967773438,719.7178955078125,89.95083618164062,93.6561279296875,57.29396438598633,696.2767333984375,680.10986328125,791.994873046875,679.0769653320312,787.1036376953125,727.0996704101562,702.8267211914062,726.3684692382812
5086,33,1568048141555,1530,0980,717.8136596679688,719.4661254882812,90.43563079833984,94.13855743408203,55.661319732666016,696.2767333984375,680.10986328125,791.9978637695312,679.1085205078125,787.1771850585938,727.0,702.911376953125,726.4244995117188
5087,33,1568048141570,1530,0980,717.8134155273438,719.6720581054688,89.90465545654297,93.47763061523438,50.32536315917969,696.2767333984375,680.10986328125,791.9978637695312,679.1085205078125,787.1771850585938,727.0,702.8267211914062,726.3684692382812
5088,33,1568048141583,1530,0980,717.7243041992188,719.6217651367188,89.90594482421875,93.61397552490234,53.44624328613281,696.224365234375,680.1550903320312,792.0308227539062,678.93505859375,787.1036376953125,726.9003295898438,702.8267211914062,726.3684692382812
5089,33,1568048141595,1530,0980,717.6896362304688,719.5465087890625,90.13168334960938,93.32112121582031,54.165138244628906,696.2791748046875,680.05810546875,792.1759643554688,678.8803100585938,787.1036376953125,726.9003295898438,702.9310913085938,726.2806396484375
5090,33,1568048141607,1530,0980,717.5511474609375,719.15283203125,91.13380432128906,94.16935729980469,56.286376953125,696.415771484375,679.8955078125,792.1759643554688,678.8803100585938,787.1036376953125,726.9003295898438,702.9310913085938,726.2806396484375
5091,33,1568048141619,1530,0980,717.7034912109375,719.2337036132812,90.86994934082031,94.29871368408203,52.39878845214844,696.415771484375,679.8955078125,792.1759643554688,678.8803100585938,787.1036376953125,726.9003295898438,702.9310913085938,726.2806396484375
5092,33,1568048141632,1530,0980,717.5783081054688,719.2958984375,90.9622802734375,93.88874816894531,50.91180419921875,696.415771484375,679.8955078125,792.1759643554688,678.8803100585938,787.1036376953125,726.9003295898438,702.9310913085938,726.2806396484375
5093,33,1568048141644,1530,0980,717.48583984375,719.2861938476562,91.09712982177734,93.97138214111328,55.017982482910156,696.415771484375,679.8955078125,792.1759643554688,678.8803100585938,787.0,726.75,702.8096313476562,726.1903686523438
5094,33,1568048141657,1530,0980,717.5076293945312,719.2820434570312,91.18730926513672,93.88102722167969,54.41713333129883,696.3445434570312,679.8211059570312,792.1759643554688,678.8803100585938,787.0,726.75,702.8096313476562,726.1903686523438
5095,33,1568048141670,1530,0980,717.7816162109375,719.4227294921875,90.66849517822266,93.93706512451172,52.63978958129883,696.3445434570312,679.8211059570312,792.12109375,678.8411865234375,787.0,726.75,702.8096313476562,726.1903686523438
5096,33,1568048141685,1530,0980,717.5982666015625,719.4124145507812,90.7314453125,94.03132629394531,56.02748489379883,696.3445434570312,679.8211059570312,792.12109375,678.8411865234375,787.10009765625,726.7146606445312,702.7975463867188,726.1737670898438
5097,33,1568048141698,1530,0980,717.5748291015625,719.4246826171875,90.71065521240234,93.14212036132812,53.68628692626953,696.259033203125,679.800537109375,792.12109375,678.8411865234375,787.0,726.75,702.7922973632812,726.0970458984375
5098,33,1568048141712,1530,0980,717.6884765625,719.255126953125,90.6662826538086,93.30567932128906,56.016361236572266,696.259033203125,679.800537109375,792.0810546875,678.7267456054688,786.963623046875,726.7779541015625,702.7461547851562,726.0
5099,33,1568048141726,1530,0980,717.3968505859375,719.3161010742188,90.56063842773438,93.56061553955078,54.996421813964844,696.1536254882812,679.644775390625,791.9803466796875,678.802978515625,787.0,726.6681518554688,702.7461547851562,726.0
5100,33,1568048141739,1530,0980,717.6072387695312,719.3307495117188,90.5441665649414,93.7437515258789,57.765167236328125,696.1536254882812,679.644775390625,791.9593505859375,678.7283935546875,786.89794921875,726.6358642578125,702.7461547851562,726.0
5101,34,1568048151099,1816,0980,687.7044067382812,723.3438110351562,84.09696960449219,86.32781219482422,35.62781524658203,680.7293701171875,683.4035034179688,781.5162353515625,681.4869995117188,774.92431640625,730.99853515625,686.876220703125,730.0
5102,34,1568048151112,1816,0980,687.6799926757812,723.1815795898438,84.79090881347656,87.08834838867188,37.28404998779297,680.7293701171875,683.4035034179688,781.5,681.5,774.92431640625,730.99853515625,686.876220703125,730.0
5103,34,1568048151126,1816,0980,687.9921875,723.2968139648438,84.31609344482422,86.96453094482422,29.63983917236328,680.7293701171875,683.4035034179688,781.5162353515625,681.4869995117188,775.019287109375,730.8687744140625,686.876220703125,730.0
5104,34,1568048151141,1816,0980,687.955078125,722.982666015625,85.19036865234375,88.03328704833984,27.634275436401367,680.7293701171875,683.4035034179688,781.5,681.5,774.9228515625,730.764404296875,686.876220703125,730.0
5105,34,1568048151154,1816,0980,687.6430053710938,723.30615234375,85.0196304321289,87.15911865234375,31.296323776245117,680.6422119140625,683.3140258789062,781.5,681.5,774.9228515625,730.764404296875,686.876220703125,730.0
5106,34,1568048151167,1816,0980,687.6728515625,723.2160034179688,84.90984344482422,87.3681411743164,35.94157791137695,680.5645751953125,683.2749633789062,781.4302368164062,681.3580932617188,774.6078491210938,730.6603393554688,686.7758178710938,729.8914184570312
5107,34,1568048151180,1816,0980,687.5311279296875,723.1237182617188,85.03492736816406,87.4244155883789,40.748634338378906,680.6085815429688,683.2124633789062,781.3271484375,681.3328247070312,774.734130859375,730.52392578125,686.8060913085938,729.6658935546875
5108,34,1568048151192,1816,0980,688.0303344726562,722.4086303710938,85.08757781982422,87.90290832519531,28.923887252807617,680.6378173828125,682.7612915039062,781.28759765625,680.89990234375,774.9088134765625,730.2364501953125,687.0,729.5288696289062
5109,34,1568048151204,1816,0980,688.5735473632812,722.0288696289062,84.76155853271484,87.08023071289062,40.108062744140625,681.0,682.5,781.5537109375,680.6766967773438,774.8810424804688,730.1116943359375,687.2241821289062,729.1085815429688
5110,34,1568048151216,1816,0980,688.68896484375,721.9559326171875,85.02737426757812,87.68551635742188,45.66990661621094,681.0,682.5,781.49951171875,680.4766845703125,775.1189575195312,729.8883056640625,687.31787109375,729.0
5111,34,1568048151229,1816,0980,688.5416870117188,721.9063110351562,85.20585632324219,88.06856536865234,37.201969146728516,681.0,682.5,781.46337890625,680.5372924804688,775.1189575195312,729.8883056640625,687.31787109375,729.0
5112,34,1568048151244,1816,0980,688.4431762695312,722.0563354492188,84.7966079711914,87.16680908203125,33.07618713378906,681.0,682.5,781.3326416015625,680.619140625,774.86865234375,730.2001953125,687.31787109375,729.0
5113,34,1568048151258,1816,0980,688.6353149414062,721.7997436523438,85.055419921875,87.60780334472656,24.295143127441406,680.869140625,682.5676879882812,781.1400756835938,680.629150390625,774.8335571289062,730.1664428710938,687.2241821289062,729.1085815429688
5114,34,1568048151272,1816,0980,688.3460693359375,721.8773193359375,86.11940002441406,87.84607696533203,15.599743843078613,680.869140625,682.5676879882812,781.1400756835938,680.629150390625,774.8335571289062,730.1664428710938,687.2241821289062,729.1085815429688
5115,34,1568048151286,1816,0980,688.6103515625,722.028076171875,85.1502685546875,87.95063018798828,22.785686492919922,681.0,682.5,781.183837890625,680.6740112304688,774.8335571289062,730.1664428710938,687.2241821289062,729.1085815429688
5116,34,1568048151298,1816,0980,688.6868896484375,722.0875244140625,85.14067840576172,87.85661315917969,30.855321884155273,681.0,682.5,781.183837890625,680.6740112304688,774.8810424804688,730.1116943359375,687.2241821289062,729.1085815429688
5117,34,1568048151310,1816,0980,688.596923828125,722.1683349609375,85.57718658447266,88.05374145507812,40.07416534423828,681.0,682.5,781.183837890625,680.6740112304688,774.8810424804688,730.1116943359375,687.2241821289062,729.1085815429688
5118,34,1568048151322,1816,0980,688.8829345703125,722.0634765625,85.20491790771484,87.39512634277344,36.97126007080078,681.0,682.5,781.3326416015625,680.619140625,774.8810424804688,730.1116943359375,687.2241821289062,729.1085815429688
5119,34,1568048151334,1816,0980,688.7565307617188,722.1348876953125,85.3052749633789,87.90772247314453,37.845123291015625,681.0,682.5,781.4222412109375,680.75537109375,774.963623046875,730.2220458984375,687.2241821289062,729.1085815429688
5120,34,1568048151346,1816,0980,688.7725219726562,722.0458374023438,85.28330993652344,87.97881317138672,35.43655776977539,681.0,682.5,781.537353515625,680.7060546875,774.8810424804688,730.1116943359375,687.2241821289062,729.1085815429688
5121,34,1568048151358,1816,0980,689.00244140625,722.3051147460938,84.7974624633789,87.30107879638672,38.52387237548828,681.0,682.5,781.537353515625,680.7060546875,774.8810424804688,730.1116943359375,687.2241821289062,729.1085815429688
5122,34,1568048151371,1816,0980,688.698486328125,722.14208984375,86.40901184082031,88.53473663330078,30.951152801513672,681.0,682.5,781.537353515625,680.7060546875,775.0771484375,730.235595703125,687.2241821289062,729.1085815429688
5123,34,1568048151384,1816,0980,689.12109375,722.3268432617188,85.26366424560547,87.8980484008789,25.84076690673828,681.130859375,682.5676879882812,781.537353515625,680.7060546875,775.0771484375,730.235595703125,687.2241821289062,729.1085815429688
5124,34,1568048151397,1816,0980,688.840087890625,722.176025390625,86.24634552001953,88.85874938964844,40.61195755004883,681.0,682.5,781.537353515625,680.7060546875,775.0771484375,730.235595703125,687.2241821289062,729.1085815429688
5125,34,1568048151411,1816,0980,688.7894897460938,722.27392578125,86.10476684570312,88.40679931640625,26.75873374938965,680.9222412109375,682.6358032226562,781.3761596679688,680.8463745117188,774.8798828125,730.2635498046875,687.3309936523438,729.2208862304688
5126,34,1568048151428,1816,0980,688.6763916015625,722.24755859375,86.26557159423828,88.32543182373047,38.07408905029297,680.9222412109375,682.6358032226562,781.3761596679688,680.8463745117188,774.8798828125,730.2635498046875,687.3309936523438,729.2208862304688
5127,34,1568048151442,1816,0980,688.685302734375,722.2483520507812,86.56105041503906,88.32917022705078,36.121341705322266,680.9222412109375,682.6358032226562,781.2223510742188,680.896484375,774.8798828125,730.2635498046875,687.3309936523438,729.2208862304688
5128,34,1568048151455,1816,0980,688.6552734375,722.3225708007812,85.52122497558594,88.27021026611328,32.3902587890625,680.9222412109375,682.6358032226562,781.2223510742188,680.896484375,774.8798828125,730.2635498046875,687.2241821289062,729.1085815429688
5129,34,1568048151468,1816,0980,688.6355590820312,722.2033081054688,86.29491424560547,88.38980102539062,26.517208099365234,680.9222412109375,682.6358032226562,781.2223510742188,680.896484375,774.8798828125,730.2635498046875,687.3309936523438,729.2208862304688
5130,34,1568048151481,1816,0980,688.7799072265625,722.3760986328125,86.1938705444336,88.33904266357422,36.55929946899414,680.8281860351562,682.6693725585938,781.2223510742188,680.896484375,774.8798828125,730.2635498046875,687.2915649414062,729.2819213867188
5131,34,1568048151493,1816,0980,688.8151245117188,722.3795166015625,86.28923797607422,88.2275390625,29.59278106689453,680.8281860351562,682.6693725585938,781.2223510742188,680.896484375,774.9088134765625,730.2364501953125,687.2915649414062,729.2819213867188
5132,34,1568048151506,1816,0980,688.8004760742188,722.44384765625,85.49303436279297,88.46358489990234,36.29206848144531,680.9222412109375,682.6358032226562,781.3485717773438,681.0015258789062,774.9088134765625,730.2364501953125,687.2915649414062,729.2819213867188
5133,34,1568048151518,1816,0980,688.8983764648438,722.3482666015625,85.34693908691406,88.29167938232422,28.703378677368164,681.0,682.7320556640625,781.3485717773438,681.0015258789062,775.0546875,730.3963012695312,687.3309936523438,729.2208862304688
5134,34,1568048151533,1816,0980,688.8405151367188,722.4113159179688,85.97078704833984,88.51324462890625,39.70721435546875,681.0,682.7320556640625,781.3485717773438,681.0015258789062,775.0546875,730.3963012695312,687.3309936523438,729.2208862304688
5135,34,1568048151547,1816,0980,688.8877563476562,722.4877319335938,86.11750793457031,88.33577728271484,34.433658599853516,681.0,682.7320556640625,781.3485717773438,681.0015258789062,775.0340576171875,730.4217529296875,687.3309936523438,729.2208862304688
5136,34,1568048151560,1816,0980,688.9020385742188,722.3362426757812,85.86914825439453,88.74864196777344,27.33899688720703,681.0958251953125,682.7767333984375,781.447509765625,681.043701171875,775.0546875,730.3963012695312,687.3309936523438,729.2208862304688
5137,34,1568048151573,1816,0980,688.8731689453125,722.6935424804688,85.86575317382812,88.60922241210938,22.522363662719727,681.0562744140625,682.7083129882812,781.3330078125,680.9321899414062,775.1588134765625,730.3700561523438,687.3627319335938,729.2649536132812
5138,34,1568048151587,1816,0980,688.8621215820312,722.5076293945312,85.9837646484375,88.72905731201172,36.28221130371094,681.0562744140625,682.7083129882812,781.3330078125,680.9321899414062,775.1588134765625,730.3700561523438,687.3627319335938,729.2649536132812
5139,34,1568048151600,1816,0980,688.823486328125,722.31689453125,86.04698181152344,88.57193756103516,19.84914207458496,681.130859375,682.5676879882812,781.3761596679688,680.8463745117188,775.1588134765625,730.3700561523438,687.398681640625,729.2683715820312
5140,34,1568048151613,1816,0980,688.9971313476562,722.631103515625,86.75275421142578,89.10248565673828,24.96586799621582,681.130859375,682.5676879882812,781.4580688476562,680.8055419921875,775.1588134765625,730.3700561523438,687.398681640625,729.2683715820312
5141,34,1568048151626,1816,0980,689.0846557617188,722.548095703125,85.54474639892578,88.64131927490234,19.09833335876465,681.130859375,682.5676879882812,781.4580688476562,680.8055419921875,775.0771484375,730.235595703125,687.398681640625,729.2683715820312
5142,34,1568048151640,1816,0980,688.2177124023438,722.8482055664062,85.94495391845703,89.30410766601562,36.10062789916992,680.8087158203125,682.7637329101562,781.3330078125,680.9321899414062,774.93115234375,730.3710327148438,687.088623046875,729.4244995117188
5143,34,1568048151655,1816,0980,688.0785522460938,723.045166015625,85.44727325439453,88.18254852294922,23.773168563842773,680.7272338867188,682.6981811523438,781.3935546875,681.0011596679688,774.9644165039062,730.3310546875,687.088623046875,729.4244995117188
5144,34,1568048151671,1816,0980,688.2670288085938,722.8412475585938,86.32615661621094,89.2509765625,17.641916275024414,680.6378173828125,682.7612915039062,781.3935546875,681.0011596679688,774.93115234375,730.3710327148438,687.088623046875,729.4244995117188
5145,34,1568048151685,1816,0980,688.3651733398438,722.9332885742188,86.07930755615234,88.46035766601562,16.745952606201172,680.8087158203125,682.7637329101562,781.3935546875,681.0011596679688,775.1588134765625,730.3700561523438,687.088623046875,729.4244995117188
5146,34,1568048151700,1816,0980,688.677001953125,722.964599609375,85.77941131591797,88.71524810791016,22.291025161743164,680.8942260742188,682.7116088867188,781.3935546875,681.0011596679688,775.1588134765625,730.3700561523438,687.1939086914062,729.3341064453125
5147,34,1568048151715,1816,0980,688.6414794921875,722.6633911132812,86.82313537597656,89.16636657714844,22.055330276489258,680.9222412109375,682.6358032226562,781.5,681.0,775.1588134765625,730.3700561523438,687.1939086914062,729.3341064453125
5148,34,1568048151727,1816,0980,688.3757934570312,722.73046875,86.20609283447266,89.00818634033203,17.301219940185547,680.9222412109375,682.6358032226562,781.5,681.0,775.1588134765625,730.3700561523438,687.1939086914062,729.3341064453125
5149,34,1568048151741,1816,0980,688.5286254882812,722.7732543945312,85.93919372558594,88.59109497070312,26.030548095703125,680.9222412109375,682.6358032226562,781.4007568359375,680.8800659179688,775.1588134765625,730.3700561523438,687.1939086914062,729.3341064453125
5150,34,1568048151755,1816,0980,688.4159545898438,722.847900390625,87.34819793701172,89.39799499511719,24.988996505737305,680.9222412109375,682.6358032226562,781.4007568359375,680.8800659179688,775.1588134765625,730.3700561523438,687.1939086914062,729.3341064453125
5151,34,1568048151767,1816,0980,688.6050415039062,722.9965209960938,86.55107116699219,88.21652221679688,22.573522567749023,680.9222412109375,682.6358032226562,781.5,681.0,775.1588134765625,730.3700561523438,687.1939086914062,729.3341064453125
5152,34,1568048151779,1816,0980,688.6721801757812,722.9627075195312,86.49931335449219,88.4212646484375,14.311720848083496,681.0,682.8150024414062,781.5992431640625,681.1199340820312,775.1588134765625,730.3700561523438,687.1939086914062,729.3341064453125
5153,34,1568048151792,1816,0980,688.50830078125,723.055908203125,86.02033233642578,88.35433959960938,25.220958709716797,681.0,683.0,781.5992431640625,681.1199340820312,775.1588134765625,730.3700561523438,687.088623046875,729.4244995117188
5154,34,1568048151804,1816,0980,688.3191528320312,722.9341430664062,86.86837768554688,89.15335083007812,12.158097267150879,681.0,683.0,781.5992431640625,681.1199340820312,775.1588134765625,730.3700561523438,687.0,729.5288696289062
5155,34,1568048151816,1816,0980,688.3572387695312,722.9271850585938,86.62811279296875,88.92840576171875,18.69439125061035,681.1320190429688,682.8660278320312,781.5992431640625,681.1199340820312,775.1588134765625,730.3700561523438,687.0,729.5288696289062
5156,34,1568048151828,1816,0980,688.5067749023438,722.8193969726562,86.41311645507812,89.23272705078125,15.623647689819336,681.1822509765625,682.8344116210938,781.5992431640625,681.1199340820312,775.1588134765625,730.3700561523438,687.1939086914062,729.3341064453125
5157,34,1568048151839,1816,0980,688.530029296875,722.940673828125,86.29523468017578,89.06961059570312,30.443941116333008,681.1865844726562,682.8711547851562,781.5992431640625,681.1199340820312,775.1588134765625,730.3700561523438,687.22216796875,729.2559204101562
5158,34,1568048151852,1816,0980,688.6478271484375,722.7543334960938,86.74217987060547,89.68136596679688,17.351398468017578,680.9664916992188,682.638427734375,781.6238403320312,680.937744140625,775.1588134765625,730.3700561523438,687.22216796875,729.2559204101562
5159,34,1568048151864,1816,0980,688.4517822265625,722.9009399414062,86.90558624267578,89.09278106689453,28.86675453186035,680.9664916992188,682.638427734375,781.559814453125,680.7779541015625,775.1588134765625,730.3700561523438,687.22216796875,729.2559204101562
5160,34,1568048151876,1816,0980,688.3350830078125,722.836181640625,88.10277557373047,89.46548461914062,12.833027839660645,680.9664916992188,682.638427734375,781.6874389648438,680.8927001953125,775.1588134765625,730.3700561523438,687.22216796875,729.2559204101562
5161,34,1568048151889,1816,0980,688.6967163085938,722.9609985351562,86.9225845336914,89.06251525878906,21.574695587158203,681.1822509765625,682.8344116210938,781.60546875,680.9772338867188,775.1588134765625,730.3700561523438,687.22216796875,729.2559204101562
5162,34,1568048151902,1816,0980,688.5401611328125,722.9531860351562,87.4699935913086,89.88258361816406,25.811965942382812,681.2744140625,682.8629150390625,781.5,681.0,775.1588134765625,730.3700561523438,687.22216796875,729.2559204101562
5163,34,1568048151914,1816,0980,688.6289672851562,722.9415893554688,86.96541595458984,90.089111328125,24.615556716918945,681.2744140625,682.8629150390625,781.5,681.0,775.1588134765625,730.3700561523438,687.22216796875,729.2559204101562
5164,34,1568048151926,1816,0980,688.4931640625,722.9435424804688,87.7224349975586,90.1290283203125,22.443523406982422,681.064453125,682.7368774414062,781.5,681.0,775.1588134765625,730.3700561523438,687.1939086914062,729.3341064453125
5165,34,1568048151941,1816,0980,688.5771484375,723.1563110351562,87.01306915283203,89.02144622802734,28.31525421142578,680.9222412109375,682.6358032226562,781.5,681.0,775.1588134765625,730.3700561523438,687.22216796875,729.2559204101562
5166,34,1568048151955,1816,0980,688.6268920898438,722.9127197265625,87.5259780883789,89.98250579833984,17.490161895751953,681.0,682.5,781.4467163085938,680.7724609375,774.963623046875,730.2220458984375,687.1236572265625,729.1236572265625
5167,34,1568048151969,1816,0980,688.5939331054688,722.9019165039062,86.96204376220703,89.3200912475586,30.457313537597656,681.0,682.5,781.4467163085938,680.7724609375,774.963623046875,730.2220458984375,687.1236572265625,729.1236572265625
5168,34,1568048151983,1816,0980,688.66259765625,723.1102905273438,87.25514221191406,89.11434936523438,19.53284454345703,681.0,682.5,781.4467163085938,680.7724609375,774.963623046875,730.2220458984375,687.2241821289062,729.1085815429688
5169,34,1568048151997,1816,0980,688.4696044921875,722.742431640625,87.33284759521484,89.9120101928711,19.411529541015625,681.0,682.5,781.4467163085938,680.7724609375,774.8810424804688,730.1116943359375,687.2241821289062,729.1085815429688
5170,34,1568048152013,1816,0980,688.5359497070312,722.9016723632812,87.37057495117188,90.32965087890625,12.55404281616211,681.0,682.5,781.4442749023438,680.7713012695312,774.8810424804688,730.1116943359375,687.2241821289062,729.1085815429688
5171,34,1568048152024,1816,0980,688.6505737304688,722.9229125976562,87.64395904541016,90.36027526855469,17.712491989135742,681.0,682.5,781.4442749023438,680.7713012695312,774.8810424804688,730.1116943359375,687.2241821289062,729.1085815429688
5172,34,1568048152036,1816,0980,688.631103515625,722.9306030273438,87.73580932617188,90.2746810913086,12.022449493408203,681.0,682.5,781.4810180664062,680.7918090820312,774.8810424804688,730.1116943359375,687.2241821289062,729.1085815429688
5173,34,1568048152049,1816,0980,688.5282592773438,722.7404174804688,87.89595794677734,89.36162567138672,14.008034706115723,681.0,682.5,781.5167236328125,680.7692260742188,774.974609375,729.974609375,687.2241821289062,729.1085815429688
5174,34,1568048152065,1816,0980,688.4942016601562,722.8331298828125,87.78173828125,89.90849304199219,15.426057815551758,681.0,682.5,781.5167236328125,680.7692260742188,774.974609375,729.974609375,687.2241821289062,729.1085815429688
5175,34,1568048152081,1816,0980,688.5399169921875,722.712890625,87.60030364990234,89.7302474975586,20.303421020507812,681.0,682.5,781.5167236328125,680.7692260742188,774.974609375,729.974609375,687.2241821289062,729.1085815429688
5176,34,1568048152096,1816,0980,688.5385131835938,722.8578491210938,88.03580474853516,89.60006713867188,16.990192413330078,681.0,682.5,781.300048828125,680.7224731445312,774.974609375,729.974609375,687.2241821289062,729.1085815429688
5177,34,1568048152110,1816,0980,688.41259765625,722.79052734375,87.91867065429688,90.54961395263672,25.36911964416504,681.0,682.5,781.300048828125,680.7224731445312,775.0,730.0,687.2241821289062,729.1085815429688
5178,34,1568048152124,1816,0980,688.3497314453125,722.7978515625,88.16616821289062,90.38230895996094,23.023658752441406,681.0,682.5,781.300048828125,680.7224731445312,774.8494262695312,730.0714721679688,687.2241821289062,729.1085815429688
5179,34,1568048152136,1816,0980,688.5975341796875,722.8201904296875,87.73294067382812,90.31552124023438,19.085121154785156,681.0,682.5,781.300048828125,680.7224731445312,774.86865234375,730.2001953125,687.0812377929688,729.1373901367188
5180,34,1568048152148,1816,0980,688.3870239257812,723.0458374023438,88.60067749023438,90.71235656738281,16.80840301513672,681.0,682.5,781.2261352539062,680.6061401367188,774.79345703125,730.0765991210938,687.0,729.020751953125
5181,34,1568048152161,1816,0980,688.2943115234375,722.7882080078125,87.79136657714844,90.48714447021484,23.119516372680664,681.0,682.5,781.1549072265625,680.5081176757812,774.79345703125,730.0765991210938,686.9511108398438,729.0022583007812
5182,34,1568048152174,1816,0980,688.40283203125,722.8038940429688,88.05952453613281,90.90412902832031,14.700843811035156,680.8397827148438,682.3416748046875,781.1256103515625,680.4981689453125,774.8035278320312,730.07275390625,686.876220703125,729.0
5183,34,1568048152187,1816,0980,688.3751220703125,722.7627563476562,88.02104949951172,90.8343276977539,16.948020935058594,680.8397827148438,682.3416748046875,781.0385131835938,680.4730224609375,774.7281494140625,729.9107055664062,686.876220703125,729.0
5184,34,1568048152200,1816,0980,688.3613891601562,722.7510375976562,88.013671875,91.14908599853516,19.424327850341797,680.8397827148438,682.3416748046875,781.0385131835938,680.4730224609375,774.7281494140625,729.9107055664062,686.876220703125,729.0
5185,34,1568048152213,1816,0980,688.2161865234375,722.7135620117188,87.98405456542969,91.25545501708984,23.590843200683594,680.8397827148438,682.3416748046875,781.0385131835938,680.4730224609375,774.6322021484375,729.7449340820312,686.8763427734375,728.8763427734375
5186,34,1568048152227,1816,0980,688.1776733398438,722.5873413085938,88.96709442138672,91.35935974121094,15.34467887878418,680.8397827148438,682.3416748046875,781.0385131835938,680.4730224609375,774.626708984375,729.77978515625,686.8763427734375,728.8763427734375
5187,34,1568048152240,1816,0980,688.37744140625,722.75341796875,88.47650909423828,90.85623931884766,20.849708557128906,680.8397827148438,682.3416748046875,781.08837890625,680.4766845703125,774.626708984375,729.77978515625,686.8763427734375,728.8763427734375
5188,34,1568048152254,1816,0980,688.5311279296875,722.7791748046875,88.44782257080078,92.52384948730469,27.53569221496582,680.8397827148438,682.3416748046875,781.08837890625,680.4766845703125,774.68408203125,729.9227294921875,686.9511108398438,728.9977416992188
5189,34,1568048152267,1816,0980,688.5474853515625,722.73974609375,88.62371826171875,91.70806121826172,23.620512008666992,680.8397827148438,682.3416748046875,781.08837890625,680.4766845703125,774.68408203125,729.9227294921875,686.9511108398438,728.9977416992188
5190,34,1568048152280,1816,0980,688.4014892578125,722.7838134765625,88.64326477050781,91.906494140625,22.77053451538086,680.8397827148438,682.3416748046875,781.0385131835938,680.4730224609375,774.68408203125,729.9227294921875,686.9511108398438,728.9977416992188
5191,34,1568048152295,1816,0980,688.4500732421875,722.65283203125,88.41854095458984,91.36351013183594,23.07585334777832,680.8397827148438,682.3416748046875,781.0385131835938,680.4730224609375,774.68408203125,729.9227294921875,686.9511108398438,728.9977416992188
5192,34,1568048152309,1816,0980,688.576171875,722.8421020507812,88.96601104736328,92.32886505126953,27.798641204833984,680.8397827148438,682.3416748046875,781.0385131835938,680.4730224609375,774.68408203125,729.9227294921875,686.9511108398438,728.9977416992188
5193,34,1568048152323,1816,0980,688.3466186523438,722.8914794921875,88.33728790283203,91.65225982666016,27.33990478515625,680.8397827148438,682.3416748046875,781.0385131835938,680.4730224609375,774.68408203125,729.9227294921875,686.9511108398438,728.9977416992188
5194,34,1568048152337,1816,0980,688.2738647460938,722.6309204101562,88.40339660644531,92.57520294189453,15.386943817138672,680.8397827148438,682.3416748046875,781.0385131835938,680.4730224609375,774.7714233398438,729.8312377929688,686.9511108398438,728.9977416992188
5195,34,1568048152351,1816,0980,688.26513671875,722.6250610351562,88.86478424072266,92.49527740478516,18.52885627746582,680.8397827148438,682.3416748046875,781.0385131835938,680.4730224609375,774.6903076171875,729.688232421875,686.8914184570312,728.7758178710938
5196,34,1568048152364,1816,0980,688.37353515625,722.7094116210938,88.55652618408203,92.81333923339844,14.828432083129883,680.8397827148438,682.3416748046875,781.0385131835938,680.4730224609375,774.6903076171875,729.688232421875,686.8763427734375,728.8763427734375
5197,34,1568048152378,1816,0980,688.2849731445312,722.4827270507812,89.4478530883789,92.39057159423828,10.001543998718262,680.8397827148438,682.3416748046875,781.0385131835938,680.4730224609375,774.6903076171875,729.688232421875,686.8914184570312,728.7758178710938
5198,34,1568048152391,1816,0980,687.9996337890625,722.3687744140625,90.36019134521484,93.35747528076172,12.207510948181152,680.8397827148438,682.3416748046875,781.0385131835938,680.4730224609375,774.6903076171875,729.688232421875,687.0,728.68212890625
5199,34,1568048152405,1816,0980,688.2620849609375,722.6571044921875,89.46155548095703,92.9406509399414,25.490522384643555,680.8397827148438,682.3416748046875,781.2021484375,680.3453369140625,774.6415405273438,729.6415405273438,687.0,728.68212890625
5200,34,1568048152418,1816,0980,688.1265869140625,722.4973754882812,89.80089569091797,92.68175506591797,13.176663398742676,680.6536865234375,682.1577758789062,781.2021484375,680.3453369140625,774.6415405273438,729.6415405273438,687.0,728.68212890625
5201,34,1568048152431,1816,0980,688.1803588867188,722.6839599609375,89.72643280029297,92.41644287109375,15.439802169799805,680.6536865234375,682.1577758789062,781.2021484375,680.3453369140625,774.6415405273438,729.6415405273438,687.0,728.68212890625
5202,34,1568048152445,1816,0980,688.3018188476562,722.8560180664062,89.27915954589844,92.25817108154297,15.657824516296387,680.6536865234375,682.1577758789062,781.2021484375,680.3453369140625,774.6415405273438,729.6415405273438,687.0,728.68212890625
5203,34,1568048152457,1816,0980,688.1856689453125,722.6859130859375,89.46351623535156,92.42316436767578,9.64605712890625,680.7163696289062,682.2437744140625,781.2021484375,680.3453369140625,774.6415405273438,729.6415405273438,687.0,728.68212890625
5204,34,1568048152470,1816,0980,688.015869140625,722.5736694335938,90.21178436279297,92.88105773925781,10.043679237365723,680.7163696289062,682.2437744140625,781.2021484375,680.3453369140625,774.6415405273438,729.6415405273438,687.0,728.68212890625
5205,34,1568048152483,1816,0980,688.2759399414062,722.621826171875,89.04801177978516,92.30534362792969,19.445234298706055,680.702880859375,682.339111328125,781.2021484375,680.3453369140625,774.7476806640625,729.5787963867188,687.0,728.68212890625
5206,34,1568048152496,1816,0980,688.3097534179688,722.7318725585938,89.04713439941406,92.62923431396484,20.170654296875,680.6554565429688,682.1788940429688,781.093017578125,680.2635498046875,774.7476806640625,729.5787963867188,687.0,728.68212890625
5207,34,1568048152509,1816,0980,688.191650390625,722.3355712890625,90.0519027709961,93.47747802734375,13.995209693908691,680.6554565429688,682.1788940429688,781.093017578125,680.2635498046875,774.6692504882812,729.647216796875,687.0,728.68212890625
5208,34,1568048152523,1816,0980,688.2158813476562,722.4429321289062,90.16432189941406,93.91943359375,18.961069107055664,680.6554565429688,682.1788940429688,781.093017578125,680.2635498046875,774.6415405273438,729.6415405273438,687.0,728.4711303710938
5209,34,1568048152536,1816,0980,688.477783203125,722.4517822265625,88.70247650146484,93.18841552734375,20.388294219970703,680.6554565429688,682.1788940429688,781.093017578125,680.2635498046875,774.7183227539062,729.5974731445312,687.0,728.4711303710938
5210,34,1568048152549,1816,0980,688.3848876953125,722.533447265625,88.72765350341797,93.40998840332031,21.414308547973633,680.6554565429688,682.1788940429688,781.093017578125,680.2635498046875,774.7183227539062,729.5974731445312,687.0,728.4711303710938
5211,34,1568048152564,1816,0980,688.3485717773438,722.4466552734375,89.0548324584961,92.96307373046875,15.531150817871094,680.6554565429688,682.1788940429688,781.093017578125,680.2635498046875,774.7352905273438,729.5110473632812,687.0,728.4711303710938
5212,34,1568048152578,1816,0980,688.4510498046875,722.5825805664062,89.44981384277344,93.86067199707031,20.28425407409668,680.8583984375,681.963623046875,781.1805419921875,680.1194458007812,774.7352905273438,729.5110473632812,687.0,728.4711303710938
5213,34,1568048152592,1816,0980,688.3482055664062,722.4061279296875,89.25342559814453,93.59716796875,19.992218017578125,680.8119506835938,682.0,781.2212524414062,680.0379028320312,774.7698364257812,729.6260986328125,687.0,728.5
5214,34,1568048152606,1816,0980,688.3768310546875,722.4295043945312,89.41563415527344,93.62115478515625,22.25481414794922,680.8119506835938,682.0,781.26513671875,680.0631103515625,774.73974609375,729.5844116210938,687.0,728.5
5215,34,1568048152620,1816,0980,688.400634765625,722.3480834960938,89.29024505615234,93.15126037597656,24.612472534179688,680.8119506835938,682.0,781.26513671875,680.0631103515625,774.73974609375,729.5844116210938,687.0,728.5
5216,34,1568048152633,1816,0980,688.3681640625,722.2869262695312,89.07814025878906,93.11457824707031,23.78497314453125,680.8119506835938,682.0,781.26513671875,680.0631103515625,774.73974609375,729.5844116210938,687.0,728.5
5217,34,1568048152647,1816,0980,688.5177001953125,722.3961791992188,88.92659759521484,93.07939910888672,24.977994918823242,680.8119506835938,682.0,781.2212524414062,680.0379028320312,774.7661743164062,729.579345703125,687.0,728.5
5218,34,1568048152660,1816,0980,688.2730712890625,722.5169067382812,88.78209686279297,92.88883972167969,25.254520416259766,680.7232666015625,681.89013671875,781.1345825195312,679.9820556640625,774.7130126953125,729.5656127929688,687.0,728.5
5219,34,1568048152673,1816,0980,688.41943359375,722.3357543945312,88.63785552978516,93.2423324584961,24.65802764892578,680.7784423828125,681.9373779296875,781.0033569335938,679.9369506835938,774.6942138671875,729.4312133789062,687.0,728.5288696289062
5220,34,1568048152686,1816,0980,688.2526245117188,722.277587890625,89.03809356689453,93.28828430175781,22.236705780029297,680.7784423828125,681.9373779296875,780.8262939453125,679.9445190429688,774.5009155273438,729.4639892578125,687.0,728.5288696289062
5221,34,1568048152700,1816,0980,688.1487426757812,722.0938110351562,89.69967651367188,93.62471008300781,14.939416885375977,680.6085815429688,681.7875366210938,780.7692260742188,679.9193725585938,774.4351196289062,729.4143676757812,686.8060913085938,728.3341064453125
5222,34,1568048152715,1816,0980,688.1746215820312,722.2918090820312,89.80766296386719,93.44766998291016,25.47467613220215,680.6085815429688,681.7875366210938,780.7692260742188,679.9193725585938,774.4351196289062,729.4143676757812,686.8060913085938,728.3341064453125
5223,34,1568048152730,1816,0980,688.0984497070312,722.4813232421875,89.57147979736328,93.06926727294922,25.294057846069336,680.5,681.8074340820312,780.7692260742188,679.9193725585938,774.4351196289062,729.4143676757812,686.8750610351562,728.4471435546875
5224,34,1568048152744,1816,0980,687.8389282226562,722.3344116210938,89.9962387084961,93.60804748535156,21.36298370361328,680.5,681.8074340820312,780.7692260742188,679.9193725585938,774.4351196289062,729.4143676757812,686.8060913085938,728.3341064453125
5225,34,1568048152758,1816,0980,688.02880859375,721.9893188476562,89.96512603759766,94.08793640136719,20.3214054107666,680.5,681.8074340820312,780.7692260742188,679.9193725585938,774.4175415039062,729.3646240234375,686.8060913085938,728.3341064453125
5226,34,1568048152773,1816,0980,688.0656127929688,722.03955078125,89.29471588134766,93.94566345214844,21.85159683227539,680.5,681.8074340820312,780.7692260742188,679.9193725585938,774.4175415039062,729.3646240234375,686.8750610351562,728.4471435546875
5227,34,1568048152786,1816,0980,688.0667724609375,722.0079956054688,89.39575958251953,93.83170318603516,22.839139938354492,680.5,681.8074340820312,780.7692260742188,679.9193725585938,774.4175415039062,729.3646240234375,686.7316284179688,728.398681640625
5228,34,1568048152799,1816,0980,688.1771850585938,722.248046875,89.7440185546875,93.81929779052734,22.119884490966797,680.5,681.8074340820312,780.7692260742188,679.9193725585938,774.4175415039062,729.3646240234375,686.8060913085938,728.3341064453125
5229,34,1568048152812,1816,0980,688.1810302734375,722.1669311523438,89.49008178710938,93.59648895263672,18.72494888305664,680.5663452148438,681.8422241210938,780.7822875976562,679.9559936523438,774.4351196289062,729.4143676757812,686.8060913085938,728.3341064453125
5230,34,1568048152824,1816,0980,688.1893920898438,722.187255859375,89.89715576171875,93.94599151611328,23.53899383544922,680.5663452148438,681.8422241210938,780.7694702148438,679.987548828125,774.4189453125,729.3992919921875,687.0,728.5288696289062
5231,34,1568048152837,1816,0980,688.0491333007812,722.26171875,89.4780502319336,93.25715637207031,22.830615997314453,680.7789916992188,681.9432983398438,780.738525390625,680.0909423828125,774.5810546875,729.528076171875,687.0,728.5288696289062
5232,34,1568048152849,1816,0980,688.1332397460938,722.2512817382812,89.74859619140625,93.45025634765625,18.492969512939453,680.6583862304688,681.9783935546875,780.738525390625,680.0909423828125,774.5810546875,729.528076171875,687.0,728.5288696289062
5233,34,1568048152862,1816,0980,688.2501831054688,722.310546875,89.54563903808594,93.7332534790039,16.697160720825195,680.6673583984375,681.9715576171875,780.719970703125,680.0108032226562,774.5692749023438,729.5048217773438,686.8757934570312,728.6063842773438
5234,34,1568048152877,1816,0980,688.1383666992188,722.5675659179688,89.6679458618164,93.26292419433594,21.222387313842773,680.6673583984375,681.9715576171875,780.719970703125,680.0108032226562,774.5692749023438,729.5048217773438,686.8757934570312,728.6063842773438
5235,34,1568048152893,1816,0980,688.0501708984375,722.4522705078125,89.14794158935547,93.37628936767578,22.51786231994629,680.6673583984375,681.9715576171875,780.719970703125,680.0108032226562,774.4808349609375,729.4320068359375,687.0,728.5
5236,34,1568048152908,1816,0980,688.0096435546875,722.4752807617188,90.04830169677734,93.42878723144531,15.999835014343262,680.5034790039062,682.0,780.719970703125,680.0108032226562,774.4815063476562,729.4192504882812,686.8757934570312,728.6063842773438
5237,34,1568048152924,1816,0980,688.3588256835938,722.73681640625,88.94448852539062,93.05908203125,17.315155029296875,680.5034790039062,682.0,780.675537109375,680.0175170898438,774.4815063476562,729.4192504882812,686.8757934570312,728.6063842773438
5238,34,1568048152941,1816,0980,688.0914306640625,722.4664916992188,90.19120788574219,94.38249969482422,23.02320671081543,680.5034790039062,682.0,780.784912109375,680.1246337890625,774.5732421875,729.4653930664062,686.8757934570312,728.6063842773438
5239,34,1568048152955,1816,0980,687.8744506835938,722.667724609375,89.8900375366211,93.78376770019531,22.390155792236328,680.5,682.0,780.6942138671875,679.9984741210938,774.5078735351562,729.5563354492188,686.8750610351562,728.5528564453125
5240,34,1568048152969,1816,0980,688.0608520507812,722.4261474609375,89.22530364990234,93.45423126220703,15.470194816589355,680.5311279296875,682.0318603515625,780.7293090820312,680.0711059570312,774.6038818359375,729.6372680664062,686.8750610351562,728.5528564453125
5241,34,1568048152984,1816,0980,688.0536499023438,722.8439331054688,88.56615447998047,92.49727630615234,15.718887329101562,680.5400390625,682.2147216796875,780.7293090820312,680.0711059570312,774.3916015625,729.609375,686.8060913085938,728.6658935546875
5242,34,1568048152998,1816,0980,687.947265625,722.8958740234375,89.00679016113281,92.65878295898438,13.318293571472168,680.5400390625,682.2147216796875,780.7293090820312,680.0711059570312,774.3916015625,729.609375,686.8060913085938,728.6658935546875
5243,34,1568048153012,1816,0980,688.2603759765625,722.7623291015625,89.1091079711914,93.26667022705078,24.963661193847656,680.4993286132812,682.2029418945312,780.7293090820312,680.0711059570312,774.3916015625,729.609375,686.77783203125,728.7440795898438
5244,34,1568048153026,1816,0980,688.1110229492188,722.9363403320312,88.963623046875,92.96302795410156,28.383846282958984,680.4993286132812,682.2029418945312,780.7293090820312,680.0711059570312,774.5131225585938,729.5751953125,686.77783203125,728.7440795898438
5245,34,1568048153040,1816,0980,688.0515747070312,722.6144409179688,88.72476959228516,92.83171844482422,15.891844749450684,680.5,682.1925659179688,780.7896728515625,680.1264038085938,774.34521484375,729.5750732421875,686.8750610351562,728.5528564453125
5246,34,1568048153055,1816,0980,688.0059814453125,722.74072265625,89.78984069824219,92.92402648925781,25.887264251708984,680.5,682.1925659179688,780.6942138671875,679.9984741210938,774.34521484375,729.5750732421875,686.8750610351562,728.5528564453125
5247,34,1568048153069,1816,0980,687.9022216796875,722.6826171875,89.47967529296875,93.1092758178711,22.796255111694336,680.4993286132812,682.2029418945312,780.6942138671875,679.9984741210938,774.281982421875,729.538818359375,686.8029174804688,728.478759765625
5248,34,1568048153083,1816,0980,687.9164428710938,722.7416381835938,89.70318603515625,93.09423828125,27.198259353637695,680.449951171875,682.1265258789062,780.6942138671875,679.9984741210938,774.281982421875,729.538818359375,686.8029174804688,728.478759765625
5249,34,1568048153096,1816,0980,687.9463500976562,722.8049926757812,89.2191390991211,92.76554870605469,30.55094337463379,680.4965209960938,682.0,780.6942138671875,679.9984741210938,774.281982421875,729.538818359375,686.8029174804688,728.478759765625
5250,34,1568048153109,1816,0980,688.0794067382812,722.4594116210938,89.17848205566406,93.80152130126953,20.529664993286133,680.4965209960938,682.0,780.6942138671875,679.9984741210938,774.28662109375,729.5681762695312,686.8029174804688,728.478759765625
