target_x,target_y,gaze_x,gaze_y,error_px_x,error_px_y,error_px_xy,error_deg_x,error_deg_y,error_deg_z,error_deg_xyz
-0.2,0.05,-0.197679440208238,0.0528080767957297,0.00232055979176246,0.00280807679572968,0.00364284134129667,-0.174778993241524,0.126023812515508,-0.232581889294565,0.31705565685462
-0.2,0.065,-0.199953219560237,0.0664135690275705,4.67804397634719e-05,0.00141356902757046,0.00141434288814664,-0.0780132122376163,0.0663550512404192,-0.156113694806122,0.18670985690445
-0.2,0.08,-0.201624769328644,0.0801115361455318,-0.00162476932864405,0.00011153614553179,0.001628593160695,0.0137596777713075,0.015707453673692,-0.0953391317239653,0.0975992068312557
-0.2,0.095,-0.202731926603011,0.0939142573727944,-0.00273192660301058,-0.00108574262720558,0.00293977210286243,0.099127326880651,-0.0267185987940203,-0.0495013298227004,0.113975858821543
-0.2,0.11,-0.203321327937864,0.107834046916039,-0.00332132793786415,-0.00216595308396102,0.00396516986177858,0.1767077385424,-0.0617228902226362,-0.0175175278252859,0.18799530719295
-0.2,0.125,-0.203448295736099,0.121883028695297,-0.00344829573609944,-0.0031169713047033,0.00464825274677973,0.245184586687594,-0.0900713916050843,0.00201367813983551,0.261213533756654
-0.2,0.14,-0.203176439617467,0.136072889218869,-0.00317643961746747,-0.00392711078113149,0.00505093731209328,0.303343014484304,-0.112462014975395,0.0107928053585492,0.323699633302869
-0.2,0.155,-0.202576958755838,0.150414616550762,-0.00257695875583788,-0.00458538344923844,0.00525989142529,0.35010427224658,-0.129492048093154,0.0107875661855159,0.373440834999238
-0.2,0.17,-0.201727648539643,0.164918235434737,-0.00172764853964283,-0.00508176456526284,0.00536741097488268,0.384557472927425,-0.14162926795326,0.00418923750198134,0.409831142505017
-0.2,0.185,-0.200711633775277,0.179592550075513,-0.000711633775277165,-0.00540744992448748,0.00545407529430562,0.405986796212311,-0.149188612431496,-0.00664119428047765,0.4325823795867
-0.2,0.2,-0.199615870032694,0.194444906922031,0.000384129967306381,-0.00555509307796921,0.00556835836999418,0.413892662459985,-0.152315996004912,-0.0192348767004941,0.4414501593717
-0.2,0.215,-0.198529471901313,0.209480989580402,0.00147052809868653,-0.00551901041959769,0.00571156098633767,0.408005712586797,-0.150980405327145,-0.0310820770821814,0.436154512103793
-0.2,0.23,-0.197541940439616,0.224704656825106,0.00245805956038399,-0.00529534317489448,0.00583804043685008,0.388292853853755,-0.144974846294969,-0.039701063720193,0.416372410025155
-0.2,0.245,-0.196741370199368,0.240117832684953,0.00325862980063171,-0.00488216731504691,0.00586977221616627,0.354955112601318,-0.133926087719063,-0.042705492803326,0.381776933988753
-0.2,0.26,-0.1962127177804,0.255720454465619,0.00378728221959962,-0.0042795455343811,0.00571471929247069,0.308417542290848,-0.11731252845042,-0.0378670343947211,0.332141281612619
-0.2,0.275,-0.19603620892706,0.271510481263714,0.00396379107294043,-0.00348951873628582,0.00528094505565169,0.249311903446005,-0.0944889630182241,-0.0231703575974057,0.267622093667307
-0.2,0.29,-0.196285950350315,0.287483961838125,0.00371404964968525,-0.0025160381618745,0.00448604645900328,0.17845323436567,-0.064716595821157,0.00314181296583148,0.189851780597088
-0.2,0.305,-0.197028796685285,0.303635157218877,0.00297120331471515,-0.00136484278112343,0.00326968575776924,0.0968117185588445,-0.0271963859741954,0.0425351216774426,0.109185129223091
-0.2,0.32,-0.198323504787755,0.31995671049223,0.00167649521224533,-4.32895077699808e-05,0.00167705401766445,0.00548142237056547,0.0188962850077021,0.0961622383167509,0.0981544395867859
-0.2,0.335,-0.200220188162491,0.336439853939986,-0.000220188162490947,0.00143985393998604,0.00145659266625727,-0.0943524894325854,0.0743775547610942,0.164853718833799,0.203988248390873
-0.2,0.35,-0.202760066222007,0.353074642464744,-0.00276006622200747,0.0030746424647438,0.00413175408705219,-0.201446533210148,0.140023341100915,0.249120338018026,0.349640621176952
-0.18,0.05,-0.178930643970577,0.0518049117988159,0.0010693560294231,0.00180491179881592,0.00209791060800227,0.00611637173080249,0.0323966794961769,-0.126723809792046,0.130942301328555
-0.18,0.065,-0.181125712986114,0.0655352538468258,-0.00112571298611364,0.000535253846825845,0.00124648562271963,0.102056856254498,-0.0196836480655775,-0.056420423797284,0.118263760709119
-0.18,0.08,-0.182706326566461,0.0793469206705304,-0.00270632656646144,-0.000653079329469647,0.00278401079288775,0.193313620015081,-0.0629404394661515,-0.00327030592390292,0.203328288463232
-0.18,0.095,-0.183710433333979,0.0932512620812387,-0.00371043333397938,-0.00174873791876126,0.00410187759866367,0.278450813808585,-0.0983509865278257,0.033509800893333,0.297205109440561
-0.18,0.11,-0.184185044307841,0.107259736311848,-0.00418504430784096,-0.00274026368815153,0.00500236353528948,0.356056899875512,-0.126894710436778,0.0550679550679047,0.381984035806024
-0.18,0.125,-0.184186135205313,0.121383704870082,-0.00418613520531327,-0.00361629512991757,0.00553184584237745,0.424781528933878,-0.149512472644816,0.062911024894603,0.45470013081301
-0.18,0.14,-0.18377825242665,0.135634204032028,-0.0037782524266505,-0.00436579596797249,0.00577367870888701,0.483373238530927,-0.167065204095519,0.0588845386691808,0.514810297178906
-0.18,0.155,-0.183033807082384,0.150021700097822,-0.00303380708238413,-0.00497829990217838,0.00582987609895385,0.53071620390223,-0.180294232260546,0.0451381047722474,0.562321692529897
-0.18,0.17,-0.182032059416573,0.164555837527475,-0.00203205941657297,-0.00544416247252466,0.00581103867649568,0.56586416061165,-0.189785781382736,0.0240770662739126,0.597330585101776
-0.18,0.185,-0.180857816148999,0.179245190858914,-0.000857816148998793,-0.00575480914108609,0.00581839125496138,0.588069656426163,-0.195942004606484,-0.00169796103989795,0.619859516809169
-0.18,0.2,-0.179599883664658,0.194097032230071,0.000400116335342226,-0.00590296776992863,0.00591651261932432,0.596806982530803,-0.198960564012784,-0.0294611000516254,0.629790306660373
-0.18,0.215,-0.178349338309444,0.209117126488057,0.00165066169055618,-0.0058828735119428,0.00611006422013616,0.591787473539479,-0.198824227659365,-0.0564374475163403,0.626843355327582
-0.18,0.23,-0.177197689546199,0.224309564921542,0.00280231045380101,-0.00569043507845773,0.00634302729472487,0.572966327402992,-0.195301251117884,-0.0798817040208696,0.610587918285446
-0.18,0.245,-0.17623502033297,0.239676646863558,0.00376497966702957,-0.00532335313644236,0.00652021169199412,0.540540638020436,-0.187956527287517,-0.0971551730014118,0.580477258182782
-0.18,0.26,-0.175548190957309,0.255218815682211,0.0044518090426908,-0.00478118431778937,0.00653286516264178,0.494938891527394,-0.176172703686011,-0.105797250547632,0.535907156018247
-0.18,0.275,-0.175219187305833,0.270934652376114,0.00478081269416655,-0.00406534762388644,0.00627560525525173,0.436802711319969,-0.159179771185926,-0.103587987467863,0.47630513941371
-0.18,0.29,-0.175323683126254,0.286820926476513,0.00467631687374578,-0.00317907352348665,0.00565459529687257,0.366962077494138,-0.13609108662668,-0.0885990242586218,0.401288419394382
-0.18,0.305,-0.175929869104478,0.302872700483856,0.00407013089552155,-0.00212729951614357,0.00459253402143781,0.286405569657753,-0.10594345822371,-0.0592311003228236,0.311063864157825
-0.18,0.32,-0.177097582301168,0.319083481038734,0.00290241769883237,-0.000916518961265572,0.00304368781330391,0.196247359825767,-0.0677388123195705,-0.0142373032940198,0.208096903724862
-0.18,0.335,-0.178877748944115,0.335445407801139,0.0011222510558847,0.000445407801139081,0.0012074086059615,0.097692711956459,-0.0204850643219494,0.047267831631906,0.11044344939003
-0.18,0.35,-0.181312134486136,0.351949469431168,-0.00131213448613585,0.00194946943116792,0.00234992084393605,-0.00799635771483329,0.0367658971714737,0.125812427247201,0.131318115013016
-0.16,0.05,-0.160083888540174,0.0510295080265912,-8.38885401739931e-05,0.0010295080265912,0.0010329201634145,0.146322338831798,-0.0370848631727454,-0.0208992877956907,0.15238867358335
-0.16,0.065,-0.16220915097953,0.0648919534974834,-0.00220915097952978,-0.000108046502516571,0.00221179160344357,0.239526297302638,-0.0809984490114521,0.0436062084377246,0.256583723728022
-0.16,0.08,-0.163708624860127,0.0788242000983317,-0.00370862486012741,-0.00117579990166829,0.00389055314343837,0.328470618748252,-0.116282839138685,0.0894939760576612,0.359755810267599
-0.16,0.095,-0.164620330275846,0.0928365800045922,-0.00462033027584627,-0.00216341999540776,0.00510174851736459,0.411722202762106,-0.144104015996031,0.117565934426702,0.451778647239662
-0.16,0.11,-0.164991594281789,0.106939607506095,-0.00499159428178932,-0.00306039249390544,0.00585508460150189,0.487865262541816,-0.165633481024029,0.1290287118962,0.53112841480449
-0.16,0.125,-0.164878969172547,0.121143796472159,-0.00487896917254724,-0.00385620352784141,0.00621889426142645,0.555539011411697,-0.182000328751962,0.125489350672995,0.597911811469934
-0.16,0.14,-0.164347843923637,0.13545945316006,-0.00434784392363702,-0.00454054683994022,0.0062865183042761,0.613476531162006,-0.194242094365766,0.108934877640026,0.652652172915007
-0.16,0.155,-0.163471731409653,0.149896450399655,-0.00347173140965329,-0.00510354960034475,0.00617244987860997,0.660542961187975,-0.203257229859797,0.081695259736476,0.695924259291367
-0.16,0.17,-0.162331232909806,0.164463991337868,-0.0023312329098058,-0.00553600866213232,0.00600683267512635,0.695771006766448,-0.209762223898995,0.0463903681229986,0.728187261727449
-0.16,0.185,-0.161012702513974,0.179170372758933,-0.00101270251397374,-0.00582962724106696,0.00591693503019923,0.718391778951713,-0.214256272936637,0.00586275010531936,0.749689861862971
-0.16,0.2,-0.159606655601443,0.194022759204309,0.00039334439855697,-0.00597724079569077,0.00599016922511762,0.727859166767315,-0.216996019502599,-0.0369008834584219,0.760418570175464
-0.16,0.215,-0.158205984989289,0.209026979542756,0.00179401501071063,-0.0059730204572437,0.00623662274322463,0.723866298952593,-0.217982221064781,-0.0788556131443358,0.760082461136008
-0.16,0.23,-0.156904063771144,0.224187357053608,0.00309593622885596,-0.00581264294639193,0.00658571477938293,0.706353144880017,-0.21695935579491,-0.116987244071717,0.748131067877124
-0.16,0.245,-0.155792822996356,0.239506582494233,0.00420717700364408,-0.00549341750576661,0.00691939117499904,0.6755048897472,-0.213428203594568,-0.148399496803231,0.723800961484221
-0.16,0.26,-0.15496089448615,0.254985637329887,0.00503910551385012,-0.00501436267011306,0.00710889705700807,0.631741333486607,-0.206670467635371,-0.170394896094007,0.686184991829918
-0.16,0.275,-0.154491903607526,0.270623771041428,0.00550809639247436,-0.00437622895857227,0.00703494888159364,0.575698139912456,-0.19578363274073,-0.180545347163456,0.634318777236815
-0.16,0.29,-0.154462984671735,0.286418533178763,0.00553701532826539,-0.0035814668212365,0.00659434934903087,0.508201250924695,-0.179723585275959,-0.176749248888464,0.567284764862101
-0.16,0.305,-0.154943574259436,0.302365857350369,0.00505642574056395,-0.00263414264963086,0.00570141638265808,0.430236125662179,-0.157352105138963,-0.157273074713488,0.484354236005916
-0.16,0.32,-0.155994517141882,0.318460191318961,0.00400548285811783,-0.00153980868103852,0.00429125898785862,0.342913655932661,-0.127486210795021,-0.120776508851632,0.38526618554285
-0.16,0.335,-0.157667498077823,0.33469466497014,0.00233250192217682,-0.000305335029860493,0.00235240189963758,0.24743463199464,-0.0889464762011833,-0.0663213464903203,0.271171589592169
-0.16,0.35,-0.160004792602836,0.351061286380624,-4.79260283586802e-06,0.00106128638062387,0.00106129720189006,0.145054512033479,-0.0406018029112411,0.00663464996330234,0.150775825511744
-0.14,0.05,-0.14113007600289,0.0504609930209892,-0.00113007600289017,0.000460993020989217,0.00122048610713477,0.244477621506063,-0.0854206474699581,0.0825070167817613,0.271796874119598
-0.14,0.065,-0.143194636367351,0.0644622866096954,-0.00319463636735054,-0.000537713390304631,0.00323957361541786,0.332840956797985,-0.120851441564757,0.141703672544866,0.381403515234682
-0.14,0.08,-0.144623064019754,0.0785215283197399,-0.00462306401975376,-0.00147847168026009,0.00485372016499437,0.417483346217016,-0.147832511460749,0.180847610904856,0.478386855679117
-0.14,0.095,-0.145453413572995,0.0926479501965876,-0.00545341357299495,-0.00235204980341241,0.00593901152346566,0.497005092133134,-0.167724383108769,0.200751145040401,0.561648536466522
-0.14,0.11,-0.145733270173037,0.106851039847071,-0.00573327017303737,-0.00314896015292869,0.00654112657894439,0.570016144721664,-0.181897989185135,0.202671162094101,0.63173168880851
-0.14,0.125,-0.145519683497267,0.121140382854042,-0.00551968349726713,-0.00385961714595756,0.00673524687174662,0.63517365562295,-0.191679180230862,0.188306945447588,0.689675090007537
-0.14,0.14,-0.144878785246295,0.135525479419313,-0.00487878524629468,-0.00447452058068737,0.00661996071789383,0.691221065111375,-0.19829133179482,0.159779843138021,0.736643119965015
-0.14,0.155,-0.143885071102301,0.150015540056056,-0.00388507110230124,-0.00498445994394425,0.0063197008159185,0.737026824951364,-0.202799412165561,0.119594049943256,0.773723449549498
-0.14,0.17,-0.142620347754312,0.164619267430503,-0.00262034775431173,-0.00538073256949734,0.0059848563339462,0.771620684177808,-0.206059113485704,0.0705790540871669,0.801779727700653
-0.14,0.185,-0.141172367658784,0.179344633294488,-0.00117236765878448,-0.00565536670551188,0.00577560546619799,0.794225453559242,-0.208674562060981,0.015815673910906,0.821340874219323
-0.14,0.2,-0.139633196807381,0.194198661080572,0.000366803192619472,-0.00580133891942775,0.00581292334717936,0.804282341535837,-0.210967687675323,-0.0414510580373038,0.832530981458573
-0.14,0.215,-0.138097381229802,0.209187225234849,0.00190261877019763,-0.00581277476515127,0.00611623320803644,0.801468313216184,-0.212961564938172,-0.0979077951775588,0.835046324677814
-0.14,0.23,-0.136659994282571,0.224314878335296,0.00334000571742911,-0.00568512166470354,0.00659365198770308,0.785704434806549,-0.214379014223675,-0.150272418002235,0.828180875213036
-0.14,0.245,-0.135414656387352,0.239584715715787,0.00458534361264797,-0.00541528428421317,0.00709582130023704,0.757154782457174,-0.214656576103399,-0.195391754591993,0.810894397323057
-0.14,0.26,-0.134451621355406,0.254998285238659,0.00554837864459451,-0.00500171476134074,0.00747005061144878,0.716216143365922,-0.212972785789896,-0.230332192172054,0.781911362513878
-0.14,0.275,-0.133856017643422,0.270555547150887,0.00614398235657794,-0.00444445284911316,0.00758298624065289,0.663499354428388,-0.20828861156176,-0.252458527285794,0.739836774095417
-0.14,0.29,-0.133706320250278,0.28625488550998,0.0062936797497225,-0.00374511449002034,0.0073236799039436,0.5998036390405,-0.19939709905631,-0.25949742569146,0.683277436659809
-0.14,0.305,-0.134073110738713,0.302093169619776,0.00592688926128662,-0.00290683038022438,0.00660133919556859,0.526085673105007,-0.184978761275053,-0.249583133011709,0.610965264868086
-0.14,0.32,-0.135018161227869,0.318065860629257,0.00498183877213051,-0.00193413937074258,0.00534411944635965,0.443425305216777,-0.163659101778894,-0.221284449279668,0.521899409555701
-0.14,0.335,-0.136593855873762,0.334167156166889,0.00340614412623777,-0.000832843833111357,0.00350648636943817,0.35298987800316,-0.134064837513995,-0.173613290738645,0.415593030035001
-0.14,0.35,-0.138842942193297,0.350390164032886,0.00115705780670305,0.000390164032885776,0.001221069506871,0.255998959899678,-0.0948758416457547,-0.106016305697751,0.292876316289203
-0.12,0.05,-0.122060501299046,0.0500767432303136,-0.00206050129904611,7.67432303135779e-05,0.00206192995195513,0.300597563279287,-0.116177038835676,0.180875569757223,0.369557092494852
-0.12,0.065,-0.124073624715779,0.0642230278097838,-0.00407362471577871,-0.000776972190216246,0.00414705969445493,0.381891166994495,-0.143130568879966,0.235368501687844,0.470878755887929
-0.12,0.08,-0.125441351036522,0.0784151258968089,-0.00544135103652221,-0.00158487410319108,0.00566746213270341,0.460112138325819,-0.161787843695443,0.268442074125329,0.556724412901749
-0.12,0.095,-0.126201735908001,0.0926610941834683,-0.00620173590800102,-0.00233890581653173,0.00662812256157015,0.533928236682595,-0.173703195317692,0.280910685278898,0.627827141058516
-0.12,0.11,-0.126402565612569,0.106969317651517,-0.00640256561256949,-0.0030306823484833,0.00708363479582803,0.602008907114347,-0.18044767723035,0.27407189085759,0.685636273551789
-0.12,0.125,-0.126101306174896,0.121348379067233,-0.00610130617489629,-0.00365162093276711,0.00711057469382402,0.663061594105885,-0.183545956121636,0.249706700954371,0.731915648725414
-0.12,0.14,-0.125364727303107,0.135806901765846,-0.00536472730310664,-0.00419309823415361,0.00680899198398411,0.71586990124085,-0.184410504515025,0.21005973132401,0.768512130744552
-0.12,0.155,-0.12426818057326,0.150353369273207,-0.00426818057325995,-0.00464663072679253,0.00630940112190738,0.759331727023617,-0.184276981215795,0.157798188687557,0.797153182364298
-0.12,0.17,-0.122894531537305,0.164995927537663,-0.0028945315373053,-0.00500407246233751,0.0057809215553214,0.792495301794419,-0.184145018230193,0.095950132424299,0.819253351660656
-0.12,0.185,-0.121332768505371,0.179742177695409,-0.00133276850537136,-0.00525782230459125,0.00542410981411393,0.814591012935474,-0.184728579284246,0.02782404301306,0.835745013663338
-0.12,0.2,-0.11967633406768,0.194598968847411,0.000323665932320463,-0.00540103115258932,0.00541072057557819,0.825057060786134,-0.186419579270094,-0.0430867190313349,0.846959822425172
-0.12,0.215,-0.118021247165587,0.209572201561644,0.00197875283441257,-0.00542779843835621,0.00577723624816554,0.823557336632286,-0.18926757385475,-0.113209657882556,0.852583568121542
-0.12,0.23,-0.116464100307884,0.224666652751959,0.00353589969211592,-0.0053333472480414,0.00639899832011981,0.809990421394933,-0.192977123786976,-0.179003262817097,0.851692537205827
-0.12,0.245,-0.115100026985888,0.239885831991776,0.00489997301411194,-0.00511416800822395,0.00708268663399466,0.784489231165877,-0.196923045606542,-0.237065276437801,0.842861077718001
-0.12,0.26,-0.114020736768764,0.255231877413625,0.00597926323123635,-0.00476812258637493,0.00764765204406645,0.747411499028847,-0.200182340657235,-0.284233060775383,0.824316123654611
-0.12,0.275,-0.113312709746416,0.270705496959514,0.00668729025358379,-0.00429450304048576,0.00794749062914944,0.699321918367389,-0.201580320421344,-0.317670748606202,0.794109923314502
-0.12,0.29,-0.113055628805412,0.2863059577068,0.00694437119458771,-0.00369404229319993,0.00786576377424147,0.640967303317696,-0.199747460037311,-0.334939046674898,0.750286839051635
-0.12,0.305,-0.113321109216861,0.302031122749434,0.00667889078313932,-0.00296887725056595,0.00730902279528744,0.573246505297954,-0.19318291371237,-0.334045039171334,0.691030441154351
-0.12,0.32,-0.114171762505227,0.317877532145816,0.00582823749477315,-0.00212246785418421,0.00620267862197655,0.497177020309359,-0.180320448988397,-0.313470926571636,0.614791104446794
-0.12,0.335,-0.115660608296931,0.333840521891262,0.00433939170306907,-0.00115947810873811,0.00449162663600923,0.413860244005615,-0.159592782232589,-0.27218215379619,0.520418240039579
-0.12,0.35,-0.117830825884267,0.349914372969202,0.00216917411573347,-8.56270307982437e-05,0.00217086349934109,0.324447184082907,-0.129490849063885,-0.209616683267464,0.407398709415755
-0.1,0.05,-0.102866986497588,0.0498525323320224,-0.00286698649758843,-0.000147467667977588,0.00287077660058269,0.316282568182323,-0.133295324225145,0.27144663166511,0.437591717270591
-0.1,0.065,-0.104838058749876,0.0641492612888417,-0.00483805874987611,-0.000850738711158289,0.00491228753453176,0.388242951805357,-0.152145009921078,0.321945595327036,0.526812694654526
-0.1,0.08,-0.106155632945744,0.078479438373049,-0.00615563294574417,-0.00152056162695101,0.00634065648210711,0.457878879036511,-0.162816119684609,0.349768746275436,0.59875169739415
-0.1,0.095,-0.106857735982105,0.0928498784271822,-0.0068577359821054,-0.00215012157281784,0.00718690236319931,0.523961483363066,-0.167048294166528,0.355724778754611,0.654969891184658
-0.1,0.11,-0.106992299728946,0.107267796173934,-0.00699229972894572,-0.00273220382606613,0.00750714281511846,0.58525574002048,-0.16660539576348,0.341141464634388,0.697613897650182
-0.1,0.125,-0.106617124307512,0.121740704639708,-0.00661712430751189,-0.00325929536029235,0.00737626872793338,0.640554326057959,-0.163205055338653,0.307868670904411,0.729202324858948
-0.1,0.14,-0.105799508650008,0.13627628614075,-0.00579950865000803,-0.00372371385925041,0.0068920494402675,0.688713561638164,-0.158444638184227,0.258259349875111,0.752420827205779
-0.1,0.155,-0.104615526315414,0.150882237980152,-0.00461552631541433,-0.00411776201984831,0.00618538981959807,0.728689669194226,-0.153728027413715,0.195127171130849,0.769873022582387
-0.1,0.17,-0.103148945411055,0.165566097248698,-0.00314894541105517,-0.0044339027513024,0.00543832242606232,0.759573355736257,-0.150198058756808,0.121681096800791,0.783790156239323
-0.1,0.185,-0.10148981525378,0.180335051346118,-0.00148981525377997,-0.00466494865388235,0.0048970700866696,0.780620661606256,-0.148679432963288,0.0414390035302045,0.795739630749193
-0.1,0.2,-0.0997327666944526,0.195195742742228,0.000267233305547395,-0.00480425725777187,0.00481168384647697,0.791278144943808,-0.149636425806161,-0.0418757667911572,0.806397220086665
-0.1,0.215,-0.0979750955099209,0.21015407787346,0.0020249044900791,-0.00484592212653971,0.00525197100624419,0.791200788914689,-0.15314872600625,-0.124449512168606,0.815445967450015
-0.1,0.23,-0.0963147158019222,0.225215050669036,0.00368528419807782,-0.00478494933096382,0.00603962413735269,0.780261507119824,-0.15890734974892,-0.202498432459808,0.82163054284778
-0.1,0.245,-0.0948480814237025,0.240382590755981,0.00515191857629753,-0.00461740924401924,0.00691828975568051,0.758551725913449,-0.166230961601434,-0.272387061352705,0.822945810743125
-0.1,0.26,-0.0936681758663876,0.255659445191625,0.00633182413361243,-0.00434055480837467,0.00767674494193348,0.726373177054463,-0.174101273195172,-0.330738066056941,0.816901596561077
-0.1,0.275,-0.0928626652592713,0.271047100294903,0.0071373347407287,-0.00395289970509664,0.00815885796418628,0.684221658505639,-0.181214695527666,-0.374527434138843,0.800799152043966
-0.1,0.29,-0.0925122954505959,0.286545747473476,0.00748770454940409,-0.00345425252652354,0.00824606451200577,0.632764053025649,-0.186046264504974,-0.40116041390463,0.771972960862139
-0.1,0.305,-0.0926895943679595,0.30215429390711,0.00731040563204055,-0.00284570609288964,0.00784474815861411,0.572810270234654,-0.186921158038615,-0.408525261136049,0.727977433185392
-0.1,0.32,-0.0934579178131984,0.317870415893252,0.00654208218680161,-0.00212958410674828,0.00687996859052291,0.505281979726679,-0.182088922533117,-0.395023652332641,0.666719548607782
-0.1,0.335,-0.0948708523893331,0.333690650063596,0.00512914761066691,-0.00130934993640403,0.00529363320111729,0.431180022109807,-0.169795798446071,-0.359578351114888,0.58655470329917
-0.1,0.35,-0.0969719668922449,0.349610515746737,0.00302803310775515,-0.000389484253263309,0.00305297928017885,0.35155224323888,-0.148351188040579,-0.301620172748854,0.486387915179371
-0.08,0.05,-0.0835420127288641,0.0497627116609217,-0.00354201272886415,-0.000237288339078268,0.00354995210211323,0.294846553496697,-0.140838109866463,0.351442468697195,0.479878128552508
-0.08,0.065,-0.0854805010994029,0.0642145688754195,-0.00548050109940293,-0.000785431124580543,0.00553649657744106,0.355285328501424,-0.152350799530904,0.398745541569923,0.555372715075558
-0.08,0.08,-0.0867586287669446,0.0786873314193794,-0.00675862876694461,-0.00131266858062062,0.00688492277457923,0.414233473047409,-0.155759152327528,0.4222691211721,0.611690320557421
-0.08,0.095,-0.0874143678603929,0.0931865158627156,-0.00741436786039287,-0.00181348413728435,0.00763292705882932,0.470601256274066,-0.152971151205658,0.422809477398576,0.650874892320269
-0.08,0.11,-0.0874957420279537,0.107718108728061,-0.00749574202795369,-0.0022818912719389,0.0078353797818984,0.523285473972862,-0.145927273206949,0.401713770243584,0.675649094980824
-0.08,0.125,-0.0870608026107077,0.122288495379414,-0.00706080261070767,-0.00271150462058578,0.00756354353559456,0.571199606885279,-0.136523334544592,0.360885879238861,0.689312672663546
-0.08,0.14,-0.0861772657672872,0.136904360947141,-0.00617726576728715,-0.00309563905285865,0.00690952918115853,0.613306191161152,-0.126528837509807,0.302768524107689,0.69557799873832
-0.08,0.155,-0.0849217872497115,0.151572563963034,-0.00492178724971153,-0.00342743603696566,0.00599760848329681,0.648649821798492,-0.117505686941581,0.230300025911398,0.698282403452772
-0.08,0.17,-0.0833788729151289,0.166299985611833,-0.00337887291512887,-0.00370001438816722,0.00501067746409964,0.676388967247688,-0.110732691193448,0.146845850119364,0.700951921096528
-0.08,0.185,-0.0816394474383287,0.181093359811559,-0.00163944743832867,-0.003906640188441,0.00423669983182486,0.695824690701399,-0.107141308965257,0.0561070709722598,0.706261693403878
-0.08,0.2,-0.0797991288599446,0.195959091518344,0.000200871140055407,-0.00404090848165639,0.00404589799328032,0.706424462279477,-0.107267578430388,-0.037990107549894,0.715535992652363
-0.08,0.215,-0.0779562796093076,0.210903072323033,0.00204372039069241,-0.00409692767696698,0.00457838502374254,0.707839519390966,-0.111224078656687,-0.131417902726438,0.7284815680885
-0.08,0.23,-0.0762099230170928,0.225930503406559,0.00379007698290725,-0.00406949659344141,0.00556106878759781,0.69991467042651,-0.118694224566123,-0.220176454510694,0.743272684472535
-0.08,0.245,-0.0746576257709088,0.241045736097477,0.00534237422909123,-0.00395426390252329,0.00664659051051416,0.68268999010146,-0.128949361779205,-0.300421585559744,0.756937925301945
-0.08,0.26,-0.073393449292608,0.256252139234443,0.00660655070739204,-0.00374786076555728,0.00759558902043454,0.656394462648899,-0.140887235377114,-0.368583300975478,0.765875503755607
-0.08,0.275,-0.0725060672871439,0.271552000996515,0.00749393271285609,-0.00344799900348475,0.00824910447459883,0.62143221780507,-0.153088694037475,-0.421468415385755,0.766327951467039
-0.08,0.29,-0.0720771325061351,0.286946470214583,0.00792286749386487,-0.0030535297854174,0.00849092889357647,0.578362505301814,-0.16388816371247,-0.456342192429196,0.754731045327711
-0.08,0.305,-0.0721799555463527,0.302435539403682,0.00782004445364728,-0.00256446059631779,0.00822979668078661,0.52787491799169,-0.17145262198718,-0.470985764778335,0.727930387224112
-0.08,0.32,-0.0728785346804996,0.318018068903155,0.00712146531950042,-0.0019819310968453,0.0073921119559629,0.47076156889281,-0.17386357709368,-0.463728122325448,0.683296643655294
-0.08,0.335,-0.0742269507055163,0.333691848552124,0.00577304929448369,-0.00130815144787619,0.00591940523761629,0.407887953138068,-0.169196870978275,-0.433453373489824,0.618777594847877
-0.08,0.35,-0.0762691176068143,0.349453691541396,0.00373088239318567,-0.000546308458603956,0.00377066789358663,0.340164102627116,-0.155595879702866,-0.3795856018879,0.532924920805635
-0.06,0.05,-0.0640788460065596,0.0497804202215642,-0.00407884600655964,-0.000219579778435786,0.00408475213744058,0.241335814133636,-0.142690576540341,0.418210233185364,0.503492806603295
-0.06,0.065,-0.0659942615153378,0.0643912499757764,-0.0059942615153378,-0.000608750024223614,0.00602509316992294,0.288260561415584,-0.148024511134776,0.463183558881471,0.565284891379091
-0.06,0.08,-0.0672437565968225,0.0790103201076405,-0.00724375659682253,-0.000989679892359513,0.00731105162909896,0.33459619168909,-0.145279942323526,0.483467120892064,0.605644074949301
-0.06,0.095,-0.0678652262911642,0.0936418037297852,-0.00786522629116418,-0.00135819627021477,0.00798163402566452,0.379425378835363,-0.136507697415666,0.479839557291316,0.626775787586277
-0.06,0.11,-0.0679067341771767,0.108290412132956,-0.00790673417717674,-0.0017095878670437,0.00808944596518685,0.421810874044224,-0.123799585170812,0.453656703700421,0.631711324918132
-0.06,0.125,-0.0674264998568363,0.122961355331216,-0.00742649985683626,-0.00203864466878437,0.00770123186309514,0.460820778902383,-0.109205560443421,0.40686014210739,0.624356210346041
-0.06,0.14,-0.0664925423771911,0.13766027428928,-0.00649254237719114,-0.00233972571072005,0.00690126241502432,0.495556039790865,-0.0946455005411505,0.341960637813849,0.609486784164561
-0.06,0.155,-0.0651819552037897,0.152393144009863,-0.00518195520378974,-0.00260685599013705,0.0058007204627871,0.525178832394778,-0.0818208611471231,0.261994525547113,0.592580560644999
-0.06,0.17,-0.0635798101449346,0.167166148805527,-0.00357981014493462,-0.00283385119447338,0.0045657149786419,0.548940291241866,-0.0721321335613034,0.170453005917767,0.579306114417889
-0.06,0.185,-0.0617777125167306,0.181985533491232,-0.00177771251673059,-0.00301446650876755,0.00349960999607411,0.566205925768002,-0.0666081314830929,0.0711864948156197,0.574539882516191
-0.06,0.2,-0.0598720556353626,0.196857436643742,0.000127944364637433,-0.00314256335625782,0.0031451668013854,0.576477118961642,-0.0658526049963774,-0.0317116472358948,0.581094619875769
-0.06,0.215,-0.0579620463098398,0.211787714066594,0.00203795369016024,-0.00321228593340561,0.00380421294898081,0.579407314113772,-0.0700125151624426,-0.134035754178251,0.598818365903804
-0.06,0.23,-0.056147591966018,0.226781762096113,0.00385240803398199,-0.00321823790388698,0.00501977119660885,0.574811857188058,-0.0787706098851807,-0.231605215400074,0.62470658878604
-0.06,0.245,-0.0545271516963949,0.2418443509115,0.00547284830360513,-0.0031556490884995,0.00631745120472024,0.562670932846861,-0.0913629155243554,-0.320400246960786,0.653916447858214
-0.06,0.26,-0.0531956565118434,0.256979477706743,0.00680434348815664,-0.00302052229325656,0.00744463869028441,0.543125558269234,-0.106619654742227,-0.396687926050381,0.680969817330563
-0.06,0.275,-0.0522425979168591,0.272190248105903,0.00775740208314091,-0.00280975189409685,0.00825057530029875,0.516467116535988,-0.123026188916423,-0.457131310815455,0.700606078294829
-0.06,0.29,-0.051750369711237,0.287478792245807,0.00824963028876299,-0.00252120775419332,0.00862629053771552,0.483121360449502,-0.138799097985073,-0.498876098150133,0.708205609646827
-0.06,0.305,-0.0517929271573094,0.302846219165715,0.00820707284269059,-0.00215378083428489,0.00848497592968668,0.443628148462001,-0.151971608924628,-0.51961132185338,0.699930941076239
-0.06,0.32,-0.0524348032067212,0.318292610340848,0.00756519679327883,-0.00170738965915179,0.00775547432264557,0.398618361142036,-0.160482329536679,-0.517602807489029,0.67273251854678
-0.06,0.335,-0.0537304961040905,0.333817050485768,0.0062695038959095,-0.00118294951423151,0.00638012920355418,0.348789486894807,-0.162261595478052,-0.491700183094444,0.624304299015158
-0.06,0.35,-0.055724218708692,0.349417691319154,0.00427578129130796,-0.000582308680846105,0.00431525075179738,0.294881266528126,-0.155310579550497,-0.441320004590136,0.553029889238721
-0.04,0.05,-0.0444716531197942,0.0498778207186605,-0.00447165311979417,-0.00012217928133948,0.00447332196477668,0.162416986885573,-0.142243680275151,0.469374277302956,0.516649361807279
-0.04,0.065,-0.0463735146086967,0.0646505696169717,-0.00637351460869667,-0.00034943038302826,0.00638308624881829,0.194152873432409,-0.142914546842314,0.512929184596602,0.566761743244755
-0.04,0.08,-0.0476052518683059,0.0794188283343582,-0.00760525186830588,-0.000581171665641811,0.00762742528546265,0.226248138361183,-0.1354822735042,0.531113238311678,0.592982358151641
-0.04,0.095,-0.0482046640059787,0.0941853935208012,-0.00820466400597866,-0.000814606479198787,0.00824500425512046,0.257986204742675,-0.122107207513633,0.524684018021461,0.597296912518531
-0.04,0.11,-0.0482198047546228,0.108953666139199,-0.00821980475462281,-0.00104633386080125,0.00828613328111363,0.288625201578853,-0.104998742576294,0.494995872403906,0.582540195986747
-0.04,0.125,-0.0477089794248806,0.123727644421742,-0.00770897942488061,-0.00127235557825797,0.00781327412105557,0.317417342474713,-0.0863281697742281,0.444010885263673,0.552588775977148
-0.04,0.14,-0.046740394157496,0.138511888388395,-0.00674039415749599,-0.00148811161160459,0.00690270885718052,0.343630389708388,-0.0681353515681144,0.374283705866828,0.512654188219916
-0.04,0.155,-0.0453914322373804,0.153311453498122,-0.00539143223738042,-0.00168854650187811,0.00564966643787664,0.366570207183256,-0.0522347853327731,0.288918027588402,0.469656311928523
-0.04,0.17,-0.0437475542720171,0.168131793158647,-0.00374755427201711,-0.001868206841353,0.00418740490325355,0.38560320352432,-0.0401273761567505,0.19149452191935,0.432401521985075
-0.04,0.185,-0.0419008443570097,0.182978632297745,-0.00190084435700972,-0.00202136770225547,0.00277473181718473,0.400177348143371,-0.0329244014966983,0.0859723313820798,0.410631087087628
-0.04,0.2,-0.0399482505192643,0.19785781675916,5.17494807357104e-05,-0.00214218324083962,0.00214280821495778,0.409840458341867,-0.0312896281631623,-0.0234314266031592,0.411701351916118
-0.04,0.215,-0.0379895919106739,0.212775145740308,0.00201040808932607,-0.00222485425969163,0.0029986192093188,0.414254590123656,-0.0354043248842131,-0.132377625471461,0.436331396409002
-0.04,0.23,-0.0361254244435188,0.227736196306381,0.00387457555648116,-0.0022638036936187,0.00448744280254612,0.413205625531601,-0.0449581126706054,-0.236548512530271,0.478243293267205
-0.04,0.245,-0.0344548686247326,0.242746150087614,0.00554513137526744,-0.00225384991238611,0.00598567635247164,0.406607507637787,-0.0591664173143014,-0.331789718117992,0.528125668799669
-0.04,0.26,-0.0330735064453996,0.25780963249169,0.00692649355460037,-0.00219036750831003,0.00726457313153228,0.394500986081663,-0.0768130129103117,-0.414242241091879,0.577174772813272
-0.04,0.275,-0.0320714479695899,0.272930573706911,0.00792855203041011,-0.00206942629308926,0.00819417247081421,0.377047151308361,-0.0963140673199247,-0.480456773500436,0.618290687953013
-0.04,0.29,-0.031531653914696,0.28811209916108,0.008468346085304,-0.00188790083891979,0.00867623507047139,0.354516405430631,-0.115798479572234,-0.527484454601298,0.646015046773154
-0.04,0.305,-0.0315285793539228,0.303356454589241,0.00847142064607723,-0.00164354541075915,0.00862938058495573,0.327273801396743,-0.133198311175417,-0.552940331423852,0.656199396506425
-0.04,0.32,-0.0321271789238944,0.318664968116593,0.00787282107610562,-0.00133503188340664,0.00798521269761083,0.295761855090536,-0.146342827757115,-0.555038160582791,0.645726777515935
-0.04,0.335,-0.033382287991792,0.334038049044607,0.00661771200820802,-0.000961950955393309,0.00668726116314913,0.260481989447791,-0.15305004271281,-0.532597414087252,0.612322428505056
-0.04,0.35,-0.0353383700306413,0.349475220461681,0.0046616299693587,-0.000524779538318892,0.00469107530690581,0.221975717006765,-0.151210562459694,-0.485025222025759,0.554427378203757
-0.02,0.05,-0.024715603931734,0.050026357029108,-0.00471560393173401,2.63570291079707e-05,0.00471567759012092,0.0661267665525086,-0.142094005191971,0.502983277300335,0.526837345300446
-0.02,0.065,-0.0266134043193752,0.0649630296964385,-0.00661340431937518,-3.69703035615343e-05,0.00661350765440517,0.0814262925585339,-0.139908529241134,0.54605222711503,0.569543978510051
-0.02,0.08,-0.0278382728872576,0.0798824731955473,-0.00783827288725761,-0.000117526804452733,0.00783915393425098,0.0980583761462767,-0.129545510948215,0.563326505333676,0.586291084263102
-0.02,0.095,-0.0284278970706967,0.0947860876114531,-0.00842789707069669,-0.000213912388546872,0.00843061133870087,0.115528379568078,-0.11323516130314,0.555541022216323,0.578617041715145
-0.02,0.11,-0.0284302730633654,0.10967594114325,-0.00843027306336536,-0.000324058856750215,0.00843649915933984,0.133312136022252,-0.0932637475248404,0.524039329674332,0.548716477347025
-0.02,0.125,-0.0279037101612672,0.124554795871494,-0.00790371016126719,-0.00044520412850596,0.00791623907100821,0.150868680928582,-0.071883775816144,0.470786529420045,0.499569988579188
-0.02,0.14,-0.0269164852265868,0.139426105078135,-0.00691648522658683,-0.000573894921864854,0.00694025383332167,0.167654814377638,-0.0512173751938021,0.398355431063022,0.435223295057989
-0.02,0.155,-0.0255461213734771,0.154293978163263,-0.00554612137347707,-0.000706021836736542,0.00559087910111532,0.183140872973093,-0.0331586313589757,0.309883558042945,0.361480742443201
-0.02,0.17,-0.0238782872537085,0.169163111232752,-0.00387828725370855,-0.000836888767248078,0.00396755527132568,0.196826924803089,-0.0192814420942693,0.209000652377987,0.287739568084389
-0.02,0.185,-0.0220053388395732,0.184038683952016,-0.0020053388395732,-0.000961316047984384,0.0022238508056102,0.208258489813719,-0.0107596844433493,0.0997287299391913,0.231156357126226
-0.02,0.2,-0.0200245520519697,0.198926226078987,-2.45520519697462e-05,-0.0010737739210131,0.00107405457808427,0.217040856846775,-0.00830597759767359,-0.0136408271390032,0.217627782951617
-0.02,0.215,-0.0180361191395162,0.213831459812919,0.00196388086048375,-0.00116854018708118,0.00228523832520771,0.222851122509559,-0.0121340870482218,-0.126686466717482,0.256630921416088
-0.02,0.23,-0.0161410010850277,0.228760126359605,0.00385899891497228,-0.00123987364039541,0.00405328993163635,0.225447218379026,-0.0219481499041263,-0.235003658970492,0.326397269289764
-0.02,0.245,-0.014438740783219,0.243717806754974,0.00556125921678104,-0.0012821932450261,0.0057071554730726,0.224673420385718,-0.0369596269148799,-0.334350983479798,0.404518750763468
-0.02,0.26,-0.0130253447033687,0.258709747601371,0.0069746552966313,-0.00129025239862868,0.0070929942731539,0.220462095636185,-0.0559304944871563,-0.420786122535697,0.478324205484852
-0.02,0.275,-0.0119913348751222,0.273740701909056,0.00800866512487776,-0.00125929809094377,0.00810706782778385,0.212831736628606,-0.0772389952548923,-0.490783805218102,0.54049432962801
-0.02,0.29,-0.0114200582466685,0.288814793954701,0.00857994175333154,-0.00118520604529918,0.00866141523426603,0.201881595188264,-0.0989625435623916,-0.541329523999542,0.586165858638471
-0.02,0.305,-0.0113863193538889,0.303935414750164,0.00861368064611107,-0.00106458524983558,0.00867921863000097,0.187783455853295,-0.11897132528391,-0.569985124659364,0.611803400888123
-0.02,0.32,-0.0119553771712652,0.319105152220851,0.00804462282873483,-0.000894847779149111,0.00809423924803621,0.17077123652469,-0.13502581327768,-0.574924819638053,0.614765776183888
-0.02,0.335,-0.0131823207692415,0.334325757326881,0.00681767923075849,-0.000674242673119108,0.00685093813107157,0.151129181283621,-0.144871801855445,-0.554942502973778,0.593120722592821
-0.02,0.35,-0.0151118140737921,0.349598144732996,0.00488818592620788,-0.000401855267004453,0.00490467626911257,0.129179407636338,-0.146327509131123,-0.50943319378524,0.545548794139826
0,0.05,-0.00480695676649104,0.0501970277065244,-0.00480695676649104,0.000197027706524383,0.00481099296113102,-0.038505954489223,-0.143797608605842,0.517636086211428,0.538618338890837
0,0.065,-0.00671013165055909,0.065298657627881,-0.00671013165055909,0.000298657627880977,0.00671677475776331,-0.0403777870681833,-0.140758696962694,0.561148825202974,0.579943317939926
0,0.08,-0.00793899006590257,0.0803703681396348,-0.00793899006590257,0.000370368139634841,0.0079476245397827,-0.0399419484880164,-0.129421133856702,0.578718410502773,0.594359618139978
0,0.095,-0.00853109465763002,0.0954121559684249,-0.00853109465763002,0.000412155968424893,0.0085410449360574,-0.037458828789237,-0.112041187785811,0.57105707407748,0.583151360343442
0,0.11,-0.00853433837422776,0.110424747276579,-0.00853433837422776,0.000424747276579235,0.00854490150527073,-0.0332215490845894,-0.0909366063060915,0.539489274852635,0.54810957523009
0,0.125,-0.0080069539770191,0.125409656172763,-0.0080069539770191,0.000409656172763229,0.0080174266551048,-0.0275502917414798,-0.0683959488322813,0.485965918403356,0.491529632859906
0,0.14,-0.00701717293893737,0.140369214929052,-0.00701717293893737,0.000369214929052369,0.00702687951503298,-0.0207851515896648,-0.0465807239243251,0.413051680281742,0.416190147137408
0,0.155,-0.00564250746929029,0.155306570413785,-0.00564250746929029,0.000306570413785484,0.00565082967002239,-0.0132777255406987,-0.0274261252240212,0.323882903086412,0.325313555749914
0,0.17,-0.00396865171826667,0.170225643159165,-0.00396865171826667,0.000225643159164929,0.00397506116886004,-0.00538177558189776,-0.0125470299675939,0.222095619237098,0.222514983281829
0,0.185,-0.00208802383082474,0.18513104809559,-0.00208802383082474,0.000131048095589587,0.00209213219502251,0.00255659744286282,-0.00315617949830395,0.11172566275884,0.111799487233159
0,0.2,-9.79971082427462e-05,0.20002797892437,-9.79971082427462e-05,2.79789243698148e-05,0.000101912969895064,0.0102087647461898,-9.83617303928581e-07,-0.00291468046215556,0.0106166963159351
0,0.215,0.0019011068093854,0.214922061169974,0.0019011068093854,-7.79388300260753e-05,0.00190270375043446,0.0172728254422975,-0.0033241607203818,-0.117376792805294,0.118687476465021
0,0.23,0.00380817024544654,0.229819181641425,0.00380817024544654,-0.000180818358575141,0.00381246060925253,0.023481791985153,-0.012851547125206,-0.227224261611862,0.228795741753689
0,0.245,0.00552347222730155,0.244725304176475,0.00552347222730155,-0.000274695823524684,0.00553029865750788,0.028610258885018,-0.0278081014469351,-0.328180615024897,0.330597423958798
0,0.26,0.0069508135662352,0.259646282614738,0.0069508135662352,-0.00035371738526227,0.0069598078436977,0.0324792119778485,-0.0469606882993596,-0.416267124325797,0.420165818927037
0,0.275,0.00799947193689661,0.274587682057661,0.00799947193689661,-0.000412317942339452,0.00801009097044294,0.0349587912456892,-0.0686839728161255,-0.487922558772741,0.493973217886934
0,0.29,0.00858589950106314,0.289554618468645,0.00858589950106314,-0.000445381531355343,0.00859744351251166,0.0359689559267301,-0.0910439790940109,-0.5400985676047,0.548900299677974
0,0.305,0.00863509665606982,0.30455162477255,0.00863509665606982,-0.000448375227450254,0.00864672970574767,0.035478162055223,-0.111892761033531,-0.570326666601226,0.582283534677449
0,0.32,0.00808162079093366,0.319582549070263,0.00808162079093366,-0.000417450929736995,0.00809239518852049,0.0335002844997967,-0.128967284392392,-0.57675529620434,0.591949844179748
0,0.335,0.00687021512800284,0.334650487898425,0.00687021512800284,-0.000349512101575106,0.00687909984039966,0.0300901054278432,-0.139985987463595,-0.558157790811901,0.576232947105459
0,0.35,0.0049560672698023,0.349757754583007,0.0049560672698023,-0.000242245416992581,0.0049619840411734,0.0253377523654154,-0.142737437558818,-0.513914090464907,0.533971660154051
0.02,0.05,0.0152568759543528,0.0503606694543079,-0.00474312404564722,0.000360669454307933,0.00475681702062079,-0.141936022159259,-0.14771128157799,0.512571424661476,0.551993006463131
0.02,0.065,0.0133389772993464,0.0656273058456687,-0.00666102270065363,0.000627305845668724,0.00669049594892884,-0.161151668219943,-0.145903166980831,0.557432453700587,0.598324149603461
0.02,0.08,0.0120953442095538,0.0808514378702937,-0.00790465579044619,0.000851437870293709,0.00795037921186183,-0.177104785864999,-0.135633440341804,0.57648366830393,0.618142104457728
0.02,0.095,0.011488549901576,0.0960316655419175,-0.00851145009842397,0.00103166554191753,0.00857374577231803,-0.189819068875692,-0.119139120197205,0.570415790678723,0.612864719445142
0.02,0.11,0.0114708485601021,0.111167377034601,-0.00852915143989794,0.00116737703460149,0.00860866966642512,-0.199353338917295,-0.0987221892694888,0.540526902979392,0.584516997556682
0.02,0.125,0.0119841629806874,0.126258839438912,-0.00801583701931258,0.00125883943891192,0.00811408157792008,-0.205802982251699,-0.0766599457885339,0.488737265975332,0.53581510083664
0.02,0.14,0.0129604220998252,0.141307261521427,-0.00703957790017477,0.00130726152142649,0.00715992944783895,-0.209300307940604,-0.0551080179506664,0.417577556586712,0.470335806152525
0.02,0.155,0.014322274749763,0.156314821454807,-0.00567772525023698,0.00131482145480719,0.00582797730565244,-0.210013647610899,-0.0360017466089902,0.330147969718147,0.392937838606101
0.02,0.17,0.0159841837731915,0.171284654378398,-0.00401581622680851,0.00128465437839773,0.0042162918351835,-0.208145070457984,-0.0209625188909051,0.230047658181001,0.310943660316031
0.02,0.185,0.0178538790558701,0.186220797219025,-0.00214612094412986,0.00122079721902471,0.00246904454330239,-0.203926686674292,-0.0112159184002155,0.121276394825086,0.237528809014516
0.02,0.2,0.0198341214988772,0.20112809134148,-0.00016587850112276,0.00112809134148001,0.00114022179941312,-0.197615594941302,-0.00752810882830375,0.00811278140574585,0.197925369685476
0.02,0.215,0.0218247053377034,0.216012046933636,0.00182470533770343,0.00101204693363613,0.00208657340281277,-0.189487663209886,-0.0101656799674551,-0.105024426137924,0.216884996742777
0.02,0.23,0.0237246065707679,0.230878676169458,0.0037246065707679,0.00087867616945847,0.00382684803954659,-0.179830418921324,-0.0188823452165328,-0.213723638511378,0.279952624766007
0.02,0.245,0.0254341727761235,0.245734304723939,0.00543417277612351,0.000734304723939233,0.00548356063049926,-0.168935418248205,-0.0329336060129837,-0.313727272579534,0.357839371404828
0.02,0.26,0.026857246361814,0.260585372923587,0.00685724636181397,0.000585372923587457,0.00688218636236191,-0.157090512553384,-0.0511180795998085,-0.401069041769439,0.433760028209294
0.02,0.275,0.0279031190182538,0.275438238276661,0.00790311901825377,0.00043823827666109,0.00791526013494284,-0.144572437650989,-0.0718419411114976,-0.472193597412826,0.499029880805348
0.02,0.29,0.0284882299630321,0.290298990586396,0.00848822996303208,0.000298990586396042,0.00849349417354655,-0.131640124942145,-0.0932011455817791,-0.524052178057504,0.548314285672307
0.02,0.305,0.0285375414287018,0.30517328929083,0.00853754142870181,0.000173289290830381,0.00853929990251637,-0.118529066597911,-0.11307496956995,-0.554170184512249,0.577877593107498
0.02,0.32,0.0279855501426525,0.320066230140162,0.00798555014265245,6.62301401619381e-05,0.00798582478597436,-0.105446968532165,-0.129224033414178,-0.560685070191819,0.584968917373437
0.02,0.335,0.0267769196243747,0.334982245828896,0.00677691962437471,-1.77541711036955e-05,0.0067769428805197,-0.0925708190284494,-0.139386300798682,-0.542355294931683,0.567582414954159
0.02,0.35,0.0248667426788465,0.349925042079521,0.00486674267884651,-7.49579204794293e-05,0.00486731989825497,-0.0800453898064798,-0.141365470554192,-0.498543082239284,0.524345863342187
0.04,0.05,0.035477283966178,0.0504882440898962,-0.00452271603382201,0.000488244089896173,0.00454899358253111,-0.234630837451454,-0.152944133381665,0.487710454950211,0.562412273549885
0.04,0.065,0.0335354253041055,0.0659189551965698,-0.00646457469589448,0.000918955196569843,0.00652956389448039,-0.270791627343167,-0.154409284537308,0.534778568520894,0.619000950523593
0.04,0.08,0.0322663474834448,0.081294737538021,-0.00773365251655525,0.00129473753802103,0.00784128347524703,-0.302776101089587,-0.147214106908734,0.556446401588525,0.650371048083216
0.04,0.095,0.0316327692699899,0.0966128143429894,-0.00836723073001008,0.00161281434298938,0.00852125109324783,-0.330378756085086,-0.133532372332621,0.55338495976362,0.658195027956219
0.04,0.11,0.0315871342744356,0.111871253023427,-0.00841286572556438,0.00187125302342681,0.00861846260037484,-0.353431108691157,-0.115604242586149,0.52685956177303,0.644874621465396
0.04,0.125,0.0320715981240572,0.12706908729814,-0.00792840187594278,0.00206908729814043,0.0081939415761756,-0.371809906004026,-0.0956494284778351,0.478744533706494,0.613670390363435
0.04,0.14,0.0330183633221281,0.142206411657936,-0.00698163667787192,0.0022064116579357,0.00732198764722265,-0.385444669182849,-0.0757731295612356,0.411512079103155,0.568905976861519
0.04,0.155,0.0343503879631511,0.157284439766816,-0.00564961203684894,0.00228443976681586,0.00609399550501296,-0.394324008516142,-0.0578702415727488,0.328192827420606,0.516287443304655
0.04,0.17,0.035982472479355,0.172305520084852,-0.00401752752064503,0.00230552008485171,0.00463205680457341,-0.398500160387731,-0.0435341748835199,0.23230753059015,0.463320149295252
0.04,0.185,0.0378227031978212,0.187273104628931,-0.0021772968021788,0.0022731046289311,0.00314763816517179,-0.39809125970058,-0.0339769101599837,0.127771669073782,0.419472843970194
0.04,0.2,0.0397742051869391,0.202191670056432,-0.000225794813060949,0.00219167005643248,0.00220327050855494,-0.393280994240558,-0.0299665109879633,0.0187771269707405,0.394868496905929
0.04,0.215,0.0417371324609607,0.217066593840586,0.00173713246096066,0.00206659384058597,0.00269971096394987,-0.384315477723469,-0.0317871876480921,-0.090342756154961,0.396069753943513
0.04,0.23,0.0436108040300316,0.231903991852584,0.00361080403003158,0.00190399185258422,0.00408204491866508,-0.371497377202297,-0.039225255415378,-0.195256803964995,0.421515056409318
0.04,0.245,0.0452958819936907,0.246710526612548,0.00529588199369074,0.00171052661254781,0.00556527334309215,-0.35517757766489,-0.0515821555841403,-0.291779461166562,0.462545399248593
0.04,0.26,0.0466964843815867,0.261493197694651,0.0066964843815867,0.00149319769465087,0.00686094326081664,-0.335744853621832,-0.0677133789838958,-0.376005277736569,0.508617121310554
0.04,0.275,0.0477221313570538,0.276259126679983,0.00772213135705382,0.00125912667998299,0.00782411098412075,-0.313614184629033,-0.086089959620611,-0.444426516306508,0.550710996110955
0.04,0.29,0.0482894376490389,0.291015348949318,0.00828943764903886,0.00101534894931815,0.00835138970628149,-0.289214434276568,-0.104877461973064,-0.49402764506929,0.581988399689137
0.04,0.305,0.0483234850897765,0.305768623222033,0.00832348508977651,0.000768623222032999,0.0083588985935457,-0.262976130647169,-0.122026268187355,-0.52235265130671,0.597413074201193
0.04,0.32,0.0477588338735579,0.320525267656763,0.00775883387355789,0.000525267656762946,0.00777659367517106,-0.235320025856744,-0.135366567992514,-0.527543493648411,0.593300012931125
0.04,0.335,0.0465401572080259,0.335291028469964,0.00654015720802592,0.000291028469963595,0.00654662919952114,-0.206646995252548,-0.14270174099349,-0.508350306812571,0.567000375320114
0.04,0.35,0.0446225083061768,0.350070984255833,0.0046225083061768,7.09842558327123e-05,0.00462305329898431,-0.177329681891148,-0.141894674284875,-0.464115916870532,0.516706210931099
0.06,0.05,0.0558544387207517,0.0505511224039941,-0.00414556127924828,0.000551122403994048,0.00418203469906538,-0.307598010548552,-0.157427030035429,0.443647353896583,0.562339149384861
0.06,0.065,0.0538795214475329,0.0661440150443551,-0.00612047855246714,0.00114401504435513,0.00622647798782917,-0.359767871841507,-0.164047962718961,0.493717683690844,0.632539224531313
0.06,0.08,0.0525744824918045,0.0816697685235838,-0.00742551750819545,0.00166976852358383,0.00761094193821425,-0.406907499696826,-0.161780992142163,0.51905628223646,0.679096182916727
0.06,0.095,0.0519021951267807,0.0971242620190484,-0.00809780487321926,0.00212426201904836,0.0083717938872326,-0.448598839576292,-0.152696598792994,0.520316273412866,0.703770148386463
0.06,0.11,0.0518153333659834,0.112504272166018,-0.00818466663401657,0.00250427216601792,0.00855921415735558,-0.484462536140405,-0.138931133510495,0.498724557020173,0.709040484335082
0.06,0.125,0.0522563609873429,0.127807625234578,-0.00774363901265709,0.00280762523457831,0.00823691110891612,-0.514172261058576,-0.122604373383472,0.456095702071691,0.698164928266059
0.06,0.14,0.0531578646230882,0.143033322091993,-0.00684213537691176,0.00303332209199295,0.00748437435125742,-0.537468742078057,-0.105730213508109,0.394821179846615,0.675233713484676
0.06,0.155,0.0544432566728874,0.158181626191326,-0.00555674332711258,0.00318162619132631,0.0064031352964578,-0.554172604252442,-0.09012564969649,0.317831564245048,0.645175332404979
0.06,0.17,0.056027852071968,0.173254106436537,-0.00397214792803204,0.0032541064365374,0.00513489706444865,-0.564195096902583,-0.0773240145368768,0.22853119906143,0.613616507564985
0.06,0.185,0.0578202979505522,0.188253629385176,-0.00217970204944778,0.00325362938517632,0.00391627440310937,-0.567545827762057,-0.068498699685477,0.130706994707097,0.586419354128297
0.06,0.2,0.059724309266586,0.203184298634262,-0.000275690733414045,0.00318429863426178,0.00319621075222706,-0.564336781662822,-0.0644032274575606,0.0284152631286869,0.568712459422982
0.06,0.215,0.0616406394769275,0.218051343070805,0.00164063947692746,0.00305134307080482,0.00346444691531006,-0.554782137594391,-0.0653324973443643,-0.0741474553900172,0.563517488919632
0.06,0.23,0.0634691958978188,0.232860959517221,0.0034691958978188,0.00286095951722112,0.00449671096876605,-0.53919371480272,-0.071108411846063,-0.172782062083757,0.570651032741115
0.06,0.245,0.0651111974501624,0.247620118722043,0.00511119745016245,0.00262011872204254,0.00574363660864308,-0.517972218961575,-0.0810910604547581,-0.263424704544095,0.586742331219238
0.06,0.26,0.0664712687674988,0.262336346253512,0.00647126876749883,0.00233634625351162,0.00688010416182078,-0.491594805801823,-0.094214466798621,-0.342276338916154,0.606381351205255
0.06,0.275,0.0674593705245013,0.277017491319038,0.00745937052450128,0.00201749131903747,0.00772738505862042,-0.460599746533286,-0.109043858668959,-0.405916503608411,0.623550106328131
0.06,0.29,0.0679924798325122,0.291671496670462,0.00799247983251222,0.0016714966704619,0.00816539251919219,-0.42556919554899,-0.123849766526434,-0.451395291253376,0.632621276629416
0.06,0.305,0.067995955080726,0.306306181823193,0.00799595508072601,0.00130618182319348,0.00810193857099825,-0.387111141417452,-0.136693173652001,-0.476299543849044,0.628812598298397
0.06,0.32,0.0674045440547291,0.320929049817764,0.00740454405472907,0.000929049817764149,0.00746260049998063,-0.345841600533545,-0.145515521244178,-0.47879153720119,0.608297617397103
0.06,0.335,0.0661630197422822,0.335547124989607,0.00616301974228217,0.000547124989606879,0.0061872577203485,-0.302368009200808,-0.148227598673292,-0.457620595534508,0.568169947125878
0.06,0.35,0.0642264523178977,0.350166826333086,0.00422645231789767,0.000166826333085929,0.00422974351715012,-0.25727456461573,-0.142792112200676,-0.412109949089634,0.506375422062292
0.08,0.05,0.0763872967700069,0.0505213584062073,-0.00361270322999308,0.000521358406207262,0.00365012865742091,-0.352858014699352,-0.158090367090825,0.381590035477641,0.543244428134179
0.08,0.065,0.0743703826763502,0.0662736130903873,-0.00562961732364983,0.00127361309038732,0.00577188717099912,-0.419634701465107,-0.171488574570691,0.435378801096433,0.628538205823779
0.08,0.08,0.0730190564657467,0.0819467832792378,-0.00698094353425327,0.00194678327923781,0.00724731245116094,-0.480603401427377,-0.175749875717297,0.465336228276899,0.691672800967782
0.08,0.095,0.0722963548375795,0.0975354489115833,-0.00770364516242053,0.0025354489115833,0.00811015721005051,-0.535157729269772,-0.172807541882953,0.47209893911164,0.734262234267425
0.08,0.11,0.0721552221407231,0.113035137850562,-0.0078447778592769,0.00303513785056164,0.00841145655836805,-0.582731704454181,-0.164658557046022,0.456850317704812,0.758557379057032
0.08,0.125,0.0725385034871997,0.128442506463566,-0.00746149651280027,0.00344250646356603,0.00821734634551961,-0.622819275072089,-0.153286872358162,0.421333057329202,0.767418441423167
0.08,0.14,0.0733792769391636,0.143755493464652,-0.00662072306083644,0.00375549346465232,0.00761168214071881,-0.654993840687966,-0.140580337526889,0.367838522831976,0.7642601663536
0.08,0.155,0.0746015498619283,0.15897343603212,-0.00539845013807166,0.0039734360321198,0.00670309315126934,-0.678926618632981,-0.128246051354613,0.299170773948226,0.752927428877449
0.08,0.17,0.0761213232327373,0.174097138712746,-0.00387867676726268,0.00409713871274625,0.00564186840473857,-0.694402624056023,-0.117729599825669,0.218584798210501,0.737456496920527
0.08,0.185,0.0778480031517518,0.189128888241205,-0.00215199684824821,0.00412888824120539,0.00465605074534571,-0.701333072376111,-0.11014389961276,0.129700515178275,0.721684741820855
0.08,0.2,0.0796861134320719,0.204072410839505,-0.000313886567928139,0.0040724108395046,0.00408448954255489,-0.699763177793979,-0.10621303065855,0.0363961770064345,0.708717714447559
0.08,0.215,0.0815372396056687,0.218932772625216,0.00153723960566868,0.00393277262521574,0.00422253550925066,-0.689874605450537,-0.106235506856092,-0.0573133314814228,0.700359821467988
0.08,0.23,0.0833021156660384,0.233716227899168,0.00330211566603841,0.00371622789916826,0.00497134968297874,-0.671982223198917,-0.110069971172505,-0.14740633240438,0.69671379697244
0.08,0.245,0.0848827531366841,0.248430023902057,0.00488275313668406,0.00343002390205749,0.00596710500682564,-0.646525229308391,-0.117144466832259,-0.229984587114855,0.696144072890784
0.08,0.26,0.0861845084020933,0.263082173576112,0.00618450840209331,0.00308217357611185,0.00690998828717132,-0.614053177193808,-0.126488460701143,-0.301396124921041,0.695633670429208
0.08,0.275,0.0871179898709211,0.277681209877046,0.00711798987092112,0.00268120987704606,0.00760622549016955,-0.575207801301312,-0.136784924887074,-0.358343604793183,0.691368258743014
0.08,0.29,0.0876007202053208,0.292235935582653,0.00760072020532077,0.00223593558265289,0.00792277448684138,-0.530701834852934,-0.146438252234941,-0.397972537025873,0.679320355492404
0.08,0.305,0.0875584888644896,0.30675518199319,0.00755848886448959,0.00175518199318986,0.00775960164852753,-0.481296173488229,-0.153652761048268,-0.417935537982113,0.655690463249981
0.08,0.32,0.0869263541627953,0.32124758800971,0.0069263541627953,0.00124758800971014,0.00703781626859101,-0.427776749315777,-0.156516118240879,-0.416430861597563,0.617177922573851
0.08,0.335,0.0856492789885477,0.335721408595708,0.0056492789885477,0.000721408595708128,0.00569515438354467,-0.370932383670406,-0.153082170702801,-0.392215458116039,0.56112428783009
0.08,0.35,0.0836824080991677,0.350184358426275,0.00368240809916767,0.000184358426275455,0.00368702012988191,-0.311534674126882,-0.14144833284647,-0.344594574573019,0.485600984766322
0.1,0.05,0.0970736266735631,0.0503719478803281,-0.00292637332643689,0.000371947880328072,0.00294991628209375,-0.363817192294966,-0.151125618095262,0.303259636150336,0.497161804244656
0.1,0.065,0.0950059591520316,0.0662798683321887,-0.00499404084796842,0.00127986833218874,0.00515543469931651,-0.443431634251655,-0.172586888416482,0.361391722051945,0.59751574103428
0.1,0.08,0.0935982442552786,0.0820970721863294,-0.0064017557447214,0.00209707218632937,0.00673648189856915,-0.51654987811041,-0.184648642247628,0.396789869041671,0.677027644300958
0.1,0.095,0.0928136916046016,0.0978168960534071,-0.00718630839539844,0.00281689605340707,0.00771867422097049,-0.582406919961346,-0.18908064594209,0.410074774197488,0.736965480477085
0.1,0.11,0.0926055550489392,0.11343367208471,-0.00739444495106079,0.00343367208470957,0.00815278603420831,-0.640280019823028,-0.187713018050268,0.40238166808668,0.779175875030295
0.1,0.125,0.092917131928148,0.128942934977563,-0.00708286807185204,0.00394293497756287,0.0081064021834936,-0.689512339761893,-0.182366135849308,0.375371114058585,0.805976959488283
0.1,0.14,0.0936820951368835,0.144341602752087,-0.00631790486311647,0.00434160275208711,0.00766586174649146,-0.729536779844892,-0.174774889347736,0.331218355519975,0.820053201957857
0.1,0.155,0.0948251821924978,0.159628119181537,-0.00517481780750224,0.00462811918153683,0.0069424942563427,-0.759898673344199,-0.166511551958062,0.272579294388779,0.824307759532611
0.1,0.17,0.0962632446985923,0.174802547216718,-0.00373675530140771,0.00480254721671791,0.00608504724315297,-0.780275885219295,-0.158912172093708,0.202532748292832,0.821653588452728
0.1,0.185,0.0979066377031576,0.189866605273927,-0.0020933622968424,0.00486660527392674,0.00529773655423265,-0.790494903358278,-0.153011605262553,0.124500430147122,0.814743079831625
0.1,0.2,0.0996609037434186,0.204823641820979,-0.000339096256581383,0.00482364182097939,0.00483554616236148,-0.790541675824645,-0.149492009150085,0.042147965773468,0.805661931621842
0.1,0.215,0.101428683468495,0.219678547861175,0.0014286834684951,0.00467854786117528,0.00489182445948942,-0.780566264480174,-0.148648800174876,-0.0407280466468703,0.795643830957086
0.1,0.23,0.103111766258344,0.234437611355549,0.00311176625834376,0.00443761135554854,0.00541991547807344,-0.760880814482916,-0.150376781169676,-0.120320619921131,0.784881822521052
0.1,0.245,0.104613182800405,0.249108321751874,0.00461318280040464,0.0041083217518737,0.00617735891517304,-0.73195083395994,-0.154177532574187,-0.192933560370184,0.772499277340559
0.1,0.26,0.105839238001999,0.263699136112903,0.0058392380019987,0.00369913611290279,0.00691233017337622,-0.694380292341438,-0.159187410384579,-0.255096134868884,0.756694775021072
0.1,0.275,0.106701388047905,0.278219220739102,0.00670138804790545,0.00321922073910197,0.00743451302612849,-0.648891494330373,-0.164223827249947,-0.303664750525119,0.735016548495397
0.1,0.29,0.107117878643999,0.292678182917356,0.00711787864399868,0.00267818291735566,0.00760505490640983,-0.596301049424434,-0.167846116295687,-0.335906386619384,0.704689024098125
0.1,0.305,0.107015080796941,0.307085807189588,0.00701508079694094,0.0020858071895879,0.00731860302378439,-0.537493459738284,-0.168426335531967,-0.349560165544147,0.662920705364078
0.1,0.32,0.106328483923487,0.321451808837634,0.00632848392348728,0.00145180883763396,0.00649287745694227,-0.473393916960213,-0.164224953441423,-0.342875309106656,0.607156127517451
0.1,0.335,0.105003330230208,0.335785614847071,0.00500333023020766,0.000785614847071403,0.00506463266984377,-0.404941799228224,-0.153466449155597,-0.314625542669527,0.535276683426999
0.1,0.35,0.102994897465901,0.350096179474464,0.00299489746590106,9.61794744639421e-05,0.00299644144320705,-0.333066153289586,-0.134410407075224,-0.264101636324339,0.445813747031783
0.12,0.05,0.11791005823828,0.0500770657923743,-0.00208994176172009,7.70657923743201e-05,0.00209136216465153,-0.335512356691472,-0.132296172810031,0.210762015525961,0.417722657901581
0.12,0.065,0.115783082254145,0.0661361412564607,-0.00421691774585475,0.00113614125646072,0.00436728888784986,-0.425944044037029,-0.162727316403561,0.273761498662311,0.531841985245112
0.12,0.08,0.114309134121617,0.0820932260956654,-0.00569086587838299,0.00209322609566537,0.00606362514782356,-0.509290999266011,-0.183490858734717,0.315281710786896,0.626460440933677
0.12,0.095,0.113451607028525,0.0979404794069889,-0.00654839297147508,0.00294047940698894,0.00717829155522331,-0.584662473252955,-0.196175109015003,0.335927046289668,0.702259236591725
0.12,0.11,0.11316410294307,0.113671100545884,-0.00683589705692991,0.00367110054588365,0.00775928268533441,-0.651212016418165,-0.202424647655261,0.336780372995038,0.760580267099571
0.12,0.125,0.113390439883459,0.129279560326827,-0.00660956011654069,0.00427956032682653,0.00787406639069757,-0.708164073061896,-0.203877471575626,0.319411857066347,0.803179230331868
0.12,0.14,0.114064984524335,0.144761806480354,-0.00593501547566511,0.0047618064803539,0.00760915301809109,-0.754840882359725,-0.20209722370419,0.285868223435756,0.832082240608812
0.12,0.155,0.115113333237363,0.160115430295373,-0.00488666676263676,0.0051154302953727,0.00707440026828251,-0.790688221052149,-0.198504272437651,0.238640810782128,0.849443619033451
0.12,0.17,0.116453344469415,0.175339782746079,-0.00354665553058515,0.00533978274607894,0.00641030773270305,-0.81529841340778,-0.194309946665967,0.18061215728927,0.857381086127841
0.12,0.185,0.117996502210112,0.190436030863767,-0.00200349778988839,0.00543603086376737,0.00579348210888056,-0.828429055927531,-0.190458408685506,0.11498246799763,0.85779007775638
0.12,0.2,0.119649566377297,0.20540714874237,-0.000350433622702708,0.00540714874236997,0.00541849252523557,-0.830016077382113,-0.187580382925673,0.0451789350951612,0.852154687094865
0.12,0.215,0.121316443856514,0.220257841861485,0.00131644385651427,0.00525784186148476,0.00542014072397901,-0.820180090305353,-0.185962251202831,-0.0252476086642385,0.841384277800626
0.12,0.23,0.12290019602867,0.234994408036685,0.00290019602866992,0.00499440803668499,0.00577540030141777,-0.799225434778894,-0.185532913798314,-0.0927330720406238,0.825708774473212
0.12,0.245,0.12430508761621,0.249624542723209,0.00430508761621008,0.00462454272320945,0.00631824143112898,-0.767631838677167,-0.185869423007713,-0.15381123494099,0.804658076439439
0.12,0.26,0.125438578098123,0.264157100069076,0.00543857809812341,0.00415710006907638,0.00684540814807288,-0.726039170869174,-0.18622088687809,-0.205219267107081,0.777132744564113
0.12,0.275,0.126213162176768,0.278601823795787,0.00621316217676766,0.003601823795787,0.00718167939208607,-0.675226254202138,-0.185548691112057,-0.243991797061466,0.741551403607387
0.12,0.29,0.12654797852961,0.29296906314262,0.00654797852960981,0.00296906314262041,0.0071896702823633,-0.616085106396506,-0.182579876799573,-0.267538749152851,0.696045408234795
0.12,0.305,0.126370124652506,0.307269489074159,0.00637012465250553,0.00226948907415903,0.00676232716941334,-0.549592221415863,-0.175869666585169,-0.273703600093871,0.638670207326423
0.12,0.32,0.125615638184818,0.321513824499894,0.00561563818481847,0.00151382449989362,0.00581610323492194,-0.476778600189445,-0.163868728062005,-0.260800325338792,0.567618039204521
0.12,0.335,0.124230128615989,0.335712599898458,0.00423012861598929,0.000712599898458233,0.00428973037883433,-0.398700168147426,-0.144990802873915,-0.227628935271991,0.481456595270083
0.12,0.35,0.122169065531768,0.349875942766041,0.00216906553176813,-0.000124057233958974,0.00217261029142414,-0.316410019231977,-0.11767676085263,-0.173470952362596,0.379546859314457
0.14,0.05,0.138892152174365,0.0496122779236325,-0.00110784782563472,-0.000387722076367503,0.00117373558064255,-0.264717133595658,-0.0972597586395933,0.106446569081785,0.301439385499906
0.14,0.065,0.136697533267331,0.06581725633404,-0.0033024667326691,0.000817256334040006,0.0034020867766585,-0.363812976520801,-0.137177222216806,0.174730355244794,0.426273395113389
0.14,0.08,0.135147794260794,0.0819093692778382,-0.0048522057392065,0.00190936927783819,0.00521436396646234,-0.45534187753256,-0.167161857384102,0.222905016801947,0.533823959676428
0.14,0.095,0.134206524165304,0.0978796727074153,-0.00579347583469561,0.00287967270741529,0.00646968910760282,-0.538321103936208,-0.188610882090952,0.251557346405394,0.623416881881832
0.14,0.11,0.133827711323958,0.113720304605336,-0.00617228867604225,0.00372030460533562,0.00720678942781602,-0.61181435635918,-0.202973440031744,0.261714124831518,0.695712048211103
0.14,0.125,0.133955760292106,0.129424737923422,-0.00604423970789381,0.00442473792342213,0.00749073690216458,-0.674960181463117,-0.211695218207243,0.254848898829421,0.751892403497982
0.14,0.14,0.134525825495778,0.144988008244539,-0.00547417450422188,0.00498800824453854,0.00740586340342957,-0.727000711878314,-0.21615889565176,0.232871166101581,0.793406416796931
0.14,0.155,0.135464483497561,0.160406902308218,-0.004535516502439,0.00540690230821783,0.00705730136202981,-0.767309219141643,-0.217623681777979,0.198096595997757,0.821813448900878
0.14,0.17,0.136690746201829,0.175680094780335,-0.00330925379817101,0.00568009478033521,0.00657378410158872,-0.795414852416874,-0.217167647679802,0.15319812480118,0.838647003884763
0.14,0.185,0.138117394978776,0.190808223099099,-0.00188260502122365,0.00580822309909851,0.00610570693980951,-0.811022960601424,-0.215636692604363,0.101139157187498,0.845280730893235
0.14,0.2,0.139652592749384,0.205793893863869,-0.000347407250616251,0.00579389386386903,0.00580429994948227,-0.814029569842367,-0.213603759876468,0.0450915266950342,0.842802919067602
0.14,0.215,0.141201709786637,0.220641618604453,0.00120170978663749,0.00564161860445322,0.00576818575371954,-0.80452891613475,-0.211341314410982,-0.0116578489544903,0.831913452289218
0.14,0.23,0.142669281869116,0.235357681560761,0.0026692818691157,0.00535768156076127,0.00598580131672537,-0.782813380789506,-0.208809159867239,-0.065806674450444,0.812858939254705
0.14,0.245,0.143961008796115,0.249949946728877,0.00396100879611522,0.00494994672887733,0.00633968164040005,-0.749365704225321,-0.205658501448904,-0.114137830969491,0.785418030274828
0.14,0.26,0.144985697848459,0.264427615429891,0.00498569784845916,0.00442761542989129,0.00666790532559826,-0.70484390744433,-0.201251885753651,-0.153615179179819,0.748941162743259
0.14,0.275,0.145657061773042,0.278800948488133,0.00565706177304164,0.00380094848813256,0.00681539120765978,-0.65005985835862,-0.194697418737165,-0.181469447180604,0.702440207321875
0.14,0.29,0.145895292958337,0.293080968777524,0.00589529295833702,0.00308096877752367,0.00665183040017511,-0.585952831421429,-0.18489462176483,-0.195269926877201,0.644718133740852
0.14,0.305,0.145628353387925,0.307279159923143,0.00562835338792528,0.00227915992314304,0.00607230860666941,-0.513559689513539,-0.170588545057017,-0.192978914595673,0.574532534968891
0.14,0.32,0.1447929415256,0.321407175824774,0.00479294152559967,0.00140717582477445,0.00499524096212058,-0.433983425135606,-0.15042837744637,-0.172987235353267,0.49081194640149
0.14,0.335,0.143335119944039,0.335476573414356,0.00333511994403946,0.00047657341435603,0.00336899796087809,-0.348361761020989,-0.123026787727378,-0.134130608111075,0.393043423658669
0.14,0.35,0.141210608970152,0.349498578111486,0.00121060897015232,-0.00050142188851382,0.00131034269902725,-0.257837329481897,-0.087016557301793,-0.0756878830155598,0.28245492902045
0.16,0.05,0.160014487569008,0.0489547231120733,1.44875690081536e-05,-0.00104527688792672,0.00104537728217593,-0.149918045846408,-0.0418680131075222,-0.00723295083376098,0.155822596353035
0.16,0.065,0.157744130104355,0.0652996929185647,-0.00225586989564483,0.000299692918564742,0.00227568996823259,-0.255503642003859,-0.0914149231227916,0.0666417739553374,0.279428130371868
0.16,0.08,0.156109357386366,0.08152135865321,-0.00389064261363395,0.00152135865320996,0.00417751506265641,-0.353149464954847,-0.130774972143293,0.121851774814995,0.395809444056828
0.16,0.095,0.155073968470154,0.0976097545761498,-0.00492603152984583,0.00260975457614981,0.00557463950231494,-0.44181345206469,-0.161152318862003,0.158964212125181,0.496427596659681
0.16,0.11,0.154592376076296,0.113556035744197,-0.00540762392370409,0.00355603574419699,0.00647207746509754,-0.520502061969488,-0.183798810870324,0.178946642404607,0.580283705185057
0.16,0.125,0.154609634397058,0.1293527500738,-0.00539036560294238,0.00435275007380032,0.00692838181239697,-0.58829946092183,-0.199966000248935,0.183171820175522,0.647795525491136
0.16,0.14,0.155061774151143,0.144994085570234,-0.00493822584885709,0.00499408557023356,0.00702331582780779,-0.644396986796931,-0.210853699936267,0.173406880431733,0.699844836378776
0.16,0.155,0.155876465316018,0.160476078215147,-0.00412353468398248,0.00547607821514656,0.00685499605458743,-0.688121387623021,-0.217557850648772,0.151785787431601,0.737488235099667
0.16,0.17,0.156974009205533,0.175796767158139,-0.00302599079446713,0.00579676715813887,0.00653904654929732,-0.718960224577907,-0.221020825243294,0.120764982780736,0.761804922789197
0.16,0.185,0.158268640160534,0.190956286260679,-0.00173135983946569,0.00595628626067873,0.00620281814281742,-0.736582858097506,-0.22198740201998,0.083063357404022,0.773783777943838
0.16,0.2,0.159670095158692,0.205956884674807,-0.00032990484130771,0.00595688467480709,0.00596601309362206,-0.740855602447756,-0.220969440833124,0.0415888665649695,0.774230761785278
0.16,0.215,0.161085389376323,0.220802873539564,0.00108538937632263,0.00580287353956405,0.00590350839877497,-0.731849953065644,-0.218221798037263,-0.000644785022254394,0.763697687294597
0.16,0.23,0.162420719371014,0.235500500801359,0.0024207193710142,0.00550050080135878,0.00600960825170426,-0.70984321905786,-0.213731242872716,-0.0406071208546618,0.742438610867659
0.16,0.245,0.163583405422155,0.25005776093148,0.00358340542215485,0.0050577609314798,0.00619852724923689,-0.675311404584463,-0.207219173074109,-0.0753407675460075,0.710399870014144
0.16,0.26,0.164483781313158,0.26448415055758,0.00448378131315798,0.00448415055757961,0.00634128544439266,-0.628914712693441,-0.198157872124158,-0.102047378209662,0.667247298438424
0.16,0.275,0.165036944496759,0.278790384066723,0.00503694449675869,0.00379038406672333,0.00630379419371364,-0.571476551605897,-0.185799029931099,-0.118165102756562,0.612432274774983
0.16,0.29,0.165164291157543,0.292988085223386,0.00516429115754319,0.00298808522338628,0.0059664525860932,-0.503957323289683,-0.169212370117876,-0.121433840504474,0.545301964073779
0.16,0.305,0.164794777617422,0.307089471077489,0.00479477761742159,0.00208947107748925,0.00523027549792466,-0.427424567183765,-0.147331591064413,-0.109945517018488,0.465282242056875
0.16,0.32,0.16386587027286,0.321107043537907,0.00386587027286039,0.00110704353790736,0.00402125581894613,-0.343021160513708,-0.119004482895251,-0.0821778238091423,0.37226236142017
0.16,0.335,0.162324167726004,0.335053301883272,0.00232416772600441,5.33018832715726e-05,0.00232477885171059,-0.251933261262839,-0.0830440408570959,-0.0370110541794747,0.267836945952198
0.16,0.35,0.160125699571366,0.348940486640939,0.000125699571366378,-0.00105951335906068,0.0010669437380995,-0.155359528401351,-0.038277633939003,0.0262712064306466,0.162147939118137
0.18,0.05,0.181270764097779,0.0480832635141802,0.00127076409777857,-0.0019167364858198,0.00229972175453376,0.00881787978119176,0.0375831179754257,-0.127843590107786,0.133544888951314
0.18,0.065,0.178916828906025,0.0645617418397072,-0.00108317109397454,-0.000438258160292804,0.00116847329190069,-0.101157195384223,-0.0214023529047185,-0.0481813296590037,0.114071397435486
0.18,0.08,0.177188120190086,0.08090694644524,-0.0028118798099139,0.000906946445239976,0.00295452532903932,-0.202928574899072,-0.0699661810753212,0.014296372370074,0.215127203387757
0.18,0.095,0.17604866346112,0.0971079768991618,-0.00395133653888013,0.00210797689916181,0.00447846257669851,-0.295424845913667,-0.109124059990245,0.0601345523150993,0.320624909664423
0.18,0.11,0.175453333602088,0.113155089260551,-0.00454666639791229,0.00315508926055097,0.00553414524348149,-0.377624990275864,-0.139935510345025,0.0902391204746242,0.412706209838574
0.18,0.125,0.175347894608712,0.129039984549795,-0.00465210539128788,0.00403998454979515,0.00616145759818513,-0.448587440478569,-0.163462967620656,0.10587985721388,0.489042768763318
0.18,0.14,0.175669336206249,0.144756072797774,-0.00433066379375054,0.00475607279777396,0.00643233063144512,-0.507479317871673,-0.180728052921477,0.108679705826678,0.549555712373627
0.18,0.155,0.176346526265904,0.160298697672431,-0.00365347373409629,0.00529869767243141,0.00643615314839241,-0.553604407652672,-0.192667341930963,0.100589481232172,0.594743612518355
0.18,0.17,0.17730117997928,0.175665307738037,-0.00269882002071953,0.00566530773803675,0.00627529611021629,-0.586428331205554,-0.200090227079849,0.0838480081652502,0.625274863800089
0.18,0.185,0.178449126354924,0.190855562824507,-0.00155087364507606,0.00585556282450689,0.00605746028090475,-0.60559940775183,-0.203641542440282,0.0609286982793079,0.641823289023272
0.18,0.2,0.179701831725374,0.205871367467,-0.000298168274625814,0.00587136746700001,0.00587893359824207,-0.610963859210977,-0.203771455264807,0.0344745855250773,0.644974831372253
0.18,0.215,0.18096812072336,0.220716827924525,0.000968120723359556,0.00571682792452505,0.00579822207694976,-0.602574308305386,-0.200714719701657,0.00722475230525066,0.63516810724266
0.18,0.23,0.182156019656993,0.23539813415335,0.00215601965699335,0.00539813415334972,0.00581276810985114,-0.58069091753779,-0.19448076135289,-0.018064211425225,0.612661897343341
0.18,0.245,0.183174637639366,0.249923373051176,0.00317463763936611,0.00492337305117557,0.00585815041991258,-0.545774995366004,-0.184855281436502,-0.0386976567737433,0.577531084304608
0.18,0.26,0.183935997699365,0.264302283683633,0.00393599769936476,0.00430228368363289,0.00583109962047112,-0.498475391478832,-0.171413212875006,-0.0521190847506227,0.52969670836127
0.18,0.275,0.184356734509087,0.278545968417302,0.00435673450908698,0.00354596841730165,0.00561738618924942,-0.439608473391755,-0.15354202686969,-0.0559792572014701,0.469004977977182
0.18,0.29,0.1843595862444,0.292666576126343,0.00435958624440001,0.0026665761263433,0.00511044229592174,-0.370132871567653,-0.130473665706053,-0.0481949303137244,0.395404971976714
0.18,0.305,0.183874624238691,0.306676974073175,0.00387462423869148,0.00167697407317452,0.00422196104116974,-0.291120456597102,-0.101322838712414,-0.0269947746309847,0.309429133184431
0.18,0.32,0.18284018356455,0.32059042440302,0.00284018356454951,0.000590424403020318,0.00290090393774408,-0.20372516105285,-0.0651291130305494,0.00904897374341599,0.214074005541734
0.18,0.335,0.181203478299424,0.334420279176653,0.00120347829942394,-0.00057972082334673,0.00133582792687013,-0.109151258894217,-0.0209001661109263,0.0610035697387323,0.126776402933048
0.18,0.35,0.178920904987033,0.348179705224344,-0.00107909501296699,-0.00182029477565582,0.00211610942942233,-0.00862259655140613,0.032346269335674,0.129573011581881,0.133827515050231
0.2,0.05,0.20265391554414,0.0469786014859084,0.00265391554413993,-0.00302139851409156,0.00402145703649588,0.21005419085648,0.144167977896051,-0.253076185248108,0.359103253424288
0.2,0.065,0.200208837016699,0.0635836262328147,0.000208837016698826,-0.00141637376718529,0.00143168695877077,0.0976410239319641,0.076214697853695,-0.16753634529089,0.208352884683041
0.2,0.08,0.198377654144248,0.0800459047629171,-0.00162234585575247,4.59047629171039e-05,0.00162299517033652,-0.00640970579607687,0.0188911623099867,-0.097699315212515,0.0997151896289741
0.2,0.095,0.197124637597994,0.0963536929485273,-0.00287536240200553,0.00135369294852727,0.00317808016603727,-0.101023469187554,-0.0286396569089187,-0.0430448261066879,0.113484944111205
0.2,0.11,0.196405161947233,0.112496435691553,-0.00359483805276671,0.00249643569155289,0.00437664846517043,-0.185177630720524,-0.0672552810156001,-0.00273021164977872,0.197031774226289
0.2,0.125,0.196165758034731,0.128465069055416,-0.00383424196526945,0.00346506905541621,0.00516798945500437,-0.25792963988776,-0.0978393740425481,0.0244110202144646,0.276940949438373
0.2,0.14,0.19634445114017,0.144252298334546,-0.00365554885982999,0.00425229833454627,0.00560759115776011,-0.31844528680166,-0.121245134237688,0.0398587222905524,0.34306974895716
0.2,0.155,0.196871402282229,0.159852836732875,-0.00312859771777113,0.0048528367328749,0.00577391964228657,-0.366025664117906,-0.138258330115469,0.0453830742509317,0.393891339231473
0.2,0.17,0.197669852880254,0.175263590313854,-0.00233014711974639,0.00526359031385426,0.0057562981673783,-0.400131407469139,-0.14956210185196,0.0430090520392659,0.429330416544566
0.2,0.185,0.198657353668098,0.19048377720157,-0.00134264633190198,0.00548377720156989,0.00564575163897843,-0.420402817642871,-0.155705699153383,0.0349693039003794,0.449673975192984
0.2,0.2,0.199747239018956,0.205514972529168,-0.000252760981043906,0.00551497252916777,0.00552076173286019,-0.426674619603351,-0.157079188295801,0.023647168507228,0.455286043822287
0.2,0.215,0.200850289664367,0.220361075053953,0.000850289664367485,0.00536107505395333,0.00542808605748388,-0.418984384899035,-0.153895832927322,0.0115123192958749,0.446503510214094
0.2,0.23,0.201876512234435,0.235028196329129,0.00187651223443471,0.00502819632912932,0.00536694107385694,-0.397574004882941,-0.14618335359809,0.00105210391275741,0.423599559104643
0.2,0.245,0.202736954938208,0.249524478261582,0.00273695493820757,0.00452447826158198,0.00528789427591992,-0.362884034862064,-0.133784649986569,-0.00529799492576968,0.386796835926926
0.2,0.26,0.203345475811988,0.263859849369652,0.00334547581198764,0.00385984936965234,0.00510790030883532,-0.315541179023002,-0.116367887236832,-0.00522129104599708,0.336355924035081
0.2,0.275,0.203620384075358,0.278045733532253,0.00362038407535774,0.00304573353225257,0.00473113872155442,-0.256339615330221,-0.0934451781720111,0.00341906845891236,0.272862292116048
0.2,0.29,0.203485885314103,0.292094727268312,0.00348588531410277,0.00209472726831234,0.00406685120845214,-0.186217229509358,-0.0643985089968254,0.0225277655411541,0.198321869738411
0.2,0.305,0.202873276477542,0.306020262385643,0.00287327647754188,0.00102026238564257,0.00304904133326403,-0.106228086300155,-0.0285111078061169,0.0537358050842801,0.122412548514994
0.2,0.32,0.20172185497848,0.319836270285088,0.00172185497847976,-0.000163729714911742,0.00172962192009139,-0.0175126191326506,0.0149978097082442,0.0983711681476531,0.101037198553721
0.2,0.335,0.19997952569235,0.333556862383169,-2.04743076498703e-05,-0.00144313761683068,0.00144328284767244,0.0787329592386961,0.0669370591241031,0.157442109587479,0.188328167198843
0.2,0.35,0.197603108504774,0.347196038588518,-0.00239689149522601,-0.0028039614114822,0.00368880582803813,0.18128661269501,0.12810830678456,0.231632785615265,0.320827976532332
