target_x,target_y,gaze_x,gaze_y,error_px_x,error_px_y,error_px_xy,error_deg_x,error_deg_y,error_deg_z,error_deg_xyz
-0.2,0.05,-0.197664850456285,0.0527713426327964,0.00233514954371461,0.00277134263279637,0.00362398446186863,-0.176296531296872,0.125660553584289,-0.229186967550452,0.315274417880562
-0.2,0.065,-0.199998127795963,0.0664525603579976,1.87220403694011e-06,0.00145256035799758,0.00145256156453832,-0.0780093671357755,0.0661135049784873,-0.155122066027482,0.185793817220981
-0.2,0.08,-0.20170394279034,0.0802015279050068,-0.00170394279033992,0.000201527905006757,0.00171581890922317,0.0157889570728282,0.015339688499211,-0.0970521002448931,0.0995173847099535
-0.2,0.095,-0.202822077793391,0.0940316083730175,-0.00282207779339075,-0.00096839162698252,0.00298360610925086,0.103563471208764,-0.0274659443961665,-0.0541064732373646,0.120030356107675
-0.2,0.11,-0.203401679698146,0.107956794460584,-0.00340167969814577,-0.00204320553941613,0.00396813730169179,0.183800939746077,-0.0630936042742645,-0.0250787399948207,0.195940217844059
-0.2,0.125,-0.203501121784766,0.121991492853034,-0.00350112178476597,-0.00300850714696572,0.00461616388412572,0.255047631239975,-0.0922833800161542,-0.00843754323552632,0.271361099296406
-0.2,0.14,-0.203187557200477,0.136150263334322,-0.00318755720047696,-0.00384973666567852,0.00499809896874623,0.315947774449691,-0.115690456177905,-0.00235047041464525,0.336471585580535
-0.2,0.155,-0.202536150437602,0.150447518703708,-0.00253615043760243,-0.00455248129629236,0.00521125176855262,0.365280935955575,-0.133852908243419,-0.00472071908100654,0.38906250145798
-0.2,0.17,-0.201628992033276,0.164897195202387,-0.00162899203327556,-0.00510280479761331,0.00535651303060309,0.401996472916855,-0.147164140525097,-0.0132356117519959,0.428292521606371
-0.2,0.185,-0.200553722497453,0.179512406511985,-0.000553722497452926,-0.00548759348801532,0.00551545926409521,0.425243275770823,-0.155851834642963,-0.0254251566573551,0.45361784726258
-0.2,0.2,-0.199401912182582,0.194305097041796,0.000598087817417815,-0.00569490295820436,0.00572622290351226,0.43439322336088,-0.15996489866757,-0.0387280961467627,0.464529104317199
-0.2,0.215,-0.198267262211877,0.209285711779421,0.0017327377881226,-0.00571428822057903,0.00597122015255142,0.429057117881624,-0.159369377841494,-0.0505623030394388,0.460484849779401
-0.2,0.23,-0.197243705774745,0.224462900231136,0.00275629422525454,-0.00553709976886428,0.00618519455688569,0.409092316305267,-0.15375365613809,-0.0583960476159013,0.440916962491232
-0.2,0.245,-0.19642349704602,0.239843270557194,0.0035765029539804,-0.00515672944280575,0.00627560610030061,0.374601793162972,-0.142642611767568,-0.0598165944896955,0.405280307883888
-0.2,0.26,-0.195895376054696,0.255431207321235,0.00410462394530398,-0.00456879267876463,0.00614180789946218,0.325924895936604,-0.125419755862365,-0.0525928197969879,0.353162218436551
-0.2,0.275,-0.195742891764765,0.271228762309318,0.00425710823523485,-0.00377123769068176,0.0056872844351345,0.26362054763712,-0.101355851282701,-0.0347290197551262,0.284561193745201
-0.2,0.29,-0.196042952989365,0.287235623041049,0.00395704701063458,-0.00276437695895064,0.00482700745965337,0.188444059790392,-0.0696421266731713,-0.00450777011445739,0.200951613242841
-0.2,0.305,-0.19686465949365,0.303449158651152,0.00313534050635039,-0.00155084134884813,0.00349792352404375,0.101319009989864,-0.0294259988063691,0.0394794991332166,0.112650193653782
-0.2,0.32,-0.198268445399372,0.319864537977968,0.00173155460062846,-0.000135462022031588,0.00173684521312939,0.00330580251116021,0.0201527971295913,0.0983147064950658,0.100413383846616
-0.2,0.335,-0.200305546058138,0.336474910633009,-0.000305546058138234,0.00147491063300943,0.00150622699783535,-0.104431444728604,0.0799276161322174,0.17274779729364,0.217108747723608
-0.2,0.35,-0.203017780065022,0.353271638815886,-0.00301778006502165,0.00327163881588645,0.00445091193604827,-0.220658133980356,0.150673505721622,0.263202906581589,0.375058381798373
-0.18,0.05,-0.178931598882455,0.0517939177039099,0.00106840111754483,0.00179391770390985,0.00208797070773808,0.0103122923982442,0.0320583784961527,-0.130554393609965,0.134827820150185
-0.18,0.065,-0.181186666850352,0.0656006101337815,-0.00118666685035179,0.000600610133781543,0.00133000404004083,0.107820236274622,-0.0200220869441293,-0.0628023131319416,0.126373352907811
-0.18,0.08,-0.182800924274723,0.0794629469427118,-0.00280092427472256,-0.000537053057288184,0.00285194719079311,0.20123440560516,-0.0635397360894732,-0.0125485920098483,0.211400335667087
-0.18,0.095,-0.183814237392963,0.0933933190311047,-0.00381423739296299,-0.0016066809688953,0.00413881995569842,0.288993524284175,-0.0994848464639383,0.0211055680400127,0.306366056195496
-0.18,0.11,-0.184276125094068,0.107404842129288,-0.00427612509406811,-0.00259515787071171,0.00500200861594979,0.3695500019327,-0.128834466025889,0.0394355487366315,0.39334627714916
-0.18,0.125,-0.184245638484611,0.121511163982745,-0.00424563848461118,-0.00348883601725528,0.0054952181846865,0.441409351400429,-0.152510012995598,0.0440835864067039,0.46909072821285
-0.18,0.14,-0.183790919597446,0.135726223777246,-0.00379091959744579,-0.00427377622275393,0.00571281319460696,0.50317072574919,-0.171334987968694,0.0370341174462219,0.532832083626095
-0.18,0.155,-0.18298842371345,0.150063968725258,-0.00298842371344984,-0.00493603127474213,0.00577018899485465,0.55356667464997,-0.185995342739554,0.020574153250172,0.584342867033628
-0.18,0.17,-0.181921809617348,0.164538036532548,-0.00192180961734776,-0.00546196346745159,0.00579019836664567,0.591500101924256,-0.197005080981874,-0.00276034853406943,0.62345394957801
-0.18,0.185,-0.180680524043035,0.17916141608482,-0.000680524043034682,-0.00583858391518019,0.00587810982440351,0.616076443836618,-0.204679461324861,-0.0302501211648341,0.649894964408506
-0.18,0.2,-0.179358128581241,0.193946101705893,0.000641871418759048,-0.00605389829410735,0.00608783076913408,0.626629297551208,-0.209117735238159,-0.0590673030872613,0.66324080243441
-0.18,0.215,-0.178050437018047,0.208902758292471,0.00194956298195302,-0.00609724170752929,0.00640133988010606,0.622738091764189,-0.210196709508175,-0.0863555680352151,0.662908420441197
-0.18,0.23,-0.176853546112204,0.224040415185183,0.00314645388779627,-0.00595958481481701,0.00673920048915491,0.604236889761655,-0.207575643260897,-0.109311563711339,0.648184669286742
-0.18,0.245,-0.175861851694769,0.239366205759071,0.00413814830523103,-0.00563379424092864,0.00699027245142899,0.571213983611563,-0.200712149342669,-0.125263455688542,0.618276171853818
-0.18,0.26,-0.175166142920094,0.254885167017386,0.00483385707990573,-0.00511483298261431,0.00703759125759616,0.524002535443652,-0.18888796746776,-0.131742623900089,0.572377641909361
-0.18,0.275,-0.174851861374586,0.270600109827285,0.00514813862541422,-0.00439989017271525,0.00677217578319095,0.463163071698001,-0.17124279366383,-0.126545142621391,0.509764173555691
-0.18,0.29,-0.174997598289558,0.286511565646788,0.00500240171044236,-0.00348843435321214,0.00609862255835752,0.389459099456192,-0.146813859377927,-0.107780496785752,0.429942091831568
-0.18,0.305,-0.175673884804437,0.302617810444008,0.00432611519556295,-0.00238218955599201,0.0049386333905199,0.303827442284591,-0.114578691371226,-0.073905966435934,0.333019211589723
-0.18,0.32,-0.17694230879028,0.318914961642156,0.00305769120971983,-0.0010850383578444,0.00324450054276333,0.207345068752785,-0.0734984601962548,-0.0237461345590926,0.221264414078386
-0.18,0.335,-0.178854969555315,0.335397139606669,0.00114503044468517,0.000397139606669067,0.00121194661039221,0.101194215773494,-0.0225595189291142,0.0435020723931898,0.112435028171467
-0.18,0.35,-0.18145426120031,0.352056681917222,-0.00145426120031039,0.002056681917222,0.00251889184907891,-0.0133725046731204,0.0391889002359389,0.128277577365196,0.1347951743117
-0.16,0.05,-0.160106435841761,0.0510465343743537,-0.000106435841761482,0.00104653437435374,0.00105193288051827,0.154008706144071,-0.0369810753025329,-0.0295729722001187,0.161123739070796
-0.16,0.065,-0.162293003186568,0.0649864232512769,-0.0022930031865683,-1.35767487230709e-05,0.00229304337981607,0.248737731393424,-0.0809466603882453,0.0323397362881537,0.263569349309295
-0.16,0.08,-0.163826332004597,0.0789695199266083,-0.00382633200459687,-0.00103048007339175,0.0039626639765516,0.339891451634397,-0.116544925548522,0.0752398991281911,0.367110912466282
-0.16,0.095,-0.164746322975728,0.0930071507781896,-0.00474632297572794,-0.00199284922181035,0.00514772083652494,0.42591018525051,-0.144963295592703,0.100044466080279,0.460894655665961
-0.16,0.11,-0.165102798026841,0.107111461170819,-0.0051027980268413,-0.00288853882918082,0.0058636340498381,0.505238718602776,-0.167379442590062,0.10808876852123,0.543109041605322
-0.16,0.125,-0.164955397934722,0.12129524800662,-0.0049553979347223,-0.00370475199338037,0.00618717674096238,0.576366552560322,-0.184911213685413,0.101118543908947,0.613693018042628
-0.16,0.14,-0.164373147404025,0.135571742260868,-0.00437314740402452,-0.00442825773913155,0.0062236552621032,0.637869735856328,-0.198566123929242,0.0812649290351652,0.672989971250965
-0.16,0.155,-0.163433670174303,0.149954345128969,-0.00343367017430327,-0.00504565487103097,0.00610317326834642,0.688452292878248,-0.20919347423678,0.0510021642485086,0.721343581719725
-0.16,0.17,-0.162222057518454,0.164456325346062,-0.00222205751845425,-0.00554367465393792,0.00597242566165815,0.726985093002668,-0.217442246719245,0.0130889463687212,0.758925686551418
-0.16,0.185,-0.160829416550416,0.179090489144263,-0.00082941655041625,-0.005909510855737,0.00596743247705224,0.752540017752606,-0.223727728739232,-0.0295043993098098,0.785653076115169
-0.16,0.2,-0.159351148027864,0.193868837651053,0.000648851972135883,-0.00613116234894716,0.00616540028148148,0.764417480350822,-0.228209318405498,-0.0736796163807592,0.801157113785868
-0.16,0.215,-0.157885024225945,0.20880222890715,0.00211497577405453,-0.0061977710928497,0.00654870132501101,0.762165729892013,-0.230781201530588,-0.116300864769558,0.804793826365393
-0.16,0.23,-0.156529153526193,0.223900062684626,0.00347084647380745,-0.00609993731537416,0.0070182626408703,0.745590897309206,-0.231076638408019,-0.154286928101848,0.795686389380216
-0.16,0.245,-0.155379927754365,0.2391700056966,0.00462007224563482,-0.00582999430340013,0.00743867603358038,0.71475736060913,-0.228485562180508,-0.184700343414626,0.772791697104652
-0.16,0.26,-0.154530049704115,0.254617772591349,0.00546995029588498,-0.00538222740865053,0.00767389914697094,0.66997865686193,-0.222184187323217,-0.204828792562242,0.734982622679286
-0.16,0.275,-0.154066731571517,0.270246974445435,0.00593326842848262,-0.00475302555456454,0.0076022974268817,0.611799776594362,-0.211174468535619,-0.212254776313247,0.681139616332857
-0.16,0.29,-0.154070141152625,0.286059041936753,0.0059298588473754,-0.00394095806324715,0.00711999834312264,0.540972185939536,-0.19433062749193,-0.204910572878035,0.610251720314677
-0.16,0.305,-0.154612153212065,0.30205322510927,0.00538784678793461,-0.00294677489073045,0.00614104024306116,0.458423283289612,-0.170449630190228,-0.181116656937501,0.521545879780846
-0.16,0.32,-0.155755440888889,0.318226666666415,0.0042445591111106,-0.00177333333358545,0.00460010795087651,0.365222191657588,-0.138302463088973,-0.139602972515786,0.41473432644821
-0.16,0.335,-0.157552918628381,0.334574541205249,0.00244708137161936,-0.00042545879475081,0.00248379194486119,0.262543812407423,-0.0966832949414372,-0.0795135987772658,0.290859944004695
-0.16,0.35,-0.16004752653423,0.35109024932105,-4.75265342302356e-05,0.00109024932104984,0.0010912847261396,0.151632941943615,-0.0444540656978757,-0.000396312364582121,0.158015461047064
-0.14,0.05,-0.141178972978716,0.0505073322347391,-0.00117897297871586,0.000507332234739075,0.00128349650601296,0.25345801416974,-0.0846684408951678,0.0712778563475107,0.276568962751741
-0.14,0.065,-0.14330694500287,0.0645876180946981,-0.00330694500286952,-0.000412381905301906,0.00333255818971314,0.343198439690793,-0.120143068295165,0.127958774089791,0.385478318752349
-0.14,0.08,-0.144770276671281,0.0786983965087812,-0.00477027667128049,-0.00130160349121884,0.00494466491978132,0.430003235532836,-0.147417157139744,0.164138114754865,0.483298361731259
-0.14,0.095,-0.14560885711543,0.0928498433488076,-0.00560885711542958,-0.00215015665119245,0.00600686705079879,0.51234696228017,-0.167881677720277,0.180740089906762,0.568641628556722
-0.14,0.11,-0.145872742858279,0.10705304581994,-0.00587274285827913,-0.00294695418005965,0.0065706656906922,0.58869862171998,-0.182923348044423,0.179149025639841,0.641970173285822
-0.14,0.125,-0.14562207345427,0.121319862748207,-0.00562207345426949,-0.00368013725179341,0.00671945832022487,0.657561706028117,-0.193866558243981,0.161203684537775,0.704247479005566
-0.14,0.14,-0.144926643852894,0.135662732848004,-0.00492664385289396,-0.00433726715199613,0.00656381794392886,0.717516303010264,-0.201914146213691,0.129172411686378,0.756500359166916
-0.14,0.155,-0.143865114219993,0.150094433185454,-0.00386511421999293,-0.0049055668145464,0.00624529372452333,0.767261232073582,-0.208090633663943,0.0857085822944507,0.799592300800981
-0.14,0.17,-0.142523859566661,0.164627794102217,-0.00252385956666085,-0.00537220589778267,0.00593552553026237,0.805653982232454,-0.213191704685409,0.0337872108337317,0.834076077559217
-0.14,0.185,-0.140995485677585,0.179275381009677,-0.000995485677584996,-0.0057246189903233,0.00581052960741506,0.831746194380703,-0.217743526303596,-0.0233749564328692,0.860101305560419
-0.14,0.2,-0.139377062264768,0.194049157143049,0.000622937735232051,-0.00595084285695088,0.00598335876662092,0.844812611301895,-0.221974957380354,-0.0824121824395441,0.87737565499006
-0.14,0.215,-0.137768146305844,0.208960144185683,0.00223185369415589,-0.00603985581431668,0.00643902392990213,0.844371788598849,-0.225804802319285,-0.13991051868002,0.885179114040297
-0.14,0.23,-0.136268685564751,0.224018099130157,0.00373131443524891,-0.00598190086984299,0.00705023726064061,0.830197404756887,-0.228845130304239,-0.192511113651051,0.882424923103893
-0.14,0.245,-0.134976902235014,0.23923122554303,0.00502309776498627,-0.00576877445696962,0.00764920060476879,0.802319655708906,-0.230420422522598,-0.237010326131401,0.867754970591159
-0.14,0.26,-0.133987258414876,0.254605935651974,0.00601274158512435,-0.00539406434802638,0.00807768478959986,0.761016913427742,-0.229601081027638,-0.270451216539893,0.839654617657022
-0.14,0.275,-0.133388597948555,0.27014667615179,0.0066114020514451,-0.00485332384820975,0.00820154799177899,0.706798475894514,-0.225248771937904,-0.290201775377732,0.796572900452677
-0.14,0.29,-0.133262544910362,0.285855826233842,0.00673745508963799,-0.00414417376615793,0.00790996063763913,0.64037978803709,-0.21607030254618,-0.294016400793991,0.737038522309512
-0.14,0.305,-0.133682218441413,0.301733671196514,0.00631778155858662,-0.00326632880348557,0.00711219148184978,0.562651901189253,-0.200676310595962,-0.280078515295421,0.659770360239225
-0.14,0.32,-0.134711300117387,0.317778449707513,0.00528869988261316,-0.00222155029248683,0.00573634309908331,0.474647149059061,-0.177640995859477,-0.24702365545286,0.563799158184428
-0.14,0.335,-0.136403465518226,0.33398646825202,0.00359653448177374,-0.00101353174798043,0.00373661703720783,0.377503045060371,-0.145559412334202,-0.193943709154716,0.448677258859433
-0.14,0.35,-0.138802169090828,0.35035227248934,0.00119783090917192,0.000352272489340152,0.00124855708468357,0.272426271559159,-0.103099393073859,-0.120374101105096,0.315175717645354
-0.12,0.05,-0.122139102271331,0.0501526574636917,-0.00213910227133127,0.000152657463691697,0.00214454256857619,0.308794221206704,-0.114790138219008,0.169212887352588,0.370356754653226
-0.12,0.065,-0.12421853043629,0.0643799211817065,-0.00421853043629011,-0.000620078818293457,0.00426385937652759,0.391197462798269,-0.141734689232449,0.221393834840963,0.471318002821166
-0.12,0.08,-0.125623043106872,0.0786247393892735,-0.00562304310687203,-0.00137526061072653,0.00578877841423879,0.471418305994955,-0.160603920980174,0.251650278600757,0.55799566511555
-0.12,0.095,-0.126392475846859,0.0928960594407468,-0.00639247584685923,-0.00210394055925323,0.0067298078226313,0.54800185346097,-0.172991683726184,0.260902581888882,0.631115154704339
-0.12,0.11,-0.126577052559305,0.107203829872636,-0.00657705255930463,-0.00279617012736381,0.00714676064724553,0.619477289037145,-0.180495085853946,0.250571546095285,0.692186762821104
-0.12,0.125,-0.126237318765451,0.121558890523243,-0.00623731876545121,-0.00344110947675724,0.00712357914344175,0.684396526260252,-0.184648384072737,0.222575522196827,0.742994771138
-0.12,0.14,-0.125443721950012,0.135972808924847,-0.00544372195001151,-0.00402719107515265,0.00677143829808899,0.741375346253841,-0.186854854134478,0.17930624086939,0.785310462942902
-0.12,0.155,-0.124275817984137,0.150457663649777,-0.00427581798413713,-0.00454233635022275,0.00623822402226992,0.789135041192729,-0.188320811247301,0.123582525340912,0.820660097538256
-0.12,0.17,-0.122821104923138,0.165025779453197,-0.00282110492313792,-0.00497422054680344,0.00571852280187764,0.826542331188196,-0.18999622198692,0.0585826298328696,0.850127033434319
-0.12,0.185,-0.121173510701148,0.179689423387389,-0.00117351070114828,-0.00531057661261108,0.0054386902213788,0.852645260184883,-0.192526201677346,-0.0122423726977264,0.874205341861126
-0.12,0.2,-0.119431586663702,0.194460475139924,0.000568413336297594,-0.00553952486007606,0.00556861108323086,0.866702920097077,-0.196217093690315,-0.0852701155450864,0.892727402487223
-0.12,0.215,-0.11769648203889,0.209350088057789,0.0023035179611104,-0.005649911942211,0.00610145064324023,0.868207205394638,-0.201019812406585,-0.156818014181688,0.904876579863942
-0.12,0.23,-0.116069792350563,0.224368359281833,0.00393020764943739,-0.00563164071816734,0.00686745290090995,0.856895335074386,-0.206531802228722,-0.223257653697589,0.909277918357652
-0.12,0.245,-0.114651385333683,0.23952402769994,0.00534861466631698,-0.00547597230006028,0.00765466860678949,0.832752537059925,-0.212017471631284,-0.281125949185139,0.904144324361844
-0.12,0.26,-0.113537309854151,0.254824217023153,0.00646269014584869,-0.00517578297684688,0.00827980032033791,0.796004996804571,-0.21644548448964,-0.327226853973964,0.88744901920822
-0.12,0.275,-0.112817886041105,0.270274238193033,0.00718211395889502,-0.00472576180696736,0.00859741737818667,0.74710385054225,-0.218540009314524,-0.358718277264601,0.857097661118373
-0.12,0.29,-0.112576059934672,0.285877460989041,0.00742394006532765,-0.00412253901095934,0.00849177331247477,0.686701572661312,-0.216842082168115,-0.373180199323584,0.811081984394312
-0.12,0.305,-0.11288608456817,0.301635259622128,0.00711391543182952,-0.00336474037787249,0.00786951526980586,0.615622521980827,-0.209776723117978,-0.368661576963442,0.747607284148321
-0.12,0.32,-0.113812564912237,0.317547031857004,0.00618743508776295,-0.00245296814299563,0.00665593011350266,0.534829632814056,-0.195721377023933,-0.343705297767148,0.665197636405325
-0.12,0.335,-0.115409878514383,0.333610286300371,0.00459012148561708,-0.00138971369962945,0.00479588567625014,0.445389269557316,-0.173071590500569,-0.297352000597209,0.562802039737502
-0.12,0.35,-0.117721960244391,0.349820788592196,0.00227803975560872,-0.00017921140780354,0.00228507808549747,0.348436131093259,-0.14030049799673,-0.229124872149544,0.439989915321381
-0.1,0.05,-0.102977146500149,0.0499572256569852,-0.00297714650014874,-4.27743430148064e-05,0.00297745376584898,0.321837222668431,-0.131498680364664,0.261235652834026,0.434874780859099
-0.1,0.065,-0.105018178190669,0.064337335543254,-0.00501817819066863,-0.000662664456745954,0.00506174244065586,0.394511660646667,-0.150262157699111,0.3097562303524,0.523611494144003
-0.1,0.08,-0.106375239181148,0.0787218975929069,-0.00637523918114768,-0.00127810240709306,0.00650209353822734,0.465857383832077,-0.161023242239889,0.335039728397469,0.595991953841729
-0.1,0.095,-0.107088073820423,0.0931185621346463,-0.0070880738204227,-0.00188143786535372,0.0073335256817542,0.534528313205874,-0.165569680064237,0.337992044805843,0.653740847330136
-0.1,0.11,-0.107207008008784,0.107536067399488,-0.00720700800878446,-0.00246393260051181,0.00761655619676952,0.599152299864241,-0.165701772638969,0.320056936718795,0.699201734645551
-0.1,0.125,-0.106792899322205,0.121984161249766,-0.00679289932220493,-0.00301583875023376,0.00743227855835771,0.658367057983487,-0.163158567288786,0.283216301084086,0.735042028965199
-0.1,0.14,-0.105916725807936,0.136473467787554,-0.00591672580793622,-0.00352653221244623,0.00688796586313545,0.710858941881642,-0.159541031363635,0.229967200634248,0.763981241282859
-0.1,0.155,-0.10465879078949,0.151015297892856,-0.00465879078949,-0.00398470210714426,0.00613043085785304,0.755402704802856,-0.156236920634012,0.163274453311733,0.788486893166976
-0.1,0.17,-0.103107544033932,0.16562140698296,-0.00310754403393217,-0.00437859301704048,0.00536925569624907,0.790900100990985,-0.154352441858182,0.0864993592642748,0.810457116164338
-0.1,0.185,-0.101358045660796,0.180303707825618,-0.0013580456607955,-0.00469629217438246,0.0048887061891641,0.816415087265507,-0.154655713191399,0.00330705382427922,0.830948267463236
-0.1,0.2,-0.0995101256216741,0.195073950624713,0.000489874378325924,-0.00492604937528693,0.00495034739733536,0.831203483621959,-0.157536398234566,-0.0824431737580923,0.850015927359571
-0.1,0.215,-0.0976663156564199,0.209943386277435,0.00233368434358006,-0.00505661372256495,0.00556914939238506,0.834735264628825,-0.162984759902795,-0.166818698320247,0.866712060755138
-0.1,0.23,-0.0959296493658049,0.224922431148017,0.00407035063419513,-0.00507756885198341,0.00650764625128969,0.826708154018601,-0.170591860061067,-0.24593856607022,0.879231996043499
-0.1,0.245,-0.0944014371890129,0.240020352501049,0.00559856281098706,-0.00497964749895077,0.00749271611382508,0.807051830898482,-0.179570897417205,-0.316095348761731,0.885161125310652
-0.1,0.26,-0.0931791250939598,0.255244992752465,0.00682087490604016,-0.00475500724753532,0.00831471156492886,0.775922748862262,-0.188797943325162,-0.373866819962341,0.881755362626552
-0.1,0.275,-0.0923543385956769,0.270602548018024,0.00764566140432311,-0.00439745198197621,0.00882007495678708,0.733690247150712,-0.196868818568419,-0.416211404066349,0.866201439510961
-0.1,0.29,-0.0920111980301304,0.286097412276057,0.00798880196986959,-0.00390258772394343,0.00889107124349289,0.680915204728944,-0.202167728188751,-0.440542856714677,0.835827556366233
-0.1,0.305,-0.0922249690897192,0.301732093470705,0.00777503091028076,-0.00326790652929514,0.0084338792225186,0.618322913854984,-0.202942647962776,-0.444781449981995,0.788257117174717
-0.1,0.32,-0.0930610871484726,0.317507202558287,0.00693891285152745,-0.00249279744171285,0.00737309640832825,0.546772082477003,-0.197382362839623,-0.427380841749707,0.721512834662184
-0.1,0.335,-0.09457456745874,0.333421511553649,0.00542543254125999,-0.00157848844635138,0.00565039326374967,0.467221919628467,-0.18369044873446,-0.387331578229239,0.63408860444881
-0.1,0.35,-0.096809789016268,0.349472072327754,0.00319021098373204,-0.000527927672245562,0.00323359764779837,0.380699135386361,-0.160152258258247,-0.324143642139997,0.525025339460903
-0.08,0.05,-0.0836840104775983,0.0498943181080636,-0.00368401047759834,-0.00010568189193641,0.00368552599520578,0.29622249448959,-0.139037950762384,0.344264924040465,0.474972575914295
-0.08,0.065,-0.0856968398857634,0.0644323451208705,-0.00569683988576344,-0.000567654879129464,0.00572505168062479,0.356850019222805,-0.150386555247105,0.390050212918514,0.549635822639978
-0.08,0.08,-0.0870179474499149,0.078961618257847,-0.00701794744991485,-0.00103838174215296,0.00709435148919216,0.417084930276061,-0.153745806260672,0.411441333361809,0.605710326558914
-0.08,0.095,-0.0876869532706939,0.0934884332133822,-0.00768695327069394,-0.00151156678661785,0.00783416139329784,0.475728024862212,-0.151079302292946,0.409320318472198,0.64551501909811
-0.08,0.11,-0.0877542221967251,0.108020256599761,-0.00775422219672506,-0.0019797434002386,0.00800295856586624,0.531544634276517,-0.144373837308219,0.385140031509122,0.672102318698278
-0.08,0.125,-0.0872808296476228,0.122565680732197,-0.00728082964762275,-0.00243431926780269,0.00767700401558432,0.583296504744457,-0.135558630112254,0.340927826714065,0.68909249120337
-0.08,0.14,-0.0863381590427608,0.137134322154525,-0.0063381590427608,-0.0028656778454747,0.00695588740315534,0.629776753336111,-0.12642046684928,0.279264214707632,0.700425231395846
-0.08,0.155,-0.085007106702884,0.151736661372319,-0.005007106702884,-0.00326333862768113,0.00597666265845594,0.669846251153855,-0.118519958179808,0.203234985579449,0.709966118536904
-0.08,0.17,-0.0833768936355631,0.166383825362759,-0.00337689363556307,-0.00361617463724151,0.00494773985097591,0.702469484332427,-0.113114627497088,0.116357161451029,0.720974440067548
-0.08,0.185,-0.0815435104177007,0.181087319265827,-0.00154351041770067,-0.00391268073417328,0.00420612588222479,0.726747809953701,-0.111094518061188,0.0224812736408681,0.735538720229534
-0.08,0.2,-0.0796078486395359,0.195858718296403,0.00039215136046413,-0.00414128170359662,0.00415980730780381,0.741948071264019,-0.112935366486298,-0.074325451369494,0.754170950249102
-0.08,0.215,-0.0776735973178378,0.210709335073377,0.00232640268216221,-0.00429066492662311,0.00488077401158108,0.747524790830859,-0.118673162836944,-0.169908632445613,0.775728540058884
-0.08,0.23,-0.0758450021303001,0.225649880487161,0.00415499786969994,-0.0043501195128392,0.00601560862034719,0.743134601069885,-0.127902222811695,-0.260161406902298,0.79768555790431
-0.08,0.245,-0.0742245969752984,0.240690137596709,0.00577540302470157,-0.00430986240329118,0.0072062607525009,0.72864214615191,-0.139796934093649,-0.341156144786697,0.816615799317791
-0.08,0.26,-0.072911019590295,0.25583866750065,0.00708898040970497,-0.00416133249934969,0.00822011748208776,0.704117335973928,-0.153155355617836,-0.409265412406674,0.828702561551741
-0.08,0.275,-0.0719970156593103,0.27110256389074,0.00800298434068966,-0.00389743610925963,0.00890155978371683,0.669824473825531,-0.166461097262778,-0.46126545774314,0.830151793991818
-0.08,0.29,-0.0715677197589773,0.286487269083102,0.00843228024102274,-0.00351273091689763,0.00913469367618154,0.62620433326989,-0.177958596344041,-0.494417146734555,0.817472189174953
-0.08,0.305,-0.0716992789328342,0.301996459447643,0.00830072106716576,-0.00300354055235713,0.0088274133292003,0.573850677484972,-0.18573617052823,-0.50652130719941,0.787639593615405
-0.08,0.32,-0.0724578584226013,0.317632002876845,0.00754214157739871,-0.00236799712315539,0.00790514452421956,0.513482957157005,-0.187811101633483,-0.495947563073256,0.73817970702832
-0.08,0.335,-0.0738990419511424,0.333393985712029,0.00610095804885763,-0.00160601428797097,0.00630880107525095,0.44591698416618,-0.18221143875936,-0.461637718036243,0.667201152765412
-0.08,0.35,-0.0760676138451121,0.349280802225127,0.00393238615488792,-0.00071919777487256,0.00399761257634301,0.372035282868071,-0.167050080779039,-0.403086377331799,0.573408539402462
-0.06,0.05,-0.0642513288738771,0.049936008627602,-0.00425132887387711,-6.39913723980423e-05,0.00425181044845635,0.237411727468328,-0.141422575242884,0.41528646728735,0.498827720519631
-0.06,0.065,-0.0662461498676455,0.0646361521368281,-0.00624614986764552,-0.000363847863171951,0.00625673824261675,0.28387694889577,-0.146539219256856,0.459320275292634,0.559497513578689
-0.06,0.08,-0.0675428752611559,0.0793142938066804,-0.00754287526115593,-0.000685706193319618,0.00757397915160288,0.330946120536504,-0.143615892583892,0.478001419020775,0.598865160886872
-0.06,0.095,-0.0681809725492367,0.0939753291733814,-0.00818097254923666,-0.00102467082661858,0.00824489309538256,0.377602214220108,-0.134764919313937,0.47218051822864,0.619437805430797
-0.06,0.11,-0.0682107852126204,0.108625403541908,-0.00821078521262042,-0.00137459645809188,0.00832505310676063,0.422784568430734,-0.122133162294588,0.44330605915668,0.624649843868154
-0.06,0.125,-0.0676935127280396,0.123271900812504,-0.00769351272803961,-0.00172809918749595,0.00788520544426914,0.465415462974291,-0.107815436074324,0.393431436312447,0.618892349852489
-0.06,0.14,-0.0667008165802244,0.13792337528778,-0.00670081658022435,-0.00207662471221992,0.00701522009898564,0.504429849990071,-0.0937627613485499,0.325195585352761,0.607450865544699
-0.06,0.155,-0.0653140268308782,0.152589422170055,-0.00531402683087817,-0.00241057782994503,0.00583521778801062,0.538806884184977,-0.0816910676178504,0.241775300367739,0.596191908673731
-0.06,0.17,-0.0636229478471558,0.167280486669397,-0.00362294784715579,-0.00271951333060289,0.00453006665056239,0.567601601159079,-0.0729965949080628,0.146809382440833,0.590809756313503
-0.06,0.185,-0.0617242891101806,0.182007616487244,-0.00172428911018059,-0.00299238351275555,0.0034536259239962,0.58997492335406,-0.0686842929597296,0.0442970717169622,0.59561175904364
-0.06,0.2,-0.0597197750416941,0.196782167503819,0.000280224958305883,-0.00321783249618054,0.00323001114560508,0.605220171967313,-0.0693148839577075,-0.0615244906864691,0.612278400875402
-0.06,0.215,-0.0577140133746668,0.211615476970053,0.00228598662533325,-0.00338452302994666,0.00408420506236425,0.612784438225666,-0.0749749563659877,-0.166317035631521,0.63936813355382
-0.06,0.23,-0.0558122216778279,0.226518522018828,0.00418777832217205,-0.00348147798117218,0.00544593207899629,0.612283516884955,-0.0852726165730067,-0.265784036179813,0.672910753994646
-0.06,0.245,-0.0541179237194873,0.241501583174364,0.00588207628051274,-0.00349841682563637,0.00684381046316058,0.603509589066948,-0.0993590605839154,-0.35581093325008,0.707604290037006
-0.06,0.26,-0.0527307298092204,0.256573932565596,0.00726927019077957,-0.00342606743440355,0.00803618237545894,0.58643139690397,-0.115974217020405,-0.432594247775654,0.73790047530989
-0.06,0.275,-0.051744307833433,0.271743564675414,0.00825569216656699,-0.0032564353245858,0.0088747295267138,0.561187225446142,-0.133512643022414,-0.492752230276067,0.758663230778227
-0.06,0.29,-0.0512446354057136,0.287016983924807,0.00875536459428636,-0.00298301607519291,0.00924958345460716,0.528071512561107,-0.150104365884313,-0.533411487799217,0.765458929777147
-0.06,0.305,-0.0513086004260823,0.302399058680169,0.00869139957391768,-0.00260094131983055,0.00907222807818996,0.487516301479479,-0.163704512177689,-0.552266233387252,0.754637354237493
-0.06,0.32,-0.0520029904721121,0.317892945935334,0.0079970095278879,-0.00210705406466619,0.00826993580510491,0.440068996651076,-0.172185400834019,-0.547609127503785,0.72331959680092
-0.06,0.335,-0.0533838837295697,0.333500085691847,0.00661611627043027,-0.00149991430815347,0.00678400600203564,0.386367969483264,-0.17342524111123,-0.518334844508238,0.66935239498725
-0.06,0.35,-0.055496428440464,0.349220259449591,0.00450357155953604,-0.000779740550409053,0.00457057459383545,0.327117502839538,-0.165388533371498,-0.463919277058561,0.591255803768295
-0.04,0.05,-0.0446716063078981,0.0500534168633763,-0.00467160630789806,5.34168633763432e-05,0.00467191169194003,0.152562261549836,-0.142101502713604,0.471518360356833,0.515557405425758
-0.04,0.065,-0.0466585680269704,0.0649189431637847,-0.0066585680269704,-8.1056836215343e-05,0.00665906137383413,0.183082865819827,-0.142550959204516,0.514813883842108,0.56469109067608
-0.04,0.08,-0.0479424987925621,0.0797492400000941,-0.00794249879256212,-0.00025075999990587,0.00794645629494075,0.215239940141848,-0.134846452577696,0.532034763908776,0.58955564140446
-0.04,0.095,-0.0485626897011642,0.0945477702693783,-0.00856268970116422,-0.000452229730621673,0.00857462341142059,0.24822854762919,-0.121213641371471,0.52399494550105,0.592354612522863
-0.04,0.11,-0.0485694055355021,0.10931932092586,-0.00856940553550214,-0.000680679074139517,0.00859639664242328,0.281193506774698,-0.103924000744709,0.492126052057404,0.57624720071068
-0.04,0.125,-0.0480238771450638,0.124070026419869,-0.00802387714506383,-0.000929973580130861,0.00807758969611722,0.313249604079499,-0.0852039292033207,0.438487578387836,0.545581001785207
-0.04,0.14,-0.0469979157338539,0.138807334660599,-0.00699791573385389,-0.00119266533940132,0.00709882210158341,0.343504876252519,-0.0671377056707085,0.365749665650271,0.506238636096977
-0.04,0.155,-0.045573122560367,0.153539909475814,-0.00557312256036696,-0.00146009052418641,0.00576121162705295,0.371085968775916,-0.0515701963966779,0.277146231696209,0.466020935577592
-0.04,0.17,-0.0438396919163416,0.168277467750219,-0.00383969191634159,-0.00172253224978136,0.00420836682858752,0.395164302949954,-0.0400159716764135,0.176398372474869,0.434595669192615
-0.04,0.185,-0.0418948329916161,0.1830305543663,-0.00189483299161612,-0.00196944563370002,0.00273296691714645,0.414981598707399,-0.0335816215496039,0.0676103931422825,0.421793102485073
-0.04,0.2,-0.0398408647874494,0.197810263390717,0.000159135212550554,-0.00218973660928351,0.00219551142878145,0.42987324274273,-0.032907453933482,-0.0448567077775852,0.433459254951063
-0.04,0.215,-0.0377830643767798,0.212627918871939,0.00221693562322025,-0.00237208112806109,0.00324677877835964,0.439288080941925,-0.038133421203058,-0.156527320683595,0.467899769921894
-0.04,0.23,-0.0358273693631906,0.227494732576847,0.00417263063680942,-0.00250526742315277,0.00486695092360208,0.442803446173038,-0.0488921767574358,-0.262960338554588,0.51731546907591
-0.04,0.245,-0.0340780478408321,0.242421458454093,0.00592195215916787,-0.00257854154590678,0.0064589777735676,0.440134591329523,-0.0643298427222446,-0.359896052426579,0.572175389589557
-0.04,0.26,-0.0326354518117426,0.257418064150479,0.00736454818825739,-0.00258193584952093,0.00780403502991924,0.431138130081561,-0.083152674290235,-0.443391816745574,0.624014908990046
-0.04,0.275,-0.0315939625233008,0.272493438508703,0.00840603747669924,-0.00250656149129747,0.00877179095563315,0.415809554479989,-0.103695651288192,-0.509938617392954,0.666102668144677
-0.04,0.29,-0.0310402197891045,0.287655150826405,0.00895978021089552,-0.00234484917359448,0.00926153222066747,0.394275324772144,-0.124007381176658,-0.556552556162229,0.69324416552382
-0.04,0.305,-0.0310517037880003,0.302909273046112,0.00894829621199969,-0.00209072695388748,0.00918929509230168,0.366780383537531,-0.141944738791894,-0.58083760865428,0.701466059279599
-0.04,0.32,-0.0316957105703833,0.318260270943239,0.0083042894296167,-0.00173972905676112,0.00848456717350877,0.333672184190246,-0.155270454579953,-0.581018494707299,0.687774826427235
-0.04,0.335,-0.0330287342802807,0.333710964886171,0.00697126571971934,-0.00128903511382877,0.00708943984103241,0.295382437671871,-0.161747337972167,-0.555944813325528,0.649993963391363
-0.04,0.35,-0.035096242935852,0.349262556020479,0.00490375706414803,-0.000737443979520885,0.00495889674898695,0.252407779367353,-0.159223841908768,-0.505069511096496,0.586651631444988
-0.02,0.05,-0.0249383454125689,0.0502169830437754,-0.00493834541256888,0.000216983043775404,0.00494311005897361,0.0502487771444205,-0.143643793141429,0.510574191752139,0.532772493108591
-0.02,0.065,-0.0269275111607203,0.0652501784823171,-0.00692751116072027,0.000250178482317065,0.00693202713172116,0.0634933123613338,-0.141302832540555,0.554144178013441,0.575392425813109
-0.02,0.08,-0.0282101964478319,0.0802349991415776,-0.00821019644783194,0.000234999141577624,0.00821355893072756,0.0794172580727371,-0.130634601211981,0.571183778646338,0.591292238993924
-0.02,0.095,-0.0288254964473092,0.0951734565229344,-0.00882549644730921,0.000173456522934351,0.00882720084210255,0.097449925141678,-0.113936110007973,0.562467453294794,0.58210864600352
-0.02,0.11,-0.0288235430396164,0.110068955601473,-0.00882354303961635,6.89556014726311e-05,0.0088238124780016,0.116965458205815,-0.0935606009914168,0.529398955289046,0.550181864720033
-0.02,0.125,-0.0282655074418516,0.124926352995418,-0.00826550744185162,-7.36470045824555e-05,0.00826583553868503,0.137295928040119,-0.0718241384809952,0.474024219812286,0.498707739965295
-0.02,0.14,-0.0272232222621449,0.139751957490436,-0.00722322226214486,-0.000248042509563756,0.00722747984673052,0.157747247122129,-0.0509052230452838,0.399016291194924,0.432076869421718
-0.02,0.155,-0.0257783956627382,0.154553465201038,-0.00577839566273816,-0.000446534798961867,0.00579562332815333,0.177617327973527,-0.0327434848484802,0.307629803241028,0.356730371465589
-0.02,0.17,-0.0240214148632253,0.169339825765603,-0.00402141486322528,-0.000660174234397293,0.00407524324696468,0.196215666489796,-0.0189443683050669,0.203624713565027,0.283412534333857
-0.02,0.185,-0.0220497642745372,0.184121041068971,-0.00204976427453716,-0.000878958931028989,0.00223026957644238,0.212883344823837,-0.0106969263975256,0.0911615201566745,0.231828037169354
-0.02,0.2,-0.0199661124233341,0.198907903442573,3.38875766659084e-05,-0.0010920965574272,0.00109262219389716,0.227012341418845,-0.00871127996972956,-0.0253272381778822,0.228587024688923
-0.02,0.215,-0.0178761483214144,0.213711685682072,0.0021238516785856,-0.00128831431792814,0.002484049060387,0.238063026955733,-0.0131809574378502,-0.141282110770526,0.277143513409102
-0.02,0.23,-0.0158862689051658,0.228543799626899,0.00411373109483416,-0.00145620037310101,0.00436386331674412,0.245578832484547,-0.0237733343276189,-0.252169735077551,0.352794703647379
-0.02,0.245,-0.0141012318154419,0.243415443052039,0.00589876818455806,-0.00158455694796078,0.00610788726291548,0.249197276194574,-0.0396489760849096,-0.353634140583156,0.434429894606233
-0.02,0.26,-0.0126218906749737,0.258337255728414,0.00737810932502635,-0.00166274427158558,0.00756314853250493,0.248656821436492,-0.0595081673635645,-0.441636972522342,0.510310076165532
-0.02,0.275,-0.0115431225345524,0.273319004576115,0.00845687746544757,-0.00168099542388472,0.00862232695278463,0.243799363579434,-0.0816606204063182,-0.512578390741889,0.573450903178447
-0.02,0.29,-0.0109520406766468,0.288369315096524,0.0090479593233532,-0.0016306849034764,0.00919373162385546,0.234568471833926,-0.104112585582482,-0.563392326973441,0.619093241425688
-0.02,0.305,-0.0109265621961576,0.303495461878137,0.0090734378038424,-0.00150453812186263,0.00919733159891141,0.221003806006096,-0.124664532869272,-0.591612205165482,0.643733864596834
-0.02,0.32,-0.0115343722417868,0.318703225978233,0.00846562775821322,-0.00129677402176734,0.00856437249330976,0.203232352379241,-0.141012304591275,-0.59540581552922,0.64474826941193
-0.02,0.335,-0.0128322982504937,0.333996821428885,0.00716770174950632,-0.00100317857111493,0.00723756282289972,0.181457268325064,-0.150845104142287,-0.573580459184567,0.62022518911201
-0.02,0.35,-0.0148660810947464,0.349378888246047,0.00513391890525355,-0.000621111753953102,0.0051713540912046,0.155945180704357,-0.151934730197181,-0.52556148826499,0.568876610628529
0,0.05,-0.00504615882114096,0.0503967582028813,-0.00504615882114096,0.000396758202881264,0.00506173250179543,-0.0599495045986548,-0.147486810974429,0.530606562146364,0.553978354366918
0,0.065,-0.00704746865844325,0.06559889833744,-0.00704746865844325,0.000598898337439979,0.00707287025968441,-0.0647702292399137,-0.144443682718151,0.57543493934712,0.596814669762933
0,0.08,-0.00834036723910214,0.0807396616306454,-0.00834036723910214,0.000739661630645427,0.00837310127795773,-0.0658832870779528,-0.132847810365012,0.593562455433345,0.611808052672805
0,0.095,-0.00896373813706303,0.0958196035282743,-0.00896373813706303,0.000819603528274315,0.00900113055862417,-0.0636125320821022,-0.115021384330479,0.585723586119892,0.600293168976271
0,0.11,-0.00896752923584779,0.110840737272183,-0.00896752923584779,0.000840737272182979,0.00900685404326186,-0.0583402880109406,-0.0933516637257465,0.553284958089073,0.564132021899
0,0.125,-0.00841276329647599,0.125806626455272,-0.00841276329647599,0.000806626455271825,0.00845134501253368,-0.050501764088311,-0.0701970037088942,0.498260289925803,0.505710415453562
0,0.14,-0.0073711670752613,0.140722420037146,-0.0073711670752613,0.000722420037146038,0.00740648329245981,-0.0405770233998348,-0.0477853113376894,0.423297325003882,0.427915187050523
0,0.155,-0.00592439114270475,0.155594820456901,-0.00592439114270475,0.000594820456901374,0.00595417683544139,-0.029080651199194,-0.0281109960489338,0.331634092247419,0.334091903175195
0,0.17,-0.00416281714438974,0.170431979500937,-0.00416281714438974,0.000431979500937374,0.0041851705899348,-0.0165494540469066,-0.0128374013060503,0.227024018455273,0.227988282243803
0,0.185,-0.0021839774252142,0.185243321742427,-0.0021839774252142,0.000243321742426666,0.00219749012834706,-0.00352869925299905,-0.00321197453493059,0.113631960649731,0.113732120474534
0,0.2,-9.06409767282568e-05,0.200039301027116,-9.06409767282568e-05,3.93010271158289e-05,9.8794521075875e-05,0.00944244606125329,-9.24342591274237e-07,-0.0040941508144338,0.0102918345737387
0,0.215,0.0020113536552302,0.214831101183483,0.0020113536552302,-0.000168898816516799,0.00201843264356993,0.0218455168048489,-0.00344880794435475,-0.121569018367902,0.123564367938568
0,0.23,0.00401541668717847,0.229630297046288,0.00401541668717847,-0.000369702953711998,0.00403240020901382,0.0331965996561192,-0.0132665013505737,-0.234224243390059,0.236936891345867
0,0.245,0.0058165619785408,0.24444849538462,0.0058165619785408,-0.000551504615379783,0.00584264927845166,0.0430586775080933,-0.0286485639820139,-0.337661479788405,0.341599781198537
0,0.26,0.00731368079775474,0.259296976983078,0.00731368079775474,-0.000703023016921905,0.00734739193005031,0.0510518276218235,-0.0483184364409931,-0.427794924287185,0.433532414443769
0,0.275,0.00841162416773504,0.274186360718742,0.00841162416773504,-0.000813639281258216,0.00845088338691468,0.056860802195007,-0.070597547818302,-0.500974692733429,0.509111493423196
0,0.29,0.0090230000173965,0.289126308073436,0.0090230000173965,-0.000873691926563641,0.00906520087457966,0.060239726441455,-0.0934925603501347,-0.554084550616095,0.565138887423454
0,0.305,0.00906961502558587,0.304125282560905,0.00906961502558587,-0.000874717439095007,0.00911169837684446,0.061013865211312,-0.114793850664369,-0.584609902823222,0.598892581362387
0,0.32,0.00848351889860502,0.319190373453834,0.00848351889860502,-0.000809626546166287,0.00852206477605314,0.0590786148368385,-0.132178001115259,-0.590674579489625,0.608162180774778
0,0.335,0.00720763727518217,0.334327187891257,0.00720763727518217,-0.00067281210874251,0.00723897169660623,0.0543960415937215,-0.143307502579058,-0.571047430422988,0.591264948944129
0,0.35,0.00519600618984298,0.349539810202862,0.00519600618984298,-0.000460189797138133,0.00521634498229139,0.0469894114743981,-0.145921903083268,-0.525121808475586,0.547043319710297
0.02,0.05,0.0150091385204685,0.0505627032974117,-0.00499086147953148,0.000562703297411732,0.00502248278332432,-0.167962500167909,-0.153781940603182,0.530414299027578,0.577236895597207
0.02,0.065,0.0129859013074686,0.0659340390194352,-0.00701409869253136,0.000934039019435229,0.00707601648940968,-0.191041820830673,-0.15221440697396,0.577430840363395,0.626974083169307
0.02,0.08,0.0116714697946441,0.0812311982961342,-0.00832853020535587,0.00123119829613419,0.00841904178787164,-0.209423365136606,-0.141825796886538,0.59786805151819,0.649171331633124
0.02,0.095,0.011027184419365,0.096453290010188,-0.00897281558063495,0.00145329001018799,0.00908974539235272,-0.223182106235115,-0.124915988472478,0.592421821704458,0.645276896066696
0.02,0.11,0.0110033293863995,0.111600939927488,-0.00899667061360054,0.00160093992748819,0.00913800255969813,-0.232453422976547,-0.103856662110246,0.562414196590779,0.617360685585693
0.02,0.125,0.0115391166352842,0.126676416836375,-0.00846088336471584,0.00167641683637498,0.00862536496158898,-0.237435004653045,-0.0809987383383756,0.50980960516785,0.568194206572948
0.02,0.14,0.0125630504951988,0.141683701499493,-0.00743694950480117,0.00168370149949348,0.00762516023938901,-0.238386769140809,-0.0585719273285988,0.437203524857176,0.501405473622812
0.02,0.155,0.0139937011409034,0.156628487488587,-0.00600629885909661,0.00162848748858732,0.00622315012556106,-0.235628516558245,-0.0385823200242773,0.347780840463446,0.421855081955472
0.02,0.17,0.0157408904413727,0.171518106897559,-0.00425910955862725,0.00151810689755913,0.00452157746641663,-0.22953515999023,-0.0227148987347802,0.245243287549621,0.336670391506569
0.02,0.185,0.0177072656623325,0.186361379065024,-0.00229273433766755,0.00136137906502351,0.00266645526904243,-0.220529536271022,-0.0122481628190076,0.133707880002019,0.258188310805746
0.02,0.2,0.0197902074861619,0.201168386307548,-0.000209792513838058,0.00116838630754787,0.00118707180175752,-0.209072981201584,-0.00798761708272493,0.0175808153611924,0.209962967918118
0.02,0.215,0.0218839921073086,0.215950186647559,0.00188399210730856,0.000950186647559192,0.00211004287292954,-0.195654039612501,-0.0102236319492219,-0.0985862934698461,0.219327020373653
0.02,0.23,0.0238821059338436,0.230718478836223,0.00388210593384364,0.000718478836223141,0.00394803220854194,-0.180775846472387,-0.0187172564815344,-0.210249237613867,0.277912100678161
0.02,0.245,0.0256795984869706,0.245485239020537,0.00567959848697056,0.000485239020537098,0.00570028910497091,-0.164942838960539,-0.0327151725798888,-0.313023527474204,0.355331614229675
0.02,0.26,0.0271753559569854,0.260262350553996,0.00717535595698543,0.000262350553995955,0.00718015048050027,-0.148647523550549,-0.0509924308178114,-0.402826702572931,0.432396292683742
0.02,0.275,0.0282741850779377,0.27506124856665,0.00827418507793767,6.12485666504348e-05,0.00827441176706134,-0.132358015070041,-0.0719192449178381,-0.476002170549174,0.499270132907676
0.02,0.29,0.0288886134861585,0.289892598927152,0.00888861348615849,-0.000107401072847957,0.00888926232579327,-0.116506993776267,-0.0935462462515219,-0.529417958082443,0.550100425998046
0.02,0.305,0.0289403360735943,0.30476602758683,0.00894033607359426,-0.000233972413170053,0.00894339712854883,-0.101482592582576,-0.113701425431665,-0.560536152467177,0.580887596052171
0.02,0.32,0.0283612648640721,0.319689911359832,0.00836126486407213,-0.000310088640168016,0.00836701291333582,-0.0876215608521508,-0.130091604866988,-0.567451411103022,0.588732126815455
0.02,0.335,0.0270941681378248,0.334671235901706,0.00709416813782479,-0.00032876409829441,0.00710178198764619,-0.0752048640850793,-0.140401656004923,-0.54889938982878,0.571543214021149
0.02,0.35,0.0250929113840962,0.349715521306472,0.0050929113840962,-0.000284478693527684,0.0051008503696274,-0.0644557000644109,-0.142385657385814,-0.504238024128616,0.527907349074185
0.04,0.05,0.0352304596962241,0.0506849902765463,-0.00476954030377588,0.000684990276546255,0.00481847760068525,-0.263793710670266,-0.161360727147824,0.509500840637162,0.596002278280382
0.04,0.065,0.0331756982138917,0.0662247512425543,-0.00682430178610832,0.00122475124255431,0.00693333328738923,-0.304720107278003,-0.163405433883121,0.559559872806446,0.65777479649387
0.04,0.08,0.031828598451976,0.0816777954326772,-0.00817140154802395,0.00167779543267721,0.00834187034021512,-0.340017696484651,-0.156328372186829,0.583447071742412,0.693157225605871
0.04,0.095,0.0311507346673227,0.0970418085437809,-0.00884926533267733,0.00204180854378092,0.00908176629613323,-0.3695210761071,-0.142361300884278,0.581822432010728,0.703801205167081
0.04,0.11,0.0310926684605315,0.112316046944191,-0.00890733153946846,0.00231604694419096,0.00920351175376584,-0.393126175456615,-0.123812136468882,0.555957629088252,0.69207827874957
0.04,0.125,0.0315939298124196,0.12750149614455,-0.00840607018758036,0.00250149614455025,0.00877037621540416,-0.410799237860171,-0.102975659602324,0.507752723018172,0.661194131596559
0.04,0.14,0.0325833764573792,0.142600972668849,-0.00741662354262079,0.00260097266884921,0.00785947603832835,-0.422584306153703,-0.0820363062891065,0.439726206681984,0.615361867635936
0.04,0.155,0.0339799596491245,0.157619156927735,-0.00602004035087547,0.00261915692773454,0.00656512519593257,-0.428608546506397,-0.0629687049234537,0.354975671396356,0.560071931952381
0.04,0.17,0.0356939000951336,0.172562548479994,-0.0043060999048664,0.00256254847999351,0.00501090322227515,-0.42908478971483,-0.0474425569110885,0.257108404767156,0.502464827460022
0.04,0.185,0.0376282499323473,0.18743934023358,-0.00237175006765273,0.00243934023358006,0.00340229028135066,-0.424310819971153,-0.0367388027735918,0.150143647331614,0.451590059822368
0.04,0.2,0.0396807878037027,0.202259214094518,-0.000319212196297333,0.00225921409451768,0.00228165395078489,-0.414665134465652,-0.0316836287040723,0.0383907400389231,0.417642966304081
0.04,0.215,0.0417461675853704,0.217033066828735,0.00174616758537035,0.00203306682873466,0.00268001156085181,-0.400599158578873,-0.0326057239923017,-0.0736903160547169,0.408624264456469
0.04,0.23,0.0437182201684711,0.231772680592418,0.0037182201684711,0.00177268059241778,0.00411916954057003,-0.382626184139806,-0.0393203854928386,-0.181637612990275,0.425372710754463
0.04,0.245,0.045492294772775,0.246490357093943,0.00549229477277499,0.00149035709394343,0.00569091083557975,-0.361307571870524,-0.0511417884801394,-0.281136176689599,0.460648821640919
0.04,0.26,0.0469675230272466,0.261198537030923,0.00696752302724661,0.00119853703092268,0.00706985630332786,-0.337236986853199,-0.0669222957733294,-0.36815766019192,0.503735125059005
0.04,0.275,0.0480488961101005,0.275909427032542,0.00804889611010046,0.000909427032541876,0.00810011025349089,-0.311023590082437,-0.0851153825717645,-0.439082593813171,0.544771568560135
0.04,0.29,0.0486490614428031,0.290634654816049,0.00864906144280314,0.000634654816049324,0.00867231517974979,-0.283275166160555,-0.103856906976495,-0.490798635791144,0.576122534182037
0.04,0.305,0.0486897686161347,0.30538496990368,0.00868976861613471,0.000384969903680282,0.00869829181096492,-0.254582129832324,-0.121058267707418,-0.520770549538977,0.59217586227235
0.04,0.32,0.0481029217960473,0.320170002617947,0.00810292179604732,0.000170002617947335,0.00810470496211724,-0.22550322719655,-0.134504556487979,-0.527080139611952,0.588863063097154
0.04,0.335,0.0468312240639758,0.334998088670567,0.00683122406397582,-1.9113294330575e-06,0.00683122433136422,-0.196553557086594,-0.141951107548824,-0.508436788734912,0.56328850644454
0.04,0.35,0.0448284256196913,0.349876161453051,0.00482842561969132,-0.00012383854694889,0.00483001345242453,-0.168195311543416,-0.141212742683639,-0.464161287117662,0.513496024211946
0.06,0.05,0.0556194009750561,0.050734298039877,-0.00438059902494389,0.000734298039877013,0.00444171604548362,-0.338076702157964,-0.167827150944702,0.468077726144994,0.601300162410278
0.06,0.065,0.0535237306071051,0.0664407132252608,-0.00647626939289486,0.00144071322526079,0.00663458512996767,-0.395870135001883,-0.175454525338053,0.52194130735952,0.678178112470799
0.06,0.08,0.0521330530188297,0.0820481843865117,-0.00786694698117027,0.00204818438651172,0.00812920131905309,-0.447180662538069,-0.173637961092629,0.550308396401428,0.730046045290581
0.06,0.095,0.0514091842359013,0.0975530107409821,-0.00859081576409873,0.00255301074098208,0.00896214144812818,-0.491620606101366,-0.164499745621683,0.55380639332913,0.758591401351123
0.06,0.11,0.0513030060498255,0.112953110639578,-0.00869699395017451,0.00295311063957787,0.00918469195013965,-0.5288639270432,-0.150240300153587,0.533652219718806,0.766200131398032
0.06,0.125,0.0517544466909795,0.12824821072879,-0.00824555330902046,0.00324821072879003,0.00886228087517683,-0.558661533715643,-0.13305377428211,0.491668727834225,0.756010877230912
0.06,0.14,0.0526928358898744,0.143439979292753,-0.00730716411012564,0.00343997929275261,0.0080763918222728,-0.580855558008165,-0.115035968618175,0.430275756819519,0.731963774327153
0.06,0.155,0.0540376620851467,0.158532090008703,-0.0059623379148533,0.00353209000870292,0.00693001682829675,-0.595391603071157,-0.0980898684663341,0.352453224005094,0.698814790983632
0.06,0.17,0.0556997355654376,0.173530206068636,-0.00430026443456244,0.00353020606863644,0.0055636884433081,-0.602327951757673,-0.0838349607234512,0.261675542233114,0.662046998497017
0.06,0.185,0.0575827338354607,0.188441879654247,-0.00241726616453927,0.00344187965424747,0.00420591384416622,-0.601840843589725,-0.0735268550013088,0.161818925415299,0.627541154679738
0.06,0.2,0.059585077044171,0.203276367873011,-0.000414922955828976,0.0032763678730105,0.00330253652494097,-0.594225137880276,-0.0679934015607709,0.057045497299065,0.600819535113145
0.06,0.215,0.0616020552012762,0.218044372660251,0.00160205520127622,0.00304437266025129,0.00344017234487194,-0.579889992272465,-0.067592467250031,-0.048329705607306,0.585815580902733
0.06,0.23,0.0635281079487016,0.232757718226054,0.00352810794870162,0.00275771822605439,0.00447800798480799,-0.559349569073573,-0.0721948704081641,-0.149981068765997,0.583593441735443
0.06,0.245,0.0652591448700039,0.247428984515212,0.00525914487000388,0.00242898451521187,0.00579297596566973,-0.533209174810882,-0.0811938709739001,-0.243715359482749,0.591865491708281
0.06,0.26,0.0666947910033641,0.262071118306632,0.00669479100336412,0.00207111830663201,0.00700783544461422,-0.502147610598051,-0.0935403300653797,-0.325606537019622,0.605743386897488
0.06,0.275,0.0677404490505307,0.27669704467708,0.00774044905053073,0.0016970446770799,0.00792429884216057,-0.466896803138888,-0.107800490680534,-0.392114462170262,0.619169647907141
0.06,0.29,0.0683090856491694,0.29131930042426,0.00830908564916943,0.0013193004242604,0.00841317169292813,-0.428219965864182,-0.122231563723736,-0.440181146134148,0.626159914062184
0.06,0.305,0.0683226718220055,0.305949708064349,0.00832267182200547,0.000949708064348548,0.00837668261690106,-0.386889592277552,-0.134869134086621,-0.467300295704805,0.621487404022209
0.06,0.32,0.0677132348658449,0.320599104606623,0.00771323486584491,0.000599104606623491,0.00773646679210627,-0.343666505109074,-0.143619928565173,-0.471558268467342,0.600919180288389
0.06,0.335,0.0664235067267506,0.335277133993412,0.0064235067267506,0.000277133993412088,0.0064294822434559,-0.29928100261397,-0.146353697232321,-0.451646839582822,0.561227145937241
0.06,0.35,0.0644071800859584,0.349992106884701,0.00440718008595845,-7.89311529875159e-06,0.00440718715410837,-0.254416885550229,-0.140988743692255,-0.40685015705142,0.500134397982093
0.08,0.05,0.0761762230660196,0.0506820964712215,-0.00382377693398037,0.000682096471221472,0.00388413769540848,-0.382566283070736,-0.169763219454037,0.407014687699705,0.583815396012107
0.08,0.065,0.0740304938996324,0.06655243104732,-0.00596950610036764,0.00155243104732,0.0061680665721934,-0.455754507739696,-0.184670984705665,0.465340243991825,0.677024681836214
0.08,0.08,0.0725855922481338,0.0823119577219387,-0.00741440775186619,0.00231195772193871,0.00776650441440456,-0.521697131004805,-0.189801860933046,0.499084030256558,0.746515502719271
0.08,0.095,0.0718035827457527,0.097955638401325,-0.00819641725424733,0.00295563840132496,0.0087130393184646,-0.579810145420079,-0.187133994473631,0.508844124890506,0.793808137658261
0.08,0.11,0.0716357080001104,0.113480097292867,-0.00836429199988964,0.00348009729286713,0.00905938506893481,-0.629571222707742,-0.178723501221662,0.495779418390508,0.821042496745635
0.08,0.125,0.0720223713778126,0.128883838768843,-0.00797762862218744,0.00388383876884313,0.0088728102659706,-0.670540330251147,-0.166626239271113,0.461625060337143,0.830962356256828
0.08,0.14,0.0728934887403829,0.144167410304334,-0.00710651125961712,0.00416741030433382,0.00823831359731666,-0.70237972220447,-0.152812379652497,0.408684178028075,0.826875759501584
0.08,0.155,0.0741692362949906,0.159333495594465,-0.00583076370500937,0.00433349559446544,0.00726477731598884,-0.724872040896719,-0.13907859670928,0.339793442416501,0.812559524749895
0.08,0.17,0.075761198219797,0.174386926413439,-0.00423880178020295,0.00438692641343946,0.00610021015119844,-0.737935210331657,-0.126963516147907,0.258261802696052,0.792071498827933
0.08,0.185,0.0775738907621002,0.189334606822539,-0.00242610923789983,0.00433460682253939,0.00496737580018141,-0.741632892322866,-0.117672391561972,0.16778379365094,0.769432542408766
0.08,0.2,0.0795066116357193,0.20418534944519,-0.000493388364280726,0.00418534944519028,0.00421433055850656,-0.736179493293485,-0.112016706337724,0.0723309829089096,0.748162892279781
0.08,0.215,0.0814555379074781,0.218949630118228,0.00145553790747809,0.00394963011822824,0.00420929550767362,-0.721939053217453,-0.110373489514291,-0.0239728615895855,0.730725830492258
0.08,0.23,0.083315975039937,0.233639273545744,0.00331597503993698,0.00363927354574428,0.00492341369440343,-0.6994178024002,-0.112667655132318,-0.116985737006057,0.718033197763111
0.08,0.245,0.0849846471336397,0.248267087840826,0.00498464713363969,0.00326708784082552,0.00595991359052901,-0.669250656148339,-0.118378782616913,-0.202682454423025,0.709222515658196
0.08,0.26,0.0863619150723312,0.262846469452526,0.00636191507233125,0.00284646945252598,0.00696967371773737,-0.632182393901389,-0.126571687226917,-0.277282609160805,0.701831016260519
0.08,0.275,0.0873538158512182,0.277391001499816,0.00735381585121822,0.00239100149981564,0.00773275473203108,-0.589044681303228,-0.135948149915171,-0.337364015044519,0.692297512401199
0.08,0.29,0.0878738318031489,0.291914067850255,0.00787383180314891,0.00191406785025505,0.00810314031716465,-0.540730370441898,-0.14491553123063,-0.379955559609955,0.676580661290166
0.08,0.305,0.0878443206149084,0.306428502654367,0.00784432061490836,0.001428502654367,0.00797332965222246,-0.488166648188229,-0.151666875359391,-0.402605352837986,0.650695887781587
0.08,0.32,0.0871975635749915,0.320946290892044,0.00719756357499146,0.000946290892044455,0.00725950327972997,-0.432288577464251,-0.154266613263824,-0.403422196894955,0.611084782097921
0.08,0.335,0.0858764167188402,0.335478330323983,0.00587641671884015,0.000478330323983478,0.00589585221594861,-0.374014412464125,-0.150736098494406,-0.381090533403283,0.554833806082518
0.08,0.35,0.0838345752633058,0.350034259972783,0.00383457526330583,3.42599727827242e-05,0.00383472830793683,-0.314223799023606,-0.139133863883044,-0.334860879033845,0.479820780889506
0.1,0.05,0.0968998587773303,0.0505009121816671,-0.00310014122266969,0.00050091218166709,0.00314034848611399,-0.390518112088142,-0.163019292080241,0.32774487648106,0.535255521345594
0.1,0.065,0.0946951749719574,0.0665315194559095,-0.00530482502804258,0.00153151945590946,0.00552147810119502,-0.477242683983343,-0.186554378347565,0.391077020060181,0.644599669344133
0.1,0.08,0.0931857002011247,0.0824398646190135,-0.00681429979887535,0.00243986461901352,0.0072379293384273,-0.55606130383657,-0.199979043669601,0.430945215188562,0.731380088249469
0.1,0.095,0.0923337541822952,0.0982196327817386,-0.00766624581770484,0.00321963278173859,0.00831488786374914,-0.626225160120899,-0.205100780212195,0.447920969037541,0.796785860294616
0.1,0.11,0.0920909791302766,0.113866209321803,-0.00790902086972345,0.0038662093218032,0.00880341897433713,-0.687047136272552,-0.203803154509196,0.443102702329732,0.842568864626272
0.1,0.125,0.0923983269995748,0.129376924096436,-0.00760167300042523,0.00437692409643553,0.00877171003575426,-0.737926567295034,-0.19797466863834,0.418129713984786,0.870963060714156
0.1,0.14,0.0931864088185652,0.144751241813146,-0.00681359118143481,0.00475124181314568,0.00830658314559663,-0.778373684381176,-0.189431055993547,0.375174283674395,0.884602173078627
0.1,0.155,0.0943762324443523,0.159990882585375,-0.00562376755564768,0.00499088258537539,0.0075190205812299,-0.8080322947322,-0.179835317264214,0.316909715673902,0.886399666770871
0.1,0.17,0.0958803321155408,0.175099860077286,-0.00411966788445922,0.00509986007728613,0.00655593138204951,-0.826699164824864,-0.17062053302001,0.246453720992502,0.879373351714285
0.1,0.185,0.09760426691913,0.190084429554648,-0.00239573308087003,0.00508442955464794,0.00562058367884977,-0.834338634368433,-0.162920788577195,0.167288389724524,0.866408592759768
0.1,0.2,0.099448438140672,0.20495294428039,-0.000551561859328005,0.00495294428038995,0.00498356072796478,-0.831091210342476,-0.157515323517522,0.0831599674803306,0.84997206214
0.1,0.215,0.101310150468365,0.21971562539974,0.0013101504683647,0.00471562539974013,0.0048942432673939,-0.817275249099323,-0.15479023382438,-0.00203655057609077,0.831814372086704
0.1,0.23,0.103085822094526,0.234384256946494,0.00308582209452642,0.00438425694649441,0.00536134376550804,-0.793381324912993,-0.154720770371554,-0.0843815578700988,0.812726132168353
0.1,0.245,0.104673236298094,0.24897182323289,0.00467323629809446,0.0039718232328898,0.00613306752703334,-0.760059426711625,-0.156875620923711,-0.160056414604168,0.79241930657525
0.1,0.26,0.105973723880746,0.263492109820383,0.00597372388074585,0.00349210982038339,0.00691955258676538,-0.718099681262097,-0.160442739457152,-0.225463029381917,0.76957878508509
0.1,0.275,0.106894172024909,0.277959291233453,0.00689417202490883,0.00295929123345329,0.00750246709512471,-0.668407775379406,-0.164274519637969,-0.277330594195899,0.742074813062359
0.1,0.29,0.107348770099811,0.292387528329998,0.0073487700998108,0.00238752832999778,0.00772688252184639,-0.61197662060898,-0.166948623005354,-0.312803841782143,0.707276341030632
0.1,0.305,0.107260424402163,0.306790595951241,0.00726042440216304,0.00179059595124142,0.0074779673949628,-0.549855992918316,-0.166839728607595,-0.329508888760058,0.662388181152223
0.1,0.32,0.106561799678342,0.321181557582261,0.00656179967834183,0.00118155758226068,0.00666733030071892,-0.483121920988315,-0.162196970378979,-0.325594652763441,0.6047560839406
0.1,0.335,0.105195971644928,0.33557249884782,0.00519597164492813,0.000572498847819736,0.00522741583056601,-0.412847440519445,-0.151221869511632,-0.299749763134945,0.532130640763035
0.1,0.35,0.103116700034114,0.349974326319561,0.00311670003411443,-2.56736804389313e-05,0.00311680577523146,-0.340076089229897,-0.132142095107765,-0.251196592080899,0.442960477863517
0.12,0.05,0.117787946417954,0.0501645703744223,-0.00221205358204629,0.000164570374422301,0.00221816691391368,-0.356928440265281,-0.143050782048038,0.232138841491347,0.449166909609166
0.12,0.065,0.115515682970259,0.0663509570557752,-0.00448431702974109,0.0013509570557752,0.00468339451570917,-0.45506732236215,-0.176164758641289,0.300905003591359,0.57329473515638
0.12,0.08,0.113931613430361,0.0824040789925232,-0.00606838656963873,0.00240407899252315,0.00652724377979426,-0.544749616508897,-0.198843758878438,0.34748697909783,0.676049915572685
0.12,0.095,0.112998319413299,0.0983164150676721,-0.00700168058670092,0.00331641506767205,0.00774739568753699,-0.625096326880577,-0.212706906927279,0.372431634465937,0.758091915681629
0.12,0.11,0.11266788003131,0.114082177265759,-0.00733211996869046,0.00408217726575882,0.00839191006054924,-0.695290270497279,-0.219446267744955,0.376775121642619,0.820704717546698
0.12,0.125,0.11288186574731,0.129697578677581,-0.00711813425268976,0.00469757867758119,0.00852848642323951,-0.754603751954308,-0.220763321103,0.362055024129662,0.865598843361325
0.12,0.14,0.113571686141078,0.145161048812587,-0.00642831385892202,0.00516104881258678,0.00824376394098668,-0.802426135233039,-0.2182996017009,0.330302638713553,0.894795241738401
0.12,0.155,0.114659316861221,0.160473379395249,-0.00534068313877943,0.00547337939524878,0.00764727261140708,-0.838289753759231,-0.213565278714703,0.284013477668239,0.910505871056139
0.12,0.17,0.116058408732794,0.175637787026974,-0.00394159126720555,0.00563778702697382,0.00687901041424021,-0.861892502026474,-0.207870075435817,0.226095466565659,0.914989401956335
0.12,0.185,0.117675756555462,0.190659883896868,-0.00232424344453832,0.00565988389686845,0.00611852868878704,-0.873115492736595,-0.202261193745101,0.159795969244243,0.910380383424083
0.12,0.2,0.119413078842848,0.205547553824317,-0.000586921157152433,0.00554755382431715,0.00557851502448537,-0.872034379646829,-0.197472723587994,0.0886104816017379,0.898503087134007
0.12,0.215,0.121169035568272,0.220310737625933,0.00116903556827156,0.00531073762593265,0.00543788362245651,-0.858923308103537,-0.193890357435081,0.0161774361060119,0.880692738903762
0.12,0.23,0.122841391687474,0.23496113850483,0.00284139168747356,0.00496113850483015,0.0057172022865867,-0.834250956897646,-0.191534138876914,-0.0538351665390274,0.857654910403152
0.12,0.245,0.124329222121676,0.249511863961189,0.00432922212167591,0.00451186396118869,0.00625292576183992,-0.798668701620843,-0.19006055949742,-0.117844820216944,0.829393829751407
0.12,0.26,0.125535050691669,0.263977025040809,0.00553505069166917,0.00397702504080916,0.00681568150184341,-0.752991521763056,-0.188783750296963,-0.172464619636758,0.795229358730627
0.12,0.275,0.126366821399443,0.278371316059611,0.00636682139944329,0.00337131605961111,0.00720431722692725,-0.698172799572821,-0.186713979281413,-0.214602234843212,0.753902969672849
0.12,0.29,0.126739614753751,0.292709598069677,0.00673961475375112,0.00270959806967735,0.00726390588651719,-0.635274568114908,-0.18261035355286,-0.241542610921149,0.703753776300038
0.12,0.305,0.126577042674301,0.307006507443877,0.00657704267430137,0.0020065074438767,0.00687630441893856,-0.565435022441195,-0.175043679780652,-0.25101070352126,0.64293682836593
0.12,0.32,0.125812280136052,0.321276107334189,0.00581228013605189,0.00127610733418865,0.00595071846992559,-0.489835169476253,-0.162464943624221,-0.241212252992711,0.569666021008807
0.12,0.335,0.124388717658395,0.335531595045544,0.00438871765839541,0.000531595045544064,0.00442079585341358,-0.409666403184526,-0.14327484755274,-0.210852302357246,0.482508355536525
0.12,0.35,0.122260242987886,0.349785073142239,0.00226024298788582,-0.000214926857761366,0.00227043870616985,-0.326100538585372,-0.115890240434331,-0.159132711859586,0.380914509433985
0.14,0.05,0.13883688739546,0.0496484081717235,-0.00116311260453966,-0.000351591828276543,0.00121509166096632,-0.278626279653024,-0.105260564766843,0.122363174520446,0.322002188798415
0.14,0.065,0.136488704745144,0.0659853108671503,-0.00351129525485594,0.000985310867150258,0.00364692087543701,-0.385919594522132,-0.148498814648816,0.196872712647508,0.457980144909797
0.14,0.08,0.134820373010557,0.082178434990146,-0.00517962698944263,0.00217843499014603,0.00561908486820185,-0.484319216686801,-0.180995358168011,0.250596708292014,0.574565836122824
0.14,0.095,0.13379474346207,0.0982191323203905,-0.00620525653792953,0.00321913232039045,0.00699056661492468,-0.572851290371981,-0.204171895939295,0.284058402007621,0.671222088761982
0.14,0.11,0.1333643682005,0.114100515568133,-0.00663563179949994,0.00410051556813346,0.00780037417711738,-0.65060400479258,-0.21951919273391,0.29823041823151,0.748614454883144
0.14,0.125,0.133471502515765,0.129817747399179,-0.00652849748423513,0.00481774739917923,0.00811369024574901,-0.716757001692293,-0.228541324656518,0.294544922802048,0.807922807999264
0.14,0.14,0.134048451799875,0.145368277993892,-0.00595154820012501,0.00536827799389206,0.00801494445383853,-0.770610793362519,-0.232694859753186,0.274885976204122,0.850625347889702
0.14,0.155,0.135018287002925,0.160752013640519,-0.00498171299707471,0.00575201364051853,0.00760941031262833,-0.81161459643603,-0.233326215725575,0.241562443762664,0.878366040213695
0.14,0.17,0.136295931120723,0.175971401890983,-0.00370406887927684,0.00597140189098272,0.00702693153560352,-0.839390880693689,-0.231610966715534,0.197261048494249,0.892831866748627
0.14,0.185,0.137789594636909,0.191031423517891,-0.00221040536309065,0.0060314235178906,0.00642370310034202,-0.853754967527675,-0.228499092416727,0.144980567934633,0.895625523454758
0.14,0.2,0.139402512621471,0.205939487463579,-0.000597487378528768,0.00593948746357859,0.00596946417172499,-0.854728211439216,-0.224670013568092,0.0879496704180067,0.888137302950285
0.14,0.215,0.141034912856556,0.220705231770637,0.00103491285655559,0.00570523177063725,0.0057983371907257,-0.842543654397254,-0.220500711861874,0.029532262475869,0.871428233720865
0.14,0.23,0.142586125873936,0.235340240200392,0.00258612587393555,0.00534024020039153,0.00593348231932284,-0.817643529385701,-0.216049325387168,-0.0268746713911504,0.846140361871545
0.14,0.245,0.14395673610331,0.249857690247212,0.00395673610331024,0.00485769024721189,0.00626521469138099,-0.780668556321782,-0.211055430396735,-0.077945072100731,0.812449557709085
0.14,0.26,0.145050670193931,0.264271952877076,0.00505067019393104,0.00427195287707627,0.00661504730080017,-0.732439569233123,-0.204956902707858,-0.120523810348967,0.770071405901689
0.14,0.275,0.145777124171105,0.278598166918554,0.00577712417110543,0.00359816691855364,0.00680602445353706,-0.673932548323065,-0.196921948384291,-0.151717224633301,0.718323192025662
0.14,0.29,0.146052244712881,0.29285181156646,0.00605224471288129,0.00285181156645981,0.00669047795566158,-0.606248572908802,-0.185893763615826,-0.168969573432405,0.656238712712106
0.14,0.305,0.145800499782031,0.307048298906696,0.00580049978203062,0.00204829890669633,0.00615153038946494,-0.530580489443753,-0.170644445540526,-0.170122012851131,0.582734595718774
0.14,0.32,0.144955697475315,0.321202605065503,0.00495569747531469,0.00120260506550318,0.00509952903809894,-0.448178200239869,-0.149834310789754,-0.153452153731479,0.496853228152325
0.14,0.335,0.143461636903638,0.335328954100526,0.00346163690363779,0.000328954100526302,0.00347723178014928,-0.360314413203893,-0.122072703334267,-0.117693736102746,0.398221891854451
0.14,0.35,0.141272398354048,0.349440563659246,0.00127239835404794,-0.000559436340754449,0.00138995201022936,-0.268252484819903,-0.0859766571212597,-0.06203732582363,0.288444425666516
0.16,0.05,0.160041925614556,0.0489294558455341,4.19256145555158e-05,-0.00107054415446595,0.00107136480426467,-0.154229206411232,-0.0453110483732335,0.000739215020227875,0.160749191611854
0.16,0.065,0.157609782548067,0.0654109264653004,-0.0023902174519331,0.000410926465300443,0.00242528349423524,-0.268396415411982,-0.0988317401506481,0.081185695153208,0.2973140832777
0.16,0.08,0.155847899040877,0.0817386257949958,-0.00415210095912349,0.00173862579499584,0.00450141777996435,-0.373346728727548,-0.141329883113574,0.142321899400832,0.423813942364574
0.16,0.095,0.154719405237282,0.0979028646189824,-0.00528059476271764,0.00290286461898237,0.00602588616256403,-0.468045396441537,-0.174028577435256,0.184647619750567,0.532399494619956
0.16,0.11,0.154177361355315,0.113895737595468,-0.00582263864468541,0.00389573759546774,0.0070057042614804,-0.551519986510259,-0.198215800812491,0.209071207117136,0.62223659021443
0.16,0.125,0.154164770173904,0.129711430401929,-0.0058352298260957,0.00471143040192934,0.00749983223516239,-0.622890450809176,-0.2151962784219,0.216917723273172,0.693801940376068
0.16,0.14,0.154614923634976,0.145346476697577,-0.00538507636502404,0.00534647669757671,0.00758840302928563,-0.681399233564379,-0.226239036628851,0.209921329997483,0.74804005923249
0.16,0.155,0.155452106138757,0.160799946889772,-0.00454789386124325,0.00579994688977209,0.0073703950028008,-0.726439852316891,-0.232523381453338,0.190200551262128,0.786109359851943
0.16,0.17,0.156592656415648,0.17607355358412,-0.0034073435843523,0.00607355358412021,0.00696405366442607,-0.757582276642818,-0.2350864752603,0.160216093034157,0.809244486996995
0.16,0.185,0.157946366333926,0.191171663143629,-0.00205363366607352,0.00617166314362866,0.00650437062234733,-0.774593461755918,-0.234775867320175,0.122712114615772,0.818647911723667
0.16,0.2,0.159418170864117,0.206101208644628,-0.000581829135882648,0.00610120864462832,0.00612888832241617,-0.777451580147737,-0.232210213427569,0.080643113846751,0.815393816342429
0.16,0.215,0.160910061140782,0.220871506236034,0.000910061140782271,0.005871506236034,0.00594161566913815,-0.766352825890766,-0.227750975079825,0.0370897536985156,0.80034569140698
0.16,0.23,0.162323134884293,0.235493983670523,0.00232313488429323,0.00549398367052317,0.00596496540330247,-0.741710130604145,-0.22148715185748,-0.00483208782657484,0.774094916766131
0.16,0.245,0.163559687281843,0.249981835899914,0.00355968728184253,0.00498183589991424,0.00612291290793735,-0.704143669884877,-0.213234134875506,-0.0420641691915334,0.736928751539999
0.16,0.26,0.164525242346505,0.26434962742598,0.00452524234650502,0.00434962742597994,0.00627670909310278,-0.654463609363901,-0.202546684828622,-0.0716955892263831,0.688835066066778
0.16,0.275,0.165130430056796,0.278612864014973,0.00513043005679631,0.00361286401497291,0.00627487840187881,-0.593646068503321,-0.188744956416382,-0.0910445760208936,0.629550169149781
0.16,0.29,0.165292627478843,0.292787557223918,0.00529262747884285,0.0027875572239181,0.00598183758609513,-0.52280372068745,-0.17095153759432,-0.0977282794820621,0.558660404752036
0.16,0.305,0.164937301083961,0.306889803987339,0.00493730108396115,0.00188980398733868,0.00528661527863009,-0.443152741271126,-0.148136747044504,-0.0897175089128399,0.475793421803806
0.16,0.32,0.163999009910773,0.320935400520479,0.00399900991077273,0.000935400520479079,0.00410695195980804,-0.355977955594552,-0.11916900604719,-0.0653745618507689,0.381045831058695
0.16,0.335,0.16242205327811,0.334939505577345,0.00242205327810965,-6.04944226548221e-05,0.00242280862991159,-0.262598009439704,-0.0828669906698894,-0.0234735572492791,0.2763617351789
0.16,0.35,0.160160769025988,0.34891636314403,0.000160769025988272,-0.00108363685597002,0.00109549783903657,-0.164332212667033,-0.0380504590468778,0.036796126081806,0.172646723113543
0.18,0.05,0.181397245655664,0.0479865835453931,0.00139724565566385,-0.0020134164546069,0.00245074299794028,0.0160119770394893,0.0406206348206425,-0.130385539791152,0.13750206341368
0.18,0.065,0.178873410873609,0.0646060811380577,-0.00112658912639083,-0.000393918861942344,0.0011934718804798,-0.102827946855679,-0.0229954888007503,-0.0439191742380506,0.114154620305335
0.18,0.08,0.177009084525437,0.081062363072693,-0.00299091547456312,0.00106236307269297,0.00317398655860462,-0.212238819693272,-0.0753412579124083,0.0247495320246921,0.226570580518651
0.18,0.095,0.175767686679636,0.0973447905832616,-0.00423231332036431,0.00234479058326165,0.00483844178647275,-0.31115601572797,-0.117446653174251,0.0760964562713653,0.341178541346992
0.18,0.11,0.175102820018807,0.113444526967856,-0.00489717998119346,0.0034445269678563,0.00598724793210464,-0.398577419969025,-0.150402370694433,0.110965466276495,0.440226215629548
0.18,0.125,0.174958293746048,0.129354859890591,-0.00504170625395246,0.00435485989059131,0.00666210226713943,-0.473593237176471,-0.175318919487646,0.130574667112371,0.521611829501187
0.18,0.14,0.175268470259767,0.145071474800822,-0.00473152974023329,0.00507147480082176,0.00693593759617849,-0.535415814893609,-0.193282099465246,0.136508850728473,0.585376555564893
0.18,0.155,0.175958955612661,0.160592661156803,-0.00404104438733942,0.0055926611568034,0.00689984771971563,-0.583407981899283,-0.205307138638336,0.130697036381823,0.632140540784329
0.18,0.17,0.176947634988526,0.175919435831768,-0.00305236501147389,0.00591943583176768,0.00666007903329121,-0.617108308000353,-0.21229411576551,0.115374878563845,0.662727481536594
0.18,0.185,0.178146031986682,0.191055572496762,-0.0018539680133181,0.00605557249676153,0.0063330210530158,-0.636251721338027,-0.21498744075107,0.0930327381497343,0.678009076088805
0.18,0.2,0.179460947567472,0.206007531500724,-0.000539052432528248,0.00600753150072381,0.00603166745247145,-0.640784088337744,-0.213942067684502,0.0663512650093029,0.678810235827944
0.18,0.215,0.180796313331396,0.220784291361805,0.000796313331396337,0.00578429136180469,0.00583884761575501,-0.630869671040707,-0.209498762914931,0.0381273293725621,0.66584153987632
0.18,0.23,0.182055177043268,0.235397089744691,0.00205517704326776,0.00539708974469127,0.00577514765104985,-0.606890794414782,-0.201770157658488,0.0111939246484793,0.639653958367514
0.18,0.245,0.183141727667112,0.249859087949361,0.00314172766711231,0.00485908794936118,0.00578629315139892,-0.569439564263362,-0.190638543708957,-0.0116618148736646,0.600619491098302
0.18,0.26,0.183963264233671,0.26418497790368,0.00396326423367141,0.00418497790368005,0.0057638098025689,-0.519301997250411,-0.175765492026,-0.0277781766796609,0.548946267630009
0.18,0.275,0.184432017780527,0.278390553781132,0.00443201778052695,0.0033905537811319,0.00558020040407644,-0.457435433318383,-0.156612496237911,-0.0346919174715616,0.484746924073913
0.18,0.29,0.184466747774371,0.292492271527514,0.00446674777437109,0.00249227152751358,0.00511500274161255,-0.384940513844873,-0.132471052034502,-0.0302012453424772,0.408216362922404
0.18,0.305,0.183994052404286,0.306506818670729,0.00399405240428574,0.00150681867072927,0.00426883556893903,-0.303029311984253,-0.102499971201585,-0.0124160119597867,0.320136583357625
0.18,0.32,0.182949353379006,0.320450714152795,0.00294935337900648,0.000450714152794629,0.00298359323665045,-0.212991352492922,-0.0657673458108211,0.0202066091235663,0.223828127759097
0.18,0.335,0.181277538835416,0.334339953931244,0.00127753883541551,-0.000660046068755693,0.00143797297918795,-0.116159264204812,-0.0212944486146243,0.0688416271416983,0.136695306042851
0.18,0.35,0.17893326906599,0.348189713385679,-0.00106673093401013,-0.00181028661432092,0.00210120263457945,-0.0138756710011763,0.0319010316965196,0.134290572789391,0.138723384512544
0.2,0.05,0.202896086211197,0.0468006123596215,0.00289608621119697,-0.00319938764037853,0.00431548335833798,0.230446880501113,0.155659214437482,-0.268744677716791,0.38672965412872
0.2,0.065,0.2002731488688,0.0635510988738307,0.000273148868799644,-0.0014489011261693,0.00147442354089359,0.108978132238674,0.0824227042744768,-0.176278377597366,0.223033326454196
0.2,0.08,0.198297905000391,0.0801294958084659,-0.00170209499960924,0.000129495808465885,0.00170701392850352,-0.00295473377374919,0.0206652513832761,-0.100094495430252,0.1022481973258
0.2,0.095,0.196934077735843,0.0965243099897126,-0.00306592226415661,0.00152430998971265,0.00342394513311603,-0.104284224471565,-0.0304606916800396,-0.0397419231590488,0.115682661685032
0.2,0.11,0.196135845877887,0.112725863880953,-0.00386415412211299,0.00272586388095319,0.00472884985772736,-0.194005340616234,-0.0718594738453203,0.00555908940665904,0.206960880885399
0.2,0.125,0.1958478801984,0.128726630054576,-0.00415211980159962,0.00372663005457602,0.00557923564751525,-0.271204395315052,-0.104458002493912,0.0369214633314442,0.292961908391249
0.2,0.14,0.196005690380051,0.144521518126234,-0.00399430961994918,0.00452151812623403,0.00603312816919062,-0.335087780383383,-0.129168500552881,0.0557838615085106,0.36342895337015
0.2,0.155,0.196536301968361,0.160108095650913,-0.00346369803163941,0.00510809565091286,0.00617169711126993,-0.385009285940729,-0.146850130985639,0.0638904191278816,0.416989045868479
0.2,0.17,0.197359263872323,0.175486727085687,-0.00264073612767657,0.00548672708568698,0.00608914291249823,-0.420494496968803,-0.158271629275961,0.0632574892192109,0.453726918314076
0.2,0.185,0.198387965659433,0.190660619122175,-0.001612034340567,0.00566061912217458,0.00588568293076477,-0.441260820553792,-0.164077199395294,0.0561281044467255,0.47411400091526
0.2,0.2,0.199531222201007,0.205635766278636,-0.000468777798993469,0.00563576627863627,0.00565522892306252,-0.44723185176544,-0.164757852383886,0.0449157281640006,0.478727725425208
0.2,0.215,0.200695063225615,0.220420797087478,0.000695063225615303,0.00542079708747784,0.00546517647942049,-0.438545061113733,-0.160630088391724,0.0321396767017817,0.468143112708318
0.2,0.23,0.201784649509006,0.235026727877874,0.00178464950900554,0.00502672787787406,0.00533413226571951,-0.415552167850218,-0.151823359452535,0.0203552545668913,0.442887400738961
0.2,0.245,0.202706227392171,0.249466637326708,0.00270622739217148,0.00446663732670793,0.00522250090535941,-0.378812009656726,-0.138277138237317,0.0120820784327157,0.403442380952274
0.2,0.26,0.203369030483731,0.263755279965775,0.00336903048373055,0.00375527996577518,0.00504504648359737,-0.329076202570166,-0.11974772541874,0.00973421129985564,0.350322425838411
0.2,0.275,0.203687041962029,0.277908660183356,0.00368704196202894,0.00290866018335589,0.00469623066852579,-0.267268337328727,-0.0958242212146533,0.0155555860923714,0.284353279792763
0.2,0.29,0.203580542348187,0.29194358964275,0.00358054234818692,0.00194358964274982,0.00407404273499484,-0.194457852675207,-0.0659524476719904,0.0315637656709314,0.207749609890648
0.2,0.305,0.202977384469908,0.305877250466194,0.00297738446990778,0.000877250466194468,0.00310393084041614,-0.111830012166397,-0.0294650975939283,0.0595044283614434,0.130057402148285
0.2,0.32,0.201813957402347,0.319726784179799,0.00181395740234652,-0.000273215820200567,0.00183441771195538,-0.0206535723669318,0.0143839479081754,0.100818157156596,0.103912327370383
0.2,0.335,0.200035822902717,0.333508922736577,3.58229027166423e-05,-0.00149107726342279,0.00149150752121987,0.07775224183336,0.066383327930728,0.156620236713714,0.187034988571313
0.2,0.35,0.197598027899712,0.347239673438404,-0.00240197210028817,-0.00276032656159575,0.00365908085415091,0.182049936763274,0.12732807525121,0.227693313669911,0.31811809644175
