target_x,target_y,gaze_x,gaze_y,error_px_x,error_px_y,error_px_xy,error_deg_x,error_deg_y,error_deg_z,error_deg_xyz
-0.2,0.05,-0.196615591385536,0.0524626081012279,0.00338440861446387,0.00246260810122793,0.00418552987444729,-0.267736561188503,0.148900581673133,-0.193602948437129,0.362404178967024
-0.2,0.065,-0.200000397144493,0.0664152093268951,-3.97144492653156e-07,0.00141520932689505,0.00141520938261958,-0.118983068252119,0.0762041240594225,-0.13567983445032,0.195890515112104
-0.2,0.08,-0.20246516589445,0.0803686617748147,-0.00246516589444956,0.000368661774814746,0.00249257986659743,0.0224910512963465,0.0119071246943859,-0.0924589391306247,0.0958972605326313
-0.2,0.095,-0.204065794961559,0.0943397105893745,-0.00406579496155882,-0.000660289410625473,0.00411906188047973,0.154573815885089,-0.0444903147938955,-0.0628555586789844,0.172694228344817
-0.2,0.11,-0.204873448033064,0.108346977884536,-0.004873448033064,-0.00165302211546388,0.00514616146707311,0.275174693403314,-0.0934350680798956,-0.0454745671098056,0.294141717733573
-0.2,0.125,-0.204974258499414,0.122410707613946,-0.00497425849941374,-0.00258929238605353,0.00560782334595738,0.382271472462902,-0.135293368498937,-0.0386305333013082,0.407343578842423
-0.2,0.14,-0.204468491798806,0.136552417172695,-0.00446849179880647,-0.00344758282730535,0.00564386802708315,0.473957756188109,-0.170326066374531,-0.0403797656699014,0.505251524756541
-0.2,0.155,-0.203469153077356,0.150794462575864,-0.00346915307735643,-0.00420553742413589,0.0054517490862969,0.548489000486761,-0.198668473856975,-0.0485634925456265,0.585380850148405
-0.2,0.17,-0.202100062423473,0.165159531346838,-0.00210006242347258,-0.00484046865316208,0.00527640018997102,0.604324979135555,-0.220316293910976,-0.060860620243251,0.646108650808237
-0.2,0.185,-0.200493458265262,0.17967008403625,-0.0004934582652623,-0.00532991596375,0.00535271008370459,0.640166677602881,-0.235118763065226,-0.0748478110129292,0.686077274735003
-0.2,0.2,-0.198787226347231,0.194347771263331,0.00121277365276894,-0.005652228736669,0.00578087446883924,0.654985893815104,-0.242779648485114,-0.0880640801285796,0.704066757314976
-0.2,0.215,-0.197121882722619,0.209212856988831,0.00287811727738117,-0.00578714301116869,0.00646332602412091,0.648046237758135,-0.242866178094632,-0.0980767782720916,0.698979985822042
-0.2,0.23,-0.195637460874522,0.224283680271467,0.00436253912547823,-0.00571631972853283,0.00719083158335265,0.618914732381475,-0.234825404740938,-0.102545742619535,0.669865029071776
-0.2,0.245,-0.194470462442067,0.239576186292566,0.00552953755793323,-0.00542381370743349,0.00774554973759368,0.56746377901544,-0.21800697406687,-0.0992825750506449,0.615956869418043
-0.2,0.26,-0.193751026933011,0.255103553316926,0.00624897306698882,-0.00489644668307353,0.00793881946589878,0.493863806466667,-0.191690835153583,-0.0863024134500171,0.536746727160294
-0.2,0.275,-0.19360045840756,0.270875935586072,0.00639954159244019,-0.00412406441392847,0.00761328049421556,0.398567422297263,-0.155118143136918,-0.0618661536991476,0.432141105067517
-0.2,0.29,-0.194129218635398,0.286900333869261,0.00587078136460167,-0.00309966613073877,0.00663882549499558,0.282286290664533,-0.107523476878109,-0.0245117884888719,0.303064167955739
-0.2,0.305,-0.19543545966068,0.303180596103045,0.00456454033932038,-0.00181940389695497,0.0049137825602623,0.145962242081002,-0.0481665306266986,0.0269257239404371,0.156044866768435
-0.2,0.32,-0.197604127761001,0.319717541287877,0.00239587223899895,-0.000282458712122527,0.00241246486184976,-0.00926572912283271,0.0236383797939984,0.0933059296354158,0.0966986321457594
-0.2,0.335,-0.200706629275574,0.336509191288057,-0.000706629275573911,0.00150919128805686,0.0016664282994011,-0.182096904376103,0.108496364618414,0.175184934821397,0.274992091285517
-0.2,0.35,-0.204801009582395,0.3535510876803,-0.00480100958239543,0.00355108768029984,0.00597159247801037,-0.371105131924359,0.206910566221709,0.272826799475194,0.504942683957393
-0.18,0.05,-0.178464511652602,0.0516159906072374,0.00153548834739764,0.00161599060723744,0.00222915905840601,0.0102418368354191,0.0311781314805425,-0.127210307995776,0.131375192205564
-0.18,0.065,-0.181736723190011,0.065682451693799,-0.00173672319001078,0.000682451693798991,0.00186599779021582,0.156434915184151,-0.0333400606167211,-0.0739427703803286,0.176212939642039
-0.18,0.08,-0.184066705186879,0.0797361536675964,-0.00406670518687915,-0.000263846332403617,0.00407525532502108,0.296184286955922,-0.0897727103767189,-0.0369937928615585,0.311693842860608
-0.18,0.095,-0.185510601272486,0.0937929831732066,-0.00551060127248607,-0.00120701682679339,0.0056412424167454,0.427349586649567,-0.138833789854899,-0.0152554535044264,0.449595658867977
-0.18,0.11,-0.186140335488445,0.107870843960607,-0.00614033548844467,-0.00212915603939254,0.00649900187342139,0.547796481265846,-0.181184151802711,-0.00726449187665688,0.577030561473236
-0.18,0.125,-0.186043338186431,0.121989422617333,-0.0060433381864307,-0.00301057738266677,0.00675170442278068,0.655445657569106,-0.217395775103648,-0.0112212287426436,0.690653042287209
-0.18,0.14,-0.185321706517656,0.136169855896561,-0.00532170651765576,-0.00383014410343863,0.00655671900520111,0.748323175414335,-0.247918620666534,-0.0250226509164608,0.788725030699904
-0.18,0.155,-0.184090783024195,0.150434305286329,-0.00409078302419472,-0.00456569471367069,0.0061302588827455,0.824609936935462,-0.273052346470445,-0.0463090142655437,0.86988401055838
-0.18,0.17,-0.182477173729652,0.164805452101753,-0.00247717372965246,-0.00519454789824653,0.00575497328873538,0.882687912386712,-0.292924935494358,-0.0725223497858078,0.932856732351286
-0.18,0.185,-0.180616267898374,0.179305933821563,-0.000616267898374427,-0.0056940661784366,0.00572731837485768,0.921180847096571,-0.307479889749498,-0.10097436551445,0.976389742326238
-0.18,0.2,-0.178649360753856,0.193957748739155,0.00135063924614446,-0.00604225126084551,0.00619136710851609,0.938987443656613,-0.31647306659807,-0.128920504665762,0.999248930998127
-0.18,0.215,-0.176720513779756,0.20878166052865,0.00327948622024449,-0.0062183394713495,0.00703013340198582,0.935305448872254,-0.319479533834215,-0.153636438347627,1.00024647961367
-0.18,0.23,-0.174973310425915,0.223796636249083,0.00502668957408495,-0.00620336375091676,0.00798431774796084,0.909645637810863,-0.315910072718189,-0.17249309732973,0.978279857194476
-0.18,0.245,-0.173547675341834,0.239019350204247,0.00645232465816589,-0.00598064979575338,0.00879776479986937,0.861835321481506,-0.305036245323125,-0.183026496048216,0.932376058436313
-0.18,0.26,-0.17257692101162,0.254463782095217,0.00742307898837972,-0.00553621790478268,0.00926022733829795,0.792011643207713,-0.286022340236202,-0.182999060628313,0.861738867932938
-0.18,0.275,-0.172185167460615,0.270140931226057,0.00781483253938475,-0.00485906877394307,0.00920229085437617,0.700605515298153,-0.257962081287196,-0.170449871220841,0.765803116051413
-0.18,0.29,-0.172485250489485,0.286058660029019,0.00751474951051542,-0.0039413399709812,0.0084856125867639,0.588317524397487,-0.219917761284326,-0.143732093906171,0.644317174211556
-0.18,0.305,-0.173577195299738,0.302221670657173,0.00642280470026232,-0.00277832934282657,0.00699796642996542,0.456087471358425,-0.170959455632304,-0.101536803462437,0.497548183708044
-0.18,0.32,-0.175547289278679,0.318631608769176,0.00445271072132086,-0.001368391230824,0.00465823221065264,0.305059392461318,-0.110202158730012,-0.0429032932876831,0.327179969095003
-0.18,0.335,-0.178467744274987,0.335287279803661,0.001532255725013,0.000287279803660889,0.00155895390965434,0.136543937932808,-0.0368390299536101,0.032783242645341,0.145176146072761
-0.18,0.35,-0.182396897985643,0.3521849554139,-0.00239689798564274,0.00218495541389988,0.00324332392990719,-0.0480201186466152,0.0498306187426195,0.125805155709801,0.143582625526131
-0.16,0.05,-0.160189320161712,0.0509909142404326,-0.000189320161711637,0.0009909142404326,0.00100883752682116,0.223217577367755,-0.0518746246377556,-0.0497862768526162,0.234511862528794
-0.16,0.065,-0.163363918452396,0.065179859303809,-0.00336391845239603,0.000179859303808982,0.00336872330765487,0.3639937773321,-0.107074892932789,-0.000645297663522625,0.379417244087922
-0.16,0.08,-0.165575545225923,0.0793422140110858,-0.00557554522592341,-0.000657785988914222,0.00561421294337231,0.49935544442487,-0.154469737197586,0.0305114496466853,0.523592986977549
-0.16,0.095,-0.166880494898979,0.0934929074313861,-0.00688049489897949,-0.00150709256861395,0.0070436168312348,0.627172679769965,-0.195007213553029,0.0447994009938901,0.65831993569732
-0.16,0.11,-0.167351322837758,0.107649022160812,-0.00735132283775838,-0.00235097783918774,0.0077180984876652,0.745303845792165,-0.229585366324856,0.043736222678482,0.781095108914381
-0.16,0.125,-0.167076595055057,0.12182958363808,-0.00707659505505737,-0.00317041636191978,0.00775433668866596,0.851645525254921,-0.259007466239853,0.0292249818837385,0.890648663143757
-0.16,0.14,-0.166160049505541,0.136055246223693,-0.00616004950554058,-0.00394475377630685,0.00731486789124711,0.944184698650982,-0.283939343086438,0.0035207517832183,0.985972961777452
-0.16,0.155,-0.164719149705317,0.150347880400722,-0.00471914970531674,-0.00465211959927807,0.00662665758185665,1.02105076679678,-0.304871667697227,-0.030818915167597,1.06605534265349
-0.16,0.17,-0.162883051107975,0.164730073399759,-0.0028830511079747,-0.00526992660024132,0.00600700508266184,1.0805648698475,-0.32208989399236,-0.0709980482284878,1.12979839784355
-0.16,0.185,-0.160790043684194,0.179224563448392,-0.000790043684193529,-0.00577543655160843,0.00582922262266495,1.12128398106125,-0.335654156491167,-0.114058119595551,1.17600990049698
-0.16,0.2,-0.158584575627342,0.193853634872957,0.00141542437265824,-0.00614636512704268,0.00630723635435056,1.14203749751003,-0.345390753940583,-0.15696202453656,1.20342624893616
-0.16,0.215,-0.156413998573997,0.208638506222015,0.00358600142600266,-0.00636149377798463,0.00730260291366238,1.14195448764409,-0.350895999238477,-0.196681823236699,1.2107544521054
-0.16,0.23,-0.154425199464833,0.223598746143144,0.00557480053516659,-0.00640125385685601,0.00848848937955439,1.12048035707109,-0.35155227166694,-0.230285591207338,1.19672417395199
-0.16,0.245,-0.152761295396599,0.238751750931502,0.00723870460340142,-0.00624824906849795,0.00956239827434993,1.07738238905861,-0.346555175551665,-0.255018830898622,1.16014390958353
-0.16,0.26,-0.151558563505645,0.254112313930153,0.00844143649435547,-0.00588768606984728,0.0102918753075088,1.01274433179309,-0.334949894550348,-0.268376393385252,1.09995707260374
-0.16,0.275,-0.150943758824947,0.269692310294099,0.0090562411750529,-0.00530768970590102,0.0104970031073088,0.92695087340097,-0.315674221970643,-0.268161677457063,1.01529591499616
-0.16,0.29,-0.151031941350658,0.285500512035112,0.00896805864934172,-0.00449948796488787,0.010033517223995,0.820663396910029,-0.287605398171086,-0.252530912869836,0.905535314820228
-0.16,0.305,-0.151924892910632,0.301542538442538,0.00807510708936773,-0.00345746155746245,0.00878415590287921,0.694788802977726,-0.249607815373603,-0.220021465138721,0.770359609215375
-0.16,0.32,-0.153710159297747,0.317820937128977,0.00628984070225269,-0.00217906287102335,0.00665660657208965,0.550443406660031,-0.200578840118656,-0.169564210060011,0.609897818278986
-0.16,0.335,-0.156460707889017,0.334335381799183,0.00353929211098264,-0.000664618200816633,0.00360115342629562,0.388913956626557,-0.139490402793572,-0.100480997133525,0.425216296479071
-0.16,0.35,-0.160235148691652,0.351082965000058,-0.000235148691652004,0.00108296500005808,0.00110820038735621,0.211617714941194,-0.0654245476798175,-0.0124689947676829,0.221851225013378
-0.14,0.05,-0.141773447087177,0.0505646082276802,-0.00177344708717722,0.000564608227680216,0.00186115475492544,0.369302417060636,-0.105112889493124,0.0356531563247623,0.385622488550653
-0.14,0.065,-0.144865862651424,0.0648842246832172,-0.00486586265142416,-0.000115775316782848,0.00486723979956821,0.5014797284279,-0.150214050327288,0.0813462026773397,0.529778617217556
-0.14,0.08,-0.146976202183435,0.0791632657532666,-0.00697620218343525,-0.000836734246733431,0.00702620246675424,0.629459419447019,-0.187732383304709,0.107383050931518,0.665581482454624
-0.14,0.095,-0.148160818171837,0.0934156092412417,-0.00816081817183667,-0.0015843907587583,0.0083131971773932,0.751168274285076,-0.218862879769061,0.114869437817052,0.790796845885036
-0.14,0.11,-0.148492765459201,0.107657417914998,-0.00849276545920122,-0.0023425820850022,0.00880992372100772,0.864501837082557,-0.244757316675225,0.105360779275508,0.904647702543429
-0.14,0.125,-0.148061575396233,0.121906954839767,-0.00806157539623334,-0.0030930451602329,0.00863457736269673,0.967373867948274,-0.266469916807867,0.0808483743588737,1.00666823978781
-0.14,0.14,-0.146972420476121,0.136184291147646,-0.006972420476121,-0.00381570885235377,0.00794822504347746,1.05776892527228,-0.284904297051088,0.0437265709193894,1.09635498174321
-0.14,0.155,-0.145344647263538,0.150510909066317,-0.0053446472635383,-0.00448909093368302,0.00697977018121102,1.13379566252464,-0.300765217258459,-0.00325898273487663,1.17303495441508
-0.14,0.17,-0.143309697090981,0.164909211400746,-0.00330969709098106,-0.00509078859925424,0.00607208558868742,1.193738180137,-0.314518584683201,-0.0570804837831853,1.23581963626392
-0.14,0.185,-0.141008478920947,0.179401957005974,-0.00100847892094677,-0.00559804299402587,0.00568815568501392,1.23610272737831,-0.326362759342987,-0.114511624277271,1.28360602489736
-0.14,0.2,-0.138588302651225,0.194011649329767,0.00141169734877508,-0.00598835067023254,0.00615249812305645,1.25965724510974,-0.336213466955526,-0.172221626846086,1.31510915486699
-0.14,0.215,-0.136199518389163,0.208759910683299,0.00380048161083659,-0.00624008931670121,0.00730632432586425,1.26346165386306,-0.343703616726552,-0.226874655466808,1.32891640272871
-0.14,0.23,-0.133992033778141,0.22366687792069,0.00600796622185917,-0.0063331220793105,0.00872949559793983,1.24688741757695,-0.348198161866687,-0.275229137046026,1.32355550294339
-0.14,0.245,-0.132111893268511,0.238750654873126,0.0078881067314894,-0.00624934512687357,0.0100636247109154,1.20962563145426,-0.348822950947246,-0.314231557970168,1.29756890022928
-0.14,0.26,-0.130698099077687,0.254026853369001,0.00930190092231266,-0.00597314663099853,0.0110545846346179,1.15168367117017,-0.344505453195544,-0.34109982946456,1.24958804064137
-0.14,0.275,-0.129879833634539,0.269508248106698,0.0101201663654605,-0.0054917518933018,0.0115142132220218,1.07337117361825,-0.334024409815572,-0.35339225207701,1.1784027390366
-0.14,0.29,-0.129774210144609,0.285204561966547,0.0102257898553911,-0.00479543803345339,0.0112943793144781,0.975276742636664,-0.316064953475641,-0.349059336900683,1.08302314095396
-0.14,0.305,-0.130484635450057,0.301122388348263,0.00951536454994256,-0.00387761165173664,0.0102751172567513,0.858237226963528,-0.289275581470002,-0.326477108152309,0.962736001739399
-0.14,0.32,-0.132099822260458,0.317265246979298,0.00790017773954199,-0.00273475302070245,0.00836012454456248,0.723301676441924,-0.252323547878301,-0.284461855162549,0.817167274286606
-0.14,0.335,-0.134693440733662,0.333633760228547,0.00530655926633797,-0.00136623977145288,0.005479615165343,0.571692146668515,-0.203945699593919,-0.222267495864972,0.646400054482208
-0.14,0.35,-0.138324356145292,0.350225928952696,0.0016756438547085,0.000225928952695645,0.00169080638143122,0.404763413795665,-0.142992435166974,-0.139567657097817,0.451398319118071
-0.12,0.05,-0.123200495494852,0.0503124930746225,-0.00320049549485163,0.0003124930746225,0.00321571505800072,0.448796590464029,-0.134329749167477,0.12553274755721,0.484997666348281
-0.12,0.065,-0.126226508733457,0.0647704255378588,-0.00622650873345684,-0.00022957446214121,0.00623073955814892,0.568967632014457,-0.169016498854657,0.16859000283003,0.617022699431864
-0.12,0.08,-0.128253157100552,0.0791737136829772,-0.00825315710055205,-0.000826286317022779,0.00829441686944247,0.686330359030258,-0.196263416371007,0.190363989852363,0.738792732367121
-0.12,0.095,-0.129336762440255,0.0935350974734659,-0.00933676244025478,-0.0014649025265341,0.0094509826091258,0.798920254204296,-0.217515578124394,0.191933048350401,0.849963612752969
-0.12,0.11,-0.129550745811576,0.107869727009623,-0.00955074581157647,-0.00213027299037682,0.00978543859879947,0.904721204898447,-0.234185548448737,0.174871451441878,0.950770265226366
-0.12,0.125,-0.128985426257279,0.12219500611708,-0.00898542625727858,-0.00280499388291953,0.00941306940950758,1.00171270783629,-0.247589317533532,0.14123954687978,1.04149282088467
-0.12,0.14,-0.127747191003699,0.136530324466205,-0.00774719100369888,-0.00346967553379553,0.00848867579529411,1.08792108515856,-0.258882420325934,0.093552433332948,1.12222311234824
-0.12,0.155,-0.125957012187825,0.150896679546659,-0.00595701218782548,-0.00410332045334121,0.00723348000264807,1.16147238375051,-0.269000426553557,0.034726888997133,1.19274333363054
-0.12,0.17,-0.123748328398464,0.165316198308851,-0.00374832839846416,-0.00468380169114868,0.00599899692154781,1.22064429011867,-0.278608053827351,-0.0319921046527298,1.25246991591696
-0.12,0.185,-0.121264356277522,0.17981157722184,-0.00126435627752238,-0.00518842277815974,0.00534025539852142,1.26391427326118,-0.28806078736927,-0.103122250798137,1.30044804057034
-0.12,0.2,-0.118654943203983,0.194405467454913,0.00134505679601684,-0.00559453254508664,0.00575395274420504,1.29000128684302,-0.297382093351059,-0.175047736692333,1.33538828149639
-0.12,0.215,-0.116073111409794,0.209119838094193,0.00392688859020647,-0.00588016190580658,0.0070708385668457,1.29789874093789,-0.30625815642307,-0.244130295416959,1.3557361681234
-0.12,0.23,-0.113671471655151,0.223975353896151,0.00632852834484899,-0.00602464610384916,0.00873765596073581,1.28689703273149,-0.314050676376386,-0.306821221850833,1.35976389211659
-0.12,0.245,-0.11159869739165,0.238990804128675,0.00840130260834968,-0.00600919587132531,0.0103291974778787,1.25659467432215,-0.31982679600364,-0.359767972041763,1.34567291235607
-0.12,0.26,-0.109996246136915,0.254182615930933,0.0100037538630852,-0.00581738406906651,0.0115722534002769,1.2068978635356,-0.322403875551207,-0.399909512057523,1.31169717344985
-0.12,0.275,-0.108995494197218,0.269564479163151,0.0110045058027816,-0.0054355208368486,0.0122737131598905,1.13800912295807,-0.320405738633404,-0.424555627711136,1.2561987479568
-0.12,0.29,-0.108715416348328,0.285147101035196,0.0112845836516716,-0.00485289896480419,0.0122838290672808,1.05040632072301,-0.312326311391314,-0.431446837310978,1.17775055822058
-0.12,0.305,-0.109260897974938,0.300938098662016,0.0107391020250624,-0.00406190133798377,0.0114816094161147,0.944813884956544,-0.296596304975864,-0.418793157290729,1.07520429682075
-0.12,0.32,-0.1107217182638,0.316942027311432,0.00927828173620004,-0.00305797268856843,0.00976922253510144,0.822168332459253,-0.271648749873002,-0.385291580459624,0.947746744966241
-0.12,0.335,-0.11317219441468,0.333160532497871,0.00682780558531984,-0.00183946750212871,0.00707124952199485,0.68358032480542,-0.235979706683979,-0.330123558301815,0.794959234251894
-0.12,0.35,-0.116671432274693,0.349592605740371,0.00332856772530729,-0.000407394259628657,0.0033534062063424,0.530295373273655,-0.188201250730065,-0.252934914411963,0.61693811845137
-0.1,0.05,-0.104454471215363,0.0502083524428149,-0.00445447121536294,0.000208352442814919,0.00445934126849739,0.464558679813047,-0.145933832537633,0.215832144656048,0.532632150923112
-0.1,0.065,-0.107430108572371,0.0648116006505534,-0.00743010857237136,-0.000188399349446561,0.00743249673475194,0.569233258005967,-0.170446525394941,0.257173266061191,0.647472833468197
-0.1,0.08,-0.109391073853061,0.0793461233482322,-0.00939107385306054,-0.000653876651767804,0.00941381021634515,0.672636318301635,-0.187564712769651,0.275706023448648,0.750760956660554
-0.1,0.095,-0.11039357458777,0.0938234448484935,-0.0103935745877704,-0.00117655515150653,0.0104599557712298,0.772967253655567,-0.198974850302423,0.272464437432375,0.843397344026952
-0.1,0.11,-0.110511264819428,0.108257617320237,-0.0105112648194283,-0.00174238267976266,0.010654697813964,0.868353720188212,-0.206345327712345,0.249021515100032,0.926632078018008
-0.1,0.125,-0.109835068069391,0.122665094547739,-0.009835068069391,-0.00233490545226107,0.010108429521966,0.956894660914135,-0.211253077018002,0.207484107304746,1.00167383130954
-0.1,0.14,-0.108472355114652,0.137064490862307,-0.00847235511465183,-0.00293550913769298,0.00896649402421292,1.03670813295004,-0.215108981321745,0.150464036673203,1.06944296610808
-0.1,0.155,-0.106545448994063,0.151476224906721,-0.00654544899406308,-0.00352377509327911,0.00743369984878967,1.10598180677057,-0.219086925798463,0.0810247453042589,1.13039873250427
-0.1,0.17,-0.104189474446929,0.165922056703382,-0.0041894744469295,-0.00407794329661773,0.00584647908333766,1.16302360816741,-0.2240615488681,0.00260453140342686,1.18443414046609
-0.1,0.185,-0.10154961747496,0.180424535639691,-0.0015496174749602,-0.0045754643603086,0.00483075443705807,1.20630975879074,-0.230559458691583,-0.0810806191539702,1.23084248618071
-0.1,0.2,-0.0987779084675481,0.195006385599143,0.00122209153245187,-0.00499361440085731,0.00514098166677728,1.23452750679774,-0.238727858217157,-0.166149804523627,1.26835350244567
-0.1,0.215,-0.0960296832622661,0.209689860170237,0.00397031673773393,-0.00531013982976279,0.00663030919411481,1.24661012995991,-0.248323232967286,-0.248679341745482,1.29522743200031
-0.1,0.23,-0.0934599056797742,0.224496104971138,0.00654009432022576,-0.00550389502886232,0.00854784734340668,1.24176231569815,-0.258721135917877,-0.324827139949486,1.30938823999268
-0.1,0.245,-0.0912195485985589,0.239444564794481,0.00878045140144107,-0.00555543520551866,0.0103903410500226,1.21947473107328,-0.268946351424342,-0.390952002584037,1.3085750494837
-0.1,0.26,-0.0894522265427085,0.25455247037143,0.0105477734572915,-0.0054475296285698,0.0118714406859694,1.17952738929354,-0.277721051516682,-0.443721054689919,1.29049316990515
-0.1,0.275,-0.0882912515719849,0.269834433421832,0.0117087484280151,-0.00516556657816836,0.0127975727317346,1.1219822216785,-0.283527181360696,-0.480199646860581,1.25295092882878
-0.1,0.29,-0.0878572485795991,0.285302169980871,0.0121427514204009,-0.00469783001912871,0.0130198317556824,1.04716597039385,-0.284678376924094,-0.497919696404925,1.19397401968049
-0.1,0.305,-0.0882564205784804,0.30096436175608,0.0117435794215196,-0.0040356382439197,0.0124176500862814,0.95564507328241,-0.27939631171659,-0.49492429680588,1.11189417831828
-0.1,0.32,-0.0895795039549913,0.316826654764562,0.0104204960450087,-0.00317334523543779,0.0108929728636088,0.848194553980513,-0.26588648250075,-0.469788298703311,1.00541364983463
-0.1,0.335,-0.0919014037092826,0.332891784554379,0.00809859629071744,-0.00210821544562072,0.00836850250912169,0.72576307060758,-0.242409009987928,-0.421616257178173,0.873652802689512
-0.1,0.35,-0.0952814532289868,0.349159808950028,0.00471854677101319,-0.000840191049971781,0.00479276586437223,0.58943621784075,-0.20734092173092,-0.350020481937266,0.716202715408752
-0.08,0.05,-0.0855200197657199,0.0502245394855268,-0.00552001976571989,0.000224539485526809,0.00552458470787614,0.42224040880492,-0.146509364182547,0.302256426616386,0.539548936913182
-0.08,0.065,-0.0884614477315998,0.0649793629021697,-0.00846144773159982,-2.06370978302617e-05,0.0084614728980481,0.508025109859235,-0.161700847783537,0.34287407533721,0.633879646474362
-0.08,0.08,-0.0903750283564833,0.0796514397784112,-0.0103750283564833,-0.000348560221588828,0.0103808818327686,0.594189230018057,-0.169433558990678,0.359319785043666,0.714762831581897
-0.08,0.095,-0.0913167770464202,0.0942510111782131,-0.0113167770464202,-0.000748988821786922,0.0113415354768896,0.679150945320716,-0.171613427217085,0.352568445928073,0.784226552372956
-0.08,0.11,-0.0913604489615191,0.108790955278799,-0.0113604489615191,-0.00120904472120081,0.0114246045771897,0.761237887333266,-0.170145910725406,0.324171687665015,0.844708801407634
-0.08,0.125,-0.0905973852269027,0.123286692790167,-0.0105973852269027,-0.00171330720983276,0.0107349892986737,0.838724042198174,-0.166854271623821,0.276257988591408,0.898684260918151
-0.08,0.14,-0.0891356999301635,0.137755974824099,-0.00913569993016354,-0.00224402517590094,0.00940726645758838,0.909872052030548,-0.163395066569339,0.211507105899639,0.948325305557132
-0.08,0.155,-0.0870987779597793,0.152218551111026,-0.00709877795977931,-0.00278144888897369,0.00762424464745338,0.972979129327816,-0.1611762702902,0.133097543293604,0.995191454962583
-0.08,0.17,-0.0846230996967097,0.166695725498968,-0.00462309969670969,-0.0033042745010316,0.00568254175381799,1.02642433230823,-0.161283845908338,0.0446277900074466,1.03999073254013
-0.08,0.185,-0.0818554585364728,0.181209815212357,-0.00185545853647284,-0.00379018478764315,0.0042199795147668,1.06871466547165,-0.164422392646893,-0.0499857657095525,1.08245978548174
-0.08,0.2,-0.0789496865113637,0.195783539280298,0.00105031348863627,-0.00421646071970222,0.00434530774804306,1.09852739451646,-0.170874692660083,-0.146629242980645,1.12138346369794
-0.08,0.215,-0.0760630457231166,0.210439368907289,0.00393695427688338,-0.00456063109271071,0.00602486223428138,1.11474614644233,-0.180483591513367,-0.241123264768382,1.15473757205364
-0.08,0.23,-0.0733524736471809,0.225198877187872,0.00664752635281911,-0.00480112281212805,0.00820002358951246,1.11648878206324,-0.192657827189703,-0.329358689236718,1.1799112614872
-0.08,0.245,-0.0709708845896232,0.240082126699576,0.00902911541037676,-0.00491787330042354,0.0102815564431132,1.10312564477551,-0.206401392627503,-0.407427868639386,1.19395844829608
-0.08,0.26,-0.0690637256182745,0.255107131142208,0.0109362743817255,-0.00489286885779214,0.0119809124448824,1.07428751958082,-0.220364035003443,-0.471743691627381,1.19383736639028
-0.08,0.275,-0.0677659636368167,0.270289421176518,0.0122340363631833,-0.00471057882348164,0.0131095842263561,1.02986341000324,-0.232908816988034,-0.519139886811136,1.17661380012497
-0.08,0.29,-0.0671996436930029,0.28564173619647,0.0128003563069971,-0.00435826380352961,0.0135219667566237,0.96998894200231,-0.242191483156602,-0.546947842960232,1.13961836637686
-0.08,0.305,-0.0674721117428676,0.301173853429054,0.0125278882571324,-0.0038261465709456,0.0130991366801616,0.895026781927306,-0.246245804142162,-0.553047304395255,1.08055812619074
-0.08,0.32,-0.0686749432862696,0.316892555169775,0.0113250567137304,-0.00310744483022549,0.0117436418091708,0.80554084303351,-0.243069121276193,-0.53589044549229,0.997588270586805
-0.08,0.335,-0.0708835680769676,0.332801724816786,0.00911643192303238,-0.00219827518321397,0.0093777259923938,0.702266245762796,-0.230702910291957,-0.494500772128379,0.889352914751303
-0.08,0.35,-0.0741575346679352,0.348902553766301,0.00584246533206478,-0.00109744623369945,0.00594464375654588,0.586076988789839,-0.207304178842343,-0.428449849027074,0.755009126485527
-0.06,0.05,-0.0663826641692283,0.050332214527351,-0.00638266416922828,0.000332214527351021,0.00639130412273846,0.330326724173937,-0.142289245235304,0.380455162716666,0.523555166304993
-0.06,0.065,-0.0693060832516227,0.0652440463142294,-0.00930608325162266,0.000244046314229418,0.00930928268394621,0.394128690285564,-0.149634529096925,0.421374680598512,0.596060183663299
-0.06,0.08,-0.0711907431008544,0.0800592428090469,-0.0111907431008544,5.92428090468722e-05,0.0111908999128642,0.460035503616441,-0.149342865427946,0.436977869813017,0.651836020397493
-0.06,0.095,-0.0720923956354895,0.094786705781591,-0.0120923956354895,-0.000213294218408988,0.0120942766062635,0.5267344830759,-0.143504405602848,0.428169003263158,0.693813597217419
-0.06,0.11,-0.0720847678862503,0.109438073968092,-0.0120847678862503,-0.000561926031907661,0.0120978252479478,0.59280594723415,-0.134228562909591,0.396459543907281,0.725688230657917
-0.06,0.125,-0.0712594299293857,0.124027661304905,-0.0112594299293857,-0.000972338695094943,0.0113013364197658,0.656752208351053,-0.123555552377864,0.343973713142101,0.751608577664797
-0.06,0.14,-0.0697249924237628,0.138572275430452,-0.00972499242376285,-0.00142772456954846,0.00982923573268731,0.717032312462101,-0.113363468998228,0.273426871473306,0.775730661608931
-0.06,0.155,-0.0676056017619936,0.153090912672957,-0.00760560176199357,-0.00190908732704317,0.00784154274261873,0.772101190764384,-0.105276768457217,0.188074888997415,0.801627153368981
-0.06,0.17,-0.0650387476651473,0.167604334817928,-0.00503874766514725,-0.0023956651820721,0.00557926426131792,0.820451406288965,-0.10058260468605,0.0916348321383869,0.831664870585535
-0.06,0.185,-0.0621724492264405,0.18213454279561,-0.00217244922644054,-0.00286545720439049,0.0035958838456846,0.860655325823123,-0.100161433895869,-0.0118203190080443,0.866552904502437
-0.06,0.2,-0.059161935963254,0.196704171759868,0.000838064036746003,-0.00329582824013244,0.00340071097244995,0.891405366500519,-0.104437538680509,-0.117987847326066,0.905234171184685
-0.06,0.215,-0.0561659841562993,0.211335839905908,0.00383401584370069,-0.00366416009409179,0.00530337125655773,0.911550014604017,-0.113353688619967,-0.222475297895365,0.945139144236667
-0.06,0.23,-0.0533431000670411,0.226051488556214,0.00665689993295894,-0.00394851144378641,0.00773983587288135,0.920123580838054,-0.126372180664911,-0.320945846116577,0.982663338917891
-0.06,0.245,-0.050847756514846,0.240871752708183,0.00915224348515403,-0.0041282472918166,0.0100402184495127,0.916368128431973,-0.142502233272738,-0.40926005513752,1.0136853697857
-0.06,0.26,-0.0488268854735619,0.255815399321692,0.0111731145264381,-0.00418460067830842,0.0119310255660526,0.899746625029994,-0.160351439665227,-0.483605424362438,1.03400183608598
-0.06,0.275,-0.0474168073821464,0.270898864955944,0.0125831926178536,-0.00410113504405565,0.0132346531918137,0.869947050219207,-0.178197013358142,-0.540606377220139,1.03963789647814
-0.06,0.29,-0.0467407405937009,0.286135916127596,0.0132592594062991,-0.00386408387240419,0.0138108328560049,0.826877851637442,-0.194071123471141,-0.577409242428874,1.02704442927722
-0.06,0.305,-0.04690698649971,0.30153744548099,0.01309301350029,-0.00346255451900981,0.0135431269031894,0.770655717439375,-0.205853866322927,-0.591739093815075,0.993209900432843
-0.06,0.32,-0.0480078330890695,0.317111406198723,0.0119921669109305,-0.0028885938012769,0.0123351546957625,0.701587050618778,-0.21136737937836,-0.581927692116224,0.935713555232714
-0.06,0.335,-0.0501191674589749,0.332862876805328,0.00988083254102509,-0.00213712319467207,0.0101093099296137,0.620144781515319,-0.208465202268716,-0.546913959562726,0.852740049704933
-0.06,0.35,-0.0533007406982468,0.348794239712396,0.00669925930175316,-0.00120576028760352,0.00680690333876485,0.526942226536989,-0.195112068018679,-0.486220178727365,0.743071080404367
-0.04,0.05,-0.047029037063098,0.0505016098494348,-0.00702903706309801,0.000501609849434814,0.00704691240725011,0.199937113704514,-0.138594121366065,0.446272540714214,0.508275569673671
-0.04,0.065,-0.0499505777842548,0.0655749826305331,-0.00995057778425484,0.0005749826305331,0.00996717629351065,0.239172024867489,-0.140143108917119,0.488509473119666,0.561682633150146
-0.04,0.08,-0.0518248204327061,0.080538034445419,-0.0118248204327061,0.000538034445419,0.0118370545039803,0.28226864793964,-0.133766813733673,0.504555836711727,0.59342134302009
-0.04,0.095,-0.0527071888793765,0.0953982843234923,-0.0127071888793765,0.000398284323492287,0.012713429105418,0.328224977997163,-0.121692311706741,0.495238008397455,0.606469103848188
-0.04,0.11,-0.0526712564991531,0.11016607799615,-0.0126712564991531,0.00016607799615001,0.0126723448172836,0.375918654145043,-0.106186491321904,0.462011002421975,0.605018985780656
-0.04,0.125,-0.0518086337631876,0.12485455960109,-0.0118086337631876,-0.000145440398909846,0.0118095293836262,0.424126630647673,-0.0894629800055596,0.406969326154715,0.594570625267428
-0.04,0.14,-0.0502281773080114,0.139479522114838,-0.0102281773080114,-0.000520477885161935,0.0102414114394971,0.471550634051851,-0.0735829762723908,0.332829686618684,0.581853043914905
-0.04,0.155,-0.0480544867802369,0.154059131061345,-0.0080544867802369,-0.000940868938654998,0.00810925345841014,0.516847629151972,-0.0603561294632805,0.242883216709615,0.574255475910751
-0.04,0.17,-0.0454257031340895,0.168613525068668,-0.00542570313408954,-0.00138647493133218,0.00560005064570684,0.558664032905047,-0.0512483849507087,0.140917119236226,0.578439603576491
-0.04,0.185,-0.0424906741777057,0.183164306941575,-0.00249067417770567,-0.00183569305842499,0.00309406316422912,0.595672024717098,-0.0473038228091468,0.0311081661727008,0.598359243851744
-0.04,0.2,-0.0394056046805438,0.197733948672397,0.000594395319456156,-0.00226605132760266,0.00234271091155549,0.626606022758881,-0.0490868534425275,-0.0821069475816001,0.633869289181035
-0.04,0.215,-0.0363303530267934,0.212345142027386,0.00366964697320661,-0.00265485797261369,0.00452930234834405,0.650297293511788,-0.0566497029738701,-0.194177149324223,0.681033027658614
-0.04,0.23,-0.0334245685005527,0.227020132143453,0.00657543149944729,-0.00297986785654672,0.00721913511761651,0.665704750501253,-0.0695280593248822,-0.300589589267538,0.733729121868363
-0.04,0.245,-0.030843878785171,0.241780073794261,0.00915612121482903,-0.00321992620573872,0.00970579623065749,0.67194028046365,-0.086765307859534,-0.397019725169945,0.785281016279421
-0.04,0.26,-0.0287363335406997,0.256644448445424,0.0112636664593003,-0.00335555155457598,0.0117528680900359,0.668287373245577,-0.106963283189236,-0.479469596912681,0.829428879132524
-0.04,0.275,-0.0272392878836819,0.271630575100861,0.0127607121163181,-0.00336942489913905,0.0131980603827413,0.654212370714471,-0.128355235049258,-0.544386217584071,0.860720151039326
-0.04,0.29,-0.0264768717955518,0.286753239808061,0.0135231282044482,-0.00324676019193945,0.0139074242107554,0.629368225484515,-0.14889503187198,-0.588753988263934,0.874597167305905
-0.04,0.305,-0.026558142971902,0.302024458649179,0.013441857028098,-0.00297554135082093,0.0137672570504903,0.593591187312377,-0.166355685674644,-0.61015749881864,0.867370308986552
-0.04,0.32,-0.0275759670643312,0.317453378307639,0.0124240329356688,-0.00254662169236106,0.0126823450682667,0.546891280555359,-0.17843012817843,-0.606813645667602,0.836159430176168
-0.04,0.335,-0.0296066163561014,0.333046307961194,0.0103933836438986,-0.00195369203880635,0.0105754118667669,0.489437744778646,-0.182827734464167,-0.577574395961168,0.778830411115207
-0.04,0.35,-0.0327100304216317,0.348806867281604,0.00728996957836833,-0.00119313271839586,0.00738696298469421,0.421540771441238,-0.177361208228179,-0.521903469313322,0.693932804912738
-0.02,0.05,-0.0274471002987216,0.0507023162291895,-0.00744710029872162,0.000702316229189537,0.00748014377836433,0.0443730622579911,-0.139307200284457,0.49600271306051,0.51710344331917
-0.02,0.065,-0.0303827231379546,0.0659408018046115,-0.0103827231379546,0.000940801804611535,0.0104252600828458,0.0571526173946462,-0.137578381119889,0.540522147742948,0.560678993200728
-0.02,0.08,-0.0322649676266128,0.0810555522991459,-0.0122649676266128,0.00105555229914595,0.0123103055014119,0.0755388675074129,-0.127536917509253,0.55828656076841,0.577631799500532
-0.02,0.095,-0.0331488719400135,0.0960526739720744,-0.0131488719400135,0.00105267397207437,0.0131909421872115,0.0988693604551524,-0.111490226807511,0.550041733121427,0.569871745644806
-0.02,0.11,-0.0331077349149182,0.110941178831806,-0.0131077349149182,0.000941178831805611,0.0131414813545964,0.126351398698951,-0.0918054642486787,0.517173328093815,0.540243771725661
-0.02,0.125,-0.0322330207460451,0.125732989986863,-0.0122330207460451,0.000732989986862803,0.0122549610727252,0.157071483149756,-0.0708143227064396,0.461722476561624,0.492823763515611
-0.02,0.14,-0.0306335803215919,0.140442824895355,-0.0106335803215919,0.000442824895355354,0.0106427968290151,0.190010300859402,-0.0507102975468307,0.386372868284123,0.433543929579776
-0.02,0.155,-0.0284341539353477,0.155087949287879,-0.00843415393534774,8.79492878786969e-05,0.00843461247968039,0.224063063243707,-0.0334446364615254,0.294406582626886,0.371481519499939
-0.02,0.17,-0.0257731681441055,0.169687803668992,-0.00577316814410547,-0.000312196331008124,0.00578160332167549,0.2580645883736,-0.020628133802845,0.189628142661414,0.320908013890671
-0.02,0.185,-0.0227998920670592,0.184263514525787,-0.00279989206705921,-0.00073648547421265,0.00289513496074144,0.290818105384936,-0.0134461922523483,0.0762588881852699,0.300951153460798
-0.02,0.2,-0.0196710706282629,0.198837312339309,0.000328929371737096,-0.00116268766069128,0.00120831996090237,0.32112640192459,-0.0125940323025232,-0.0411935400476493,0.324003029544214
-0.02,0.215,-0.0165471975531428,0.213431887263397,0.00345280244685718,-0.00156811273660251,0.00379220546538791,0.347823686112698,-0.0182375633159906,-0.15808339310949,0.382498141011318
-0.02,0.23,-0.0135886236554954,0.228069719497773,0.00641137634450456,-0.00193028050222699,0.00669565003925312,0.369806427907701,-0.0300033589889306,-0.269783676429646,0.458738871166007
-0.02,0.245,-0.0109517118351843,0.242772424204466,0.00904828816481569,-0.00222757579553418,0.00931845548566893,0.38606150582621,-0.0469986514463019,-0.371841769679458,0.53807136051187
-0.02,0.26,-0.00878524674965365,0.25756014983144,0.0112147532503463,-0.00243985016855963,0.0114770884509607,0.395690203234979,-0.0678596050408513,-0.460124034187086,0.610649915660021
-0.02,0.275,-0.00722728510149099,0.272451063909049,0.012772714898509,-0.00254893609095139,0.0130245660608847,0.397926950129391,-0.0908237100289334,-0.530940780973269,0.669699949964085
-0.02,0.29,-0.00640259441435521,0.287460952738375,0.0135974055856448,-0.00253904726162538,0.0138324328900339,0.392152139491065,-0.113820260502647,-0.581144961946717,0.710263528033835
-0.02,0.305,-0.00642077936688136,0.30260295138491,0.0135792206331186,-0.00239704861509016,0.0137891651330318,0.377898812110735,-0.134571761162414,-0.608200465016597,0.728582205174483
-0.02,0.32,-0.00737514073651875,0.317887409829553,0.0126248592634813,-0.00211259017044663,0.0128003948630883,0.354853435599472,-0.15069882145658,-0.610218596032476,0.72180656761201
-0.02,0.335,-0.00934225873276324,0.333321890685567,0.0106577412672368,-0.00167810931443257,0.0107890453604824,0.322851370435155,-0.159821587915204,-0.585963869323093,0.687848301622394
-0.02,0.35,-0.0123822448133689,0.348911284845546,0.00761775518663113,-0.00108871515445375,0.00769516047727289,0.281867874433493,-0.159651873759587,-0.534832332579651,0.625290111866739
0,0.05,-0.00762634535578319,0.0509035850074977,-0.00762634535578319,0.000903585007497737,0.00767968810248505,-0.121564980896081,-0.146459805237602,0.526619746047901,0.559963723707234
0,0.065,-0.0105917463578399,0.0663097497505487,-0.0105917463578399,0.00130974975054865,0.0106724193750937,-0.136291265200384,-0.144282435669036,0.574301005916597,0.607632978119199
0,0.08,-0.0125002067622336,0.0815791021147531,-0.0125002067622336,0.00157910211475309,0.0125995528725193,-0.143718476551728,-0.133322914334662,0.594997150325514,0.626462703333455
0,0.095,-0.0134063281743516,0.096716319477276,-0.0134063281743516,0.00171631947727596,0.013515745916023,-0.144156023383555,-0.1159070902762,0.589375038647238,0.617723275397977
0,0.11,-0.0133830193459467,0.111729052906467,-0.0133830193459467,0.00172905290646672,0.0134942517675988,-0.138050051000271,-0.094438505661464,0.558741884455581,0.583242555731868
0,0.125,-0.0125214151690413,0.126627965925899,-0.0125214151690413,0.00162796592589895,0.0126268012929398,-0.125984489801186,-0.0713037134259602,0.505064690045783,0.52540326106366
0,0.14,-0.0109301105793943,0.14142665094275,-0.0109301105793943,0.00142665094275032,0.0110228240569392,-0.108677063735005,-0.0487689328094614,0.430961468033261,0.447121811675054
0,0.155,-0.00873367319058203,0.15614141443416,-0.00873367319058203,0.00114141443416008,0.00880794381853111,-0.0869698481694178,-0.028874141170992,0.339661173559221,0.351806157132166
0,0.17,-0.00607044648784966,0.170790931185519,-0.00607044648784966,0.000790931185518845,0.00612175568787848,-0.0618143077720828,-0.0133317544724189,0.234931456061284,0.24329328455034
0,0.185,-0.00308970821149274,0.185395778004502,-0.00308970821149274,0.000395778004502079,0.00311495378152121,-0.0342511437190243,-0.00343745236748968,0.120975956799563,0.125778159488833
0,0.2,5.16989582761993e-05,0.19997786766235,5.16989582761993e-05,-2.21323376503324e-05,5.62371999366301e-05,-0.00538569472539033,-2.99512274575795e-07,0.00230561732998842,0.00585846212934893
0,0.215,0.00319310165643994,0.21455981286202,0.00319310165643994,-0.000440187137980191,0.0032233000022962,0.0236399874131716,-0.00329806451841049,-0.116409024718524,0.118830940133486
0,0.23,0.00617389917468758,0.229164256685717,0.00617389917468758,-0.000835743314282517,0.00623020849623638,0.0516769624562389,-0.0130616400264446,-0.230495636025489,0.236578597162256
0,0.245,0.00883742385186465,0.243813209311214,0.00883742385186465,-0.00118679068878641,0.00891675571474829,0.0775995345315135,-0.0284899518382987,-0.335438015876172,0.345474151298355
0,0.26,0.0110345496381113,0.258527430319151,0.0110345496381113,-0.00147256968084913,0.0111323738340436,0.100334076062714,-0.048294042308305,-0.427024169501903,0.441304708177978
0,0.275,0.0126268618723432,0.273325891622491,0.0126268618723432,-0.00167410837750892,0.0127373576381791,0.118885053195915,-0.0707664868406952,-0.501475568596006,0.520212607019069
0,0.29,0.0134892392726766,0.288225348752414,0.0134892392726766,-0.00177465124758583,0.013605475486218,0.132357028197946,-0.0938702851544535,-0.555550562610819,0.578765314477051
0,0.305,0.0135117479953539,0.303240038525753,0.0135117479953539,-0.00175996147424728,0.0136258870639964,0.139971767949294,-0.115340094132881,-0.586617402278632,0.614018744060573
0,0.32,0.0126008017018718,0.318381510669379,0.0126008017018718,-0.00161848933062061,0.0127043186060185,0.141079993618553,-0.13278824093879,-0.592695081776418,0.623560405513865
0,0.335,0.0106795949066249,0.333658590560241,0.0106795949066249,-0.00134140943975886,0.0107635090307336,0.135167706158118,-0.143808336251222,-0.572462824337867,0.605531373648782
0,0.35,0.00768786457955817,0.349077461080041,0.00768786457955817,-0.00092253891995947,0.00774301878161645,0.121857378023896,-0.146070347827996,-0.525241244432635,0.558629218758719
0.02,0.05,0.0124420316502367,0.0510746387871047,-0.0075579683497633,0.00107463878710473,0.00763398546624067,-0.282427724149166,-0.159992424172821,0.535952468839491,0.626587549283908
0.02,0.065,0.00943150815662578,0.0666500159660086,-0.0105684918433742,0.00165001596600864,0.0106965215154998,-0.324796824857615,-0.160314105996225,0.587561596643951,0.690237627033629
0.02,0.08,0.00747893730849837,0.0820759014999126,-0.0125210626915016,0.00207590149991263,0.0126919808525641,-0.358263056058155,-0.151322435980635,0.612297150040952,0.725372817703795
0.02,0.095,0.00653019856084048,0.0973555418556055,-0.0134698014391595,0.00235554185560555,0.0136742139899847,-0.382785853307273,-0.135299100827073,0.610752372798537,0.733387115086669
0.02,0.11,0.00651288285862357,0.112495213824696,-0.0134871171413764,0.00249521382469567,0.0137159914266582,-0.39846491073875,-0.114618428813644,0.584150683757937,0.716345150761324
0.02,0.125,0.00733636250222204,0.127504295992166,-0.012663637497778,0.00250429599216562,0.0129088811711746,-0.405551343769003,-0.0916557923833994,0.534367854812694,0.677072385858267
0.02,0.14,0.00889254456183548,0.142395218213059,-0.0111074554381645,0.00239521821305849,0.0113627741594638,-0.404454486375425,-0.068686620099525,0.463926860240733,0.619300532062066
0.02,0.155,0.011057344525669,0.157183278697032,-0.00894265547433097,0.00218327869703247,0.00920531329187103,-0.395743355966116,-0.0477818052483064,0.375962135649819,0.547946822706716
0.02,0.17,0.013692869161139,0.171886327280385,-0.00630713083886097,0.00188632728038493,0.00658317021101805,-0.380142066512857,-0.0307064171527199,0.274152073655746,0.469692952615943
0.02,0.185,0.0166502448095757,0.186524323698538,-0.00334975519042435,0.00152432369853822,0.00368027479594936,-0.358518831070763,-0.0188291305418716,0.162621101209108,0.394127547208024
0.02,0.2,0.0197729749597165,0.201118790096363,-0.000227025040283496,0.00111879009636284,0.00114159171713678,-0.33186863596763,-0.0130495272779791,0.0458153864270627,0.335270714611375
0.02,0.215,0.0229006652725407,0.215692186339069,0.00290066527254075,0.000692186339068535,0.00298211015076858,-0.301290154014216,-0.0137493308565089,-0.0716412577682547,0.309995976169112
0.02,0.23,0.0258729210243111,0.23026724382743,0.00587292102431106,0.000267243827430375,0.00587899826680486,-0.267957932086991,-0.0207717831104108,-0.185102704766207,0.326337585262978
0.02,0.245,0.0285332055370964,0.244866297265432,0.00853320553709642,-0.000133702734568197,0.00853425293505906,-0.23309127779405,-0.0334309697505229,-0.290057338973435,0.37360798706278
0.02,0.26,0.0307324510453466,0.259510653909927,0.0107324510453466,-0.000489346090072756,0.0107436011205104,-0.197921538630954,-0.0505502565945083,-0.382276467406957,0.433433336667557
0.02,0.275,0.0323322351031569,0.274220036147664,0.0123322351031569,-0.000779963852335863,0.0123568752623989,-0.163659565850685,-0.0705264667253142,-0.45794528537922,0.491399837787962
0.02,0.29,0.0332073731617104,0.289012126212364,0.0132073731617104,-0.000987873787636068,0.013244266701217,-0.131465089928309,-0.0914143448689439,-0.513769135604094,0.538145432010661
0.02,0.305,0.0332478266144722,0.303902232665615,0.0132478266144722,-0.0010977673343851,0.0132932314779951,-0.102419509096845,-0.111024467073618,-0.54705019980646,0.567523341001442
0.02,0.32,0.0323598793096054,0.318903087870916,0.0123598793096054,-0.0010969121290838,0.012408458114002,-0.0775032474193847,-0.127027187812592,-0.555732458644336,0.575312094693777
0.02,0.335,0.0304665886954249,0.334024775408516,0.0104665886954249,-0.000975224591484414,0.0105119237974327,-0.0575784245082456,-0.137055455891574,-0.538415366017881,0.558563380702837
0.02,0.35,0.0275075651925025,0.349274777201467,0.00750756519250245,-0.000725222798533071,0.00754251173198866,-0.0433771511218764,-0.138800250783433,-0.49433894721309,0.515286203223387
0.04,0.05,0.0327649858313675,0.0511849834823614,-0.00723501416863245,0.0011849834823614,0.00733141295207013,-0.423039313513338,-0.177730678631595,0.522781639102131,0.695598332432783
0.04,0.065,0.0296944262748002,0.0669300632033469,-0.0103055737251998,0.00193006320334693,0.0104847505346786,-0.492276147386992,-0.183413866774085,0.578952692419239,0.781775002048812
0.04,0.08,0.0276802769437035,0.0825134264976498,-0.0123197230562965,0.00251342649764982,0.0125734994708288,-0.551124852480012,-0.179212641960195,0.6086929578336,0.840461514312769
0.04,0.095,0.0266689370163107,0.0979369008450253,-0.0133310629836893,0.00293690084502526,0.013650737227293,-0.599213950832456,-0.167305922152354,0.612529888766566,0.873072874631392
0.04,0.11,0.0265886004754906,0.11320538932265,-0.0134113995245094,0.00320538932265019,0.0137891318767996,-0.636313443922819,-0.149976613365343,0.591601061989556,0.881700028929445
0.04,0.125,0.0273493181590662,0.128326973630802,-0.0126506818409338,0.00332697363080228,0.0130808449490308,-0.662355122839047,-0.129525373222478,0.547677905598754,0.869170125293337
0.04,0.14,0.0288437385833221,0.143312896054296,-0.0111562614166779,0.00331289605429555,0.0116377596239063,-0.677449263258306,-0.108174680245966,0.483163503240451,0.839105965386395
0.04,0.155,0.0309485643366194,0.158177408562959,-0.00905143566338056,0.00317740856295895,0.00959293556448089,-0.681896267160247,-0.0879685317221041,0.401061175286649,0.795978164329335
0.04,0.17,0.033526713657605,0.172937485991997,-0.00647328634239504,0.00293748599199739,0.00710860464675164,-0.676191962620965,-0.0706742177481922,0.304912466630492,0.745124051883053
0.04,0.185,0.0364301244199412,0.187612410527889,-0.00356987558005878,0.00261241052788899,0.00442365238500102,-0.661025576910076,-0.0576931986400949,0.198705540360302,0.692656519037607
0.04,0.2,0.039503085925302,0.202223245101992,-0.000496914074697992,0.00222324510199248,0.00227810060821873,-0.63726984394609,-0.0499879827232146,0.0867575469711512,0.645091404659734
0.04,0.215,0.0425859384266185,0.216792222923739,0.00258593842661853,0.00179222292373876,0.0031462899667127,-0.605963261097345,-0.0480309886699966,-0.0264230211405043,0.608440715799887
0.04,0.23,0.0455189472831242,0.231342087857477,0.00551894728312417,0.00134208785747705,0.00567978687373839,-0.568285107005593,-0.0517797308894005,-0.136285980404162,0.586690701606861
0.04,0.245,0.0481461421713258,0.245895424535591,0.00814614217132584,0.000895424535590716,0.00819520697568958,-0.525524412249795,-0.0606804616544275,-0.238391864127347,0.580251311777808
0.04,0.26,0.0503189143334574,0.260474017733547,0.0103189143334574,0.000474017733546689,0.0103297960208781,-0.479044555562018,-0.0736999176470948,-0.328557542510764,0.585549662290097
0.04,0.275,0.0518991860639585,0.275098277353096,0.0118991860639585,9.8277353095505e-05,0.0118995919015248,-0.430245477954228,-0.0893823803634629,-0.402986195537526,0.596239434424169
0.04,0.29,0.0527620035714867,0.289786758844995,0.0127620035714867,-0.000213241155005317,0.0127637849773814,-0.380525636303459,-0.105927191534047,-0.458374358492107,0.605087419450488
0.04,0.305,0.0527974523604914,0.304555800050677,0.0127974523604914,-0.000444199949322904,0.0128051591366146,-0.331245739508975,-0.121280416903803,-0.491990981059419,0.605385178605652
0.04,0.32,0.0519118473791283,0.319419285402692,0.0119118473791283,-0.000580714597308157,0.0119259941903044,-0.283696047552722,-0.133233664244707,-0.501725991793957,0.591579864904429
0.04,0.335,0.0500282027827585,0.334388538170352,0.0100282027827585,-0.000611461829647775,0.0100468271917677,-0.239068623101745,-0.139523146421613,-0.486108397183106,0.559396437658458
0.04,0.35,0.0470860330759217,0.349472332356718,0.00708603307592168,-0.000527667643282159,0.00710565253124743,-0.19843543802683,-0.137922834345559,-0.444296182202992,0.505766833465405
0.06,0.05,0.0533475146761549,0.0512047143681295,-0.00665248532384508,0.00120471436812949,0.00676068766419155,-0.529382627777572,-0.195580439721618,0.48684890513677,0.74533708172795
0.06,0.065,0.0502025062481559,0.0671189512304969,-0.00979749375184413,0.00211895123049688,0.0100240130753431,-0.623877672563106,-0.209213361061687,0.548073743301027,0.856383128235098
0.06,0.08,0.0481098347125423,0.0828597524818126,-0.0118901652874577,0.00285975248181258,0.0122292360685489,-0.706641321723677,-0.21237238387406,0.583615285048041,0.94078194760414
0.06,0.095,0.0470164525202049,0.0984275520255265,-0.0129835474797951,0.00342755202552647,0.0134283512780901,-0.777004045301518,-0.207083087609077,0.593944284107613,0.999706886538829
0.06,0.11,0.0468512535709249,0.113825893385224,-0.0131487464290751,0.00382589338522438,0.013694049541725,-0.834437454911995,-0.195482665346313,0.580113019923691,1.03492008136389
0.06,0.125,0.04752513082259,0.129061562744257,-0.01247486917741,0.00406156274425709,0.0131193998688596,-0.878582332651207,-0.179740867118755,0.543779425499492,1.04878046801004
0.06,0.14,0.0489317048050771,0.144144602371225,-0.0110682951949229,0.00414460237122527,0.0118188361244887,-0.909273779488798,-0.161971343050535,0.487207111111165,1.04422912879363
0.06,0.155,0.0509487594642674,0.159088191399303,-0.00905124053573261,0.00408819139930261,0.00993167982533776,-0.926561686733398,-0.14413813535793,0.413238075968506,1.02473706863346
0.06,0.17,0.0534403754533759,0.173908389358131,-0.00655962454662411,0.00390838935813081,0.00763571748871209,-0.930724787991215,-0.127963148125731,0.325236640098279,0.994196595595862
0.06,0.185,0.0562596992879774,0.188623748084843,-0.00374030071202264,0.00362374808484345,0.00520782100294966,-0.92227679528053,-0.11484103364144,0.227005291573403,0.956731739149397
0.06,0.2,0.0592522357715967,0.203254807984525,-0.000747764228403293,0.00325480798452532,0.00333959973011877,-0.901963548987291,-0.105767915572172,0.12267551360851,0.916401811324892
0.06,0.215,0.0622595062353689,0.217823504412944,0.00225950623536891,0.00282350441294377,0.0036162889261761,-0.870750696309616,-0.101289644676572,0.0165789566493512,0.876787449148954
0.06,0.23,0.0651228824854215,0.232352517658929,0.0051228824854215,0.00235251765892888,0.00563722132748135,-0.829802099517028,-0.101473877920669,-0.0868937696356417,0.840494894416994
0.06,0.245,0.0676873898976067,0.246864604723615,0.00768738989760669,0.00186460472361455,0.00791029166422775,-0.780449890876029,-0.105908328427005,-0.183438144582803,0.808689690670133
0.06,0.26,0.0698052753973153,0.261381952088186,0.00980527539731534,0.00138195208818562,0.00990218244586707,-0.724157737942949,-0.113725285523892,-0.268975678110131,0.780829828828642
0.06,0.275,0.0713391566405593,0.275925586142942,0.0113391566405593,0.000925586142941914,0.0113768705287151,-0.662479397043328,-0.123650246759942,-0.339780301565874,0.754736526907577
0.06,0.29,0.0721646048407641,0.290514871895511,0.0121646048407641,0.000514871895510777,0.0121754960474195,-0.597014932199431,-0.134070528435494,-0.39258410506375,0.72700144875484
0.06,0.305,0.0721720607134723,0.305167122189552,0.0121720607134723,0.000167122189552393,0.0121732079518382,-0.529367048811768,-0.14311827199828,-0.42465729996594,0.693579129481266
0.06,0.32,0.0712680351892459,0.319897329946782,0.0112680351892459,-0.000102670053217846,0.011268502924786,-0.461099830743907,-0.148761486660707,-0.433859622624556,0.650370469527085
0.06,0.335,0.0693755982524003,0.334718025895461,0.00937559825240025,-0.000281974104539479,0.00937983752450124,-0.393701817297107,-0.148896698787979,-0.418662779823428,0.593677542467319
0.06,0.35,0.0664342054918662,0.349639255219446,0.00643420549186624,-0.000360744780553646,0.00644431044474569,-0.328554870810006,-0.141437343882176,-0.378145687622899,0.520527472878705
0.08,0.05,0.0741925876289574,0.0511048090019975,-0.0058074123710426,0.0011048090019975,0.00591156843639937,-0.589345697761758,-0.207909959696811,0.428781121713435,0.75790271732019
0.08,0.065,0.0709592788151635,0.0671866469868567,-0.00904072118483654,0.00218664698685667,0.00930140121632658,-0.706796244003975,-0.231654175228525,0.495406452002477,0.893682456028987
0.08,0.08,0.0687717532721157,0.0830838810850566,-0.0112282467278843,0.00308388108505664,0.0116440477124157,-0.811331128537911,-0.244336483326948,0.537361072582146,1.00336492238189
0.08,0.095,0.067577545973768,0.098795589771506,-0.012422454026232,0.00379558977150596,0.0129893751099661,-0.902026045986211,-0.247789515834719,0.55506823295313,1.08774395496069
0.08,0.11,0.0673063411028693,0.114323984173369,-0.0126936588971307,0.00432398417336916,0.0134099148143548,-0.978096597314619,-0.243961714655051,0.549497274259378,1.1481209145378
0.08,0.125,0.0678700285702467,0.129674569198892,-0.0121299714297533,0.0046745691988922,0.0129995309177625,-1.03893231767165,-0.234846720106224,0.522187160231961,1.18628118251752
0.08,0.14,0.0691634205513885,0.144856187039737,-0.0108365794486115,0.00485618703973745,0.0118749318613196,-1.08412847292847,-0.222403581045074,0.475248013785058,1.20445506202287
0.08,0.155,0.0710656638047436,0.159880928820701,-0.00893433619525645,0.00488092882070112,0.0101806595760108,-1.1135135901527,-0.20847190112494,0.411337648730206,1.20524905079122
0.08,0.17,0.0734423380755554,0.174763908508541,-0.00655766192444458,0.0047639085085408,0.00810541511540634,-1.12717066379639,-0.194687031042064,0.333611618115649,1.19153876365674
0.08,0.185,0.0761481804954026,0.189522903027241,-0.00385181950459745,0.00452290302724118,0.00594080510451443,-1.12545017242862,-0.182401022432876,0.24564722243557,1.16631803257358
0.08,0.2,0.0790303257149324,0.204177873006437,-0.00096967428506761,0.00417787300643657,0.00428892656465843,-1.10897342675654,-0.172615127158867,0.151344048573076,1.13250378416352
0.08,0.215,0.0819319078605373,0.218750388333508,0.00193190786053727,0.0037503883335081,0.00421872974172551,-1.07862535819163,-0.165929081655874,0.0548057018907353,1.09270534809691
0.08,0.23,0.0846958380618522,0.233262990636349,0.00469583806185217,0.00326299063634927,0.00571821676714363,-1.03553658327904,-0.162511265927495,-0.0397908227436221,1.04898044394993
0.08,0.245,0.0871685552264666,0.247738529938749,0.00716855522646663,0.00273852993874857,0.00767383413036301,-0.981055373169419,-0.162092177788654,-0.128330454553856,1.00261551755092
0.08,0.26,0.0892035496268995,0.262199514173562,0.0092035496268995,0.00219951417356234,0.00946272626331881,-0.916710922580914,-0.163981707024087,-0.206891884080607,0.953978087739935
0.08,0.275,0.0906644787593879,0.27666750827416,0.0106644787593879,0.00166750827416012,0.0107940581364855,-0.844169962086015,-0.167108679541262,-0.271868083341998,0.902483977617713
0.08,0.29,0.0914277299665527,0.291162614048115,0.0114277299665527,0.00116261404811463,0.0114867177040842,-0.765189201427529,-0.170079324603737,-0.320068763290653,0.846698618238099
0.08,0.305,0.0913843301359033,0.30570305416343,0.0113843301359033,0.000703054163430084,0.0114060184902512,-0.681566300411941,-0.171249923928157,-0.348799725819736,0.784557215688259
0.08,0.32,0.0904411536855267,0.320304874190186,0.0104411536855267,0.000304874190186433,0.0104456037909079,-0.595092008478157,-0.168808073344554,-0.355916137916886,0.7136620672253
0.08,0.335,0.0885214305300357,0.334981766943986,0.00852143053003571,-1.82330560142829e-05,0.00852145003638208,-0.507505829314043,-0.160856780854707,-0.33984892803223,0.6316157096207
0.08,0.35,0.0855646011446901,0.34974501433695,0.0055646011446901,-0.000254985663050378,0.00557044016105079,-0.420457109486823,-0.145495995974931,-0.299605511608874,0.536394285716286
0.1,0.05,0.0953011158421543,0.0508574004181009,-0.0046988841578457,0.000857400418100895,0.0047764681309324,-0.593253919618459,-0.20805851296898,0.349946191133516,0.719519074296501
0.1,0.065,0.0919662673443052,0.0671043139688081,-0.00803373265569479,0.00210431396880806,0.00830475753183063,-0.730847988705265,-0.243547946858294,0.422176279119762,0.878465885965849
0.1,0.08,0.089668244525092,0.0831560454512439,-0.010331755474908,0.00315604545124387,0.0108030455929616,-0.854512012416892,-0.267406771176581,0.470964755878642,1.01169736342815
0.1,0.095,0.0883551906949595,0.0990103677916236,-0.0116448093050405,0.00401036779162361,0.0123160315676296,-0.963116578829068,-0.281247558572915,0.496695773765639,1.11957148371286
0.1,0.11,0.0879576642514299,0.114668198971205,-0.0120423357485701,0.00466819897120474,0.0129154919347288,-1.05567053561646,-0.286800030134102,0.500259212969301,1.20291602692623
0.1,0.125,0.0883886972911735,0.130133789049689,-0.0116113027088265,0.0051337890496892,0.0126955953228949,-1.13135918373325,-0.285849576497831,0.483072840108729,1.26297566842819
0.1,0.14,0.0895445005939481,0.145414791947797,-0.0104554994060519,0.0054147919477967,0.011774440099974,-1.18958076504206,-0.280167258478393,0.447084748400762,1.30136607724165
0.1,0.155,0.091305849638384,0.160522206828778,-0.00869415036161601,0.00552220682877796,0.0102996610997736,-1.22997907836675,-0.271434749089192,0.394753338795525,1.32001235728292
0.1,0.17,0.0935401420788388,0.175470181919821,-0.00645985792116117,0.00547018191982146,0.00846478910531918,-1.25247000279696,-0.261168570053974,0.329003420984866,1.32106422838242
0.1,0.185,0.0961040681001575,0.19027568325305,-0.00389593189984251,0.00527568325305039,0.00655828629709979,-1.25725983192755,-0.250648546808819,0.253158680136404,1.30678625731667
0.1,0.2,0.0988467862950965,0.204958041120454,-0.00115321370490352,0.00495804112045423,0.00509039031914963,-1.24485367358839,-0.240855537915389,0.170852615555202,1.27942592341317
0.1,0.215,0.101613455240007,0.219538396791153,0.00161345524000676,0.00453839679115325,0.00481666723424563,-1.21605273302051,-0.232423112701917,0.0859219097767964,1.24106710066628
0.1,0.23,0.104248939435105,0.234039080161398,0.00424893943510483,0.0040390801613977,0.0058623932718119,-1.17194001660222,-0.225606947095258,0.0022877999208006,1.19348172749119
0.1,0.245,0.106601492474015,0.248482954367089,0.00660149247401452,0.00348295436708862,0.00746395833373231,-1.11385481648905,-0.220274361685142,-0.0761678200605771,1.13799712489394
0.1,0.26,0.108526221899551,0.262892765402306,0.00852622189955114,0.00289276540230643,0.00900358548319316,-1.04335715893383,-0.215914784274519,-0.145724299561409,1.0753989386269
0.1,0.275,0.109888159284073,0.277290533199047,0.00988815928407338,0.0022905331990466,0.0101499870129543,-0.962184130512989,-0.211670184194013,-0.202935040592496,1.00588825736117
0.1,0.29,0.110564792811041,0.291697015787522,0.0105647928110413,0.00169701578752179,0.010700220078266,-0.872200546598817,-0.206382912680223,-0.244724965735073,0.929105443427508
0.1,0.305,0.110447963965282,0.306131270753183,0.0104479639652822,0.00113127075318326,0.0105090306183226,-0.775346741506103,-0.198657090002937,-0.26846780981887,0.84422453666869
0.1,0.32,0.109445079263898,0.320610329270099,0.00944507926389784,0.000610329270098964,0.00946477808082432,-0.673586309917987,-0.18692884313792,-0.272040175750045,0.75011652653368
0.1,0.335,0.107479637040324,0.335148988598563,0.00747963704032395,0.000148988598563382,0.00748112076212434,-0.568856423692872,-0.169540382013868,-0.253851212735187,0.645589978014242
0.1,0.35,0.104491113488779,0.349759720073971,0.00449111348877917,-0.000240279926028486,0.00449753652702749,-0.463022950203648,-0.144813094312939,-0.21284859760012,0.529780718659874
0.12,0.05,0.116671962347106,0.0504360247889465,-0.00332803765289358,0.000436024788946499,0.00335647914274068,-0.534150978231502,-0.188896964619475,0.252264862212894,0.62019403989414
0.12,0.065,0.113222988559468,0.0668445745531686,-0.00677701144053233,0.00184457455316861,0.00702355603290123,-0.688769355067207,-0.23719382859238,0.330168420881883,0.799803544803027
0.12,0.08,0.11079957895178,0.0830479870290651,-0.00920042104822016,0.00304798702906511,0.0096921603574168,-0.828618334469799,-0.273326318494434,0.386022872030057,0.954122798944393
0.12,0.095,0.1093505084107,0.0990427899632257,-0.0106494915893002,0.00404278996322566,0.0113910412955679,-0.952415401224219,-0.298672486197117,0.420180354028779,1.08299898472568
0.12,0.11,0.10880728719637,0.114828658424706,-0.01119271280363,0.00482865842470587,0.0121898630872962,-1.05901451465414,-0.314726706652252,0.433455358013846,1.1868018153274
0.12,0.125,0.10908422460174,0.130408625249153,-0.0109157753982605,0.00540862524915331,0.0121822567544379,-1.14744669005674,-0.323047484906761,0.427144990332497,1.26629842310332
0.12,0.14,0.110079122781888,0.145789179034411,-0.0099208772181115,0.00578917903441095,0.0114864441264173,-1.21695925149567,-0.325197536010823,0.403031840534373,1.32259426700486
0.12,0.155,0.111674633977134,0.160980233729435,-0.00832536602286564,0.00598023372943496,0.0102506055856889,-1.26705157849314,-0.322678972736095,0.363367025510772,1.35707889003749
0.12,0.17,0.113740271541597,0.175994961558595,-0.00625972845840294,0.00599496155859458,0.00866739663693582,-1.29750507522441,-0.316867207214565,0.310832095015875,1.37136086315877
0.12,0.185,0.116135017809059,0.190849490394967,-0.00386498219094141,0.0058494903949674,0.00701103595890865,-1.30840517901343,-0.308947694581906,0.248479895027055,1.36718826043935
0.12,0.2,0.118710424755559,0.205562476748948,-0.00128957524444065,0.00556247674894833,0.00571000454410195,-1.30015353194465,-0.299859819542439,0.179656076364292,1.34635613093944
0.12,0.215,0.121314062305356,0.220154575336607,0.00131406230535629,0.00515457533660668,0.00531943668475452,-1.27346895234169,-0.290251980214105,0.107904534691941,1.31060584023538
0.12,0.23,0.123793138725172,0.234647834255502,0.00379313872517244,0.0046478342555023,0.00599918866639677,-1.2293765311022,-0.280451245694195,0.0368614908691916,1.26152392632387
0.12,0.245,0.125998102066637,0.249065050505676,0.00599810206663702,0.00406505050567557,0.00724581700124206,-1.16918497734026,-0.270449903784227,-0.0298560210754785,1.2004502321424
0.12,0.26,0.127786032960082,0.26342912296391,0.00778603296008187,0.00342912296391001,0.00850771376793415,-1.09445317192219,-0.259909886041747,-0.0887609407799203,1.12840620109848
0.12,0.275,0.12902365721612,0.277762438854391,0.00902365721612021,0.00276243885439115,0.0094370259074715,-1.00694764443177,-0.24818461038713,-0.136599966212761,1.04605406363286
0.12,0.29,0.129589838988682,0.292086325471471,0.00958983898868168,0.0020863254714707,0.00981416149254468,-0.908593303371258,-0.234356396998695,-0.170444681737291,0.953696545470824
0.12,0.305,0.12937745783439,0.306420592093023,0.00937745783438995,0.00142059209302275,0.00948445029142545,-0.801420139998761,-0.217286453731957,-0.187765509214925,0.851326531979537
0.12,0.32,0.128294620517865,0.320783178523257,0.00829462051786461,0.000783178523256822,0.0083315123557894,-0.68750876610463,-0.195673618315157,-0.18648543305149,0.738742746498029
0.12,0.335,0.126265205839503,0.335189917708602,0.00626520583950332,0.000189917708602327,0.00626808367424904,-0.56893752987664,-0.168117657097139,-0.165012099647402,0.615780888322294
0.12,0.35,0.123228783588887,0.349654411213285,0.00322878358888665,-0.000345588786715423,0.00324722575029319,-0.447733625602121,-0.133182958093427,-0.122248497553536,0.482855231773496
0.14,0.05,0.138301991443176,0.0498158387426241,-0.00169800855682409,-0.000184161257375859,0.00170796616704374,-0.40783132923455,-0.143367507792721,0.1380055363608,0.453792066841781
0.14,0.065,0.134726992877957,0.0663817400475487,-0.00527300712204257,0.00138174004754865,0.0054510374854803,-0.576244480613536,-0.204971595547153,0.221525661968448,0.650499208754195
0.14,0.08,0.132164114472471,0.0827331982637005,-0.00783588552752945,0.0027331982637005,0.00829888394600388,-0.729223748373826,-0.25392595887691,0.284499163966815,0.822919852331071
0.14,0.095,0.130562784159642,0.098865565437656,-0.00943721584035848,0.00386556543765598,0.0101982174408233,-0.865384251277965,-0.291371300752229,0.327251735687148,0.970001705504985
0.14,0.11,0.129855535641923,0.114777333609055,-0.010144464358077,0.00477733360905513,0.0112130760063643,-0.983475746409765,-0.318562341648314,0.350526821785226,1.09160964015249
0.14,0.125,0.129958079724571,0.130470366045966,-0.0100419202754288,0.00547036604596629,0.0114352554626003,-1.08242399987713,-0.33682461709404,0.355503698400903,1.1880765942618
0.14,0.14,0.130769987336636,0.145950019131274,-0.00923001266336387,0.00595001913127424,0.0109816147004157,-1.16137106501424,-0.347504389218618,0.343800432017473,1.26008126142441
0.14,0.155,0.132176015725221,0.161225138344104,-0.00782398427477858,0.00622513834410388,0.0099983537312507,-1.21971237907963,-0.351913936349807,0.317459616680324,1.30858578208588
0.14,0.17,0.134048068095116,0.176307919143516,-0.00595193190488361,0.00630791914351625,0.0086726776327447,-1.25712845163152,-0.351275127656836,0.278915701765523,1.33478114458413
0.14,0.185,0.136247731455772,0.191213632591411,-0.00375226854422841,0.00621363259141139,0.0072587016200596,-1.2736089935765,-0.346664659999688,0.230943903175856,1.34002731005943
0.14,0.2,0.138629292246978,0.20596022537458,-0.00137070775302157,0.00596022537457996,0.0061158095343119,-1.26946759202992,-0.338964526481508,0.176592017508613,1.32578583637221
0.14,0.215,0.141043089842501,0.220567813518164,0.00104308984250075,0.0055678135181636,0.00566467861335253,-1.24534549071857,-0.328821149201766,0.119097811970816,1.29354709990334
0.14,0.23,0.143339038853147,0.235058097181552,0.0033390388531472,0.0050580971815522,0.00606081905033081,-1.20220367103788,-0.316616125742748,0.0617958876167087,1.24475664679865
0.14,0.245,0.145370136047323,0.249453729786529,0.00537013604732313,0.00445372978652875,0.00697668045550122,-1.14130317005971,-0.302450733685125,0.00801885919860251,1.18074680345283
0.14,0.26,0.146995768975153,0.263777677496601,0.00699576897515335,0.00377767749660146,0.00795057424479812,-1.06417437280968,-0.286145296396692,-0.0390017695905223,1.10268077586263
0.14,0.275,0.148084660286244,0.27805260445463,0.00808466028624406,0.0030526044546299,0.00864176636460384,-0.972576763030226,-0.267253344692651,-0.0762295947234863,1.01151739267456
0.14,0.29,0.14851731270011,0.292300315447056,0.0085173127001098,0.00230031544705633,0.00882247509417951,-0.8684512418702,-0.245089354063176,-0.100907160657145,0.908006531629336
0.14,0.305,0.148187860035288,0.306541281448481,0.0081878600352884,0.00154128144848131,0.00833166252682534,-0.753867574016502,-0.21876783325105,-0.110625532950222,0.792731806705573
0.14,0.32,0.147005275319909,0.320794265486881,0.00700527531990849,0.000794265486881329,0.00705015886142787,-0.630969715811923,-0.187250786131071,-0.103376652504614,0.666241227282351
0.14,0.335,0.14489393247838,0.335076057695903,0.00489393247838046,7.60576959034087e-05,0.00489452345750363,-0.501921756070958,-0.149400146648491,-0.0775869010669197,0.529403035712122
0.14,0.35,0.141793559414527,0.349401320009806,0.00179355941452697,-0.000598679990194084,0.00189083925919077,-0.368856946240335,-0.104031704710753,-0.0321316896271136,0.384592047775429
0.16,0.05,0.160186154731571,0.0489738027012691,0.000186154731571075,-0.00102619729873094,0.00104294509923052,-0.212659843230523,-0.0649445494404813,0.00958651219235342,0.222562276508786
0.16,0.065,0.156473941980679,0.0656920045024529,-0.0035260580193211,0.000692004502452936,0.00359332094127894,-0.391701499228823,-0.139845728552157,0.0985529112628159,0.427434692016611
0.16,0.08,0.153758362734175,0.0821871269425706,-0.0062416372658248,0.00218712694257056,0.0066137402444495,-0.554814653976716,-0.201671613489888,0.168534908009666,0.613920484369321
0.16,0.095,0.151989518394947,0.0984534234191609,-0.00801048160505258,0.00345342341916088,0.00872318455937363,-0.700558708700586,-0.251332524556483,0.219835890785575,0.776071884169375
0.16,0.11,0.151101031855458,0.114488271027419,-0.00889896814454194,0.00448827102741872,0.00996675528209349,-0.827625785216988,-0.28984959752081,0.25313271591708,0.912727242106257
0.16,0.125,0.15101012874548,0.13029241981994,-0.0089898712545205,0.00529241981994005,0.0104320416373473,-0.934881526953128,-0.318319931530677,0.269491513637765,1.02371119133534
0.16,0.14,0.151618309901488,0.145870136082148,-0.00838169009851179,0.00587013608214798,0.0102328503619679,-1.02140496082306,-0.337875685627324,0.270370533018626,1.10930912626598
0.16,0.155,0.152812644532218,0.161229222672528,-0.00718735546778169,0.00622922267252829,0.00951111422096233,-1.08652543576434,-0.349638868583031,0.257608224324798,1.17012582496731
0.16,0.17,0.154467674162036,0.176380906404349,-0.00553232583796442,0.00638090640434935,0.00844527061250706,-1.12985456768053,-0.354674119790363,0.233395524220589,1.20701798884553
0.16,0.185,0.156447873857899,0.191339591243936,-0.00355212614210109,0.00633959124393552,0.00726691249910041,-1.1513111388816,-0.353942175573246,0.200232257176317,1.22104127127133
0.16,0.2,0.158610574266932,0.20612248548258,-0.00138942573306757,0.00612248548257954,0.00627816313519389,-1.15113712877943,-0.348256920966321,0.160868661401283,1.21339743114673
0.16,0.215,0.160809210248917,0.220749120567121,0.000809210248917322,0.00574912056712135,0.00580579094717081,-1.129903448475,-0.338248874528016,0.118234172222087,1.18537907091864
0.16,0.23,0.162896734055459,0.235240787271562,0.0028967340554591,0.00524078727156169,0.00598806474696287,-1.08850451290447,-0.324337628197326,0.0753566309751364,1.13831375891426
0.16,0.245,0.164729016500881,0.249619920892812,0.00472901650088124,0.00461992089281199,0.00661114711086116,-1.02814144867555,-0.306715175488695,0.0352759075530472,1.07351159278971
0.16,0.26,0.166168060553982,0.263909470197653,0.00616806055398217,0.00390947019765281,0.00730266582995048,-0.950294474742498,-0.285341272416621,0.000956437717000577,0.992222126940768
0.16,0.275,0.167084867695496,0.278132284718802,0.00708486769549575,0.00313228471880217,0.00774638998645956,-0.856685696956999,-0.259951058806312,-0.0247966998633114,0.895609370686372
0.16,0.29,0.167361826586437,0.292310551767228,0.0073618265864373,0.00231055176722833,0.00771590177217265,-0.749234166075169,-0.230074231061291,-0.0394138194072074,0.784760513916176
0.16,0.305,0.166894532016871,0.306465308915783,0.00689453201687104,0.00146530891578306,0.00704852480667644,-0.630005516152169,-0.195064211409796,-0.0406250728519717,0.660766397892941
0.16,0.32,0.165592985482596,0.320616050216036,0.00559298548259554,0.000616050216036113,0.0056268112174839,-0.501158742401187,-0.154135083009105,-0.0265105386305205,0.524997567592161
0.16,0.335,0.163382172149774,0.334780436296938,0.00338217214977404,-0.000219563703061809,0.00338929147026475,-0.364892722777195,-0.106403631856213,0.00446569910007182,0.380116961520583
0.16,0.35,0.160202048621472,0.348974110355426,0.000202048621472467,-0.00102588964457428,0.00104559705827995,-0.223394916729527,-0.0509336735743175,0.0534379735709617,0.23527690649078
0.18,0.05,0.182317610059429,0.0478888278090446,0.00231761005942899,-0.00211117219095536,0.00313502223396098,0.0507654406502698,0.0520193574307319,-0.130596054032431,0.149460648695492
0.18,0.065,0.17845771999561,0.0647535997031909,-0.00154228000438958,-0.000246400296809113,0.00156183888996514,-0.13594054260828,-0.0357408771044183,-0.0364530543634899,0.145210460644791
0.18,0.08,0.175577089439589,0.0813873393665044,-0.00442291056041133,0.00138733936650443,0.00463539085118515,-0.30638406287758,-0.110069260388022,0.0402829848852393,0.328038791743644
0.18,0.095,0.173626513250457,0.0977832845999781,-0.0063734867495428,0.00278328459997806,0.00695471110191305,-0.459109466872799,-0.171660217054239,0.0998961193879332,0.500229504146886
0.18,0.11,0.172540763660476,0.113937772295833,-0.00745923633952381,0.0039377722958332,0.0084348240896123,-0.592791713354289,-0.221315320038794,0.143001143562771,0.648718975422389
0.18,0.125,0.172238683265052,0.129850502893702,-0.00776131673494763,0.00485050289370237,0.00915234482425096,-0.706275560403389,-0.259915932810956,0.170557186834092,0.771673645162921
0.18,0.14,0.172623847060804,0.145524702449799,-0.0073761529391962,0.0055247024497988,0.00921574572898068,-0.798613871511641,-0.288390569662472,0.183870327970297,0.868778450018023
0.18,0.155,0.173585820861629,0.160967165087736,-0.0064141791383705,0.00596716508773626,0.00876063657523846,-0.869103241464171,-0.307678290113288,0.184583717595235,0.940264518429286
0.18,0.17,0.175002005796296,0.176188165236639,-0.00499799420370359,0.00618816523663879,0.00795445378741995,-0.917315034696938,-0.318689888465247,0.174654303127284,0.986690581365125
0.18,0.185,0.176740017361141,0.191201237402751,-0.00325998263885868,0.00620123740275075,0.00700591408246881,-0.943119972268242,-0.322268994845143,0.156316031435367,1.00885756414656
0.18,0.2,0.178660506607115,0.206022830310048,-0.00133949339288483,0.00602283031004774,0.00616998602050377,-0.946704562746846,-0.319155394607766,0.132030270272282,1.00775387289844
0.18,0.215,0.180620295366834,0.220671851464384,0.000620295366834049,0.00567185146438437,0.00570566958175418,-0.928578027922325,-0.309952889834872,0.104425127773064,0.984508203556401
0.18,0.23,0.182475670915336,0.235169126155308,0.00247567091533578,0.0051691261553079,0.00573138828649113,-0.889568849745902,-0.295103820931278,0.0762261930715686,0.940345300503815
0.18,0.245,0.184085671748371,0.249536800864989,0.00408567174837109,0.00453680086498942,0.00610534812471872,-0.830810644160585,-0.274871954149885,0.0501819366842575,0.876546707179865
0.18,0.26,0.185315196757498,0.263797724447027,0.00531519675749839,0.00379772444702658,0.00653253607310857,-0.753717737990096,-0.249334865679573,0.0289874732043999,0.794423494149423
0.18,0.275,0.186037785066665,0.277974840609644,0.0060377850666649,0.00297484060964442,0.00673086362690786,-0.659951442911069,-0.218386245994198,0.0152105547606958,0.695317016765985
0.18,0.29,0.186137941113344,0.292090622659688,0.00613794111334395,0.00209062265968823,0.00648421346163742,-0.551378609682719,-0.181747814646196,0.0112235099286098,0.580671587479907
0.18,0.305,0.185512915860588,0.30616657627677,0.00551291586058811,0.00116657627676992,0.0056349925905405,-0.430024500779265,-0.138989839098015,0.0191443844923906,0.452334850308858
0.18,0.32,0.184073895995136,0.320222829267849,0.00407389599513619,0.000222829267848723,0.00407998547323354,-0.2980222731078,-0.0895586593745843,0.0407898201913019,0.313850417343528
0.18,0.335,0.181746594262517,0.334277819535472,0.00174659426251705,-0.000722180464527711,0.00189000956114062,-0.157561482908756,-0.0328092169754032,0.0776413322285661,0.178690424941292
0.18,0.35,0.17847127180383,0.34834808475084,-0.00152872819617009,-0.00165191524916042,0.00225074074210562,-0.0108379118100333,0.0319596291788309,0.130825689168344,0.135108281152817
0.2,0.05,0.2046878686808,0.0465418853266224,0.00468786868079957,-0.00345811467337764,0.00582534718816409,0.380044477341566,0.212075640350538,-0.280303716282851,0.517669661401832
0.2,0.065,0.200670573669696,0.0635469100918923,0.00067057366969614,-0.00145308990810766,0.00160035600024935,0.188336792502187,0.112224892482456,-0.181337812540845,0.284514924915954
0.2,0.08,0.197613444281533,0.0803136410428713,-0.0023865557184668,0.000313641042871293,0.00240707683739426,0.0130775066443559,0.0260865077216496,-0.0982234609234381,0.10246647323988
0.2,0.095,0.195467988835252,0.0968343878310232,-0.00453201116474758,0.00183438783102319,0.00488918233572881,-0.144296327246368,-0.0468376782957298,-0.0306938033095151,0.154781530861578
0.2,0.11,0.194170183676507,0.113104526963425,-0.00582981632349266,0.00310452696342511,0.00660491075127402,-0.282475870053116,-0.107149132466462,0.0218084965125135,0.302901597813273
0.2,0.125,0.193640579287886,0.129122778640448,-0.00635942071211421,0.00412277864044808,0.00757888748509978,-0.400317309911516,-0.155531785169187,0.06014280230532,0.433661318627539
0.2,0.14,0.193784951894827,0.144891384938985,-0.00621504810517325,0.00489138493898467,0.00790901192127965,-0.496877812080502,-0.192726599049781,0.0854728481099542,0.539758153709316
0.2,0.155,0.194495525587787,0.160416172054536,-0.00550447441221324,0.00541617205453648,0.00772231560343478,-0.57144899113576,-0.219502501700239,0.0992586169080109,0.620154275495268
0.2,0.17,0.195652754326099,0.175706485541268,-0.00434724567390143,0.00570648554126763,0.00717373836865767,-0.62358621389797,-0.236625008319388,0.103236980887454,0.674917996571058
0.2,0.185,0.197127614200869,0.19077499543055,-0.00287238579913082,0.00577499543054993,0.00644989708459918,-0.653132064866182,-0.244824159775579,0.0993909417651002,0.704560272730577
0.2,0.2,0.198784317881829,0.205637376867417,-0.00121568211817082,0.00563737686741733,0.00576696635656325,-0.660232440391714,-0.244763587206418,0.0899080150654451,0.709863357163441
0.2,0.215,0.200483329433205,0.220311880727468,0.000483329433205341,0.00531188072746758,0.00533382453815684,-0.645344024287721,-0.237012566611639,0.0771290374812755,0.691808188273484
0.2,0.23,0.20208453278808,0.234818816547338,0.00208453278807959,0.0048188165473384,0.00525035902215089,-0.609232321644063,-0.222022824425426,0.0634893978652179,0.651531759879224
0.2,0.245,0.203450394104221,0.249179976007846,0.00345039410422146,0.0041799760078457,0.00542009399370637,-0.552959895237977,-0.200111569429221,0.0514552650206622,0.590305016563507
0.2,0.26,0.204448958664493,0.263418028822666,0.00444895866449316,0.00341802882266617,0.00561036132802028,-0.477865048115681,-0.171451826349411,0.0434578294584652,0.509549827967077
0.2,0.275,0.204956536847209,0.277555923385493,0.00495653684720906,0.0025559233854931,0.00557673756512279,-0.385531734423413,-0.136070616832951,0.0418287425337995,0.410974815374979
0.2,0.29,0.204859959217353,0.291616322488511,0.00485995921735347,0.00161632248851118,0.00512168936789473,-0.277752018443263,-0.0938549696114879,0.0487398866655413,0.297204834550214
0.2,0.305,0.204058314804399,0.305621099735869,0.00405831480439922,0.000621099735869435,0.00410556743136719,-0.156482816213984,-0.0445651777376152,0.0661502873887599,0.17563829740595
0.2,0.32,0.20246412516622,0.319590916099306,0.00246412516621985,-0.000409083900694163,0.00249785157137192,-0.0237989412787657,0.0121457725109081,0.0957624516121131,0.0994201137327872
0.2,0.335,0.200003945834512,0.333544888751858,3.94583451177044e-06,-0.00145511124814163,0.00145511659810418,0.118155387875418,0.0767080521216957,0.138989735460512,0.197896453836399
0.2,0.35,0.196618422570482,0.347500357011213,-0.00338157742951753,-0.00249964298878697,0.00420514934136877,0.267214470426983,0.149607805852459,0.196935574338516,0.364101820030549
