target_x,target_y,gaze_x,gaze_y,error_px_x,error_px_y,error_px_xy,error_deg_x,error_deg_y,error_deg_z,error_deg_xyz
-0.2,0.05,-0.197868596583673,0.0528699534929391,0.00213140341632664,0.00286995349293913,0.00357484455253126,-0.158262266397771,0.121950075238209,-0.239554008079128,0.311937700435069
-0.2,0.065,-0.199967205876163,0.0664419968909788,3.27941238371099e-05,0.00144199689097878,0.0014423697473778,-0.0700839229962524,0.0646836568932678,-0.16105819729374,0.187177738545608
-0.2,0.08,-0.201510094231958,0.0801114339144373,-0.00151009423195833,0.000111433914437284,0.00151420015410138,0.0134624989793133,0.0164967957795442,-0.0984889286116856,0.100764352949026
-0.2,0.095,-0.202533277361011,0.0938903314295056,-0.00253327736101069,-0.0011096685704944,0.00276565697875792,0.0911012196100777,-0.023479311735619,-0.0511056933197458,0.107063091298326
-0.2,0.11,-0.203080528646073,0.10779074684,-0.0030805286460729,-0.00220925315999988,0.00379083846454122,0.161584674555411,-0.0561175518681301,-0.0178345582335788,0.171979302101747
-0.2,0.125,-0.203203255385109,0.121824512354335,-0.00320325538510854,-0.00317548764566457,0.00451049518900034,0.223726216051952,-0.0822586508951708,0.00272554894466476,0.238385016287878
-0.2,0.14,-0.202960131365536,0.136002999161716,-0.00296013136553566,-0.00399700083828423,0.00497377054179954,0.276433298714627,-0.102674359784022,0.0122838686392042,0.295141455646297
-0.2,0.155,-0.202416474572691,0.150336868887651,-0.00241647457269119,-0.0046631311123491,0.00525206065572564,0.318739592106455,-0.118032146843255,0.0128259587828294,0.340134326766009
-0.2,0.17,-0.201643373151167,0.164835821526664,-0.00164337315116721,-0.00516417847333599,0.00541935555379457,0.349834385141355,-0.128863560451558,0.00656959005525996,0.372872048360437
-0.2,0.185,-0.200716578549983,0.179508350539231,-0.000716578549982843,-0.00549164946076898,0.00553820355514852,0.369087692736539,-0.135538320767362,-0.00409013076665081,0.393209482753892
-0.2,0.2,-0.199715200778515,0.194361516544289,0.000284799221484927,-0.00563848345571115,0.0056456714637753,0.376069655059551,-0.138245904544667,-0.0166441285053121,0.401021195331804
-0.2,0.215,-0.198720255088931,0.209400750963946,0.00127974491106928,-0.00559924903605398,0.00574363445956993,0.37056312458841,-0.136985918165449,-0.0285382789581877,0.396102549016318
-0.2,0.23,-0.197813120808156,0.224629700066768,0.00218687919184422,-0.00537029993323206,0.00579849652691053,0.35256874262538,-0.131567951735607,-0.0372444985155155,0.37815673467484
-0.2,0.245,-0.197073979861761,0.24005011788987,0.00292602013823874,-0.00494988211013027,0.00575003710888602,0.322302276182771,-0.121620931514696,-0.040330451625652,0.346839041772053
-0.2,0.26,-0.196580304330431,0.255661813998979,0.00341969566956937,-0.00433818600102097,0.00552396381703626,0.280184472968488,-0.10661131036557,-0.0355244386732789,0.30187995454085
-0.2,0.275,-0.196405458380348,0.271462658702007,0.00359454161965203,-0.00353734129799298,0.00504316496992685,0.226824150599872,-0.0858688284945704,-0.0207724202893885,0.243421925011437
-0.2,0.29,-0.196617471329772,0.287448645131875,0.00338252867022783,-0.0025513548681247,0.00423685164574084,0.162995613230978,-0.0586180974399463,0.005715244533441,0.173309948359586
-0.2,0.305,-0.197278025700953,0.303614004132139,0.00272197429904686,-0.00138599586786146,0.00305452592563898,0.089611769903843,-0.0240139566399297,0.0454289992368098,0.103299255954432
-0.2,0.32,-0.198441689048544,0.319951365142634,0.00155831095145609,-4.86348573656564e-05,0.00155906971325177,0.00769447471367954,0.018821563214143,0.099538029991227,0.10159369223011
-0.2,0.335,-0.200155402144144,0.336451954022997,-0.000155402144144279,0.00145195402299746,0.00146024666111693,-0.0816563643256088,0.0707627642283032,0.168880922242426,0.200489245469704
-0.2,0.35,-0.202458220900793,0.353105817411994,-0.00245822090079284,0.00310581741199435,0.00396092814801557,-0.177293452971167,0.132646157202588,0.253968267105089,0.336939429806062
-0.18,0.05,-0.179019989712372,0.0518524410553644,0.000980010287627842,0.00185244105536442,0.00209569988964452,0.00754015258078975,0.0326488483726044,-0.129381889442726,0.13365059901454
-0.18,0.065,-0.181043618160529,0.0655517980938149,-0.00104361816052906,0.000551798093814865,0.00118051683652702,0.0949883230754051,-0.0171197684862328,-0.0573882523080361,0.112291066129092
-0.18,0.08,-0.182500944886276,0.0793374058496701,-0.00250094488627567,-0.000662594150329876,0.0025872294703485,0.178052704124241,-0.0579933071600957,-0.00278386422753082,0.187279924838603
-0.18,0.095,-0.183428127841403,0.0932203598312426,-0.00342812784140295,-0.0017796401687574,0.00386253538847955,0.255438802204907,-0.0910158518039035,0.0351996107335726,0.273444732020239
-0.18,0.11,-0.183869305567484,0.107211816124964,-0.0038693055674843,-0.0027881838750356,0.00476922372043643,0.325875262213708,-0.117237834597754,0.0577027837890486,0.351097412937098
-0.18,0.125,-0.183876485797886,0.121322797020551,-0.0038764857978861,-0.00367720297944937,0.00534312304680362,0.388147910195461,-0.137673112958196,0.066233522697657,0.417133473004783
-0.18,0.14,-0.183509181057472,0.135563975331885,-0.00350918105747201,-0.00443602466811513,0.00565620602084528,0.441134574822739,-0.153255034087008,0.0626473684832223,0.471182302892701
-0.18,0.155,-0.182833778671575,0.149945443786861,-0.00283377867157512,-0.00505455621313886,0.00579472519376499,0.483839018320708,-0.164794001405725,0.049113022462581,0.513489155029174
-0.18,0.17,-0.181922647611013,0.164476477773797,-0.00192264761101262,-0.00552352222620298,0.00584857859821434,0.515422200118238,-0.172939188187945,0.0280635147389253,0.544387543511889
-0.18,0.185,-0.18085300129369,0.179165301316662,-0.000853001293689808,-0.00583469868333833,0.00589672111706044,0.535229129404596,-0.178146945034522,0.0021346945097278,0.564104318686515
-0.18,0.2,-0.179705552362711,0.194018867132191,0.000294447637289048,-0.00598113286780919,0.00598837622344258,0.542809744222988,-0.180658105064772,-0.0259063447995256,0.572672365551219
-0.18,0.215,-0.17856301082554,0.209042661844458,0.00143698917445976,-0.00595733815554203,0.00612819841282831,0.537932584306925,-0.180485825085137,-0.0532394827806696,0.569897989586118
-0.18,0.23,-0.177508489043269,0.224240546745464,0.0024915109567311,-0.00575945325453645,0.00627526323262232,0.520590466800915,-0.177414859428207,-0.0770724589103955,0.555367486681066
-0.18,0.245,-0.176623884466931,0.239614642890659,0.00337611553306875,-0.00538535710934149,0.0063561173123034,0.490997894131001,-0.171012324888695,-0.0947202363030967,0.528486566210707
-0.18,0.26,-0.175988312816761,0.255165266950792,0.00401168718323877,-0.0048347330492079,0.00628237834846528,0.44958046438562,-0.160649170038985,-0.103678780601402,0.488550391951933
-0.18,0.275,-0.175676660516954,0.270890921294628,0.0043233394830461,-0.00410907870537242,0.0059645445838396,0.396957062709401,-0.145530803429989,-0.101689667682629,0.434851492562271
-0.18,0.29,-0.175758315771157,0.286788338406252,0.00424168422884269,-0.00321166159374794,0.00532039991823626,0.333916031631236,-0.12473473962461,-0.0867926817424946,0.366867961124265
-0.18,0.305,-0.176296124283711,0.302852576636661,0.00370387571628902,-0.00214742336333923,0.00428136922293916,0.261386825644999,-0.0972527486780174,-0.0573645034324894,0.284731492538766
-0.18,0.32,-0.177345599534123,0.31907716127583,0.00265440046587673,-0.00092283872417051,0.00281024432106449,0.180408806662646,-0.0620348593937037,-0.0121426098612641,0.191162596167071
-0.18,0.335,-0.178954400421796,0.335454262723043,0.00104559957820435,0.000454262723043303,0.00114001451722679,0.092098864159733,-0.0180326701367362,0.0497655029150817,0.106226110182444
-0.18,0.35,-0.181162073077337,0.351974902041854,-0.00116207307733737,0.00197490204185394,0.00229143010192133,-0.00238057787559637,0.0357602837975869,0.128886784813078,0.133776965424854
-0.16,0.05,-0.160077797730688,0.0510641197709031,-7.77977306884725e-05,0.00106411977090314,0.00106695987446915,0.136057134842511,-0.034280351653131,-0.0201251037698871,0.141745252122515
-0.16,0.065,-0.162034636251496,0.0648980863974668,-0.002034636251496,-0.000101913602533185,0.00203718704548281,0.221020782378656,-0.0760562433150454,0.0457502112709417,0.238176199294675
-0.16,0.08,-0.163415382150337,0.078806786819771,-0.00341538215033663,-0.00119321318022901,0.00361781604373554,0.301951970496627,-0.109119198806552,0.092773609782052,0.33419941856678
-0.16,0.095,-0.164256299794983,0.0928002564354623,-0.00425629979498277,-0.0021997435645377,0.00479113344569898,0.377561956188571,-0.134698083388717,0.121734064880917,0.418946976344627
-0.16,0.11,-0.164601841275355,0.10688866139479,-0.0046018412753553,-0.0031113386052098,0.00555494113738684,0.446579270450762,-0.154031658870503,0.133832525034543,0.490990240974294
-0.16,0.125,-0.164504547426645,0.121082128091438,-0.00450454742664476,-0.00391787190856237,0.00596998055363617,0.507784390259168,-0.168318511475118,0.130678564772753,0.550686235585026
-0.16,0.14,-0.164024687124232,0.135390550310174,-0.00402468712423174,-0.00460944968982611,0.00611924283641324,0.560045494398829,-0.178665406985987,0.114270501114563,0.598859996827879
-0.16,0.155,-0.163229620896622,0.149823379272212,-0.00322962089662249,-0.00517662072778798,0.00610146320936747,0.602353558533074,-0.186037063048401,0.0869583992642122,0.636400444171107
-0.16,0.17,-0.162192890579369,0.164389403784337,-0.00219289057936935,-0.00561059621566327,0.006023915586087,0.633854904713909,-0.191210523219147,0.0513905366389639,0.664062819356307
-0.16,0.185,-0.160993054233048,0.179096529417883,-0.000993054233048431,-0.00590347058211672,0.0059864114145031,0.653879339670841,-0.194737232264558,0.0104451130349922,0.682345501727676
-0.16,0.2,-0.159712303370842,0.1939515668334,0.000287696629158419,-0.0060484331665996,0.00605527151507273,0.661962190326651,-0.196915521143677,-0.0328498355713143,0.69141490937047
-0.16,0.215,-0.158434915781905,0.208960039874175,0.00156508421809511,-0.00603996012582535,0.0062394396327948,0.657858891616456,-0.197775538635904,-0.0754043809378554,0.691075318290675
-0.16,0.23,-0.157245610068418,0.224126023721736,0.00275438993158219,-0.00587397627826371,0.00648770076473985,0.641551250834495,-0.197077768756543,-0.114157890641045,0.680782734067518
-0.16,0.245,-0.156227875939013,0.239452022128336,0.00377212406098683,-0.00554797787166418,0.00670887310924504,0.613245074645046,-0.194325248985986,-0.146168568146749,0.659698326628999
-0.16,0.26,-0.155462356268628,0.254938890694159,0.00453764373137161,-0.00506110930584096,0.00679742878142361,0.573359430228593,-0.188788566149826,-0.168696599726297,0.62677318005694
-0.16,0.275,-0.155025352812061,0.270585810379512,0.00497464718793883,-0.0044141896204877,0.00665072812931705,0.52250836379892,-0.179541773889918,-0.179276725660706,0.580855638538779
-0.16,0.29,-0.15498751776761,0.286390312466355,0.00501248223238973,-0.00360968753364496,0.00617695897837881,0.46147635498374,-0.165506646609272,-0.175776947927746,0.520818854743004
-0.16,0.305,-0.155412778979003,0.302348352830607,0.00458722102099698,-0.00265164716939292,0.00529847425269069,0.391189111955841,-0.145502231466639,-0.156441209135685,0.445729373684792
-0.16,0.32,-0.156357529910991,0.318454430704366,0.00364247008900934,-0.00154556929563365,0.00395681346501616,0.312681475090298,-0.118296506023461,-0.119915087220931,0.355167284916123
-0.16,0.335,-0.157870097401036,0.334701744568705,0.00212990259896356,-0.000298255431294858,0.00215068393386118,0.227064210779705,-0.0826570876955245,-0.06525472685715,0.250297081430549
-0.16,0.35,-0.159990483384761,0.351082376342598,9.51661523937442e-06,0.00108237634259767,0.00108241817842307,0.135491341964238,-0.0373983188900026,0.00807974784249486,0.140790022023867
-0.14,0.05,-0.141034450919536,0.0504840415995788,-0.00103445091953625,0.000484041599578822,0.0011420967450493,0.226112891204914,-0.0815879033295105,0.0858915812370045,0.255266717471081
-0.14,0.065,-0.142932888383604,0.0644593838613434,-0.00293288838360406,-0.000540616138656635,0.00298229778527491,0.306669360987944,-0.115126764721647,0.146155603441386,0.358695064865194
-0.14,0.08,-0.14424631281355,0.0784976125789475,-0.0042463128135499,-0.00150238742105253,0.00450425803806297,0.38364778254475,-0.14012217948301,0.18613866020107,0.448852400474296
-0.14,0.095,-0.14501106141488,0.0926076203920181,-0.00501106141487961,-0.00239237960798194,0.00555285662451167,0.455793523313948,-0.157992272595465,0.2066426761432,0.524797499211265
-0.14,0.11,-0.14527184830072,0.106798500548829,-0.00527184830071983,-0.0032014994511709,0.00616781835349017,0.521862828787909,-0.17016992930744,0.208921080522831,0.587324148430318
-0.14,0.125,-0.145081677721454,0.121079402598461,-0.00508167772145424,-0.00392059740153922,0.00641829669380283,0.580657238364444,-0.178045301461153,0.194677505227999,0.637782477812544
-0.14,0.14,-0.144501487584041,0.13545936488203,-0.0045014875840409,-0.00454063511797022,0.00639380620161565,0.631059377968617,-0.18290606378557,0.166045943019677,0.67769253808832
-0.14,0.155,-0.143599507957315,0.149947127819124,-0.00359950795731508,-0.00505287218087598,0.00620386772997659,0.672068355991328,-0.185878913228505,0.125551540511934,0.708517065269093
-0.14,0.17,-0.142450335591853,0.16455093396135,-0.00245033559185265,-0.00544906603864966,0.00597465188996521,0.702832823057059,-0.187876079380836,0.0760525212680117,0.731479768541524
-0.14,0.185,-0.141133743719783,0.179278322627956,-0.00113374371978322,-0.00572167737204367,0.00583292094682454,0.722679752728909,-0.189550550958985,0.0206651580805647,0.747415819250407
-0.14,0.2,-0.139733265100747,0.194135928364828,0.000266734899253036,-0.00586407163517168,0.0058701348918832,0.731137166267496,-0.191263288557396,-0.0373249028524625,0.756666816433205
-0.14,0.215,-0.138334603318012,0.209129293274746,0.00166539668198783,-0.00587070672525423,0.00610235557488429,0.727949369874787,-0.193064908552751,-0.0945604946547549,0.759035214670436
-0.14,0.23,-0.137023940896853,0.224262703295244,0.00297605910314733,-0.00573729670475606,0.00646324231820461,0.71308376198248,-0.19469325728131,-0.147714669865705,0.753804839343534
-0.14,0.245,-0.135886221202348,0.239539057634202,0.00411377879765208,-0.00546094236579792,0.00683703645730943,0.686728853072427,-0.1955870638147,-0.193590694273582,0.739821450571211
-0.14,0.26,-0.135003483206759,0.254959778850867,0.0049965167932414,-0.00504022114913301,0.00709711274373678,0.649283756945081,-0.194914607031899,-0.229214820249927,0.715616651644711
-0.14,0.275,-0.13445332398537,0.270524768641813,0.00554667601462973,-0.00447523135818659,0.00712694257873356,0.601339993549589,-0.191615205201755,-0.251917023942514,0.679554100147608
-0.14,0.29,-0.134307553552182,0.286232411533257,0.00569244644781808,-0.00376758846674259,0.00682632180724059,0.543656927036604,-0.184450458581262,-0.259395938977937,0.629980219912564
-0.14,0.305,-0.134631091810688,0.302079625611557,0.00536890818931174,-0.00292037438844307,0.0061117723872812,0.47713249736636,-0.172061633064616,-0.249765544811435,0.56537248486001
-0.14,0.32,-0.135481139624165,0.318061956531811,0.0045188603758351,-0.00193804346818896,0.00491692094515281,0.402771078603634,-0.153029401045098,-0.221582584097659,0.484502610647641
-0.14,0.335,-0.136906637355823,0.334173708689463,0.00309336264417701,-0.000826291310536645,0.00320181976042658,0.321650295808816,-0.125932335217462,-0.173855056985822,0.386709211650651
-0.14,0.35,-0.138948006441656,0.350408105553704,0.00105199355834398,0.00040810555370388,0.00112837963016052,0.234888491132572,-0.0894010212848812,-0.106033311167214,0.272778938881048
-0.12,0.05,-0.121882745192769,0.0500895039607779,-0.00188274519276863,8.95039607778647e-05,0.0018848714597787,0.277784069302301,-0.112522446212984,0.186136297830997,0.352806469222493
-0.12,0.065,-0.123731334155539,0.064212364053662,-0.00373133415553928,-0.000787635946338031,0.00381355804521943,0.351905424234264,-0.137882831135966,0.241413546948014,0.44847589709995
-0.12,0.08,-0.124986936041856,0.0783859799369628,-0.00498693604185613,-0.00161402006303715,0.00524162110891756,0.423002001894777,-0.154846718093243,0.275052123683781,0.527791474213159
-0.12,0.095,-0.12568592985297,0.0926180265079625,-0.00568592985297015,-0.00238197349203748,0.0061647056709681,0.489884582800319,-0.165019676091305,0.287859178835138,0.591679318488329
-0.12,0.11,-0.125873240680349,0.106916448395965,-0.0058732406803495,-0.00308355160403519,0.00663349429667805,0.551368217832696,-0.170028113628107,0.281131523856661,0.641837762004096
-0.12,0.125,-0.125602264681951,0.121289343956179,-0.00560226468195121,-0.00371065604382073,0.00671969774931739,0.60630536112621,-0.171454352513299,0.256656688759101,0.680353496865646
-0.12,0.14,-0.124934517158901,0.135744825407352,-0.00493451715890127,-0.00425517459264829,0.00651582461438386,0.653620627144256,-0.170768672393844,0.216693467231106,0.709467655205798
-0.12,0.155,-0.123938987226272,0.150290857741855,-0.00393898722627234,-0.00470914225814524,0.00613935185310191,0.692345435192295,-0.169262333537789,0.163930845186562,0.731349795547721
-0.12,0.17,-0.122691199368792,0.164935081018264,-0.0026911993687919,-0.00506491898173551,0.00573549983298148,0.721650612000917,-0.167985951783564,0.101425701001874,0.747859611949303
-0.12,0.185,-0.121272001168292,0.179684622599051,-0.00127200116829227,-0.00531537740094903,0.00546545733554445,0.740874996567494,-0.167697570283936,0.0325213080105444,0.76031858728436
-0.12,0.2,-0.119766115942409,0.1945459075372,0.00023388405759068,-0.00545409246279996,0.0054591049032938,0.749548240407629,-0.168824298400457,-0.0392497300315018,0.769333245309486
-0.12,0.215,-0.118260516857458,0.209524476494023,0.00173948314254178,-0.00547552350597685,0.00574518574701394,0.747406332507052,-0.171440490195347,-0.110273104438095,0.774711151968048
-0.12,0.23,-0.116842693284672,0.224624820913231,0.00315730671532768,-0.00537517908676871,0.00623387005875877,0.734398860257589,-0.175264190856877,-0.176965015181842,0.775490180368042
-0.12,0.245,-0.115598888994413,0.239850244832003,0.00440111100558739,-0.0051497551679975,0.00677419783987886,0.71068761236878,-0.179672131172216,-0.23588257533463,0.770070433905667
-0.12,0.26,-0.114612394119968,0.255202761306332,0.00538760588003206,-0.00479723869366774,0.00721386139335787,0.676636751100781,-0.183732066697924,-0.283826186364802,0.756412836647267
-0.12,0.275,-0.113961968438237,0.270683029427789,0.00603803156176257,-0.00431697057221107,0.00742253730621661,0.632795379861665,-0.186249922110259,-0.317928405969196,0.732260060405486
-0.12,0.29,-0.113720462840187,0.286290335209624,0.00627953715981297,-0.00370966479037643,0.0072934353907079,0.579873816203763,-0.185828161513566,-0.335725059236808,0.695343798440688
-0.12,0.305,-0.113953690518202,0.302022616841613,0.00604630948179793,-0.00297738315838714,0.00673963417564536,0.518715231936435,-0.180931170956061,-0.335205861295931,0.643559557690801
-0.12,0.32,-0.114719580771055,0.317876531790235,0.00528041922894487,-0.00212346820976544,0.0056913921382466,0.45026448739412,-0.169953245490179,-0.314843463945041,0.575109900843282
-0.12,0.335,-0.11606762900906,0.333847560902292,0.00393237099094015,-0.00115243909770815,0.00409776249730436,0.375535988825524,-0.151285001657058,-0.273601408655119,0.488644665071379
-0.12,0.35,-0.118038638053726,0.349930142657617,0.00196136194627378,-6.98573423828786e-05,0.00196260559781522,0.29558224413851,-0.123374606202235,-0.21092280308133,0.383508975767992
-0.1,0.05,-0.102615950155389,0.0498561998590049,-0.00261595015538885,-0.00014380014099509,0.00261989955838561,0.292580137409486,-0.130656131547045,0.277960118791486,0.424189593275361
-0.1,0.065,-0.104423372342354,0.064132007800826,-0.00442337234235429,-0.000867992199174009,0.00450773039754285,0.358215987508703,-0.148239195270669,0.328981795030922,0.508452820590651
-0.1,0.08,-0.105630849551815,0.0784462076372464,-0.0056308495518152,-0.00155379236275362,0.0058412958649369,0.421470787669046,-0.157541469941171,0.357118743672264,0.574450607952364
-0.1,0.095,-0.10627477425554,0.0928051906769273,-0.00627477425554032,-0.0021948093230727,0.00664755443171686,0.481253555232547,-0.160346838548468,0.363176077580657,0.623872424380328
-0.1,0.11,-0.106400232319968,0.107215685979553,-0.00640023231996797,-0.00278431402044733,0.0069796402711044,0.536471111677181,-0.158467068620235,0.34848402243638,0.659059154145408
-0.1,0.125,-0.106060938976478,0.121684674474167,-0.00606093897647829,-0.00331532552583347,0.00690842707270162,0.586058809846545,-0.153669755597144,0.314901538019889,0.682823417383921
-0.1,0.14,-0.105318891646944,0.136219278760099,-0.00531889164694424,-0.00378072123990118,0.00652567708715143,0.629013062873845,-0.147602389919815,0.264797567318237,0.6982604706935
-0.1,0.155,-0.104243721979316,0.150826629763418,-0.00424372197931636,-0.00417337023658179,0.00595199087443181,0.664424040294372,-0.141717054534693,0.201008510351943,0.70848701184846
-0.1,0.17,-0.102911746714907,0.165513713377331,-0.00291174671490671,-0.00448628662266873,0.00534836765681889,0.69150669263774,-0.137200728973071,0.126772180725545,0.716298411574787
-0.1,0.185,-0.101404736628418,0.180287202270062,-0.0014047366284181,-0.00471279772993831,0.00491769737158877,0.709628214607449,-0.134916189214496,0.0456403539299197,0.723784905479258
-0.1,0.2,-0.0998084429315187,0.195153279900328,0.000191557068481311,-0.00484672009967207,0.00485050408051065,0.718330184604999,-0.135357988319961,-0.0386261593982705,0.731996794594317
-0.1,0.215,-0.0982109390385606,0.210117465306801,0.00178906096143938,-0.00488253469319855,0.00519998886095286,0.717343921388962,-0.138626994921381,-0.122174400592771,0.740765801708045
-0.1,0.23,-0.0967008503979097,0.225184448019047,0.0032991496020903,-0.0048155519809529,0.00583728781012484,0.706598065007826,-0.144425548233617,-0.201181471811054,0.748746637628094
-0.1,0.245,-0.0953655543051404,0.240357942490938,0.0046344456948596,-0.00464205750906155,0.00655948052943504,0.686217953302154,-0.152073616776211,-0.271974923426123,0.753657755893761
-0.1,0.26,-0.0942894341614076,0.255640570603072,0.00571056583859243,-0.00435942939692814,0.00718437101378403,0.656516977796311,-0.160544630558926,-0.331144352554583,0.752631282855616
-0.1,0.275,-0.093552268069991,0.271033779058536,0.006447731930009,-0.00396622094146379,0.0075699508319251,0.617980679283214,-0.168518103385947,-0.375638092658444,0.742569973855939
-0.1,0.29,-0.0932278207520252,0.286537796207437,0.00677217924797477,-0.00346220379256292,0.00760587055293062,0.571244829510788,-0.174444957928585,-0.402840251694996,0.720443478443972
-0.1,0.305,-0.0933826917777737,0.302151630110367,0.00661730822222631,-0.00284836988963252,0.00720430282096117,0.51706908024289,-0.176620732718893,-0.410625089180708,0.683501149284154
-0.1,0.32,-0.0940754538895568,0.317873106845911,0.00592454611044324,-0.00212689315408876,0.00629475345853019,0.456307930384843,-0.173261637747073,-0.397387585374352,0.629410358467599
-0.1,0.335,-0.0953560952340658,0.333698945516786,0.00464390476593421,-0.00130105448321437,0.00482271647967809,0.38988076103844,-0.162578701831443,-0.362050820135376,0.556347077310026
-0.1,0.35,-0.0972657601568177,0.349624864342696,0.00273423984318233,-0.000375135657303557,0.0027598540326304,0.31874253819266,-0.142845929531177,-0.304052277794864,0.463088242444945
-0.08,0.05,-0.0832279147114545,0.0497584001915134,-0.0032279147114545,-0.000241599808486648,0.00323694359726659,0.273551371008274,-0.139656632702239,0.358711414442749,0.472238783830686
-0.08,0.065,-0.0850029467746436,0.0641917935418105,-0.00500294677464361,-0.00080820645818952,0.00506780762351691,0.328727762154168,-0.150226630414563,0.406299871497416,0.543793883242844
-0.08,0.08,-0.0861721544344205,0.078651034217118,-0.00617215443442046,-0.00134896578288202,0.00631784765926835,0.382244970241659,-0.152593459736185,0.429909992320903,0.595165328141851
-0.08,0.095,-0.0867719180985973,0.0931411745700875,-0.00677191809859726,-0.00185882542991253,0.0070224003526571,0.433142764615505,-0.148702285677814,0.430338531216826,0.62842679350815
-0.08,0.11,-0.0868474353151083,0.107667671302472,-0.00684743531510831,-0.00233232869752797,0.00723374920410606,0.480452730162042,-0.140533770289168,0.408938722573691,0.646389879888948
-0.08,0.125,-0.0864526667317449,0.122236331194404,-0.00645266673174494,-0.00276366880559575,0.00701959922061017,0.523225446212109,-0.130025535354674,0.367626522204246,0.652552963496729
-0.08,0.14,-0.0856499936837503,0.136853232258604,-0.00564999368375034,-0.00314676774139627,0.00646719226903847,0.560559545326764,-0.118988881413931,0.308862815464301,0.650988598583706
-0.08,0.155,-0.0845095687398369,0.151524619941271,-0.00450956873983685,-0.00347538005872855,0.00569337130107652,0.591631195161752,-0.109025727915305,0.235609886573212,0.646088633487132
-0.08,0.17,-0.083108358217176,0.166256779937534,-0.00310835821717601,-0.00374322006246558,0.00486555107283137,0.615722338802296,-0.101451314949275,0.151262260213872,0.642098866339932
-0.08,0.185,-0.0815288958430424,0.181055891302816,-0.00152889584304242,-0.00394410869718437,0.00423007280245598,0.63224596176384,-0.0972282705504743,0.0595540696697511,0.642447900106419
-0.08,0.2,-0.0798577874192072,0.195927865650618,0.000142212580792817,-0.00407213434938197,0.0040746168626697,0.640766745588379,-0.0969171221994404,-0.0355528574828178,0.64903271174384
-0.08,0.215,-0.0781840255401418,0.210878180042004,0.00181597445985822,-0.00412181995799615,0.00450412733001552,0.641015735575264,-0.100647227607269,-0.129994221829086,0.661766124721554
-0.08,0.23,-0.0765971886711236,0.225911712464124,0.00340281132887638,-0.0040882875358759,0.00531913714016923,0.632898059152589,-0.108110514978119,-0.219734535234784,0.678628386257738
-0.08,0.245,-0.0751856084695368,0.241032589281934,0.00481439153046319,-0.00396741071806644,0.00623848648427038,0.616493252022144,-0.118578541631032,-0.300896622080862,0.696182117320293
-0.08,0.26,-0.0740345919653782,0.256244053686416,0.00596540803462176,-0.00375594631358392,0.0070493422196723,0.592048307736852,-0.130941433980953,-0.369881677662804,0.710271619763673
-0.08,0.275,-0.0732247805435861,0.271548362918289,0.00677521945641386,-0.00345163708171092,0.00760377519567819,0.559964106585522,-0.143765509409685,-0.423473146925861,0.716634163078808
-0.08,0.29,-0.0728307164987016,0.286946720009582,0.00716928350129839,-0.00305327999041818,0.00779237734082978,0.520776328386258,-0.155365013056733,-0.458919223589754,0.71130838854814
-0.08,0.305,-0.0729196713959249,0.302439243326354,0.00708032860407512,-0.00256075667364625,0.00752917843348849,0.475132276107237,-0.1638825741704,-0.473990691205683,0.690855365340643
-0.08,0.32,-0.0735507709079339,0.318024974465788,0.00644922909206613,-0.00197502553421153,0.00674487077287176,0.423765194136938,-0.167372752002504,-0.46701290005253,0.65245400361284
-0.08,0.335,-0.0747744300270274,0.333701922438083,0.0052255699729726,-0.00129807756191666,0.00538438361367245,0.367467672948328,-0.163883365580341,-0.436872627281795,0.593928530503609
-0.08,0.35,-0.0766320930298001,0.349467139856554,0.0033679069701999,-0.000532860143446362,0.00340980018364636,0.307065595378537,-0.151530075739685,-0.383002214265304,0.513753937503521
-0.06,0.05,-0.0637131672296433,0.0497691656474341,-0.00371316722964327,-0.000230834352565906,0.00372033538456161,0.225299308223797,-0.143021227761286,0.42586806878797,0.502573458661477
-0.06,0.065,-0.0654646472461242,0.0643639195954681,-0.00546464724612425,-0.000636080404531947,0.00550154231153436,0.268226900659686,-0.147701005074801,0.47091740791528,0.561717891336712
-0.06,0.08,-0.0666055555837736,0.0789718500638588,-0.00660555558377357,-0.00102814993614123,0.00668509213560362,0.31027967940296,-0.144212600140051,0.491086016643033,0.598531107789117
-0.06,0.095,-0.067172237788698,0.0935966267174274,-0.00717223778869797,-0.00140337328257262,0.00730824544387131,0.350658270283637,-0.134637528946071,0.487157303086412,0.615153931705252
-0.06,0.11,-0.0672099553054887,0.108242388486837,-0.00720995530548868,-0.00175761151316275,0.00742109518456317,0.388549873582568,-0.121100467996902,0.460497105141331,0.614571015194945
-0.06,0.125,-0.0667728401847493,0.122913722031296,-0.00677284018474926,-0.00208627796870361,0.00708688365438946,0.423150817053883,-0.105685238135087,0.41306243509455,0.600707802703974
-0.06,0.14,-0.0659235572710206,0.137615615533248,-0.00592355727102056,-0.00238438446675215,0.00638543812344537,0.453690951327433,-0.0903452172377597,0.347384811127201,0.578512565032231
-0.06,0.155,-0.0647326543367132,0.152353385880315,-0.00473265433671319,-0.00264661411968523,0.00542241490199038,0.479458679031476,-0.0768135352069498,0.266526186414489,0.553912937026013
-0.06,0.17,-0.0632775986472841,0.167132579143689,-0.00327759864728413,-0.00286742085631136,0.00435485421798344,0.499825215113752,-0.0665190825789139,0.174007433892307,0.533414169430303
-0.06,0.185,-0.0616415189838929,0.181958846466084,-0.00164151898389286,-0.00304115353391596,0.0034558934288155,0.514266590608309,-0.0605144803985928,0.0737115526064226,0.523036730365429
-0.06,0.2,-0.0599116933945986,0.196837799776339,8.83066054014175e-05,-0.00316220022366095,0.00316343299456127,0.522381975331018,-0.0594216257856695,-0.0302340120020605,0.526621216462361
-0.06,0.215,-0.0581778425376212,0.211774853925728,0.00182215746237881,-0.00322514607427213,0.00370429818158524,0.523907098863634,-0.063399244382901,-0.133589580277038,0.544377183306221
-0.06,0.23,-0.0565303042207558,0.226775063566902,0.00346969577924418,-0.00322493643309804,0.00473698256256322,0.518721888848139,-0.0721351549491969,-0.232142215366812,0.57286003569923
-0.06,0.245,-0.0550581746414475,0.2418429641171,0.00494182535855248,-0.00315703588289992,0.00586417201660644,0.506851883257257,-0.0848638832814269,-0.321843017037862,0.606372055517626
-0.06,0.26,-0.0538475045982644,0.256982426247441,0.00615249540173564,-0.00301757375255884,0.00685266014190914,0.488463449631758,-0.100408112823025,-0.398934463044312,0.638616675864306
-0.06,0.275,-0.0529796343666495,0.272196532619725,0.0070203656333505,-0.0028034673802754,0.00755942874681658,0.463853315757636,-0.117240506809628,-0.460060519467634,0.663751341746523
-0.06,0.29,-0.0525297394247109,0.287487483887381,0.0074702605752891,-0.00251251611261921,0.00788146752063915,0.433433308481672,-0.13356091891952,-0.502353903602538,0.676807005573027
-0.06,0.305,-0.0525656423623288,0.302856538731335,0.00743435763767117,-0.00214346126866469,0.00773718939247743,0.39771148449246,-0.147383092482571,-0.523496986338108,0.673758507624674
-0.06,0.32,-0.0531469263025946,0.318303990126454,0.00685307369740537,-0.00169600987354585,0.00705982071962414,0.357270987758838,-0.156624690154927,-0.521755060098384,0.651465092937125
-0.06,0.335,-0.0543243639204906,0.333829177321121,0.00567563607950938,-0.00117082267887944,0.00579514198725166,0.312747981244149,-0.159194860835721,-0.495982831510815,0.607582695594742
-0.06,0.35,-0.0561396562000186,0.349430530668805,0.00386034379998138,-0.000569469331194894,0.00390212116331954,0.264809896937023,-0.153074412100038,-0.445606768632432,0.540484611845869
-0.04,0.05,-0.044067007293045,0.0498605845692888,-0.00406700729304504,-0.000139415430711221,0.00406939614488464,0.153871990713901,-0.143796834616448,0.477177360341376,0.521588181619346
-0.04,0.065,-0.0458038023833429,0.0646195544742151,-0.00580380238334285,-0.000380445525784895,0.00581625832498746,0.183054117546931,-0.144034777648464,0.520631304170599,0.570363452945596
-0.04,0.08,-0.0469264546008517,0.0793789595732754,-0.0069264546008517,-0.000621040426724589,0.0069542407600892,0.212190184653445,-0.136094819827285,0.538527382672624,0.594610283771948
-0.04,0.095,-0.0474712544133463,0.0941410556860922,-0.00747125441334628,-0.000858944313907845,0.00752046726230099,0.240667201551119,-0.122162691989635,0.531632230497072,0.596221822389209
-0.04,0.11,-0.0474834807989894,0.108908630931243,-0.00748348079898942,-0.00109136906875701,0.00756264314331192,0.26785441849907,-0.104474423246755,0.50131426952009,0.577909787872314
-0.04,0.125,-0.0470173632628255,0.123685017628737,-0.00701736326282548,-0.00131498237126285,0.00713950739191331,0.29312033269746,-0.0852281695450262,0.449554656451464,0.543401299994753
-0.04,0.14,-0.0461357483016101,0.138474079615011,-0.00613574830161012,-0.00152592038498922,0.00632264503527101,0.315851379901478,-0.0664897495864094,0.378931793720075,0.497768865734354
-0.04,0.155,-0.0449094501484463,0.153280171415902,-0.00490945014844626,-0.00171982858409833,0.00520197184909345,0.335471414460623,-0.0500975347466192,0.292577171520146,0.447943362754783
-0.04,0.17,-0.0434162837831751,0.168108067506619,-0.00341628378317506,-0.00189193249338096,0.00390517649366781,0.351460908352077,-0.0375731054922497,0.194102350310195,0.403252900796156
-0.04,0.185,-0.0417397991241306,0.182962862119252,-0.00173979912413056,-0.00203713788074805,0.00267896094363172,0.363374717009989,-0.0300442566373164,0.0874992351294871,0.374967278952877
-0.04,0.2,-0.0399677568800676,0.197849842594534,3.22431199324025e-05,-0.00215015740546629,0.00215039914598767,0.370857276167904,-0.0281864012301927,-0.0229818367950141,0.372636883281117
-0.04,0.215,-0.0381904065183796,0.212774341771744,0.00180959348162037,-0.00222565822825602,0.00286848097740366,0.373654235272866,-0.0321871862859727,-0.132969565231568,0.397913362643839
-0.04,0.23,-0.0364986428801744,0.22774157710466,0.00350135711982556,-0.00225842289533981,0.0041665304096752,0.371619774842134,-0.0417372998876265,-0.238116546706731,0.443332527196558
-0.04,0.245,-0.034982128106905,0.242756485708258,0.00501787189309498,-0.00224351429174188,0.0054965802743854,0.364719181876019,-0.0560482342612672,-0.334242610993514,0.49787666039095
-0.04,0.26,-0.0337274684466663,0.257823565213809,0.00627253155333368,-0.00217643478619131,0.00663939157348851,0.353026627946727,-0.07389545613118,-0.417467878117549,0.551697489032648
-0.04,0.275,-0.0328165308765648,0.272946730003806,0.00718346912343523,-0.00205326999619415,0.00747115428328304,0.336718458353359,-0.0936833259352824,-0.48432782207716,0.597270922948072
-0.04,0.29,-0.0323249728588671,0.288129191155921,0.00767502714113294,-0.00187080884407895,0.00789974476475103,0.316062621294704,-0.113526464982163,-0.531864386612801,0.629021095529864
-0.04,0.305,-0.0323210414092508,0.303373366406888,0.00767895859074919,-0.00162663359311185,0.00784935295961907,0.291405103474604,-0.13134127403277,-0.557689431396584,0.642798024496024
-0.04,0.32,-0.0328646773443577,0.318680823972806,0.00713532265564226,-0.00131917602719364,0.00725624247051076,0.263154373658183,-0.144941025275276,-0.560019174202116,0.635518482390617
-0.04,0.335,-0.0340069389455095,0.334052261342065,0.00599306105449052,-0.000947738657935349,0.0060675356914151,0.231764866317476,-0.152128341176811,-0.537680556198278,0.604947737978017
-0.04,0.35,-0.0357897391158635,0.349487517705803,0.00421026088413645,-0.000512482294196537,0.00424133644201381,0.197720472312493,-0.150779803484661,-0.490092341727881,0.549564148425826
-0.02,0.05,-0.0242855861823939,0.0500040321306116,-0.00428558618239386,4.03213061159202e-06,0.00428558807922582,0.0665384520317576,-0.144316095461298,0.510790453071834,0.534942489152158
-0.02,0.065,-0.0260165615372958,0.0649291102739905,-0.00601656153729579,-7.08897260095487e-05,0.00601697914948364,0.0808680600025405,-0.141824334858042,0.553618810620835,0.577191813860435
-0.02,0.08,-0.0271310321976275,0.0798418681373901,-0.00713103219762751,-0.000158131862609878,0.00713278528273301,0.0960051129006391,-0.131100543236643,0.57046416191187,0.593158357029937
-0.02,0.095,-0.0276652156425217,0.0947431297914903,-0.00766521564252165,-0.000256870208509674,0.00766951844318653,0.111541979143322,-0.114396723122703,0.562074523076748,0.584344891800446
-0.02,0.11,-0.0276643634901262,0.109634312596699,-0.00766436349012617,-0.000365687403300841,0.0076730824956931,0.127049866245727,-0.0940212271259386,0.529811548061606,0.552887247225042
-0.02,0.125,-0.0271827291854113,0.124517472833757,-0.00718272918541132,-0.00048252716624303,0.00719891873944429,0.142089598976212,-0.0722480120287983,0.475663211648122,0.501663560627042
-0.02,0.14,-0.0262832383272523,0.139395326960627,-0.00628323832725233,-0.000604673039372644,0.00631226689562449,0.156223821945382,-0.0512190465086355,0.402229443972814,0.434532742032044
-0.02,0.155,-0.0250368409336657,0.1542712433514,-0.00503684093366567,-0.000728756648600087,0.00508928804882657,0.169030081510633,-0.0328456962521537,0.312678304441566,0.3569567794813
-0.02,0.17,-0.0235215433321331,0.169149201032164,-0.00352154333213305,-0.000850798967835742,0.00362286162084079,0.180114115012894,-0.018715742492075,0.210672377261236,0.277802763078794
-0.02,0.185,-0.0218211383821715,0.184033714210071,-0.0018211383821715,-0.0009662857899293,0.00206161423036355,0.189122589194136,-0.0100129048253297,0.100267496047186,0.214292408404613
-0.02,0.2,-0.0200236746177829,0.198929724117111,-2.36746177829319e-05,-0.00107027588288922,0.0010705376934146,0.195754513244715,-0.00745521959114995,-0.0142116249625356,0.196411348492732
-0.02,0.215,-0.0182197250601571,0.213842462518912,0.00178027493984288,-0.00115753748108829,0.00212350462244771,0.199770611612867,-0.0112573619662076,-0.128312070570284,0.23769538057928
-0.02,0.23,-0.016500532795082,0.228777293859016,0.00349946720491802,-0.00122270614098446,0.00370692339083206,0.201000077025597,-0.0211201029320621,-0.237601304022264,0.311932219753373
-0.02,0.245,-0.0149561206922523,0.243739545091655,0.00504387930774766,-0.00126045490834534,0.00519898692507462,0.199344315719274,-0.0362477831082273,-0.337814433013584,0.393917834528718
-0.02,0.26,-0.0136734556409291,0.258734333388969,0.00632654435907093,-0.00126566661103059,0.00645190479607145,0.194777534333156,-0.0553922625495609,-0.42499108437469,0.470770920160876
-0.02,0.275,-0.0127347530887387,0.273766402204044,0.00726524691126129,-0.00123359779595555,0.0073692317241201,0.187344256778653,-0.0769195868587627,-0.495593870806657,0.535378243576939
-0.02,0.29,-0.0122159959188484,0.288839975222143,0.00778400408115162,-0.00116002477785729,0.00786996677379441,0.177154084910404,-0.0988938765100381,-0.546602253373714,0.583044188247449
-0.02,0.305,-0.0121857244922872,0.30395863610307,0.00781427550771277,-0.00104136389693035,0.0078833584515909,0.164374191373261,-0.119171889032248,-0.575577915550056,0.610339473856783
-0.02,0.32,-0.0127041340169334,0.319125239473596,0.00729586598306664,-0.000874760526403701,0.00734811992426791,0.149220152611833,-0.135501397972967,-0.580700250828982,0.614689912213917
-0.02,0.335,-0.0138224938276961,0.334341856032613,0.00617750617230392,-0.000658143967387143,0.00621246617621868,0.131945775944266,-0.145616933265138,-0.560772911807777,0.594208214617021
-0.02,0.35,-0.0155828824496863,0.349609751862847,0.00441711755031371,-0.000390248137153049,0.00443432306692248,0.112832561476011,-0.147327398112727,-0.515204335501315,0.547607833392664
0,0.05,-0.00436597351731546,0.0501704453535966,-0.00436597351731546,0.000170445353596588,0.00436929929994074,-0.0285477114154777,-0.145981564594335,0.525377290274876,0.546030349601351
0,0.065,-0.00609996300387231,0.0652625332485048,-0.00609996300387231,0.000262533248504837,0.00610560990853341,-0.029713205891286,-0.142649160645022,0.568552283960556,0.586929612183693
0,0.08,-0.00721631731471312,0.0803295876580087,-0.00721631731471312,0.000329587658008668,0.00722383994915031,-0.0292131818686384,-0.130988502497544,0.585588394146628,0.600773228420945
0,0.095,-0.00775116497815218,0.0953709966423754,-0.00775116497815218,0.00037099664237536,0.00776003846815121,-0.027239013842964,-0.113276122149236,0.577214563664533,0.588857494162059
0,0.11,-0.00774968677838028,0.110386800396141,-0.00774968677838028,0.000386800396141168,0.007759333715562,-0.0240058167653459,-0.0918494056422219,0.544777147093342,0.552989246117294
0,0.125,-0.00726608737396232,0.125377770444606,-0.00726608737396232,0.00037777044460624,0.0072759010599975,-0.0197482701200986,-0.0690150161488787,0.490253731457943,0.495482913752169
0,0.14,-0.00636326892936395,0.140345464812296,-0.00636326892936395,0.000345464812295609,0.00637263975162123,-0.0147153586234792,-0.0469501331375588,0.416239744308446,0.419138598744691
0,0.155,-0.00511218579572152,0.15529225242963,-0.00511218579572152,0.000292252429630185,0.00512053269617543,-0.00916419611430842,-0.027602379642623,0.325905330724125,0.327200931240502
0,0.17,-0.00359087765363117,0.170221301613417,-0.00359087765363117,0.00022130161341713,0.00359769047132306,-0.00335317547138539,-0.0125951803741599,0.222922091474887,0.223302942968363
0,0.185,-0.00188319968821405,0.185136529749385,-0.00188319968821405,0.000136529749385467,0.00188814232465584,0.00246523095514967,-0.00314554052407193,0.111361724006968,0.111433429811111
0,0.2,-7.72902808443113e-05,0.200042514200369,-7.72902808443113e-05,4.25142003685763e-05,8.82113640409895e-05,0.00805164878691572,-7.36913184534294e-07,-0.00442888039847941,0.00918934333147555
0,0.215,0.00173616296071917,0.214944367618219,0.00173616296071917,-5.56323817814119e-05,0.00173705405444846,0.0131865628033774,-0.00339915433691708,-0.119969277878153,0.120739689904709
0,0.23,0.00346578161165385,0.229847583888309,0.00346578161165385,-0.000152416111690923,0.00346913142598849,0.0176762819764891,-0.0130585884245283,-0.230795371909839,0.231839502041724
0,0.245,0.00502139162861753,0.244757863493934,0.00502139162861753,-0.000242136506065749,0.00502722627057108,0.021357782541452,-0.0281929951878366,-0.332608248434798,0.334484027303874
0,0.26,0.00631586460517269,0.259680928829596,0.00631586460517269,-0.000319071170404223,0.00632391904776274,0.0241021824328701,-0.0475561989719981,-0.4214127331128,0.424772910279066
0,0.275,0.00726681899248909,0.274622340677182,0.00726681899248909,-0.000377659322818247,0.00727662592371709,0.0258167080203815,-0.0695088007957544,-0.493637512081335,0.499176867711981
0,0.29,0.00779810680819309,0.289587326650108,0.00779810680819309,-0.000412673349892256,0.00780901844572663,0.0264451240924036,-0.0921027463319055,-0.546230487360907,0.554574077012351
0,0.305,0.00784102872202769,0.304580630989235,0.00784102872202769,-0.000419369010765142,0.00785223546430272,0.0259667074883543,-0.113176916069556,-0.576725377942289,0.588301356853037
0,0.32,0.00733524108021097,0.319606392843377,0.00733524108021097,-0.000393607156623288,0.00734579391887355,0.0243939383499065,-0.130456768917059,-0.583278099454944,0.598189455285988
0,0.335,0.00622934010902204,0.33466805757421,0.00622934010902204,-0.000331942425790183,0.00623817793653806,0.0217691487549019,-0.141651462761189,-0.564673843848324,0.582579184974164
0,0.35,0.00448112934070782,0.349768322734101,0.00448112934070782,-0.000231677265898678,0.00448711427575528,0.0181604090114459,-0.144542851741227,-0.520307782563369,0.540319154412237
0.02,0.05,0.0156937921154031,0.0503306078491802,-0.0043062078845969,0.000330607849180237,0.00431888039835605,-0.122769924591234,-0.149126525440376,0.520208791273137,0.554915100266504
0.02,0.065,0.0139480136818301,0.0655896049637014,-0.00605198631816994,0.000589604963701362,0.00608063914473943,-0.139564904163582,-0.146915148350847,0.564682315226344,0.599943188169467
0.02,0.08,0.0128197593671573,0.0808109535076755,-0.00718024063284267,0.000810953507675544,0.00722589102721154,-0.153851581470366,-0.136241092024039,0.583136717979052,0.618291262980355
0.02,0.095,0.0122730040438799,0.095992615004543,-0.00772699595612009,0.000992615004542952,0.00779049106623838,-0.165603115609122,-0.119362297992315,0.576282428120971,0.611372826932997
0.02,0.11,0.0122626799044184,0.111133259733315,-0.00773732009558159,0.00113325973331471,0.0078198721143407,-0.174818376466581,-0.0986002243513452,0.545442814614566,0.581200679221212
0.02,0.125,0.0127347027407324,0.126232378900739,-0.0072652972592676,0.00123237890073888,0.00736907741990187,-0.181524405247986,-0.076249229550387,0.492568473407056,0.530462784447262
0.02,0.14,0.0136262956139457,0.141290373214021,-0.00637370438605435,0.0012903732140207,0.00650301242750393,-0.185778175149203,-0.0544786777168471,0.420224589766383,0.462678425936887
0.02,0.155,0.0148666309500453,0.156308609603199,-0.00513336904995469,0.0013086096031987,0.00529754064605611,-0.18766743415671,-0.0352335548391607,0.331548840974488,0.382603773040605
0.02,0.17,0.0163777937842802,0.171289439271162,-0.00362220621571985,0.00128943927116221,0.00384487080448938,-0.187310446954896,-0.0201402609376094,0.230179378714737,0.297445085244941
0.02,0.185,0.0180760477388725,0.186236172569349,-0.00192395226112746,0.00123617256934883,0.00228685699690819,-0.184854510114061,-0.0104245081541965,0.120154853499066,0.220719526429654
0.02,0.2,0.0198733635012789,0.201153009261607,-0.0001266364987211,0.001153009261607,0.00115994274003498,-0.180473204235331,-0.0068477840624334,0.00579093522009631,0.180695964497897
0.02,0.215,0.0216791491842075,0.21604492614248,0.0016791491842075,0.0010449261424797,0.001977729158925,-0.17436243804353,-0.00966761436293257,-0.108459978831891,0.20557075402112
0.02,0.23,0.0234021055888596,0.230917527478269,0.00340210558885964,0.000917527478268537,0.00352365990287482,-0.166735448108046,-0.0186249844083174,-0.218157495326728,0.275209807402172
0.02,0.245,0.0249521189431816,0.245776866752512,0.00495211894318158,0.00077686675251179,0.00501268430868891,-0.157817007205303,-0.0329599701008434,-0.319021164061133,0.357445778973418
0.02,0.26,0.0262421005162253,0.260629250486441,0.0062421005162253,0.000629250486441135,0.00627373692701141,-0.147837167162284,-0.0514541841465992,-0.407068474583392,0.4361295936611
0.02,0.275,0.0271896871351167,0.275481036058632,0.0071896871351167,0.000481036058632145,0.00720576136092272,-0.137024900820341,-0.0724963851279009,-0.478734778038791,0.503209861474219
0.02,0.29,0.0277187281177079,0.290338435499327,0.00771872811770785,0.000338435499327411,0.00772614407983043,-0.125602008849172,-0.0941658115888557,-0.530968795011106,0.553690628250463
0.02,0.305,0.0277605014871695,0.305207336058048,0.00776050148716947,0.000207336058047874,0.00776327067500074,-0.113777624172692,-0.114326692172054,-0.56129967909521,0.584017314071936
0.02,0.32,0.0272546228694204,0.320093146350477,0.00725462286942039,9.31463504767749e-05,0.00725522082504209,-0.101743581243165,-0.13072702693415,-0.567874098774671,0.591544936801684
0.02,0.335,0.0261496322050492,0.335000674221951,0.00614963220504924,6.74221951241227e-07,0.00614963224200879,-0.0896708344559558,-0.141095100117235,-0.549464182736404,0.574336431048298
0.02,0.35,0.0244032640457964,0.349934039592879,0.00440326404579636,-6.59604071210629e-05,0.0044037580578763,-0.0777070166416598,-0.143228131408294,-0.505449165964544,0.531068316330665
0.04,0.05,0.0358946701947899,0.0504554377584632,-0.00410532980521008,0.000455437758463212,0.0041305152658452,-0.207516392598912,-0.152971964472606,0.495196685814453,0.558288186177916
0.04,0.065,0.0341284131299312,0.0658802469805529,-0.00587158687006878,0.000880246980552918,0.00593720196048076,-0.239559845480052,-0.153804392582487,0.541879288405318,0.612112275327017
0.04,0.08,0.0329783293585439,0.0812549453639739,-0.00702167064145609,0.00125494536397394,0.00713293393097441,-0.268286309331159,-0.14600653158345,0.562933146441537,0.640463464684425
0.04,0.095,0.0324085105709784,0.0965760908900176,-0.00759148942902163,0.00157609089001762,0.00775337179842059,-0.293457788237391,-0.131775802756913,0.559051260017048,0.645000031393569
0.04,0.11,0.0323740428909282,0.111841004644393,-0.0076259571090718,0.0018410046443926,0.00784503154423727,-0.314863622457543,-0.113373879310559,0.53152709901141,0.62810647602195
0.04,0.125,0.0328210329041751,0.127047914944581,-0.00717896709582493,0.0020479149445812,0.00746535492680529,-0.33232928265661,-0.0930387512751224,0.482268672953229,0.593030499976991
0.04,0.14,0.0336869292770568,0.14219607838241,-0.00631307072294317,0.00219607838240984,0.00668413212126825,-0.345724843702962,-0.0728896626488045,0.413786403001295,0.544113942839521
0.04,0.155,0.0349011608551269,0.157285868022652,-0.00509883914487312,0.00228586802265232,0.00558778607699641,-0.354972560612877,-0.0548305014557278,0.329152321842549,0.487190500479158
0.04,0.17,0.0363860939901589,0.172318820427183,-0.00361390600984114,0.00231882042718348,0.00429386129509202,-0.360052960459448,-0.0404580750217934,0.231930136879761,0.430194662902615
0.04,0.185,0.0380582908543099,0.187297635399611,-0.00194170914569011,0.00229763539961089,0.00300821588919441,-0.361008903866538,-0.0309819671552267,0.126078028879868,0.38364505761845
0.04,0.2,0.0398300288481301,0.202226125575672,-0.000169971151869947,0.00222612557567231,0.00223260504145502,-0.357947180542531,-0.0271622347587552,0.0158284657709103,0.359325666442532
0.04,0.215,0.0416110210187021,0.217109116674774,0.00161102101870208,0.00210911667477373,0.00265400864175467,-0.351037376137525,-0.0292700385274643,-0.0944485074811863,0.364698429160317
0.04,0.23,0.0433102611121832,0.231952303057788,0.00331026111218324,0.00195230305778754,0.00384308676200254,-0.340507951394621,-0.0370745097194071,-0.200390416147005,0.396833885443058
0.04,0.245,0.0448379064999271,0.24676206675501,0.00483790649992709,0.00176206675500998,0.00514880748825863,-0.326639710095911,-0.0498569417234575,-0.297786986607888,0.444811530865322
0.04,0.26,0.0461071090469137,0.261545270881803,0.00610710904691367,0.00154527088180259,0.00629957482764049,-0.309757041642063,-0.0664510401161663,-0.382715369793961,0.496827703051234
0.04,0.275,0.0470357084552544,0.276309040018986,0.00703570845525443,0.0013090400189861,0.00715645018417971,-0.2902175025907,-0.0853057794024674,-0.451658017989282,0.543599537002678
0.04,0.29,0.0475477140742335,0.291060540563102,0.00754771407423346,0.00106054056310159,0.00762185896172094,-0.268400413392532,-0.10456567376311,-0.501596989160627,0.578424708281869
0.04,0.305,0.047574518189122,0.30580677324567,0.00757451818912203,0.000806773245669634,0.00761736233005026,-0.244695187787117,-0.122162169265741,-0.530080670622922,0.596479724062675
0.04,0.32,0.0470558042643005,0.320554388146605,0.0070558042643005,0.000554388146604634,0.0070775504260455,-0.219490078644451,-0.135909489462205,-0.535261326631998,0.594268573693946
0.04,0.335,0.045940135098035,0.335309529962578,0.00594013509803498,0.000309529962577687,0.00594819416130983,-0.193161930176008,-0.143598585641253,-0.515904185856324,0.569290681767526
0.04,0.35,0.0441852263625737,0.350077718318292,0.00418522636257371,7.77183182917307e-05,0.00418594790256401,-0.166067387659456,-0.143083730310881,-0.471370738934971,0.519849553750725
0.06,0.05,0.0562366040055155,0.0505162722581359,-0.00376339599448447,0.000516272258135886,0.00379864271231482,-0.274647582117914,-0.155686221099375,0.450886592928061,0.550427600668509
0.06,0.065,0.0544412882772433,0.0661048218816135,-0.00555871172275665,0.00110482188161354,0.00566744275725872,-0.321073159640589,-0.161339139934208,0.50062870060527,0.616239440911214
0.06,0.08,0.0532595689153966,0.0816310041932342,-0.00674043108460343,0.00163100419323423,0.00693495392087329,-0.363424329012436,-0.158166770210421,0.525387114798175,0.65812639570678
0.06,0.095,0.0526556673163152,0.097090009638084,-0.00734433268368476,0.00209000963808403,0.00763592580214896,-0.401267305675976,-0.148267694215385,0.525838510743711,0.677871860382766
0.06,0.11,0.0525848634697322,0.112477843797681,-0.00741513653026782,0.00247784379768137,0.00781818135170964,-0.434197181811268,-0.133803678832482,0.503240197660829,0.678001974765401
0.06,0.125,0.0529935235668861,0.127791502089834,-0.00700647643311385,0.0027915020898342,0.00754209492948269,-0.461852446063279,-0.116915961068388,0.459443343882089,0.661868628642864
0.06,0.14,0.0538194201900265,0.143029121856272,-0.00618057980997345,0.00302912185627235,0.0068829605554295,-0.483929519543076,-0.099634777936262,0.396881123109161,0.633745682060448
0.06,0.155,0.0549923657052753,0.158190100834854,-0.00500763429472474,0.00319010083485385,0.00593743585786311,-0.500196418819948,-0.0837874041179139,0.318529446042503,0.598899875004141
0.06,0.17,0.056435161423568,0.173275172109502,-0.00356483857643203,0.00327517210950198,0.00484095304902636,-0.510504601065996,-0.0709107586554116,0.227839842362904,0.563521815924687
0.06,0.185,0.0580648445254954,0.188286428040369,-0.00193515547450461,0.00328642804036869,0.00381384792237797,-0.514798077598575,-0.0621748932677435,0.128646272358813,0.534260900321155
0.06,0.2,0.0597941933184544,0.203227288878074,-0.000205806681545569,0.0032272888780735,0.00323384444472917,-0.513119012538675,-0.0583232686968981,0.0250499178342989,0.517031949789815
0.06,0.215,0.0615334315267275,0.218102415761563,0.00153343152672754,0.00310241576156259,0.00346069296597573,-0.505609251331642,-0.0596346455985749,-0.0787119374049927,0.515164403884008
0.06,0.23,0.0631920562199034,0.232917571946897,0.00319205621990344,0.00291757194689748,0.00432451719575115,-0.49250752673299,-0.0659097483666507,-0.178405271817656,0.527956600578484
0.06,0.245,0.0646807037538053,0.247679440049039,0.00468070375380526,0.00267944004903931,0.00539336505414592,-0.474142431361943,-0.076483792934502,-0.269938443067486,0.550935493090209
0.06,0.26,0.0659129648955235,0.262395406304283,0.00591296489552345,0.00239540630428259,0.00637974335050317,-0.45092158380398,-0.0902637636347966,-0.3494925933053,0.577603427979482
0.06,0.275,0.0668070646804121,0.2770733249657,0.00680706468041212,0.00207332496570004,0.00711581379581487,-0.423317716989483,-0.105787266025119,-0.413635750024274,0.601237628525119
0.06,0.29,0.0672873337761048,0.291721276787204,0.00728733377610477,0.00172127678720452,0.00748785866202925,-0.391852620586507,-0.121298128481869,-0.459414628430492,0.615895417770768
0.06,0.305,0.0672854148518455,0.306347335047209,0.00728541485184547,0.0013473350472091,0.00740895277977452,-0.357079989143064,-0.134832862669246,-0.484420210936056,0.616727356794407
0.06,0.32,0.0667411675996447,0.320959350883601,0.00674116759964474,0.000959350883600857,0.00680908912589384,-0.319568221334203,-0.144311704112126,-0.486825467767314,0.59996003290035
0.06,0.335,0.0656032572641804,0.335564767235103,0.0056032572641804,0.000564767235103347,0.00563164753854826,-0.279884121921186,-0.147628215529837,-0.465395769490618,0.562783244636349
0.06,0.35,0.0638294316812373,0.350170467629921,0.00382943168123728,0.00017046762992115,0.00383322399738324,-0.238578284543908,-0.142732237411816,-0.419474422132351,0.503241997822138
0.08,0.05,0.0767185254708904,0.0504851421134249,-0.0032814745291096,0.00048514211342493,0.00331714304114451,-0.316917007226348,-0.154539408337503,0.388406015103976,0.524575993540028
0.08,0.065,0.0748857038000346,0.0662344235841959,-0.00511429619996542,0.0012344235841959,0.00526116215357404,-0.37643624418892,-0.166551229026644,0.441981723393802,0.603982433284467
0.08,0.08,0.0736627007113497,0.0819093378001316,-0.00633729928865029,0.00190933780013158,0.00661868061693105,-0.431189969118369,-0.169521728049307,0.471448004695473,0.661007165635435
0.08,0.095,0.0730138801627265,0.0975037558884808,-0.00698611983727354,0.00250375588848084,0.00742123062098527,-0.480570900083897,-0.16541795362733,0.477465897787578,0.697345807960771
0.08,0.11,0.0728947551126427,0.113012413820792,-0.00710524488735728,0.0030124138207917,0.00771745696048988,-0.524002280721779,-0.156267565021627,0.461250824292563,0.715371870502947
0.08,0.125,0.0732520184177593,0.12843111587927,-0.00674798158224069,0.00343111587926964,0.00757019231005632,-0.5609572840266,-0.144080613768339,0.424584457635734,0.718130218469622
0.08,0.14,0.0740238622421038,0.143756916060217,-0.00597613775789617,0.00375691606021733,0.00705894048599867,-0.590978690682648,-0.1307651159326,0.369802954282954,0.709306688880049
0.08,0.155,0.0751406059930988,0.15898826513682,-0.00485939400690122,0.00398826513681971,0.00628649098590613,-0.613697705241277,-0.118041277796211,0.299759414346649,0.693123496962497
0.08,0.17,0.0765256351915873,0.174125112171647,-0.00347436480841266,0.00412511217164729,0.00539330707920558,-0.628850678765414,-0.107359958428674,0.217760204612565,0.674095011904339
0.08,0.185,0.0780966334163926,0.189168951571083,-0.00190336658360738,0.00416895157108282,0.00458289881555628,-0.636292525348415,-0.099831176416596,0.127476817034817,0.656574061261891
0.08,0.2,0.0797670685331714,0.204122810160715,-0.000232931466828548,0.00412281016071514,0.00412938502558612,-0.636005769481905,-0.0961680985765984,0.0328370402991759,0.644076301069347
0.08,0.215,0.0814478749080531,0.218991172859692,0.00144787490805308,0.0039911728596923,0.00424568045727822,-0.628104432185074,-0.0966509665707375,-0.0620988801206765,0.638527272525583
0.08,0.23,0.0830492575852169,0.233779850037496,0.0030492575852169,0.00377985003749631,0.00485646354119576,-0.612832336532475,-0.101113902759893,-0.153269973045611,0.639752632609579
0.08,0.245,0.0844825343208245,0.248495793925749,0.0044825343208245,0.00349579392574917,0.00568451309336819,-0.590555841369394,-0.108955656017019,-0.236746267723345,0.645508124963418
0.08,0.26,0.0856619282405513,0.263146875094103,0.00566192824055131,0.00314687509410339,0.00647767352210967,-0.561751452906381,-0.119173335999851,-0.308852617534635,0.652044098819987
0.08,0.275,0.0865062280742917,0.277741632559168,0.0065062280742917,0.00274163255916776,0.00706027994092233,-0.526989150945885,-0.130416295397224,-0.366277508690812,0.654896830129783
0.08,0.29,0.0869402439228541,0.292289012261461,0.00694024392285406,0.002289012261461,0.00730797939527962,-0.486912562009131,-0.141055788672217,-0.40616118299416,0.649578328384694
0.08,0.305,0.0868960027988726,0.30679810851364,0.00689600279887265,0.00179810851364043,0.00712657342829537,-0.442217284184903,-0.149265033050388,-0.426159306721407,0.632022136997946
0.08,0.32,0.0863136478783057,0.321277921518978,0.00631364787830574,0.00127792151897765,0.00644167935711649,-0.393628702241093,-0.153103902697965,-0.424480519243352,0.598808262518695
0.08,0.335,0.0851420262691198,0.335737141643475,0.0051420262691198,0.000737141643475325,0.00519459449378521,-0.341880537465759,-0.150602685370399,-0.399898233925267,0.547251628605582
0.08,0.35,0.0833389697465278,0.350183968100485,0.00333896974652775,0.00018396810048471,0.00334403397563834,-0.287695187754999,-0.139840029098832,-0.351738827628141,0.475442167593428
0.1,0.05,0.0973383787605757,0.0503350301869332,-0.00266162123942426,0.00033503018693315,0.00268262424657476,-0.328306484591363,-0.146131901584429,0.309374588129307,0.474187304443455
0.1,0.065,0.0954597584762774,0.0662411503717543,-0.00454024152372259,0.00124115037175432,0.00470682986085547,-0.399297119174621,-0.165733816794826,0.367468234232799,0.567398820593215
0.1,0.08,0.0941860143893648,0.0820612078807862,-0.00581398561063518,0.00206120788078618,0.00616854979784454,-0.46490998089495,-0.176064152940602,0.402523075510009,0.639663155487493
0.1,0.095,0.0934816663142905,0.0977878139300475,-0.0065183336857095,0.00278781393004746,0.00708946969432989,-0.524391638112339,-0.178932759288109,0.415184477768588,0.692378153005353
0.1,0.11,0.0933024985957893,0.113414491919309,-0.00669750140421069,0.00341449191930865,0.00751766453936515,-0.57702105544333,-0.176206430994045,0.406620718387707,0.727564104684702
0.1,0.125,0.0935955959167069,0.128935907569283,-0.00640440408329307,0.00393590756928336,0.00751716436271304,-0.622132870812744,-0.169737134812249,0.378533124789889,0.747766853416374
0.1,0.14,0.0942996624503437,0.144348077531788,-0.00570033754965635,0.00434807753178768,0.00716935327644404,-0.659141124093028,-0.16128469506948,0.333144268533388,0.755958443399521
0.1,0.155,0.0953456436539003,0.159648543049368,-0.00465435634609966,0.00464854304936835,0.00657814453157644,-0.687562111138438,-0.152438340273462,0.273162328901077,0.755384026291927
0.1,0.17,0.0966576527793064,0.174836496287116,-0.00334234722069356,0.00483649628711574,0.00587902894013649,-0.707034928018911,-0.144542142156805,0.201721341646472,0.749326579686477
0.1,0.185,0.098154184455261,0.189912849197931,-0.001845815544739,0.004912849197931,0.00524815417711898,-0.717338273742904,-0.13862956806404,0.122298901683354,0.740781358876545
0.1,0.2,0.0997495772569766,0.204880238212495,-0.000250422743023428,0.0048802382124945,0.00488665903874159,-0.718402251255731,-0.135372035663235,0.0386147878052825,0.732069515397033
0.1,0.215,0.101355668242247,0.219742962352798,0.00135566824224709,0.00474296235279753,0.00493290262047529,-0.710314199621258,-0.135045484185143,-0.0454843060868455,0.72447177997366
0.1,0.23,0.10288356710217,0.234506857079365,0.00288356710216967,0.00450685707936499,0.00535039437486037,-0.693318010327094,-0.13751763314376,-0.126147443988579,0.717997832005136
0.1,0.245,0.104245467752892,0.249179110829411,0.0042454677528916,0.00417911082941119,0.00595726143167684,-0.667806869107491,-0.14225693110667,-0.199642319095214,0.711383585376529
0.1,0.26,0.10535641213797,0.263768035180639,0.00535641213796953,0.00376803518063873,0.00654898771676344,-0.634309869055275,-0.148362406407813,-0.262471101040472,0.702323051496694
0.1,0.275,0.106135925024645,0.278282802517838,0.00613592502464494,0.00328280251783808,0.00695890568115333,-0.593473396005137,-0.154611941806201,-0.311472716093184,0.68784915479181
0.1,0.29,0.106509449240927,0.292733166651355,0.00650944924092672,0.00273316665135476,0.00705996666877963,-0.546038544820717,-0.159525112129827,-0.343906297048734,0.664742695787148
0.1,0.305,0.10640952659995,0.307129181914723,0.00640952659995014,0.00212918191472278,0.006753920850991,-0.492816042640312,-0.161435798937903,-0.357512240870285,0.629879486262976
0.1,0.32,0.105776688916314,0.321480935059444,0.00577668891631433,0.00148093505944363,0.00596349758834177,-0.434660223009998,-0.158569405435031,-0.350549205763688,0.580483758362861
0.1,0.335,0.104560043817563,0.335798301894246,0.00456004381756306,0.000798301894246234,0.00462939364630533,-0.372443513573271,-0.149119630636317,-0.321807237892155,0.514307796454096
0.1,0.35,0.102717559256772,0.35009073763908,0.00271755925677203,9.07376390805181e-05,0.0027190736718988,-0.307032704683691,-0.131320347054431,-0.270598839069586,0.429812416458675
0.12,0.05,0.118093161754031,0.0500401084791763,-0.00190683824596863,4.01084791762929e-05,0.00190726002065543,-0.304250264321613,-0.126667556549971,0.215788044708076,0.39392636968092
0.12,0.065,0.116160625573951,0.0660983547651843,-0.00383937442604917,0.00109835476518433,0.00399339193839066,-0.384859230117685,-0.154742441502166,0.278983765024845,0.499895365625906
0.12,0.08,0.114826905083503,0.082059192281283,-0.00517309491649742,0.00205919228128298,0.00556787067615501,-0.459566666573632,-0.17330845547425,0.320369920931923,0.586410461862219
0.12,0.095,0.114056690105148,0.0979140416923423,-0.00594330989485226,0.00291404169234227,0.00661925762385464,-0.527503321038753,-0.184000335498601,0.340575320321805,0.654302742226886
0.12,0.11,0.113806074256005,0.113655280756041,-0.00619392574399469,0.0036552807560411,0.00719206462204036,-0.587834427645426,-0.188505459525674,0.340716306111814,0.705108146715981
0.12,0.125,0.114022597107986,0.129276498793947,-0.00597740289201382,0.00427649879394709,0.00734967939900007,-0.639785784920482,-0.188499123516988,0.322404952477879,0.740817365622928
0.12,0.14,0.114645563536832,0.144772730092861,-0.00535443646316826,0.00477273009286117,0.00717279181193825,-0.682670366179756,-0.185575009132502,0.287737179462932,0.763726543677456
0.12,0.155,0.115606658662198,0.160140651890404,-0.00439334133780249,0.00514065189040364,0.006762229659569,-0.715914024813763,-0.181174748827829,0.239259162342791,0.776280455433179
0.12,0.17,0.116830860063864,0.17537873350716,-0.00316913993613591,0.00537873350715978,0.00624293377154162,-0.739078725645428,-0.176521029675534,0.179911854302355,0.78088075311401
0.12,0.185,0.118237629811375,0.19048732541779,-0.00176237018862516,0.0054873254177899,0.00576339213679564,-0.75188175143003,-0.17255883078626,0.112955076393478,0.77966078989513
0.12,0.2,0.119742349083815,0.205468680514958,-0.000257650916184603,0.0054686805149578,0.00547474662146934,-0.754209495183176,-0.169909090818149,0.041874317878679,0.774250374491403
0.12,0.215,0.121257939816546,0.220326904257206,0.00125793981654647,0.00532690425720567,0.00547341954791416,-0.746124771949195,-0.168838341724845,-0.0297250946541157,0.76557224491688
0.12,0.23,0.122696603003542,0.23506783528218,0.00269660300354194,0.00506783528217958,0.00574061165783016,-0.727867010041463,-0.169246676045457,-0.0982306466976833,0.753718962190172
0.12,0.245,0.123971593781207,0.249698862993683,0.0039715937812069,0.00469886299368333,0.00615246865870343,-0.699845214142714,-0.170674972043573,-0.160135645515617,0.737945948310085
0.12,0.26,0.12499895043376,0.264228692943288,0.00499895043376017,0.00422869294328804,0.00654762166345957,-0.662624123473557,-0.172330742857671,-0.212146100709894,0.716785381274062
0.12,0.275,0.125699098302644,0.278667074067041,0.00569909830264397,0.00366707406704103,0.00677695755308857,-0.616904484607305,-0.17313049995326,-0.251275565459434,0.688251711815464
0.12,0.29,0.125998259870823,0.293024503759047,0.005998259870823,0.00302450375904745,0.00671764426465243,-0.563498751355287,-0.171755299967401,-0.274923137680962,0.650090756228002
0.12,0.305,0.125829617472241,0.30731192711483,0.00582961747224056,0.00231192711483047,0.00627131938725343,-0.503303780004616,-0.16671531079291,-0.28093130697353,0.600028648933928
0.12,0.32,0.125134193660055,0.321540445680157,0.00513419366005499,0.00154044568015738,0.00536030945305067,-0.437272178442716,-0.156418854353505,-0.267622006855006,0.536001352460223
0.12,0.335,0.123861433873744,0.335721048817201,0.0038614338737441,0.000721048817200531,0.00392817807107629,-0.366383910571025,-0.139241462816486,-0.233810889187555,0.456392362060498
0.12,0.35,0.12196949466174,0.349864377791603,0.00196949466174029,-0.000135622208397412,0.0019741587084209,-0.291619564614082,-0.113590957328877,-0.178801302992011,0.360437526412327
0.14,0.05,0.138978983777052,0.0495759490753781,-0.00102101622294787,-0.000424050924621944,0.00110557374887226,-0.24173840088864,-0.0922392409509849,0.109889325640559,0.281107371726086
0.14,0.065,0.1369846096547,0.0657808652925857,-0.00301539034530027,0.000780865292585697,0.00311485626308743,-0.329988534212937,-0.129309081323553,0.178663781483264,0.396906346655907
0.14,0.08,0.135581928330298,0.0818774172047661,-0.00441807166970168,0.00187741720476609,0.00480042213137264,-0.411908431036396,-0.156633195696461,0.226976561228582,0.495703949567778
0.14,0.095,0.134735814969106,0.0978559128191422,-0.00526418503089435,0.00285591281914216,0.00598898005256593,-0.486544266537311,-0.175661086484842,0.255438212721135,0.576917353867594
0.14,0.11,0.134402709904974,0.113707659662018,-0.00559729009502627,0.00370765966201764,0.0067138957824226,-0.552978931067925,-0.187890382840642,0.26510888845285,0.641385619381992
0.14,0.125,0.134530668402696,0.129425241020034,-0.00546933159730367,0.004425241020034,0.00703536397115713,-0.610359842782753,-0.194809439757735,0.257504534065077,0.690510109682331
0.14,0.14,0.135059680522603,0.145002771506549,-0.00494031947739665,0.00500277150654871,0.00703096574344381,-0.657927295622173,-0.197835868410663,0.234584951327845,0.725978310824838
0.14,0.155,0.135922278501643,0.160436116854495,-0.00407772149835664,0.00543611685449474,0.0067955264015293,-0.695041848776352,-0.198254400115705,0.198722373759996,0.749590938378364
0.14,0.17,0.137044432844199,0.175723063606531,-0.0029555671558015,0.0057230636065313,0.00644118267532101,-0.721209143095968,-0.197157930872695,0.152650470541636,0.763101993136294
0.14,0.185,0.138346719874032,0.190863426590706,-0.00165328012596793,0.00586342659070582,0.00609205273774913,-0.736100542119482,-0.195395708683139,0.0993951221216919,0.768057104081122
0.14,0.2,0.139745724463007,0.205859085530228,-0.000254275536992926,0.00585908553022779,0.00586460052341485,-0.739568166806375,-0.193532363969819,0.0421897772654541,0.765639960837547
0.14,0.215,0.141155624046676,0.220713946666657,0.00115562404667553,0.00571394666665709,0.00582963579022364,-0.731653202922032,-0.191820829225441,-0.0156204888933873,0.756547391484935
0.14,0.23,0.14248988577995,0.23543383032343,0.00248988577995034,0.0054338303234302,0.00597712666596823,-0.71258680742054,-0.190191205243635,-0.0706810865468133,0.740915729615022
0.14,0.245,0.143662999587619,0.250026290446605,0.00366299958761865,0.00502629044660508,0.00621941811044472,-0.682783462271633,-0.188256403617746,-0.119730500527712,0.718314611291151
0.14,0.26,0.144592166949337,0.264500376745157,0.00459216694933735,0.00450037674515696,0.00642972691013669,-0.642827163258088,-0.185334070594127,-0.159697625263659,0.687811378486598
0.14,0.275,0.145198868936109,0.278866353589888,0.00519886893610859,0.00386635358988824,0.00647896043334704,-0.593451345975135,-0.180483037733143,-0.187788592590128,0.648095410340326
0.14,0.29,0.145410246854612,0.293135392007714,0.00541024685461222,0.00313539200771379,0.00625311554905848,-0.535513854221258,-0.172551487974573,-0.201558782371806,0.597643945257061
0.14,0.305,0.145160243386049,0.307319251756734,0.00516024338604926,0.00231925175673375,0.00565747651469962,-0.469968530989787,-0.160233290728106,-0.198966983581029,0.534915943361891
0.14,0.32,0.144390470006761,0.321429969647685,0.00439047000676077,0.00142996964768471,0.00461747117733998,-0.397835130400957,-0.142128604737922,-0.178410120605106,0.458589822300439
0.14,0.335,0.143050785279638,0.335479568216174,0.00305078527963823,0.000479568216173953,0.00308824812740518,-0.320169207703372,-0.116804876118425,-0.138738408256394,0.367968085516923
0.14,0.35,0.141099586634959,0.349479795914478,0.00109958663495918,-0.000520204085522169,0.00121643045768133,-0.238033472245461,-0.0828547284192667,-0.0792521044121254,0.264207985650079
0.16,0.05,0.159991137576168,0.0489197054414503,-8.86242383238423e-06,-0.00108029455854974,0.00108033091031793,-0.139305052267608,-0.039096649257897,-0.00596004535451369,0.144810147689818
0.16,0.065,0.15792721775217,0.0652651763426387,-0.00207278224783011,0.000265176342638729,0.00208967574987482,-0.233195731237817,-0.0853357279294305,0.0687583821822413,0.257663079498596
0.16,0.08,0.156446869293425,0.0814917552758542,-0.00355313070657529,0.00149175527585416,0.00385357906640657,-0.320425814579188,-0.121600237082855,0.124441924340283,0.364617006605773
0.16,0.095,0.155515169484838,0.0975887224978794,-0.00448483051516188,0.00258872249787945,0.00517833843242737,-0.399987250290236,-0.149151575957639,0.161680523196013,0.456484048818786
0.16,0.11,0.155088942440627,0.113546397669325,-0.00491105755937278,0.00354639766932541,0.00605767470077993,-0.470910924676143,-0.169294902201367,0.181474522755991,0.532309029990003
0.16,0.125,0.155116817471432,0.129356435109541,-0.00488318252856784,0.0043564351095407,0.00654400477314535,-0.532295225443678,-0.18332902732404,0.185238921903444,0.592675568596331
0.16,0.14,0.155539549675024,0.145012098765129,-0.00446045032497619,0.00501209876512942,0.00670945237206377,-0.583335074020822,-0.19249294633408,0.174791464065072,0.638662369512123
0.16,0.155,0.156290619031656,0.160508501120636,-0.00370938096834397,0.00550850112063578,0.00664101586840132,-0.623349941958377,-0.19791191861911,0.152323469278561,0.671522061364449
0.16,0.17,0.157297108671377,0.175842791041261,-0.00270289132862316,0.00584279104126112,0.00643768814763401,-0.651809249532536,-0.20054636921031,0.12035339986878,0.692506261969969
0.16,0.185,0.158480845283814,0.191014277682096,-0.00151915471618617,0.00601427768209589,0.00620317395282991,-0.668353565730304,-0.201146966606167,0.0816643970097509,0.702731709325429
0.16,0.2,0.159759766428466,0.20602448107993,-0.000240233571534231,0.00602448107993031,0.00602926898150434,-0.672810191654949,-0.200219001638235,0.0392282625617023,0.70306917273538
0.16,0.215,0.161049462675669,0.220877104583243,0.00104946267566856,0.00587710458324298,0.00597006952974561,-0.665202019009355,-0.197998644870792,-0.00388051020660444,0.694059174994635
0.16,0.23,0.162264828905293,0.235577929450077,0.0022648289052932,0.00557792945007696,0.00602019492377842,-0.645748978405498,-0.194442832236127,-0.0445762056100461,0.675863960399782
0.16,0.245,0.163321750395317,0.250134637187017,0.00332175039531717,0.00513463718701662,0.00611543332324732,-0.614861901117037,-0.189233508992463,-0.0798539078424809,0.648263532882013
0.16,0.26,0.164138746547227,0.264556569995772,0.00413874654722732,0.00455656999577175,0.00615561151377777,-0.573129143893356,-0.18179585836984,-0.106877089042684,0.610698774126983
0.16,0.275,0.164638498566627,0.278854443453784,0.00463849856662711,0.00385444345378355,0.00603095376296458,-0.521296821928043,-0.171329084153447,-0.123056166107663,0.562360552017628
0.16,0.29,0.164749196785733,0.293040027986757,0.00474919678573268,0.00304002798675695,0.00563885097071019,-0.460243905120617,-0.156847423871146,-0.126114214368765,0.502326565017122
0.16,0.305,0.164405657154438,0.307125816578621,0.004405657154438,0.00212581657862115,0.00489171862318258,-0.390953708255236,-0.13722843226073,-0.114137105355974,0.429772718374112
0.16,0.32,0.163550173524756,0.321124695545672,0.00355017352475573,0.00112469554567157,0.00372406661142493,-0.314483439236771,-0.111265248118501,-0.0856065606667216,0.344396035599907
0.16,0.335,0.162133090353484,0.335049633303144,0.00213309035348419,4.96333031436147e-05,0.00213366771567371,-0.231933455783373,-0.0777195509101571,-0.0394158668928442,0.247764329005091
0.16,0.35,0.160113097748267,0.348913399206174,0.000113097748267343,-0.00108660079382583,0.00109247077114496,-0.144417726039814,-0.0353721877740319,0.0251308701589293,0.150795374673556
0.18,0.05,0.181124183072456,0.0480502615374797,0.00112418307245607,-0.00194973846252028,0.00225061494988097,0.00308049925184327,0.0361270564889105,-0.129397348832312,0.134381307662742
0.18,0.065,0.17898324236213,0.0645296034408649,-0.00101675763786988,-0.000470396559135056,0.00112029862849725,-0.0945137820798876,-0.0191415689397197,-0.0484817070508871,0.107933933629721
0.18,0.08,0.177416823758751,0.0808799867023097,-0.00258317624124879,0.000879986702309654,0.00272895146340019,-0.185215539828045,-0.0642222080299597,0.0148672899107075,0.196596954269427
0.18,0.095,0.176390225031303,0.0970897541850946,-0.00360977496869674,0.00208975418509461,0.0041710367870291,-0.26799048406964,-0.100191578200775,0.0612162415118592,0.292583092715954
0.18,0.11,0.175860690739862,0.113148325374297,-0.00413930926013764,0.00314832537429705,0.00520056091335385,-0.341845314698211,-0.128166189019695,0.0915028290876486,0.376374903940556
0.18,0.125,0.175777479968083,0.129046507855879,-0.00422252003191738,0.00404650785587857,0.00584841014700837,-0.405856175266076,-0.149259260613232,0.107038296761395,0.445483735533568
0.18,0.14,0.176082187700127,0.144776788782769,-0.00391781229987254,0.00477678878276883,0.00617794175209014,-0.459197466798286,-0.16453491561378,0.109495692775113,0.499924938665734
0.18,0.155,0.176709334901386,0.160333590124167,-0.00329066509861385,0.00533359012416651,0.00626702963163905,-0.501169591378033,-0.174962103729985,0.100883004310151,0.540335304661721
0.18,0.17,0.177587227395585,0.175713472148792,-0.00241277260441453,0.00571347214879225,0.00620203479800283,-0.531224083927374,-0.181370992016473,0.0835012567607047,0.567511724191723
0.18,0.185,0.178639066759416,0.19091527170419,-0.00136093324058354,0.00591527170419021,0.00606980877950191,-0.548984628340686,-0.184414615500954,0.0598886907899232,0.582221989263313
0.18,0.2,0.179784279110851,0.205940165310731,-0.000215720889149453,0.00594016531073066,0.00594408104090307,-0.554262604566159,-0.184538382992351,0.0327531852295602,0.585095885913943
0.18,0.215,0.180940011679593,0.220791651638759,0.000940011679592793,0.005791651638759,0.00586743987293527,-0.547066105145562,-0.18195957898582,0.00489602687804818,0.576556491511523
0.18,0.23,0.182022734150121,0.235475453137739,0.00202273415012117,0.00547545313773945,0.00583712604846316,-0.527601758978455,-0.176658325688048,-0.0208691496167604,0.556785184018036
0.18,0.245,0.182949873512318,0.249999341961201,0.00294987351231783,0.00499934196120061,0.00580475441200534,-0.496269173293059,-0.16838063470437,-0.0417980152810575,0.525722496834815
0.18,0.26,0.183641408508266,0.264372900219406,0.00364140850826578,0.00437290021940567,0.00569052829295739,-0.453648297877197,-0.156653274623353,-0.0552935122027079,0.483110527629976
0.18,0.275,0.184021353022693,0.278607228554181,0.00402135302269324,0.00360722855418066,0.00540216419365613,-0.400480485834078,-0.140809311889152,-0.0589761620037721,0.428591794221634
0.18,0.29,0.184019066642143,0.292714619667787,0.00401906664214317,0.00271461966778669,0.00484995428996216,-0.33764441353047,-0.120022439082943,-0.0507433926937968,0.361917757645682
0.18,0.305,0.183570343722016,0.306708214538868,0.00357034372201642,0.00170821453886821,0.00395794785263056,-0.266128299031082,-0.0933476654556153,-0.0288154524156478,0.283493478674465
0.18,0.32,0.182618248503684,0.320601658623858,0.00261824850368425,0.00060165862385847,0.00268648810284134,-0.186999996667945,-0.0597656508873439,0.00823349419000038,0.196491119508626
0.18,0.335,0.181113681019066,0.334408773627697,0.0011136810190665,-0.000591226372302633,0.00126088621038345,-0.101376552313287,-0.0182279301969029,0.0614594353490073,0.119944696616828
0.18,0.35,0.179015674987339,0.348143257692998,-0.000984325012661158,-0.00185674230700222,0.00210152033660451,-0.0103946762104366,0.0322995277366826,0.131547116819847,0.135852719426543
0.2,0.05,0.202372040188318,0.0469483473642888,0.00237204018831766,-0.00305165263571117,0.00386512075672119,0.184194941410518,0.136244446092768,-0.258157103972912,0.345160507820176
0.2,0.065,0.200146853528188,0.0635544025444011,0.00014685352818844,-0.00144559745559891,0.0014530374951719,0.0847012409921473,0.0723521196099195,-0.170900281061304,0.20400019477888
0.2,0.08,0.198486288135583,0.0800219221024473,-0.00151371186441751,2.19221024472804e-05,0.00151387059785638,-0.00776351848804731,0.0188388323620091,-0.0997340246297729,0.101794165926078
0.2,0.095,0.197355882278282,0.0963384057039941,-0.00264411772171849,0.00133840570399413,0.00296356008118442,-0.0921634267730236,-0.0251959458723636,-0.0441179191259056,0.105239378689436
0.2,0.11,0.196713337159659,0.112492464103693,-0.00328666284034064,0.00249246410369314,0.00412486726262492,-0.167505283027068,-0.0606891218270867,-0.00317893508490939,0.178189002381106
0.2,0.125,0.196508594541674,0.128474143968066,-0.00349140545832571,0.00347414396806633,0.00492540235770422,-0.232866236888805,-0.0885774635530246,0.0242895141909519,0.250325251439433
0.2,0.14,0.196684158828449,0.144275232936674,-0.00331584117155134,0.00427523293667365,0.00541039918469739,-0.287421660902756,-0.109758916401672,0.03981610319613,0.310231829596185
0.2,0.155,0.197175677382265,0.159889528383861,-0.0028243226177346,0.00488952838386136,0.00564661722322606,-0.330471898702413,-0.125053787751938,0.0452270446900353,0.356224676285221
0.2,0.17,0.197912778597282,0.175313053988517,-0.00208722140271769,0.00531305398851739,0.00570833039240576,-0.361466463715355,-0.135168056900779,0.0426085896696415,0.38825826037656
0.2,0.185,0.198820151204445,0.190544210258127,-0.00117984879555545,0.00554421025812729,0.00566836048312892,-0.380024288018352,-0.140661099991445,0.0342575817245193,0.40666728502816
0.2,0.2,0.199818831873958,0.205583848596132,-0.000181168126042043,0.00558384859613226,0.0055867868255753,-0.385948765027176,-0.141919949313549,0.0226219273149237,0.411837593104441
0.2,0.215,0.200827653086805,0.220435262978511,0.000827653086805099,0.0054352629785106,0.00549791717631922,-0.379236608549588,-0.139141842104049,0.0102336378047799,0.404086948129017
0.2,0.23,0.201764791065121,0.235104098556578,0.00176479106512061,0.00510409855657767,0.00540058418865847,-0.360079900898456,-0.132326261058494,-0.000362320621585483,0.383625410354242
0.2,0.245,0.202549345779094,0.249598181867014,0.00254934577909414,0.00459818186701422,0.00525760785752641,-0.328861143452706,-0.121277002094482,-0.00667978051706717,0.350574907568416
0.2,0.26,0.203102882537913,0.263927282312326,0.00310288253791305,0.00392728231232609,0.00500513999852103,-0.286141568470331,-0.105614075832379,-0.00636009922530817,0.305077041048383
0.2,0.275,0.203350867741288,0.278102818705715,0.00335086774128797,0.00310281870571472,0.00456681492291263,-0.232643402669152,-0.0847945460611073,0.00276553084844322,0.247630392847674
0.2,0.29,0.203223939695527,0.292137527400804,0.00322393969552695,0.00213752740080431,0.00386817922924774,-0.169227132372185,-0.0581408008031254,0.0226230464335697,0.180360761091782
0.2,0.305,0.202658967795872,0.306045109878082,0.00265896779587244,0.00104510987808221,0.00285698519365287,-0.0968650862619089,-0.0248743023856922,0.0548538902599794,0.114063707762762
0.2,0.32,0.201599868635763,0.319839877375204,0.00159986863576253,-0.000160122624795866,0.00160786159437564,-0.0166127902676595,0.0158473960242811,0.10078608991151,0.103368097488716
0.2,0.335,0.199998163907756,0.333536408652685,-1.83609224382875e-06,-0.00146359134731533,0.00146359249901434,0.0704204259928448,0.0648926295777413,0.161418441631915,0.187685999928611
0.2,0.35,0.197813280658158,0.34714923430229,-0.00218671934184245,-0.00285076569771037,0.00359285492933265,0.163100191377346,0.123118724782479,0.23741738217059,0.313252534874018
