target_x,target_y,gaze_x,gaze_y,error_px_x,error_px_y,error_px_xy,error_deg_x,error_deg_y,error_deg_z,error_deg_xyz
-0.2,0.05,-0.197947797710502,0.052983578925205,0.00205220228949832,0.00298357892520497,0.00362122595814586,-0.150679840763003,0.122099267644577,-0.250315177677332,0.316655315714615
-0.2,0.065,-0.199946610480728,0.0664775371099868,5.33895192716127e-05,0.00147753710998676,0.0014785013872689,-0.0669466594034612,0.0653598413420381,-0.168543327555217,0.192770984287877
-0.2,0.08,-0.201422578074242,0.0800839505629591,-0.00142257807424195,8.39505629590537e-05,0.00142505300755273,0.0117745845328486,0.0180616660923112,-0.102887036988447,0.105121882132446
-0.2,0.095,-0.202410644929496,0.0938142423750123,-0.00241064492949641,-0.00118575762498767,0.00268649029801397,0.0843989689474755,-0.0207349672498518,-0.0526584798940012,0.101617139486725
-0.2,0.11,-0.202952637963746,0.107679590686337,-0.00295263796374638,-0.00232040931366258,0.00375531228100785,0.149873180132541,-0.0519843398564068,-0.0168304598574492,0.159523109700607
-0.2,0.125,-0.203097106721609,0.121690726625906,-0.0030971067216089,-0.00330927337409447,0.00453247838489337,0.20720442524775,-0.076616946847743,0.00595955337344386,0.220996396382549
-0.2,0.14,-0.202898954091338,0.135857721715286,-0.00289895409133778,-0.00414227828471427,0.00505592763117703,0.255489684588499,-0.0954999504276512,0.01739240899697,0.273309086923616
-0.2,0.155,-0.202418850667143,0.150189771538775,-0.00241885066714321,-0.00481022846122518,0.00538415605263443,0.293943880891365,-0.109398636812145,0.0194369165457897,0.314243708148605
-0.2,0.17,-0.201722437841777,0.164694983661563,-0.00172243784177686,-0.0053050163384367,0.00557763305263669,0.321925473275133,-0.118941207577105,0.0143066252954993,0.343493892399742
-0.2,0.185,-0.200879337715197,0.179380178563262,-0.000879337715197437,-0.00561982143673777,0.00568820075227536,0.338958023515606,-0.124589176297664,0.00440512377990103,0.361157640854502
-0.2,0.2,-0.199962000832377,0.194250712594377,3.79991676226777e-05,-0.0057492874056226,0.00574941297953023,0.344746452374972,-0.126615373015769,-0.00773790353366241,0.367344397669446
-0.2,0.215,-0.199044434309926,0.209310331587066,0.000955565690073976,-0.00568966841293368,0.00576935286121258,0.339186989597798,-0.125091092870831,-0.0195368946815969,0.362046574113932
-0.2,0.23,-0.198200861746622,0.224561062710331,0.00179913825337781,-0.00543893728966909,0.00572878148437521,0.322370205008603,-0.119883300613008,-0.028423431547009,0.345112744475085
-0.2,0.245,-0.197504371549473,0.240003150431711,0.00249562845052729,-0.0049968495682889,0.00558539765560074,0.294576952994723,-0.110662082603963,-0.0319183591859587,0.316292133112065
-0.2,0.26,-0.197025611260528,0.255635040323652,0.00297438873947233,-0.00436495967634752,0.0052820319337959,0.256267518565593,-0.0969177957543027,-0.0276993733478245,0.275378832650578
-0.2,0.275,-0.19683158196978,0.271453411777457,0.00316841803022014,-0.00354658822254304,0.00475575029143721,0.208064683915682,-0.0779866825597463,-0.0136608219861709,0.222619666149862
-0.2,0.29,-0.196984579523949,0.287453258101108,0.0030154204760507,-0.00254674189889244,0.00394698048474528,0.15073178749524,-0.0530831686658254,0.0120369134359808,0.160258536704406
-0.2,0.305,-0.197541318676091,0.30362800989286,0.00245868132390908,-0.00137199010714036,0.00281557644304507,0.0851470991915647,-0.02133668938444,0.0509302845400462,0.101484872712717
-0.2,0.32,-0.198552263758297,0.319969695387216,0.00144773624170308,-3.03046127840961e-05,0.00144805338130076,0.0122759618215258,0.0181692740358641,0.104228634001558,0.106510249124759
-0.2,0.335,-0.200061176408715,0.336469129859095,-6.11764087149469e-05,0.00146912985909543,0.00147040303858127,-0.0668578417301366,0.0663582261695327,0.172803505197576,0.196810758537285
-0.2,0.35,-0.202104878245772,0.353116125166434,-0.00210487824577163,0.00311612516643396,0.00376041865786321,-0.151200141577051,0.124123815015653,0.257190465916822,0.323133744424812
-0.18,0.05,-0.179050273534183,0.0519325202266022,0.000949726465816647,0.0019325202266022,0.00215328000643186,0.0059994808427382,0.0339765967925068,-0.13243161610728,0.136852273455574
-0.18,0.065,-0.180972092367126,0.0655575689825042,-0.000972092367125643,0.000557568982504197,0.00112064568016599,0.0887716293029793,-0.015060876186997,-0.0574412133372002,0.106802286745396
-0.18,0.08,-0.182362168575488,0.0792841909088013,-0.00236216857548843,-0.000715809091198699,0.00246824290418665,0.166691146318743,-0.0548323909540806,-4.50542466292372e-05,0.175478076855749
-0.18,0.095,-0.183255706762094,0.0931227789248763,-0.00325570676209361,-0.0018772210751237,0.00375813590568923,0.238664069826134,-0.0864517383915197,0.0404742719516359,0.257046141396895
-0.18,0.11,-0.183694982109331,0.107083539317641,-0.00369498210933145,-0.00291646068235857,0.00470729600726605,0.303624781318513,-0.111050013689836,0.0652124873280973,0.32980764426438
-0.18,0.125,-0.183729186520559,0.121176312384357,-0.00372918652055852,-0.003823687615643,0.0053411065414516,0.360565935463259,-0.129730596594013,0.0756409007986884,0.390589244862753
-0.18,0.14,-0.183414057439519,0.135410382027396,-0.00341405743951913,-0.00458961797260404,0.00572017319097822,0.408568936990658,-0.143522457480082,0.0735888226076785,0.439253380057411
-0.18,0.155,-0.182811281570411,0.149794280065109,-0.00281128157041091,-0.00520571993489091,0.00591631845902946,0.44683344892689,-0.153334416764198,0.0612105725777848,0.476360804184729
-0.18,0.17,-0.181987678275027,0.164335592206114,-0.0019876782750275,-0.00566440779388561,0.00600303094948279,0.474704323664515,-0.159913178679048,0.0409375381340056,0.502587227542561
-0.18,0.185,-0.181014181140031,0.179040773466644,-0.0010141811400306,-0.00595922653335632,0.00604491060816053,0.49169437757491,-0.163807910269679,0.0154168151258956,0.518493881561748
-0.18,0.2,-0.179964649861759,0.193914981254414,3.53501382413343e-05,-0.00608501874558576,0.00608512142577317,0.497501607858217,-0.16534382555991,-0.0125610035370472,0.524410267908759
-0.18,0.215,-0.178914556800189,0.208961934166536,0.00108544319981149,-0.00603806583346439,0.00613485337634625,0.492019756544193,-0.164606672598078,-0.0401414369486122,0.520376780680296
-0.18,0.23,-0.177939601971147,0.224183803820783,0.0020603980288532,-0.00581619617921736,0.00617036287688534,0.475341546522165,-0.161439257037277,-0.0644890525570085,0.506135084063946
-0.18,0.245,-0.177114315786537,0.2395811456877,0.00288568421346348,-0.0054188543122996,0.00613931229355213,0.447754400061157,-0.155450247468688,-0.0828693712955772,0.481162628995375
-0.18,0.26,-0.176510709822895,0.255152872879552,0.0034892901771045,-0.00484712712044794,0.00597241887863032,0.409728958431337,-0.146034593719825,-0.0927254734409945,0.444750411545146
-0.18,0.275,-0.176197032333296,0.27089627475551,0.00380296766670361,-0.00410372524449007,0.00559491947719163,0.361901187692586,-0.132404048104948,-0.0917454893990115,0.396132757438
-0.18,0.29,-0.176236677206815,0.286807079522106,0.00376332279318543,-0.00319292047789391,0.00493531555463916,0.305049246827725,-0.113625605945227,-0.0779179189957716,0.334719796331336
-0.18,0.305,-0.176687284053898,0.302879557725551,0.00331271594610219,-0.0021204422744486,0.00393323815434922,0.240066558201558,-0.0886652335155505,-0.0495726884055001,0.260674211700539
-0.18,0.32,-0.177600053762702,0.319106661358901,0.00239994623729753,-0.0008933386410995,0.00256081937465337,0.16793265650748,-0.0564340670536613,-0.00540692441255118,0.177244015213238
-0.18,0.335,-0.179019290036573,0.33548019158826,0.000980709963427168,0.000480191588259543,0.00109195970337762,0.0896833823360181,-0.0158343345018954,0.0555045230695637,0.106651725641571
-0.18,0.35,-0.180982164276241,0.351990987085965,-0.000982164276240899,0.0019909870859646,0.00222006221579522,0.006381863878468,0.0341974574342667,0.133712846270182,0.138164137133887
-0.16,0.05,-0.160054270648641,0.0511134894314929,-5.42706486405808e-05,0.00111348943149293,0.00111481120255868,0.12803929416813,-0.0327635522266637,-0.0170539591406646,0.13326048451237
-0.16,0.065,-0.161906516543887,0.0648769332849711,-0.00190651654388665,-0.000123066715028944,0.00191048442769407,0.208225084008421,-0.0736972733735051,0.051505950899388,0.226808077163904
-0.16,0.08,-0.163218831885036,0.0787306822348303,-0.00321883188503558,-0.00126931776516966,0.00346006449262105,0.283809083128475,-0.105544557352064,0.100997486719659,0.319199005483732
-0.16,0.095,-0.164026650713721,0.0926840100186569,-0.00402665071372066,-0.00231598998134314,0.00464518304956746,0.353711164205278,-0.129601286504472,0.132161830372604,0.399218580908672
-0.16,0.11,-0.16437265224882,0.106746062327622,-0.00437265224881996,-0.0032539376723783,0.00545052273317275,0.416875730935627,-0.147184372050098,0.146158174817589,0.465630776212009
-0.16,0.125,-0.164306613020079,0.120925702661022,-0.00430661302007897,-0.00407429733897836,0.00592847488913632,0.472301989302273,-0.159579650489714,0.144562645714138,0.51907132004661
-0.16,0.14,-0.163885034300724,0.135231346804597,-0.00388503430072362,-0.00476865319540319,0.00615089788696156,0.519074969554957,-0.167987518270095,0.129350394144502,0.560707288942346
-0.16,0.155,-0.163170536212059,0.149670790507789,-0.00317053621205862,-0.00532920949221134,0.0062010300502296,0.556395725574543,-0.173469405929046,0.1028600980141,0.591820202497245
-0.16,0.17,-0.162231022976052,0.164251036119696,-0.00223102297605181,-0.00574896388030362,0.0061666886751892,0.583609018455055,-0.176898454332428,0.0677412811706718,0.613583758578736
-0.16,0.185,-0.161138638154185,0.178978124827828,-0.00113863815418468,-0.00602187517217233,0.00612857874514072,0.60022681450739,-0.178917723978473,0.0268861245471176,0.626905547391828
-0.16,0.2,-0.159968543094296,0.193856981751157,3.14569057038351e-05,-0.00614301824884352,0.0061430987899057,0.605946104052044,-0.179908913461787,-0.0166513179724247,0.632312598663842
-0.16,0.215,-0.158797564610184,0.208891281261477,0.0012024353898162,-0.00610871873852252,0.00622593731843315,0.600659867028886,-0.179973894851575,-0.0597445309148224,0.629885929041024
-0.16,0.23,-0.15770276792314,0.224083339470232,0.00229723207686015,-0.00591666052976784,0.00634697936340334,0.58446045977547,-0.178930454281081,-0.0992878540778099,0.619251118137045
-0.16,0.245,-0.156760016677197,0.239434039831059,0.00323998332280348,-0.00556596016894116,0.00644029537632275,0.5576352169855,-0.176322547794026,-0.132288639404474,0.59962508439726
-0.16,0.26,-0.156042582952729,0.254942796233488,0.00395741704727098,-0.00505720376651166,0.00642156208582076,0.520654605939711,-0.17144427027124,-0.155953283757153,0.569910923869413
-0.16,0.275,-0.15561986635498,0.270607556073563,0.00438013364501995,-0.00439244392643712,0.00620315519676318,0.474153772466458,-0.163375715466528,-0.167762718299607,0.528828648362295
-0.16,0.29,-0.155556272906606,0.28642484342786,0.00444372709339443,-0.00357515657213987,0.00570337224770421,0.418908731387426,-0.151028091267375,-0.165533838040662,0.475075524725769
-0.16,0.305,-0.155910292756802,0.302389840353411,0.00408970724319824,-0.00261015964658884,0.00485166349984713,0.35580873268648,-0.133194924823072,-0.14746451480261,0.407538005120044
-0.16,0.32,-0.156733801824925,0.318496502164126,0.00326619817507523,-0.00150349783587402,0.0035956301619247,0.285826465664951,-0.108605984467599,-0.11216109840737,0.325687620194187
-0.16,0.335,-0.158071597844563,0.334737700837394,0.00192840215543735,-0.000262299162606533,0.0019461592236504,0.209987746738741,-0.0759806530760685,-0.0586485523908542,0.230884469501909
-0.16,0.35,-0.159961167566081,0.351105389480855,3.88324339189172e-05,0.00110538948085466,0.00110607136402142,0.129342186075367,-0.0340778594128329,0.01363554825559,0.134449388511858
-0.14,0.05,-0.140954458272707,0.0505055757227991,-0.000954458272706821,0.000505575722799065,0.00108009138771786,0.214401494565109,-0.0806619506422677,0.0935613741604502,0.247443280476461
-0.14,0.065,-0.142744805453588,0.0644141557718529,-0.00274480545358821,-0.000585844228147059,0.00280662972935527,0.290238009650082,-0.113334542306585,0.156165065937193,0.348526502724735
-0.14,0.08,-0.143987808469589,0.0784014273723092,-0.00398780846958879,-0.00159857262769084,0.00429628337474689,0.361816068448908,-0.137095898693376,0.198263859112645,0.434759263930866
-0.14,0.095,-0.144719100469822,0.0924754626428153,-0.00471910046982155,-0.00252453735718472,0.00535193405341388,0.428095580949286,-0.153427081200208,0.220616533652101,0.505449312437008
-0.14,0.11,-0.144981719073869,0.10664426419477,-0.00498171907386882,-0.0033557358052296,0.00600653708266655,0.488056825817242,-0.1638348577032,0.224439341921608,0.561619862091155
-0.14,0.125,-0.144825964340016,0.120915638532488,-0.00482596434001566,-0.00408436146751209,0.00632233662567886,0.540730237131039,-0.169792285771655,0.211406874264118,0.604908980750712
-0.14,0.14,-0.144309025258997,0.135297057912261,-0.00430902525899689,-0.00470294208773904,0.00637850789474313,0.585227120056721,-0.172676352844806,0.183634093854591,0.637207635160796
-0.14,0.155,-0.143494365319466,0.149795513959577,-0.00349436531946586,-0.00520448604042349,0.00626875298052561,0.62076970942319,-0.173706274122237,0.143638531851349,0.660428466099511
-0.14,0.17,-0.142450871325194,0.164417367429513,-0.00245087132519412,-0.00558263257048734,0.0060969301020862,0.646718846535364,-0.173886391802518,0.0942829765925497,0.676296039980504
-0.14,0.185,-0.141251784613486,0.179168199490805,-0.00125178461348616,-0.00583180050919534,0.0059646342635246,0.662597559051962,-0.173957613237564,0.0387004668567046,0.686148766071423
-0.14,0.2,-0.139973448851003,0.194052670660807,2.65511489973324e-05,-0.00594732933919279,0.00594738860613096,0.668108998761134,-0.174360927195666,-0.019795153281456,0.690774199788188
-0.14,0.215,-0.138693922032498,0.209074393944293,0.00130607796750163,-0.0059256060557072,0.00606783707630875,0.663147520307172,-0.175215759162678,-0.0778086105637695,0.690308003776334
-0.14,0.23,-0.137491510735002,0.224235828662058,0.00250848926499815,-0.00576417133794202,0.00628634946576813,0.647802142951097,-0.176314836187145,-0.131967109010485,0.684218838733129
-0.14,0.245,-0.136443290838381,0.239538200848619,0.0035567091616195,-0.00546179915138138,0.00651777799793599,0.622352175540793,-0.177135945631586,-0.179022951698712,0.671381969150037
-0.14,0.26,-0.135623680044374,0.254981455002913,0.00437631995562639,-0.00501854499708668,0.00665867631303681,0.58725535167548,-0.176869643087076,-0.215949181388841,0.65022327335518
-0.14,0.275,-0.135103123483157,0.270564240329334,0.00489687651684319,-0.00443575967066599,0.00660722055611262,0.543129344847926,-0.174460747930554,-0.240023182974364,0.618902973509678
-0.14,0.29,-0.134946945048979,0.286283932760727,0.00505305495102093,-0.00371606723927285,0.00627236160188761,0.49072795361015,-0.168660497632075,-0.248894253885741,0.575509706487406
-0.14,0.305,-0.135214404669208,0.302136691861908,0.00478559533079173,-0.00286330813809223,0.00557677829609182,0.430913536345856,-0.158085615801976,-0.240632511211861,0.518250300876803
-0.14,0.32,-0.1359579873182,0.318117549871542,0.00404201268179977,-0.00188245012845796,0.00445886588786448,0.364627400025778,-0.141280322080875,-0.213757981127073,0.445653167884162
-0.14,0.335,-0.137222934239944,0.334220528259638,0.00277706576005651,-0.000779471740362178,0.00288438389083379,0.292859812383671,-0.116777461832229,-0.167250147176027,0.356898961748005
-0.14,0.35,-0.139047012568632,0.350438775934342,0.000952987431368429,0.000438775934342259,0.00104914697011626,0.216621149184016,-0.0831554055827957,-0.100539483668547,0.252879092325707
-0.12,0.05,-0.121745902193496,0.0500861065593389,-0.00174590219349582,8.61065593388555e-05,0.00174802425864595,0.2651901853172,-0.112711314877,0.196993265474996,0.349050710279245
-0.12,0.065,-0.123482252482975,0.064145905343629,-0.00348225248297487,-0.000854094656370971,0.00358546510751759,0.334836920750882,-0.13725495805159,0.254234845235275,0.442256729348516
-0.12,0.08,-0.12466467995717,0.0782724805617523,-0.0046646799571696,-0.00172751943824771,0.00497429015160389,0.400658623958165,-0.153049883185525,0.28960942145989,0.51752008422158
-0.12,0.095,-0.125328987077839,0.0924726284277404,-0.00532898707783869,-0.00252737157225963,0.0058979411950305,0.461683853390646,-0.161759361874732,0.303887214926596,0.57590650582017
-0.12,0.11,-0.125518523064578,0.106753133873299,-0.00551852306457776,-0.00324686612670098,0.00640283034750999,0.516957260298199,-0.165077849391015,0.298333975343545,0.619275705649522
-0.12,0.125,-0.125284047381704,0.12112067358122,-0.00528404738170352,-0.00387932641877993,0.00655517583254116,0.565567941042158,-0.164664275651801,0.27471401556959,0.649964414635986
-0.12,0.14,-0.124683355663852,0.135581707492536,-0.0046833556638516,-0.00441829250746396,0.00643856575299523,0.606678847780967,-0.162071639495776,0.235272446207654,0.670585339694669
-0.12,0.155,-0.123780657859436,0.150142360694158,-0.0037806578594364,-0.00485763930584233,0.00615548807778739,0.639555716111609,-0.158677014805985,0.182695330246461,0.683807752893808
-0.12,0.17,-0.122645712475381,0.164808298569645,-0.00264571247538119,-0.00519170143035487,0.0058269681863158,0.66359381444645,-0.155616511693505,0.120047997402273,0.692091464343863
-0.12,0.185,-0.121352736348928,0.179584599184836,-0.00135273634892844,-0.00541540081516419,0.00558179734660738,0.678340819293693,-0.153729763150874,0.0506934431790669,0.697391523390363
-0.12,0.2,-0.119979124970106,0.194475627779608,2.08750298943097e-05,-0.00552437222039186,0.00552441166064861,0.683514276643979,-0.153518069655313,-0.021805591005098,0.700885991912077
-0.12,0.215,-0.118604032418156,0.209484918976591,0.00139596758184398,-0.00551508102340889,0.00568901082652548,0.679012432019074,-0.155119442595242,-0.0937958092067223,0.702797105138327
-0.12,0.23,-0.11730687082268,0.22461507263139,0.00269312917731953,-0.00538492736860967,0.00602082947200228,0.664917666304829,-0.158302519219674,-0.161647734631378,0.702361273261602
-0.12,0.245,-0.116165795717241,0.239867669124003,0.00383420428275934,-0.00513233087599732,0.00640639857506895,0.641492312354466,-0.162479816892687,-0.22186868744947,0.697956887055789
-0.12,0.26,-0.115256244802344,0.255243209213565,0.00474375519765574,-0.00475679078643534,0.0067179068139713,0.609167194629429,-0.166739234954027,-0.27120792177173,0.687347107587668
-0.12,0.275,-0.114649593476765,0.270741082400936,0.00535040652323474,-0.00425891759906447,0.00683851073549599,0.568523755077078,-0.16989128615101,-0.306748213945017,0.667968434502769
-0.12,0.29,-0.114411981385099,0.286359566155872,0.00558801861490107,-0.00364043384412789,0.00666923613421752,0.520271051635621,-0.170528414565529,-0.325979430032273,0.637203798676527
-0.12,0.305,-0.114603351439826,0.302095856537946,0.00539664856017441,-0.00290414346205412,0.0061284471875202,0.465219192097878,-0.167092046924986,-0.326851166222057,0.592607344192764
-0.12,0.32,-0.115276727590644,0.317946128793988,0.00472327240935605,-0.00205387120601215,0.00515050377961903,0.404250887376506,-0.15794278231505,-0.307803260235042,0.53208043005926
-0.12,0.335,-0.116477741882295,0.333905624789551,0.0035222581177054,-0.00109437521044853,0.00368835455846992,0.338292762751938,-0.141429326160691,-0.267774599123644,0.454035860195178
-0.12,0.35,-0.118244406410826,0.349968762697249,0.00175559358917449,-3.12373027509805e-05,0.00175587147007795,0.268287897832594,-0.115952350129032,-0.206192058825529,0.35768551026508
-0.1,0.05,-0.10242413410542,0.0498307977849836,-0.00242413410542011,-0.000169202215016442,0.00243003200609116,0.281808570408018,-0.13219741067064,0.290742435394297,0.425939226903923
-0.1,0.065,-0.104114589466806,0.0640471503234626,-0.00411458946680587,-0.000952849676537415,0.00422347830424489,0.34342424711402,-0.14906660630225,0.343327699896349,0.507973096064262
-0.1,0.08,-0.105245433710052,0.0783181094771748,-0.00524543371005173,-0.00168189052282519,0.0055084780599832,0.401732528922776,-0.157329289352706,0.372797343791777,0.57019476751041
-0.1,0.095,-0.105852609452053,0.0926491309016467,-0.00585260945205329,-0.00235086909835328,0.00630710891897832,0.45586031887741,-0.158821031242605,0.379927284629081,0.614313525080497
-0.1,0.11,-0.105979729775711,0.107045716668088,-0.00597972977571104,-0.00295428333191222,0.00666970450587877,0.504946468146119,-0.15541458826741,0.366024335756161,0.642730718341357
-0.1,0.125,-0.105677946767554,0.121513349716666,-0.005677946767554,-0.0034866502833341,0.00666301806191839,0.548167666888922,-0.148946219002241,0.332931523767027,0.658423068779858
-0.1,0.14,-0.105005577174245,0.136057416983882,-0.00500557717424456,-0.00394258301611772,0.00637179438512402,0.584765452832188,-0.141137514661961,0.283010746843629,0.664808599740389
-0.1,0.155,-0.104027474262977,0.150683121584084,-0.00402747426297688,-0.00431687841591628,0.00590389601845638,0.614072902892292,-0.133517344006033,0.219101212603484,0.665524404179457
-0.1,0.17,-0.102814149500769,0.165395385361003,-0.00281414950076879,-0.00460461463899707,0.0053964723094206,0.635539417598395,-0.127349047431141,0.144453780028632,0.664078280478226
-0.1,0.185,-0.101440663696948,0.180198744205697,-0.00144066369694849,-0.00480125579430347,0.00501274067651998,0.648751995024267,-0.123568081812146,0.0626432290662941,0.663383231803853
-0.1,0.2,-0.0999853233802761,0.195097239661577,1.46766197238602e-05,-0.00490276033842343,0.0049027823059141,0.653451529584364,-0.122734845142634,-0.0225376323870981,0.665263602474867
-0.1,0.215,-0.0985282327206103,0.210094311356563,0.00147176727938972,-0.00490568864343699,0.00512170674590306,0.649542972888208,-0.125006408609247,-0.107196457319343,0.670096168110184
-0.1,0.23,-0.0971497625608459,0.225192695567567,0.00285023743915413,-0.00480730443243321,0.00558874130423371,0.637098621664735,-0.130129438046867,-0.187465685781486,0.676740003231994
-0.1,0.245,-0.095929004810934,0.240394335549569,0.00407099518906599,-0.0046056644504308,0.00614696240913839,0.616354313333544,-0.137454862105351,-0.259625384737006,0.682786449911111
-0.1,0.26,-0.0949422816697936,0.255700309118131,0.00505771833020641,-0.00429969088186931,0.00663836247785069,0.5876988484927,-0.145973051456982,-0.320217423180454,0.685013033306578
-0.1,0.275,-0.0942617748304181,0.27111077823293,0.00573822516958192,-0.00388922176707043,0.00693204688748409,0.551657458835017,-0.154366636286397,-0.366144640387793,0.679869348765408
-0.1,0.29,-0.0939543303955464,0.286624964133949,0.0060456696044536,-0.00337503586605148,0.00692394310081676,0.50887053987194,-0.161076803215239,-0.394750065974592,0.663873111527357
-0.1,0.305,-0.094080481949737,0.302241149958865,0.00591951805026297,-0.00275885004113534,0.00653084584849938,0.460069127342016,-0.164378112846155,-0.40387302904084,0.633877975412858
-0.1,0.32,-0.0946937186244357,0.317956711048292,0.00530628137556435,-0.00204328895170808,0.00568609283927315,0.406048707111834,-0.162456622427421,-0.391880911210137,0.587231959217244
-0.1,0.335,-0.0958400086070785,0.333768171252925,0.0041599913929215,-0.00123182874707538,0.00433854012904137,0.34764289459984,-0.153486355005323,-0.357677130552456,0.521870152372067
-0.1,0.35,-0.097557573260917,0.349671282099191,0.00244242673908304,-0.000328717900809364,0.00246444797756016,0.285698350277932,-0.13569983800239,-0.300687499102466,0.436407935599596
-0.08,0.05,-0.082985216989477,0.0497139359533999,-0.00298521698947704,-0.000286064046600143,0.00299889198088554,0.267050412216161,-0.142493751484929,0.372338608660044,0.479851828420637
-0.08,0.065,-0.084638050480677,0.0640913494340166,-0.00463805048067703,-0.000908650565983438,0.00472622027759715,0.318882860282831,-0.152479896868123,0.421072478160633,0.54976426609521
-0.08,0.08,-0.0857265239916429,0.0785109943815887,-0.00572652399164286,-0.00148900561841128,0.00591694302478245,0.368000561260075,-0.153975009524949,0.445594928257227,0.598072574626013
-0.08,0.095,-0.0862866918281677,0.0929769322187877,-0.00628669182816766,-0.00202306778121228,0.00660418786753747,0.41365787503892,-0.148969630674927,0.446682607335328,0.626764754487743
-0.08,0.11,-0.0863623824730149,0.107493327782796,-0.00636238247301493,-0.0025066722172038,0.00683837088329004,0.455117311403706,-0.139497624352037,0.425674404968059,0.638587718924381
-0.08,0.125,-0.0860050715828057,0.122064416663451,-0.00600507158280573,-0.00293558333654925,0.00668420034412843,0.491671921109846,-0.12755616786828,0.384479027940005,0.637055851483638
-0.08,0.14,-0.0852735075903654,0.136694461539461,-0.00527350759036539,-0.00330553846053949,0.00622386269287387,0.522668775415033,-0.115020475626612,0.325558249181439,0.626421935265108
-0.08,0.155,-0.0842330784481478,0.151387696351525,-0.00423307844814781,-0.00361230364847542,0.00556486215435408,0.547532274086552,-0.103558310685173,0.25188398993056,0.611526785436246
-0.08,0.17,-0.0829549228643135,0.16614825791436,-0.00295492286431352,-0.00385174208564026,0.00485463554021671,0.565785874554703,-0.0945499707530717,0.166869241632956,0.597412696628881
-0.08,0.185,-0.0815148058601035,0.180980105735915,-0.00151480586010345,-0.00401989426408544,0.00429583364298838,0.577070814956211,-0.0890195442303369,0.0742749186629948,0.588604294262674
-0.08,0.2,-0.0799917950360824,0.195886932081482,8.20496391760221e-06,-0.00411306791851804,0.00411307610235638,0.581160516521664,-0.0875827329377845,-0.0219031654068022,0.588133545161079
-0.08,0.215,-0.0784667889236216,0.210872065674982,0.00153321107637837,-0.00412793432501823,0.00440347340134956,0.577969620605348,-0.0904154355176531,-0.117561163030928,0.596697308852914
-0.08,0.23,-0.0770209603703648,0.225938373628679,0.00297903962963523,-0.00406162637132085,0.00503701160363426,0.56755699204894,-0.0972456735465454,-0.208620523341713,0.612457145196903
-0.08,0.245,-0.0757341848229342,0.241088167042913,0.0042658151770658,-0.00391183295708691,0.00578788529681059,0.550122484939657,-0.107369508651375,-0.291159774247246,0.631617775268708
-0.08,0.26,-0.0746835246355396,0.256323116093554,0.00531647536446038,-0.0036768839064456,0.00646408427871983,0.525997750382826,-0.119689583841946,-0.361536896769774,0.649394080711992
-0.08,0.275,-0.0739418360657477,0.271644180188632,0.00605816393425228,-0.00335581981136776,0.00692552358025322,0.495631814109856,-0.132773083068349,-0.416495358533551,0.66087276583906
-0.08,0.29,-0.0735765559544044,0.287051557975001,0.00642344404559564,-0.00294844202499894,0.00706781039514204,0.459572510580809,-0.144924464081898,-0.453248433842609,0.661550449813139
-0.08,0.305,-0.0736487113947885,0.302544660649862,0.00635128860521153,-0.00245533935013825,0.00680937282508655,0.418445093933976,-0.15426743483429,-0.469538410049676,0.647584373605716
-0.08,0.32,-0.0742121796263751,0.318122110388133,0.00578782037362491,-0.00187788961186691,0.0060848446218211,0.372929432668523,-0.158830373311271,-0.463669402783156,0.615870454154721
-0.08,0.335,-0.0753132086374798,0.333781763905572,0.0046867913625202,-0.00121823609442764,0.00484253161657829,0.323737155006331,-0.156629705692625,-0.434514523325711,0.56404259639432
-0.08,0.35,-0.0769901931741712,0.349520759430664,0.00300980682582883,-0.000479240569335904,0.00304772187906036,0.271589939777711,-0.145746538752983,-0.381499827174932,0.490455641123823
-0.06,0.05,-0.0634258047145306,0.0497085902897723,-0.00342580471453058,-0.00029140971022773,0.00343817648780788,0.225104648758889,-0.146823677573097,0.439462115285873,0.515129142471989
-0.06,0.065,-0.0650494301316286,0.0642506747532697,-0.00504943013162859,-0.00074932524673027,0.0051047265332813,0.265587470755135,-0.151046677525707,0.485232212524361,0.573415074700403
-0.06,0.08,-0.066104928005827,0.0788224615790304,-0.00610492800582696,-0.0011775384209696,0.00621745467930325,0.304011056546539,-0.14686252176852,0.505885148322736,0.6082060338868
-0.06,0.095,-0.0666284365324746,0.093426576405475,-0.00662843653247458,-0.00157342359452498,0.0068126230390982,0.339783863240946,-0.136392035705803,0.502194385283766,0.621497263892478
-0.06,0.11,-0.0666639506119242,0.108065804487281,-0.00666395061192421,-0.00193419551271937,0.0069389732698425,0.37231919422691,-0.121805177961448,0.475521665744433,0.616102747813334
-0.06,0.125,-0.0662631985512383,0.122743091971391,-0.00626319855123833,-0.00225690802860903,0.0066574236714989,0.401053118411434,-0.105235681752685,0.427826663246155,0.59578268237602
-0.06,0.14,-0.0654852677822108,0.137461536656164,-0.00548526778221077,-0.0025384633438359,0.00604416733641268,0.425463351713316,-0.0886897169294046,0.361650909644063,0.565401542414362
-0.06,0.155,-0.0643959676552069,0.152224365415505,-0.00439596765520693,-0.00277563458449528,0.00519891132567885,0.445088080119438,-0.0739540136425446,0.280073907573188,0.531051793918923
-0.06,0.17,-0.063066932468956,0.16703489618312,-0.003066932468956,-0.00296510381687975,0.00426590147729779,0.459543579665909,-0.0625096118217207,0.186641314360457,0.499924313263794
-0.06,0.185,-0.0615744846554088,0.1818964835061,-0.00157448465540879,-0.00310351649389992,0.00348005984977652,0.468539458931504,-0.0554575515871011,0.0852673363895111,0.479454507403767
-0.06,0.2,-0.0599982950631317,0.196812448165655,1.70493686828438e-06,-0.00318755183434508,0.00318755229030778,0.47189044553501,-0.0534623029007069,-0.0198842463795498,0.475326718672844
-0.06,0.215,-0.058419892496659,0.211785993051742,0.00158010750334097,-0.00321400694825807,0.00358142155932049,0.46952384545272,-0.0567175432375738,-0.124533992145455,0.489060005050928
-0.06,0.23,-0.0569210866260214,0.226820109071038,0.00307891337397859,-0.00317989092896184,0.00442621891511909,0.461482118739553,-0.0649371370028776,-0.224427742620521,0.517254489085871
-0.06,0.245,-0.0555823753868179,0.241917476319159,0.00441762461318207,-0.00308252368084122,0.00538677635195104,0.447920393879895,-0.0773720523062616,-0.315475992393707,0.553305155142503
-0.06,0.26,-0.0544814093527042,0.257080366630289,0.00551859064729578,-0.00291963336971068,0.00624332457477173,0.429099143246269,-0.092851739385794,-0.393883232884958,0.589825901191824
-0.06,0.275,-0.0536915809576166,0.272310553924982,0.0063084190423834,-0.00268944607501775,0.00685778907555007,0.405372611600744,-0.10984647671805,-0.456259827135097,0.620137070966943
-0.06,0.29,-0.0532807965743048,0.287609238401762,0.00671920342569518,-0.00239076159823817,0.00713186060544401,0.377173885848433,-0.126545615955336,-0.499710665879165,0.63874009431338
-0.06,0.305,-0.0533104754646907,0.30297698957996,0.00668952453530933,-0.0020230104200398,0.00698872732821184,0.344997687931652,-0.140945696735318,-0.521897001066495,0.641303257020471
-0.06,0.32,-0.0538348031390989,0.318413711726945,0.00616519686090114,-0.00158628827305521,0.00636600053557159,0.309382039131052,-0.150942121972231,-0.521070153823498,0.624514801193396
-0.06,0.335,-0.0549002496326542,0.333918633399504,0.00509975036734581,-0.00108136660049613,0.00521313797380352,0.270889910054498,-0.154418446921224,-0.496077969706681,0.585937491765232
-0.06,0.35,-0.0565453470611715,0.349490320950486,0.00345465293882855,-0.000509679049513656,0.00349204806113402,0.230091829659186,-0.149328212951042,-0.446346714666307,0.523897382375231
-0.04,0.05,-0.0437431941762519,0.0497868506402418,-0.00374319417625185,-0.000213149359758191,0.00374925796534342,0.161458435164511,-0.148010836769966,0.490070595593441,0.536793564060093
-0.04,0.065,-0.0453461346667892,0.0644962627539868,-0.00534613466678924,-0.000503737246013186,0.0053698144370608,0.189306023225934,-0.14788504758812,0.533827807908212,0.585390354526025
-0.04,0.08,-0.0463781951261577,0.0792227470113801,-0.0063781951261577,-0.000777252988619914,0.00642537899860081,0.215798221451921,-0.13940117066599,0.551784811166912,0.608663717193111
-0.04,0.095,-0.0468755704571849,0.0939674647723383,-0.00687557045718487,-0.0010325352276617,0.00695266841637625,0.240519829899508,-0.124778964715133,0.544709142487993,0.608384012076118
-0.04,0.11,-0.0468823726441206,0.108731792338659,-0.00688237264412062,-0.00126820766134136,0.00699824291410528,0.263057739311621,-0.106292318073038,0.513976210650455,0.587087720770358
-0.04,0.125,-0.0464505102845319,0.123517356830034,-0.00645051028453193,-0.00148264316996635,0.00661870936816991,0.2830135542379,-0.0861798225244041,0.461580680087756,0.548254185054862
-0.04,0.14,-0.04563931453732,0.1383260621151,-0.00563931453732001,-0.00167393788489997,0.00588251107039606,0.300016958729242,-0.0665487804072036,0.390121076751768,0.496623513687203
-0.04,0.155,-0.0445148991532345,0.153160100328724,-0.00451489915323451,-0.00183989967127643,0.00487540205154824,0.31373910125345,-0.0492783814800968,0.302755320994911,0.43877364074039
-0.04,0.17,-0.0431492575817044,0.168021945094013,-0.00314925758170442,-0.00197805490598688,0.00371894131803952,0.323905181670076,-0.0359285835108116,0.203126966166637,0.384013731835037
-0.04,0.185,-0.0416191171997956,0.18291432368801,-0.00161911719979559,-0.00208567631199011,0.00264037614461852,0.330305398968114,-0.0276614202529609,0.0952643065608138,0.344880353148668
-0.04,0.2,-0.0400045879136086,0.197840167059374,-4.58791360864074e-06,-0.00215983294062644,0.00215983781344024,0.332803477784802,-0.0251809318728893,-0.0165430629698405,0.334164964680167
-0.04,0.215,-0.0383876579501178,0.212802538573406,0.00161234204988224,-0.00219746142659405,0.00272552446460993,0.331342143145702,-0.028696660750688,-0.127883499903605,0.356322484442562
-0.04,0.23,-0.0368506017413385,0.227804544480496,0.00314939825866149,-0.0021954555195039,0.00383910592843961,0.325945130593403,-0.0379137881550969,-0.234370074027667,0.403246433704369
-0.04,0.245,-0.0354743719983419,0.242849231031045,0.00452562800165808,-0.00215076896895508,0.00501070014740573,0.31671559545038,-0.0520507256024182,-0.3317857628979,0.461628629604467
-0.04,0.26,-0.0343370494140019,0.25793947462711,0.00566295058599811,-0.00206052537288956,0.00602617408906995,0.303831069502276,-0.0698826076153734,-0.416218173238447,0.520034923737786
-0.04,0.275,-0.0335124188008685,0.273077872278909,0.00648758119913155,-0.0019221277210911,0.00676633466446288,0.287535382467539,-0.0898069718059358,-0.484175941952077,0.570237595394385
-0.04,0.29,-0.0330687304121998,0.288266639643861,0.00693126958780019,-0.0017333603561385,0.00714472086389639,0.268128178128221,-0.109926228561033,-0.532680772261406,0.606406409430753
-0.04,0.305,-0.0330676909542945,0.303507523286786,0.00693230904570546,-0.00149247671321359,0.00709114909197759,0.245952797432889,-0.128140500936914,-0.559331335346984,0.624314156227987
-0.04,0.32,-0.0335637121294292,0.318801732402238,0.00643628787057079,-0.00119826759776184,0.00654688069149749,0.221383349345113,-0.142244126597638,-0.562337712014053,0.620863473831472
-0.04,0.335,-0.0346034271403885,0.334149893494701,0.00539657285961145,-0.000850106505298709,0.00546311996019181,0.194811762552397,-0.150019513387347,-0.540527347658829,0.593826950664563
-0.04,0.35,-0.0362254693595342,0.349552029547453,0.00377453064046582,-0.000447970452546909,0.00380102079475637,0.166635514849308,-0.1493229915574,-0.493325410841898,0.541698160746241
-0.02,0.05,-0.0239353684123797,0.0499200867468195,-0.00393536841237968,-7.99132531804636e-05,0.00393617970489022,0.0826944229797962,-0.148244243384772,0.52251917666366,0.549402699353311
-0.02,0.065,-0.0255262243218818,0.0647984884139387,-0.0055262243218818,-0.000201511586061298,0.00552989712156337,0.0969857277859809,-0.145419010079451,0.565256185467253,0.591667631341762
-0.02,0.08,-0.0265444877900073,0.0796812846809361,-0.00654448779000727,-0.000318715319063884,0.00655224388192016,0.110657584710627,-0.134248366428799,0.581758270353797,0.607218133056843
-0.02,0.095,-0.027026383772939,0.094568157824495,-0.00702638377293896,-0.000431842175505015,0.0070396417940947,0.123487254757207,-0.117014310844589,0.572785434768042,0.597518067567965
-0.02,0.11,-0.0270160917924212,0.109459059502269,-0.00701609179242121,-0.000540940497731124,0.007036914143413,0.135251828183036,-0.0960567125067432,0.539717801743784,0.564639561833347
-0.02,0.125,-0.0265656273718099,0.124354281435167,-0.00656562737180987,-0.000645718564832615,0.00659730363485177,0.145734951248405,-0.0736813437345567,0.48456824715534,0.511346984077022
-0.02,0.14,-0.0257344682644757,0.139254516794818,-0.0057344682644757,-0.000745483205181918,0.00578272180599129,0.154733998632211,-0.0520609357029473,0.409967601623528,0.441279218067002
-0.02,0.155,-0.0245889129033997,0.154160906174399,-0.0045889129033997,-0.000839093825600712,0.00466499732938289,0.16206730913686,-0.0331351781374187,0.319119985213549,0.359446437501993
-0.02,0.17,-0.0232011739572797,0.169075062478822,-0.00320117395727968,-0.000924937521177532,0.00333212006429055,0.167581047122782,-0.0185164322518105,0.215727972194961,0.273797308719036
-0.02,0.185,-0.0216482270871437,0.183999070188566,-0.00164822708714371,-0.00100092981143438,0.00192834463159786,0.171155234025282,-0.00940814464574874,0.103889748143504,0.200438888600509
-0.02,0.2,-0.0200104523680735,0.19893545628611,-1.04523680734892e-05,-0.00106454371388995,0.00106459502665612,0.172708523233091,-0.00654241934617607,-0.0120270612030648,0.173250426606715
-0.02,0.215,-0.0183701215777668,0.21388713241246,0.00162987842223321,-0.00111286758754048,0.0019735698464102,0.172201369571221,-0.0101419147108447,-0.127527975442082,0.214521813333024
-0.02,0.23,-0.0168097967500765,0.228857310389658,0.00319020324992346,-0.00114268961034159,0.00338867766561011,0.169637356690859,-0.0199092957751116,-0.238142098093239,0.293061527624102
-0.02,0.245,-0.0154107126955878,0.243849395710946,0.00458928730441224,-0.00115060428905434,0.00473132626146513,0.16506259674623,-0.0350451182269847,-0.339571042646852,0.379187076456368
-0.02,0.26,-0.0142512175432985,0.258866865646603,0.00574878245670148,-0.00113313435339715,0.00585939358614246,0.158563267334557,-0.0542925520219455,-0.427827137542234,0.459485780069912
-0.02,0.275,-0.0134053406610373,0.273913140003724,0.00659465933896267,-0.00108685999627572,0.006683621506973,0.150261495821834,-0.0760050975937426,-0.499352800838877,0.526982418530594
-0.02,0.29,-0.012941547195501,0.288991453097352,0.00705845280449896,-0.00100854690264829,0.00713014185330002,0.140309924498612,-0.0982316902943915,-0.55111483598747,0.577119327652396
-0.02,0.305,-0.0129217240657997,0.304104735122644,0.00707827593420032,-0.000895264877355834,0.00713466813533092,0.128885357552533,-0.118812525043679,-0.580669772071742,0.606554755720221
-0.02,0.32,-0.0134004253939021,0.319255509947856,0.00659957460609786,-0.000744490052144109,0.00664143436459274,0.116181933561946,-0.135478634370637,-0.58619888951472,0.612768650547884
-0.02,0.335,-0.0144243878323481,0.33444581459036,0.00557561216765187,-0.000554185409639751,0.00560308598116477,0.102404246396369,-0.14594867621752,-0.566513966459547,0.593909823347826
-0.02,0.35,-0.0160323098104688,0.349677143546042,0.00396769018953119,-0.000322856453957993,0.00398080415619312,0.08776079027323,-0.148017385155763,-0.521036757758262,0.548719151159606
0,0.05,-0.00400102937848454,0.0500792233824621,-0.00400102937848454,7.92233824621347e-05,0.00400181364281561,-0.00380876086633284,-0.148885610466095,0.535661690122366,0.555983186368517
0,0.065,-0.00558844559722965,0.0651272565019032,-0.00558844559722965,0.000127256501903233,0.00558989431120769,-0.0035670802146517,-0.145164064652818,0.578390463775563,0.596342241233013
0,0.08,-0.00660261276171056,0.0801670135246406,-0.00660261276171056,0.000167013524640575,0.00660472473298593,-0.00319406593682558,-0.133073266433201,0.594714574077227,0.609432213272285
0,0.095,-0.00707975961011367,0.095196696903132,-0.00707975961011367,0.000196696903131982,0.00708249149725565,-0.002711328680851,-0.114917284562346,0.585385795487357,0.596567748352424
0,0.11,-0.00706408358805902,0.110214832017457,-0.00706408358805902,0.000214832017456507,0.00706734955515922,-0.00214256328301502,-0.0930602163721311,0.551780354092831,0.559579165600076
0,0.125,-0.00660763320499855,0.125220372432843,-0.00660763320499855,0.00022037243284323,0.00661130702516202,-0.00151304083923087,-0.0698333619074263,0.495912222966482,0.500808863192418
0,0.14,-0.00576993456395727,0.140212796546183,-0.00576993456395727,0.000212796546182753,0.00577385722393758,-0.000848996317470908,-0.0474352275692481,0.420418772918528,0.423088146391825
0,0.155,-0.00461734941225132,0.155192187882125,-0.00461734941225132,0.000192187882125466,0.00462134739841678,-0.000176932556187959,-0.0278303384392923,0.328516272943458,0.329693494868359
0,0.17,-0.00322216754404586,0.170159291614823,-0.00322216754404586,0.000159291614822893,0.00322610252478985,0.000477127017081472,-0.0126537114307457,0.22392489196955,0.224282780298624
0,0.185,-0.00166145365189987,0.185115541007859,-0.00166145365189987,0.000115541007858933,0.00166546628963437,0.00108840233128556,-0.00312807550886382,0.110765345065353,0.110814868007462
0,0.2,-1.5686163113197e-05,0.200063049449354,-1.5686163113197e-05,6.30494493538969e-05,6.49714458592652e-05,0.00163409261248926,-3.99771939272056e-07,-0.00656812240617587,0.00676834468901892
0,0.215,0.00163275860864305,0.2150045663414,0.00163275860864305,4.56634140028056e-06,0.00163276499398161,0.00209404480245582,-0.00350299167770611,-0.123551444135058,0.123618854754847
0,0.23,0.00320121139250117,0.229943398102464,0.00320121139250117,-5.66018975355354e-05,0.00320171175377858,0.00245131519360226,-0.0133424698922751,-0.235682491424503,0.236072755847639
0,0.245,0.0046083310687863,0.244883298527095,0.0046083310687863,-0.000116701472905129,0.00460980850722883,0.00269259095176096,-0.0287175298054519,-0.338631410515822,0.339858084222795
0,0.26,0.00577566766654548,0.259828335372631,0.00577566766654548,-0.000171664627368645,0.00577821821487113,0.00280845497615947,-0.0483639137983144,-0.428380212932453,0.431111863991309
0,0.275,0.00662909763997035,0.274782741945619,0.00662909763997035,-0.000217258054381331,0.00663265682682695,0.00279347956628636,-0.0706227057174133,-0.501343402845395,0.506302523924559
0,0.29,0.00710007204461433,0.289750763461335,0.00710007204461433,-0.000249236538665015,0.00710444522048834,0.00264615702203612,-0.0935262800705225,-0.554463304588176,0.562304420353662
0,0.305,0.00712663260714097,0.304736507901103,0.00712663260714097,-0.000263492098897478,0.00713150197387243,0.00236867929733018,-0.114895151203688,-0.585276149894697,0.596454433152472
0,0.32,0.00665416764204085,0.319743810124227,0.00665416764204085,-0.000256189875772861,0.00665909755603806,0.00196659102924912,-0.132438660782627,-0.591947543407663,0.606588161148371
0,0.335,0.00563589734918357,0.334776116259781,0.00563589734918357,-0.000223883740219227,0.00564034244170236,0.00144834621770024,-0.143852868029293,-0.573278344088396,0.59105575302203
0,0.35,0.00403309452117565,0.349836393192376,0.00403309452117565,-0.000163606807624228,0.00403641159995335,0.000824801400426987,-0.146910017403733,-0.528684004536449,0.548718790870563
0.02,0.05,0.016060380650645,0.0502350251931939,-0.00393961934935499,0.000235025193193877,0.00394662355175257,-0.0902503546564491,-0.150343560371464,0.528921638194789,0.557233218228317
0.02,0.065,0.0144677475845189,0.0654523033685963,-0.00553225241548114,0.00045230336859628,0.00555071122702671,-0.104088953801199,-0.147586558228751,0.572650794901861,0.60045693872747
0.02,0.08,0.0134479582844615,0.0806486956236771,-0.0065520417155385,0.000648695623677142,0.00658407599092952,-0.117048201513946,-0.136401048118443,0.590076833649946,0.616846716951849
0.02,0.095,0.0129648062824708,0.0958209379503825,-0.00703519371752923,0.000820937950382489,0.00708292946184987,-0.128948089608754,-0.119071761857272,0.581943165765178,0.607837978103266
0.02,0.11,0.0129741257610376,0.110966141944416,-0.00702587423896242,0.000966141944416327,0.00709199119278051,-0.139612470436913,-0.0979438703839685,0.549613874187293,0.57546749539517
0.02,0.125,0.0134239093044674,0.126081933954422,-0.00657609069553261,0.00108193395442172,0.00666449922481811,-0.148874776395756,-0.0753310357713487,0.495087036641219,0.522447632853008
0.02,0.14,0.0142546810548957,0.141166586314838,-0.00574531894510426,0.00116658631483804,0.00586256031192356,-0.15658398630843,-0.0534163312247193,0.420980638701514,0.452324673195104
0.02,0.155,0.0154001378758977,0.156219131349306,-0.00459986212410225,0.00121913134930571,0.00475867763224306,-0.162610497735919,-0.0341519385917938,0.330488585541212,0.369907703804726
0.02,0.17,0.0167880557017805,0.171239449021506,-0.00321194429821951,0.00123944902150588,0.00344279247875569,-0.166851529539787,-0.019164398566968,0.227306452802567,0.282621818909165
0.02,0.185,0.0183414410042971,0.186228320217624,-0.00165855899570291,0.00122832021762367,0.00206387705526519,-0.169235669651487,-0.00967242482647266,0.115529085178336,0.205137227626577
0.02,0.2,0.0199798899086364,0.201187439765939,-2.0110091363572e-05,0.0011874397659391,0.00118761004269422,-0.169726223785262,-0.00642377957158208,-0.000475327178815585,0.169848470837424
0.02,0.215,0.0216211017500877,0.216119386161999,0.00162110175008769,0.00111938616199905,0.00197002443228817,-0.168323093484788,-0.0096564310817017,-0.116207805773288,0.20476867244483
0.02,0.23,0.0231824816136455,0.231027548395571,0.00318248161364552,0.00102754839557145,0.00334425551153516,-0.1650630244157,-0.01908728435402,-0.227189222492884,0.281469764986723
0.02,0.245,0.0245827590751896,0.245916013725514,0.0045827590751896,0.000916013725513698,0.00467341009184536,-0.160018193882059,-0.0339294205736061,-0.329109639299413,0.367519585537344
0.02,0.26,0.0257435490410249,0.260789423453419,0.00574354904102493,0.000789423453418731,0.00579754646169101,-0.153293245317592,-0.0529363046922754,-0.417967103775922,0.448328670516232
0.02,0.275,0.0265907851948388,0.275652806157142,0.00659078519483876,0.000652806157142471,0.0066230359627069,-0.145020995121385,-0.0744691497795856,-0.490187735966107,0.516587424910702
0.02,0.29,0.0270559667559221,0.290511399289661,0.00705596675592213,0.000511399289661402,0.00707447496950441,-0.135357135634946,-0.0965818514555359,-0.542720801854263,0.56762497495363
0.02,0.305,0.0270771736344662,0.305370470344297,0.00707717363446625,0.000370470344296908,0.00708686354661833,-0.124474312294144,-0.117116821481705,-0.573104826775763,0.598048989668191
0.02,0.32,0.0265998219268197,0.320235148021557,0.00659982192681968,0.00023514802155708,0.00660400969546321,-0.11255596663525,-0.133804735082338,-0.579503342538329,0.605309907930136
0.02,0.335,0.0255771492778352,0.335110272130473,0.0055771492778352,0.000110272130473182,0.00557823932885788,-0.0997903146088572,-0.144361615225871,-0.560711252567251,0.587535970378309
0.02,0.35,0.0239704360722224,0.350000268698995,0.00397043607222236,2.68698994804195e-07,0.00397043608131445,-0.0863647734069673,-0.146577668837354,-0.516134803297482,0.54345306741268
0.04,0.05,0.0362486697366079,0.0503583847438312,-0.00375133026339206,0.000358384743831153,0.00376841058931375,-0.168821968197296,-0.152031661180234,0.502324713502869,0.551313836102134
0.04,0.065,0.0346421845205038,0.0657435021998722,-0.00535781547949615,0.000743502199872209,0.00540915725723919,-0.196306348368241,-0.152056067206364,0.548037518141633,0.601669076728288
0.04,0.08,0.0336070795296281,0.0810952381228826,-0.0063929204703719,0.00109523812288265,0.00648606033631477,-0.22218345186378,-0.143559452123213,0.567815515971016,0.626412939916471
0.04,0.095,0.0331071965564185,0.0964088892550631,-0.00689280344358151,0.00140888925506313,0.00703531863136855,-0.246079369180802,-0.128766936310743,0.562393761869168,0.627237317425855
0.04,0.11,0.0330984507959523,0.111680179760584,-0.0069015492040477,0.00168017976058438,0.0071031250477356,-0.267625913860898,-0.10996276707868,0.533116287439143,0.606573863820882
0.04,0.125,0.0335289497099595,0.126905433164791,-0.00647105029004054,0.00190543316479083,0.00674575180404071,-0.286472267903744,-0.0894009265583194,0.481948830672744,0.56774659736572
0.04,0.14,0.0343393658551132,0.142081737029237,-0.00566063414488678,0.00208173702923728,0.00603128576517112,-0.302297195442068,-0.0692088715030187,0.411464823448924,0.515246108466484
0.04,0.155,0.0354635760879111,0.157207089572704,-0.00453642391208892,0.00220708957270441,0.00504483758827899,-0.314821146429457,-0.0512901218417597,0.324802238678214,0.455236878261624
0.04,0.17,0.0368295642752211,0.172280517495546,-0.00317043572477888,0.00228051749554606,0.00390543502473743,-0.32381749056678,-0.037232243564327,0.225590966179926,0.396403731026637
0.04,0.185,0.0383605675117633,0.187302155369686,-0.0016394324882367,0.00230215536968581,0.00282624454526837,-0.329122105384144,-0.0282269949353523,0.117852773566844,0.350724655287146
0.04,0.2,0.0399764285874408,0.202273279195337,-2.35714125591539e-05,0.00227327919533726,0.00227340139690361,-0.330640610689296,-0.0250089093968896,0.00587834818654078,0.331637635119109
0.04,0.215,0.0415951018758418,0.217196289862326,0.00159510187584176,0.00219628986232612,0.00271441322456077,-0.328352684233286,-0.0278173607115458,-0.105911901992004,0.34613145790152
0.04,0.23,0.0431342476056019,0.232074646035088,0.00313424760560192,0.00207464603508756,0.00375867852098658,-0.322313113750925,-0.0363853026838191,-0.213114996108208,0.388108504241498
0.04,0.245,0.0445128423163253,0.246912749938233,0.00451284231632527,0.00191274993823265,0.00490146489309319,-0.312649493006288,-0.0499556114094798,-0.311491375923332,0.444154403053986
0.04,0.26,0.0456527318698831,0.261715793203263,0.0056527318698831,0.00171579320326293,0.00590739569600305,-0.299556744732967,-0.0673235753527895,-0.397100771088599,0.501953524738803
0.04,0.275,0.0464800580379523,0.276489572830172,0.00648005803795229,0.00148957283017204,0.00664905853423,-0.283288898153994,-0.0869018885664197,-0.466419983616455,0.552588912371362
0.04,0.29,0.0469264997633139,0.291240289260463,0.00692649976331391,0.00124028926046263,0.00703666941249954,-0.264148743198544,-0.106802783005014,-0.516436429499802,0.589822897968679
0.04,0.305,0.0469302844062646,0.305974339106857,0.00693028440626456,0.000974339106856986,0.00699844115834838,-0.242476107056111,-0.124930877135547,-0.544713548771555,0.609195151802867
0.04,0.32,0.0464369410634428,0.320698114576262,0.00643694106344278,0.000698114576262315,0.0064746871905773,-0.218635533662248,-0.13907999601386,-0.549426649647508,0.60746838761662
0.04,0.335,0.0453997854178342,0.335417819968558,0.00539978541783423,0.000417819968558136,0.00541592615207973,-0.193004109507855,-0.147027592695503,-0.529370073631946,0.582325762071753
0.04,0.35,0.0437801419516138,0.350139313276044,0.0037801419516138,0.000139313276043579,0.00378270820487552,-0.165960078751107,-0.146621339859609,-0.483938521476641,0.532202117699248
0.06,0.05,0.0565628992723865,0.0504206071151554,-0.00343710072761352,0.000420607115155403,0.00346274049808541,-0.232122727329598,-0.152416221166252,0.45648928763623,0.534318447936145
0.06,0.065,0.0549339804859047,0.0659711645109848,-0.00506601951409533,0.000971164510984779,0.00515826659107407,-0.272383551418255,-0.156897644455361,0.505122905171619,0.594947056194338
0.06,0.08,0.0538739334367609,0.0814760111034437,-0.00612606656323905,0.00147601110344373,0.00630137289126145,-0.31034574343809,-0.152735378373788,0.52844186600738,0.63158326546572
0.06,0.095,0.0533466742851999,0.0969290448707298,-0.00665332571480012,0.00192904487072981,0.00692733406012079,-0.345456744943756,-0.142058031113311,0.527172598751581,0.646093042108707
0.06,0.11,0.0533082483389199,0.112324642187257,-0.00669175166108008,0.00232464218725661,0.00708403145054715,-0.377171860597784,-0.127050508554187,0.502631474001502,0.641126455323025
0.06,0.125,0.053706950993081,0.12765786104091,-0.006293049006919,0.00265786104090998,0.00683130230016732,-0.404971245964027,-0.109868693290133,0.45673638754365,0.620229573638054
0.06,0.14,0.0544837002032061,0.142924637569393,-0.00551629979679392,0.0029246375693931,0.00624364223513922,-0.428377722928834,-0.0925477160369543,0.391992662647284,0.587991356310105
0.06,0.155,0.0555726725647206,0.158121963769668,-0.00442732743527936,0.0031219637696675,0.00541736891842284,-0.446974450834045,-0.0769092354663666,0.311451039416403,0.550186573958706
0.06,0.17,0.0569022000325111,0.173248034106681,-0.00309779996748889,0.00324803410668079,0.00448843961714267,-0.460421357492165,-0.0644739070196925,0.218637479113363,0.513759502998267
0.06,0.185,0.0583959073902332,0.188302349904445,-0.00160409260976679,0.00330234990444517,0.00367132510030063,-0.468469215402505,-0.0563854210061898,0.117456773493472,0.486251204860743
0.06,0.2,0.0599740535657121,0.203285772684516,-2.59464342879313e-05,0.00328577268451555,0.00328587512723183,-0.470970339981727,-0.0533520177287622,0.0120742541714358,0.474137711476953
0.06,0.215,0.0615550245705047,0.218200521048908,0.00155502457050466,0.00320052104890822,0.00355829121902323,-0.467885096226549,-0.0556102337321612,-0.0932180411592877,0.48031231048293
0.06,0.23,0.0630569137969156,0.23305010978307,0.00305691379691556,0.00305010978307035,0.0043183204664029,-0.459283699498719,-0.0629138954479715,-0.194142865194434,0.502586058893984
0.06,0.245,0.0643991183456337,0.247839234261896,0.00439911834563365,0.00283923426189611,0.00523578966468434,-0.445343170553826,-0.0745492573386852,-0.286578269091577,0.534805864087087
0.06,0.26,0.0655038786812027,0.262573607387308,0.0055038786812027,0.00257360738730811,0.0060758650019075,-0.426339682478347,-0.0893749464521854,-0.366688572750403,0.569400196385643
0.06,0.275,0.0662976934431249,0.277259759647053,0.00629769344312488,0.00225975964705272,0.00669084870296929,-0.402636899217594,-0.105883318414234,-0.431038212231845,0.599270359703111
0.06,0.29,0.0667125511773128,0.291904815217619,0.00671255117731281,0.00190481521761943,0.00697758298562749,-0.374671183032803,-0.122278204554173,-0.47668254653193,0.618514688577843
0.06,0.305,0.066686934755202,0.306516257925172,0.00668693475520196,0.00151625792517163,0.00685668538843468,-0.342934727492131,-0.136563017873962,-0.501231851420581,0.622487642879772
0.06,0.32,0.066166570745836,0.321101700577447,0.00616657074583601,0.00110170057744674,0.00626421095795368,-0.307957736539846,-0.146632858869703,-0.502887040938192,0.607649569738287
0.06,0.335,0.0651049131824956,0.335668669559707,0.00510491318249565,0.000668669559707402,0.00514851994080795,-0.270290721450875,-0.150364590081541,-0.480447871903081,0.571401301825514
0.06,0.35,0.0634633672812634,0.350224414261663,0.00346336728126342,0.000224414261663197,0.00347063030093438,-0.230487848293929,-0.145699705499775,-0.433296242663693,0.511957449547072
0.08,0.05,0.0770013992371535,0.0503936845402951,-0.00299860076284653,0.000393684540295092,0.00302433365424702,-0.273534941538637,-0.149147530054516,0.392576533114684,0.501182886706923
0.08,0.065,0.0753415514945067,0.0661063308315319,-0.00465844850549332,0.00110633083153189,0.00478801737539987,-0.325327311640678,-0.159536888282964,0.44500308354976,0.573864422848429
0.08,0.08,0.0742470447480951,0.0817611538006982,-0.00575295525190495,0.00176115380069825,0.00601649040887913,-0.374181332665058,-0.161133754268464,0.472962887753675,0.624238339272627
0.08,0.095,0.0736818959019582,0.0973507055850193,-0.00631810409804179,0.00235070558501932,0.00674123550553854,-0.419387313576575,-0.15593857458795,0.477172873459373,0.654141541957638
0.08,0.11,0.0736023290591871,0.112868066834404,-0.00639767094081287,0.00286806683440449,0.00701113406187133,-0.460245959930295,-0.146004093328133,0.458914429687228,0.666146373778797
0.08,0.125,0.0739568994658968,0.128307079315813,-0.00604310053410322,0.00330707931581303,0.00688881975859123,-0.496089893923732,-0.133355369263729,0.420043400525216,0.663573822223979
0.08,0.14,0.0746868655292204,0.143662572359963,-0.00531313447077961,0.0036625723599632,0.00645320340579413,-0.526306183885904,-0.119903999678383,0.362975802959623,0.650485316314599
0.08,0.155,0.0757268206372355,0.158930569701808,-0.00427317936276453,0.00393056970180838,0.00580598312494368,-0.550358663404905,-0.107361573944658,0.290647245591952,0.631586119682099
0.08,0.17,0.0770055815912422,0.174108463121716,-0.0029944184087578,0.00410846312171576,0.00508389720875688,-0.567808680517794,-0.0971580668134381,0.206445863889915,0.611939410376311
0.08,0.185,0.0784473139322531,0.189195140362528,-0.00155268606774694,0.00419514036252772,0.00447325794989341,-0.578332892834719,-0.0903710467815112,0.114120679582435,0.596374548082076
0.08,0.2,0.0799728577765244,0.204191057240239,-2.7142223475561e-05,0.00419105724023866,0.00419114512887016,-0.581736839037401,-0.0876711310146389,0.0176694261444531,0.58857389684692
0.08,0.215,0.0815012027017223,0.219098247419954,0.00150120270172231,0.00409824741995402,0.00436454367223174,-0.577963275134804,-0.0892880568051745,-0.0787882198246825,0.590105555162606
0.08,0.23,0.0829510485657383,0.233920267804912,0.00295104856573832,0.00392026780491178,0.00490685105740678,-0.567094633680879,-0.095000149913766,-0.171144650976034,0.599929272412393
0.08,0.245,0.0842423821116696,0.248662082199957,0.00424238211166955,0.00366208219995701,0.00560434224692388,-0.549349417589973,-0.104148033928722,-0.255437521564087,0.6147223339295
0.08,0.26,0.0852979979131578,0.263329890477485,0.00529799791315778,0.00332989047748528,0.00625755163621295,-0.525072812842076,-0.11567138241861,-0.327974138567365,0.629803427202401
0.08,0.275,0.0860448966720516,0.277930914314358,0.00604489667205163,0.00293091431435788,0.00671796356747257,-0.494722244311053,-0.128165629531756,-0.385439947072679,0.640113069903046
0.08,0.29,0.0864155035220373,0.292473153183522,0.00641550352203726,0.00247315318352193,0.00687569430024613,-0.458848948171652,-0.139954055363362,-0.42498552976116,0.640895060110403
0.08,0.305,0.0863486627605729,0.306965125594132,0.00634866276057289,0.0019651255941317,0.0066458436220089,-0.418076862133336,-0.14916971549851,-0.444288514278263,0.628041479471747
0.08,0.32,0.0857903815583796,0.321415610347205,0.00579038155837963,0.00141561034720494,0.00596091194757452,-0.373080219920889,-0.153841357506585,-0.441588919797342,0.598214040894101
0.08,0.335,0.0846943120328724,0.335833401182587,0.00469431203287235,0.000833401182587179,0.00476771674841405,-0.324561187304306,-0.151977737515597,-0.415698531767419,0.548857695527485
0.08,0.35,0.0830219769061526,0.350227085727901,0.00302197690615258,0.000227085727901422,0.00303049704654798,-0.273228711942329,-0.141645509725497,-0.365986641680758,0.478189218459948
0.1,0.05,0.0975617952042009,0.0502505550096028,-0.00243820479579909,0.000250555009602804,0.00245104476480842,-0.287526401715464,-0.139257262636038,0.312206734659038,0.446696846587514
0.1,0.065,0.0958626405946638,0.0661210439873778,-0.00413735940533619,0.00112104398737778,0.00428654668358571,-0.349310914713584,-0.156718349802972,0.369216637971324,0.531885056833044
0.1,0.08,0.0947243055847902,0.0819218621001836,-0.00527569441520984,0.00192186210018364,0.00561484688079724,-0.407582132202139,-0.165216955058109,0.402804169962201,0.596384311780579
0.1,0.095,0.0941109345888393,0.0976442798941903,-0.00588906541116072,0.00264427989419025,0.00645548662578959,-0.461499312861137,-0.166600302568558,0.413675085268611,0.641769942354175
0.1,0.11,0.0939789786636517,0.113280145650663,-0.00602102133634833,0.00328014565066276,0.00685653363021896,-0.51023505661811,-0.162763168126919,0.403068796819109,0.670299366935043
0.1,0.125,0.0942773232457479,0.128822145168455,-0.00572267675425206,0.00382214516845464,0.00688170203673466,-0.553000403439791,-0.155574201274567,0.372766491652854,0.684816193298519
0.1,0.14,0.0949476596157065,0.144264055794398,-0.00505234038429347,0.00426405579439759,0.006611226450251,-0.58907102341736,-0.146797161288641,0.325076626501833,0.688646933676585
0.1,0.155,0.0959251113129829,0.159600980117734,-0.00407488868701707,0.00460098011773352,0.00614603415670291,-0.617813107584132,-0.138011640135765,0.262796046226484,0.685425133410225
0.1,0.17,0.0971391120718087,0.174829544535972,-0.00286088792819132,0.00482954453597245,0.0056133038544704,-0.638707404611495,-0.13053843316896,0.189146627655381,0.678799872841284
0.1,0.185,0.0985145157715526,0.189948048944804,-0.00148548422844743,0.00494804894480438,0.00516622219355167,-0.651369831555893,-0.125374850398488,0.107689268330883,0.672014632419372
0.1,0.2,0.0999729026428094,0.204956556323805,-2.70973571906352e-05,0.00495655632380498,0.00495663039350504,-0.655567223460372,-0.123144848947244,0.0222189609137546,0.667406740361114
0.1,0.215,0.101434031315656,0.219856914752911,0.00143403131565603,0.00485691475291117,0.00506419457873888,-0.651227068708463,-0.124067909912776,-0.0633535847085166,0.665964121508829
0.1,0.23,0.102817374908757,0.234652709038134,0.00281737490875689,0.00465270903813442,0.00543923733348992,-0.638440503747127,-0.127949162708411,-0.145127043346322,0.667116295386909
0.1,0.245,0.104043672611733,0.249349144263891,0.00404367261173275,0.00434914426389077,0.00593854729870964,-0.617458342693303,-0.134191532063472,-0.219333920342085,0.66886068911286
0.1,0.26,0.105036426870695,0.263952868439912,0.00503642687069528,0.00395286843991211,0.00640240302754478,-0.58868045040162,-0.141828860563277,-0.282457028267298,0.668166993152836
0.1,0.275,0.105723280641135,0.2784717456585,0.00572328064113509,0.00347174565850028,0.00669394944815893,-0.552639265916592,-0.149577271545807,-0.331331458206902,0.66148991973368
0.1,0.29,0.106037218562765,0.292914594111474,0.00603721856276537,0.00291459411147449,0.00670394412336802,-0.509978677834258,-0.155900684923277,-0.363226875695419,0.645229756284095
0.1,0.305,0.105917549256052,0.307290904929619,0.00591754925605173,0.00229090492961859,0.0063455208292424,-0.461429718188246,-0.15908553046764,-0.375906742222663,0.61606422251615
0.1,0.32,0.105310641685744,0.321610557766752,0.0053106416857438,0.00161055776675212,0.00554948749294972,-0.407784648753905,-0.157319382684676,-0.367663001001921,0.571153649732264
0.1,0.335,0.104170404911417,0.335883547772734,0.00417040491141718,0.000883547772733695,0.0042629724127509,-0.349870966129369,-0.148768451049209,-0.33732664101536,0.508264401443579
0.1,0.35,0.102458516041384,0.350119736134269,0.00245851604138395,0.000119736134268689,0.00246143004523626,-0.288526679037415,-0.131649510388888,-0.28425616257623,0.425889233491338
0.12,0.05,0.118241046249074,0.0499653393835127,-0.00175895375092641,-3.46606164873253e-05,0.00175929521577062,-0.269856481682452,-0.119397175205161,0.217351925903829,0.366497645065051
0.12,0.065,0.116494354817076,0.065988599131344,-0.00350564518292387,0.00098859913134397,0.00364237235755097,-0.339892884301264,-0.144769273171169,0.2796400195983,0.463341154860591
0.12,0.08,0.115303010796507,0.0819306510059342,-0.00469698920349323,0.0019306510059342,0.00507829901487169,-0.405916520389222,-0.160993565314408,0.319710412359031,0.541206130041271
0.12,0.095,0.114631313347015,0.0977815582563095,-0.00536868665298496,0.00278155825630949,0.00604647523034555,-0.466984346273745,-0.169746290630458,0.33825517481512,0.601089061573949
0.12,0.11,0.114435987960679,0.113532010096829,-0.00556401203932091,0.00353201009682941,0.00659039644466196,-0.52216994071902,-0.172746191117751,0.336465184989744,0.644760344017653
0.12,0.125,0.114666318637355,0.129173606209148,-0.00533368136264467,0.00417360620914803,0.00677252874982913,-0.570591155772475,-0.171687774269976,0.316036218847176,0.674488772526879
0.12,0.14,0.115264518657149,0.144699135744613,-0.0047354813428514,0.00469913574461339,0.00667133122358626,-0.611438856167819,-0.168170240179916,0.279154269699647,0.692872038098275
0.12,0.155,0.116166350437003,0.160102835296363,-0.00383364956299691,0.00510283529636341,0.00638246010827162,-0.644005238677161,-0.163626152689997,0.228458600998903,0.702649119619566
0.12,0.17,0.117301990887926,0.175380610012248,-0.00269800911207416,0.00538061001224838,0.00601915419911657,-0.667710073644149,-0.15925443180539,0.16698254515667,0.706461754040485
0.12,0.185,0.118597122936792,0.190530203042521,-0.00140287706320788,0.00553020304252055,0.00570536674947179,-0.682123185797337,-0.155962333201463,0.0980737519668944,0.706569938307475
0.12,0.2,0.119974218235028,0.205551301135011,-2.57817649720398e-05,0.00555130113501129,0.00555136100348218,-0.686981646263483,-0.154320707351931,0.0252973088045594,0.704560055697528
0.12,0.215,0.12135396186357,0.220445568028406,0.00135396186357035,0.00544556802840634,0.00561136559849777,-0.682200453064341,-0.154535984579768,-0.0476733318284836,0.701111766360225
0.12,0.23,0.122656758853746,0.235216602227387,0.00265675885374621,0.00521660222738712,0.00585417000143822,-0.667875921482842,-0.15644108882554,-0.117171557877313,0.695893086486871
0.12,0.245,0.123804255789062,0.249869821051804,0.00380425578906191,0.00486982105180406,0.00617960509945458,-0.64428153912513,-0.159505976224008,-0.179652300073704,0.68762015824788
0.12,0.26,0.124720809519453,0.264412278082367,0.00472080951945342,0.00441227808236688,0.00646175211495281,-0.611856603440876,-0.16286690503857,-0.231799645468555,0.674262897019813
0.12,0.275,0.125334839153993,0.27885242560819,0.00533483915399299,0.00385242560818994,0.00658040210516153,-0.571188481363743,-0.165372064775518,-0.270621451414866,0.653333602392957
0.12,0.29,0.125580006609166,0.293199837008476,0.00558000660916591,0.0031998370084762,0.00643237363957888,-0.522989760213105,-0.165640000382431,-0.293526243427586,0.622186755499959
0.12,0.305,0.125396183879562,0.307464905764907,0.00539618387956153,0.0024649057649071,0.0059325003912273,-0.468071841066024,-0.162126486882911,-0.298379244594225,0.578281297042797
0.12,0.32,0.12473018041509,0.321658538054254,0.00473018041509046,0.00165853805425437,0.0050125198490096,-0.407316652246018,-0.153195201375423,-0.283536099726013,0.519394062506269
0.12,0.335,0.123536219904297,0.335791854630574,0.00353621990429676,0.000791854630573574,0.00362379427775714,-0.341648125631589,-0.137187691113287,-0.247854534765679,0.443820639072757
0.12,0.35,0.121776170772732,0.349875915331756,0.00177617077273154,-0.000124084668243818,0.00178049982274611,-0.272004903040558,-0.112488676040297,-0.190685650979422,0.350716083264592
0.14,0.05,0.139035492566017,0.0495135524586371,-0.000964507433982992,-0.0004864475413629,0.00108023414161304,-0.217676695629868,-0.086091233512262,0.110216730168257,0.258732846144134
0.14,0.065,0.137233211621025,0.0656837655801691,-0.00276678837897548,0.000683765580169138,0.00285002689507622,-0.294120528290731,-0.11987740200576,0.178371601179045,0.36427235929978
0.14,0.08,0.135979902413791,0.0817615868478538,-0.00402009758620858,0.00176158684785382,0.00438911982351492,-0.366135477582872,-0.144321753827829,0.225635165871561,0.453647726487359
0.14,0.095,0.135240046621397,0.0977359550706148,-0.00475995337860349,0.0027359550706148,0.00549022825708564,-0.432705726355115,-0.160919165726667,0.252682572422683,0.526288564745348
0.14,0.11,0.134970690790969,0.113596482150767,-0.00502930920903052,0.00359648215076708,0.00618293093773701,-0.492835548393249,-0.171202065600457,0.260650190267964,0.583213926080874
0.14,0.125,0.13512158352426,0.129333759616113,-0.00487841647574036,0.00433375961611254,0.00652536740122906,-0.545578492371538,-0.176680947529201,0.251139672822192,0.626056773370344
0.14,0.14,0.135635545295073,0.144939659759844,-0.00436445470492708,0.00493965975984378,0.0065915630478954,-0.590067574324478,-0.178781293366149,0.226203202602883,0.656745844581868
0.14,0.155,0.136449080677728,0.160407615101689,-0.00355091932227168,0.00540761510168936,0.00646926032257948,-0.625544921031543,-0.178780475632608,0.188308687394064,0.677299350600243
0.14,0.17,0.137493229114245,0.17573285945838,-0.00250677088575548,0.0057328594583797,0.00625696234951154,-0.651389165646349,-0.177748622372807,0.140285012128981,0.689628917686961
0.14,0.185,0.138694635193668,0.190912614936976,-0.00130536480633215,0.00591261493697631,0.00605499733035168,-0.667138885203717,-0.1764974800892,0.0852489353243563,0.69534090042776
0.14,0.2,0.13997680431273,0.205946211894184,-2.31956872695914e-05,0.00594621189418443,0.00594625713625372,-0.672510530249773,-0.175540974359549,0.0265167127892934,0.695553106875498
0.14,0.215,0.141261495913388,0.220835132757212,0.00126149591338763,0.00583513275721237,0.0059699368701676,-0.667409606139225,-0.17507043346377,-0.0324951564094254,0.690758245361909
0.14,0.23,0.142470195990841,0.235582975756645,0.00247019599084072,0.00558297575664463,0.00610503779942821,-0.651934316865947,-0.174946374820397,-0.0883746898549608,0.680764368495478
0.14,0.245,0.143525604213464,0.250195340068138,0.00352560421346393,0.00519534006813838,0.00627864981453805,-0.626371415963283,-0.174707465902498,-0.137818814128426,0.66472763676448
0.14,0.26,0.144353069835445,0.264679639387635,0.00435306983544539,0.00467963938763527,0.00639126292610248,-0.591184574982509,-0.173595913651672,-0.177731555707652,0.641270256274318
0.14,0.275,0.144881914565052,0.279044855666653,0.00488191456505196,0.00404485566665325,0.00633986965043631,-0.546996106911414,-0.170597268153357,-0.205310764719072,0.608657672978536
0.14,0.29,0.145046589258623,0.293301248298548,0.00504658925862322,0.00330124829854833,0.00603044803260252,-0.494563317726305,-0.164491596322464,-0.218119140325992,0.565003457297386
0.14,0.305,0.144787623724426,0.307460036087327,0.00478762372442643,0.00246003608732681,0.00538266834178374,-0.434751052800111,-0.153912293026705,-0.214136669454683,0.508481742080987
0.14,0.32,0.144052343566641,0.3215330697271,0.00405234356664133,0.00153306972709971,0.0043326425158613,-0.36850214473528,-0.137408506801405,-0.191793089613707,0.437561936381054
0.14,0.335,0.142795343311601,0.33553251142479,0.00279534331160136,0.000532511424790216,0.00284561287726327,-0.296807445409414,-0.11350725642028,-0.14998045865946,0.351387367297016
0.14,0.35,0.140978719603491,0.349470535990132,0.000978719603491413,-0.000529464009868141,0.00111275522915151,-0.220676965408145,-0.0807717491998102,-0.0880472122327567,0.250947824825262
0.16,0.05,0.159940911367734,0.0488722843882463,-5.90886322657524e-05,-0.00112771561175368,0.00112926257684208,-0.129529541941566,-0.035974938143572,-0.00688091407246279,0.13460852024676
0.16,0.065,0.158075193370958,0.0651829766496015,-0.00192480662904168,0.000182976649601485,0.001933484164275,-0.210523170684725,-0.0783535996118415,0.0676159661105439,0.234587484143683
0.16,0.08,0.156751221797518,0.0813904851548783,-0.00324877820248184,0.00139048515487827,0.00353383768371696,-0.286759946611325,-0.111194963957005,0.12263102412059,0.331110646436892
0.16,0.095,0.155933689120248,0.097482714118007,-0.00406631087975212,0.00248271411800705,0.00476432089206237,-0.357179911214639,-0.135809101434031,0.158818740358754,0.41381848401051
0.16,0.11,0.155580008547187,0.113448286707503,-0.00441999145281267,0.00344828670750336,0.00560597945590968,-0.420746657127448,-0.153539093794426,0.177255763397727,0.481687632229823
0.16,0.125,0.155640456605843,0.129276870772285,-0.00435954339415699,0.0042768707722845,0.00610714681404986,-0.476477099655298,-0.165708820715899,0.179443060906181,0.535436026330372
0.16,0.14,0.156058541689053,0.144959499134009,-0.00394145831094739,0.00495949913400912,0.00633496055845444,-0.523472118253625,-0.173567846619641,0.167291237807405,0.576314163063825
0.16,0.155,0.156771607598564,0.160488867597909,-0.00322839240143558,0.00548886759790945,0.00636790271636017,-0.560946519301526,-0.178236487619869,0.143088039463329,0.605728361045924
0.16,0.17,0.157711667885969,0.175859593199822,-0.00228833211403143,0.00585959319982193,0.00629057201941977,-0.588256643700609,-0.180654459478888,0.109448220536859,0.625031758991839
0.16,0.185,0.158806452293938,0.191068416462083,-0.0011935477060616,0.00606841646208328,0.00618467739529947,-0.604923944119441,-0.181536535492047,0.0692472474793049,0.635364312781815
0.16,0.2,0.159980632157627,0.206114333915301,-1.93678423726699e-05,0.00611433391530058,0.00611436459013634,-0.610653018800799,-0.181338344031611,0.0255415714962976,0.637524328624112
0.16,0.215,0.161157178494418,0.220998651329154,0.00115717849441796,0.00599865132915423,0.00610924543922629,-0.605342896478933,-0.18023481156269,-0.0185206605933353,0.631879475262368
0.16,0.23,0.162258796503908,0.235724953111289,0.00225879650390789,0.00572495311128923,0.00615444959135476,-0.589090797975786,-0.178112856993231,-0.0597937685378373,0.618329332558131
0.16,0.245,0.163209374176507,0.250298989136856,0.00320937417650703,0.00529898913685639,0.0061951084314443,-0.562188122731887,-0.174578865832414,-0.0952284509689243,0.596326197334949
0.16,0.26,0.163935381537848,0.26472848578478,0.00393538153784846,0.00472848578477952,0.00615189447774428,-0.525108951477023,-0.168980333241486,-0.121960349996518,0.564951924373493
0.16,0.275,0.164367160894069,0.279022892964718,0.00436716089406949,0.00402289296471808,0.00593765627838696,-0.478491868092798,-0.160439998717384,-0.137388652508517,0.523042065905632
0.16,0.29,0.164440056743856,0.293193082665243,0.00444005674385611,0.00319308266524271,0.00546899266736898,-0.423116330074239,-0.147899920910853,-0.139240977585862,0.469351783947561
0.16,0.305,0.164095345879007,0.307251016753699,0.00409534587900737,0.00225101675369904,0.00467321455682664,-0.359875111151648,-0.130172346105019,-0.125621944914618,0.402785894120896
0.16,0.32,0.163280942207408,0.321209402379591,0.0032809422074081,0.00120940237959116,0.00349674647123761,-0.289744485182017,-0.105993955203521,-0.0950440991848069,0.322831599675372
0.16,0.335,0.161951865524967,0.33508135234357,0.00195186552496734,8.13523435703178e-05,0.00195356014275487,-0.213753813284344,-0.074080130561575,-0.0464411401347528,0.230944604064957
0.16,0.35,0.160070477445907,0.348880065561825,7.04774459067692e-05,-0.00111993443817521,0.00112214981896018,-0.132956056435751,-0.0331762223295053,0.0208354601411052,0.13860772142689
0.18,0.05,0.180952579420154,0.048020349951742,0.000952579420154115,-0.00197965004825801,0.00219691189292358,-0.00526007914994838,0.0339991310621819,-0.131619262985138,0.136041348235048
0.18,0.065,0.179015808237849,0.0644644848722893,-0.000984191762150949,-0.000535515127710717,0.00112045074710708,-0.0890115449833589,-0.0168561346610818,-0.0504218407222557,0.10368003362
0.18,0.08,0.177612767876363,0.0807950714824745,-0.00238723212363659,0.000795071482474485,0.00251615100388801,-0.167767967597173,-0.0579846091325128,0.0127496300560676,0.177963154544501
0.18,0.095,0.176708390344573,0.0969990745920546,-0.00329160965542682,0.00199907459205462,0.00385110287428127,-0.24045163833,-0.0905141862667907,0.0585249979933249,0.26350541942494
0.18,0.11,0.176260499894919,0.113064222386676,-0.00373950010508056,0.00306422238667609,0.00483459614351648,-0.306011643467133,-0.115601852942685,0.0879169060116439,0.338727959993171
0.18,0.125,0.176219961241381,0.128979348366263,-0.00378003875861856,0.00397934836626251,0.00548852497823729,-0.363453401991138,-0.134388523169995,0.102321241275875,0.400785406375295
0.18,0.14,0.176531046479883,0.144734727766934,-0.00346895352011674,0.00473472776693401,0.00586952174812448,-0.411868891575579,-0.147951587724426,0.103502697838516,0.449710465604243
0.18,0.155,0.177132028895058,0.160322391036647,-0.00286797110494233,0.00532239103664706,0.00604591635782079,-0.450466078451608,-0.157257795228403,0.093564699560347,0.486215460149552
0.18,0.17,0.177955999184578,0.175736396492549,-0.00204400081542198,0.00573639649254903,0.00608967848520549,-0.478595944752796,-0.163119322378568,0.0749039232335345,0.511149999757502
0.18,0.185,0.17893188576905,0.190973045377317,-0.00106811423094992,0.00597304537731674,0.00606779524125878,-0.495775524176148,-0.166155898868863,0.0501507614874268,0.525279149155235
0.18,0.2,0.179985647076502,0.206031025157845,-1.43529234977927e-05,0.0060310251578452,0.00603104223670956,-0.501705515265761,-0.166765590668637,0.0220981306383583,0.529159242527922
0.18,0.215,0.181041591240525,0.220911471002979,0.00104159124052507,0.00591147100297867,0.00600253294296635,-0.49628133391969,-0.165106322142553,-0.006378023352825,0.52306580788918
0.18,0.23,0.182023769124113,0.235617940587989,0.00202376912411333,0.00561794058798892,0.00597133970879967,-0.47959687361494,-0.16108947285453,-0.0324024751308363,0.506966050801083
0.18,0.245,0.182857380875128,0.250156303097373,0.00285738087512795,0.00515630309737253,0.00589509008391903,-0.451940733773694,-0.154385997764578,-0.0531843129699864,0.480536562458386
0.18,0.26,0.183470135115291,0.264534549048814,0.00347013511529069,0.00453454904881406,0.00570998886115149,-0.413785177164801,-0.144444578641284,-0.0660959882977518,0.443229137685068
0.18,0.275,0.183793503485912,0.278762532630825,0.00379350348591179,0.00376253263082532,0.00534296925834785,-0.365768565538422,-0.130520435252394,-0.068743818967661,0.394396443182894
0.18,0.29,0.183763821168959,0.292851662158651,0.00376382116895906,0.00285166215865112,0.0047221104242687,-0.308672422352399,-0.11171269450545,-0.0590266703330478,0.333530886695515
0.18,0.305,0.18332319525235,0.306814556647299,0.00332319525235003,0.00181455664729929,0.00378632308598987,-0.243394557371104,-0.0870077102099707,-0.0351804920031638,0.260862102957611
0.18,0.32,0.182420196144627,0.320664687250205,0.00242019614462691,0.000664687250205243,0.00250981244698729,-0.170919835662713,-0.0553254831599985,0.00419253262642423,0.179700036476418
0.18,0.335,0.181010321275281,0.334416021471365,0.00101032127528106,-0.000583978528634843,0.00116695329863369,-0.0922901820972327,-0.0155663539449532,0.0601103825286593,0.111234217129359
0.18,0.35,0.179056233678244,0.348082685946946,-0.000943766321755607,-0.00191731405305379,0.0021370044567379,-0.00857529437609628,0.0333446030208099,0.133212320856373,0.137589715274561
0.2,0.05,0.202065340466612,0.0469384043137464,0.00206534046661186,-0.00306159568625364,0.00369310159474545,0.154138547566057,0.126403209521221,-0.261765426563172,0.329025681778547
0.2,0.065,0.200050155767422,0.0635084811842844,5.01557674216502e-05,-0.00149151881571563,0.00149236187925028,0.0692929406839137,0.0674381626513769,-0.173625225925518,0.198733932900233
0.2,0.08,0.198559959790188,0.0799551037605889,-0.00144004020981214,-4.4896239411063e-05,0.00144073990650258,-0.0104078142871991,0.018376112538529,-0.102041956197501,0.104204452523428
0.2,0.095,0.197559953164148,0.096264396350861,-0.00244004683585172,0.00126439635086095,0.00274818607325277,-0.0838914522060697,-0.0217362473368964,-0.0464142914818637,0.098308336509144
0.2,0.11,0.197008414142709,0.112423289368752,-0.00299158585729122,0.00242328936875219,0.00384992432474357,-0.15011535305587,-0.0538781287814926,-0.00579681479202056,0.15959665257903
0.2,0.125,0.196856852532711,0.128419874531625,-0.00314314746728897,0.00341987453162462,0.00464488081797368,-0.208095160096549,-0.0790161125795596,0.0210989892081533,0.22358974146971
0.2,0.14,0.197050374540693,0.144243754304078,-0.00294962545930713,0.0042437543040782,0.00516814676103292,-0.256933899647051,-0.098063857724455,0.0358907185323185,0.277344267742502
0.2,0.155,0.197528265869672,0.159886367780909,-0.00247173413032793,0.0048863677809089,0.00547595285784424,-0.295850202222818,-0.111842241116304,0.0404974563586533,0.318867269338605
0.2,0.17,0.198224788304046,0.175341274928371,-0.0017752116959536,0.00534127492837094,0.00562855171655147,-0.324204130432372,-0.121042295421258,0.0370988777084983,0.348046339861352
0.2,0.185,0.19907017184495,0.190604382001344,-0.000929828155050442,0.00560438200134411,0.00568099269625603,-0.34151914427696,-0.126193303038736,0.028082259687332,0.365170015662964
0.2,0.2,0.199991771433116,0.205674093765149,-8.22856688361778e-06,0.00567409376514894,0.00567409973167682,-0.347498887582261,-0.127638181004861,0.0159794943319325,0.37054393115515
0.2,0.215,0.200915345479747,0.220551382082877,0.000915345479746848,0.0055513820828772,0.00562633987396629,-0.34203774679781,-0.125517856620568,0.0033969780126214,0.364357708047431
0.2,0.23,0.201766404449887,0.235239765758227,0.00176640444988669,0.00523976575822654,0.00552949634972869,-0.325224514233118,-0.119765729748901,-0.0070581757030141,0.346648235349613
0.2,0.245,0.202471572370392,0.249745202188259,0.00247157237039188,0.00474520218825941,0.00535029100045469,-0.297338926281234,-0.110112594634268,-0.0128518403316413,0.317333653739076
0.2,0.26,0.202959903064441,0.264075897237041,0.00295990306444129,0.00407589723704077,0.00503725763067619,-0.258841311742404,-0.0961016335951267,-0.0115927659687536,0.276349215514789
0.2,0.275,0.20316409635661,0.278242044842315,0.00316409635661019,0.00324204484231527,0.00453016120171203,-0.210356025722079,-0.0771123774305722,-0.00109522524970777,0.224047405234434
0.2,0.29,0.203021566930383,0.292255511916133,0.00302156693038251,0.00225551191613316,0.00377057034394001,-0.152649716858697,-0.0523919289743232,0.0205684126893367,0.162695813299614
0.2,0.305,0.202475329146158,0.306129486600002,0.00247532914615842,0.00112948660000167,0.00272084442065413,-0.0866057432140117,-0.0210913224489335,0.0550272266629481,0.104753984980734
0.2,0.32,0.201474673774284,0.319878108860173,0.00147467377428417,-0.000121891139827024,0.0014797027372178,-0.0131961963907945,0.0176953239268741,0.103584551782831,0.10591046524789
0.2,0.335,0.199975625888379,0.333516101694347,-2.43741116209006e-05,-0.00148389830565265,0.00148409847342962,0.0665469803173025,0.064891205764914,0.167204292920495,0.191302584261291
0.2,0.35,0.197941185909345,0.347058419210896,-0.00205881409065548,-0.00294158078910361,0.00359048924224889,0.15156039360038,0.121398937505411,0.246510145186582,0.313808465125881
