target_x,target_y,gaze_x,gaze_y,error_px_x,error_px_y,error_px_xy,error_deg_x,error_deg_y,error_deg_z,error_deg_xyz
-0.2,0.05,-0.197975783806382,0.0529270580914866,0.0020242161936182,0.00292705809148656,0.00355880882732455,-0.14873699459201,0.120106039815244,-0.245475383440224,0.311137519641468
-0.2,0.065,-0.199974561433419,0.0664339077995444,2.54385665806045e-05,0.00143390779954443,0.00143413343112279,-0.0640783342915081,0.0635995969049608,-0.165559220237327,0.188575791553677
-0.2,0.08,-0.201447320483689,0.0800537699019795,-0.00144732048368923,5.37699019794585e-05,0.00144831895135889,0.0151812178030065,0.0164205489380488,-0.101028034053442,0.10347352500056
-0.2,0.095,-0.202429776656075,0.0937997186749511,-0.0024297766560748,-0.00120028132504886,0.00271007192850431,0.0880184360742092,-0.0223173465644402,-0.0512912311955438,0.104288553770198
-0.2,0.11,-0.202964552490685,0.107684279547086,-0.00296455249068533,-0.00231572045291421,0.00376179912888419,0.153441788841871,-0.0535221054067293,-0.0154321147125147,0.163239598502525
-0.2,0.125,-0.203100986982492,0.121719120413917,-0.00310098698249227,-0.00328087958608335,0.0045144535797774,0.210518386308921,-0.0780871152979704,0.00779117953940194,0.224669436517628
-0.2,0.14,-0.202894733094522,0.135914740409692,-0.00289473309452196,-0.00408525959030802,0.00500687783041731,0.258401323409051,-0.0968531099615452,0.019932496935044,0.276675300727211
-0.2,0.155,-0.202407138072172,0.150280170542885,-0.00240713807217216,-0.00471982945711487,0.00529821703998146,0.296356114951025,-0.110570565656684,0.0228316914841191,0.317134576742638
-0.2,0.17,-0.201704413746656,0.164822701535403,-0.00170441374665627,-0.00517729846459704,0.00545063717479981,0.323784834529251,-0.119864738995362,0.0185761095165723,0.345759467507191
-0.2,0.185,-0.200856617117167,0.179547653941118,-0.000856617117166971,-0.00545234605888199,0.00551922734005671,0.340246595624893,-0.125205561754976,0.00945062815531128,0.36267607046378
-0.2,0.2,-0.199936474373004,0.194458204064508,6.35256269956593e-05,-0.00554179593549163,0.00554216002077861,0.345473150261719,-0.126884403427738,-0.0021218217798244,0.368043906732791
-0.2,0.215,-0.199018092672709,0.209555276402303,0.000981907327291299,-0.00544472359769733,0.00553255429749321,0.339378634346683,-0.124999316062266,-0.0136465794829946,0.361924510297779
-0.2,0.23,-0.198175612386389,0.224837509452106,0.00182438761361102,-0.00516249054789363,0.00547537202587992,0.322062831878616,-0.119449813403288,-0.0226272101886297,0.344245657529865
-0.2,0.245,-0.197481857045732,0.240301297190528,0.00251814295426851,-0.00469870280947239,0.00533093350454457,0.293807742945861,-0.109941566168893,-0.026635578112245,0.314833037033777
-0.2,0.26,-0.197007038435882,0.255940903697873,0.00299296156411753,-0.00405909630212718,0.00504322136280249,0.255067666336289,-0.0960006809410496,-0.0233785146545971,0.273536729182513
-0.2,0.275,-0.196817570119941,0.271748643872182,0.00318242988005879,-0.00325135612781842,0.00454963477780287,0.206453421710567,-0.0769965541984028,-0.0107578338610025,0.220606608712832
-0.2,0.29,-0.196975034614326,0.287715119316971,0.0030249653856744,-0.00228488068302853,0.00379092275313085,0.148711682738671,-0.0521717203842743,0.0130790187028989,0.158139588960657
-0.2,0.305,-0.197535338454343,0.303829495708998,0.00246466154565705,-0.00117050429100228,0.00272848617916517,0.0827006465204561,-0.0206767015184199,0.0496996724592211,0.0986761509610139
-0.2,0.32,-0.198548076620152,0.320079806446723,0.00145192337984823,7.98064467231602e-05,0.00145411504699198,0.00936340900647591,0.0183923522016697,0.100360051788753,0.102460211007802
-0.2,0.335,-0.200056114627651,0.336453267147412,-5.61146276511215e-05,0.00145326714741166,0.00145435011368736,-0.0702995594140367,0.0659554606843639,0.165990410763884,0.191950519081044
-0.2,0.35,-0.202095384166172,0.352936586524401,-0.00209538416617194,0.00293658652440075,0.00360751648910108,-0.155257524545527,0.122912119109756,0.247193695290304,0.316729010992604
-0.18,0.05,-0.179086974187342,0.0518968183114999,0.000913025812657536,0.00189681831149985,0.00210512133650773,0.00812343254398145,0.0322756788941092,-0.128706953923336,0.132940578911634
-0.18,0.065,-0.18100684111343,0.0655265083862587,-0.00100684111343022,0.000526508386258728,0.00113619545347364,0.0916043165778343,-0.0166311062686782,-0.0548311783232237,0.108048165594006
-0.18,0.08,-0.182391978158153,0.0792591317334428,-0.00239197815815329,-0.000740868266557226,0.00250408572087177,0.169866905297513,-0.0563741196601229,0.00220404814664827,0.178990756089031
-0.18,0.095,-0.183278391287918,0.0931069104036739,-0.00327839128791826,-0.00189308959632606,0.00378571494653471,0.241882206256557,-0.0880078457458454,0.0430092955039247,0.260964173495671
-0.18,0.11,-0.183709178151018,0.107081565844576,-0.00370917815101809,-0.00291843415542359,0.00471966741153792,0.306649554361079,-0.112612044149009,0.0685585983356393,0.333790380623843
-0.18,0.125,-0.183734342099356,0.121194025118467,-0.00373434209935575,-0.00380597488153278,0.0053320498604082,0.363224406893389,-0.131249042733444,0.080190150908397,0.394448166176678
-0.18,0.14,-0.183410386242724,0.135454124076393,-0.00341038624272369,-0.00454587592360661,0.0056829325385214,0.41074673695176,-0.144918873110876,0.0795929987341685,0.442775770375794
-0.18,0.155,-0.182799681711771,0.149870321468712,-0.00279968171177077,-0.00512967853128773,0.00584395581105624,0.448468641136282,-0.154514694614621,0.0687789858371346,0.479302411362664
-0.18,0.17,-0.181969617140264,0.164449438862769,-0.00196961714026408,-0.00555056113723079,0.00588966218193869,0.475779672269349,-0.160781187964274,0.0500401431797413,0.504700455644776
-0.18,0.185,-0.180991550184431,0.179196441031449,-0.000991550184430694,-0.00580355896855134,0.00588765390199672,0.492228422292719,-0.164278614772821,0.0258927155886068,0.519565747084917
-0.18,0.2,-0.17993959547356,0.194114269984991,6.04045264402727e-05,-0.00588573001500911,0.0058860399689769,0.497539020931519,-0.165355005871711,-0.000989960885855659,0.524299774485242
-0.18,0.215,-0.178889295171175,0.209203743046723,0.00111070482882531,-0.0057962569532771,0.00590171668967504,0.491621486806624,-0.164128463563945,-0.0278526368279629,0.519044748217048
-0.18,0.23,-0.177916227217556,0.224463521620893,0.00208377278244357,-0.0055364783791067,0.00591563199085006,0.474575240272094,-0.160480876314618,-0.0519376127489537,0.503661512814317
-0.18,0.245,-0.177094611144492,0.23989015278459,0.00290538885550763,-0.00510984721540964,0.00587807987071778,0.446685537175505,-0.154063517833977,-0.0705643568340242,0.477749084282897
-0.18,0.26,-0.176495971525533,0.255478181158947,0.00350402847446708,-0.0045218188410534,0.005720582241449,0.408413054389257,-0.144314122672965,-0.0812051315225436,0.440707408563663
-0.18,0.275,-0.176187914770778,0.271220324041359,0.00381208522922155,-0.00377967595864104,0.00536823473286873,0.36037730767039,-0.130484195682269,-0.0815528203214431,0.391853786783334
-0.18,0.29,-0.176233066405896,0.287107699050788,0.00376693359410375,-0.00289230094921158,0.00474923083069223,0.303334961062009,-0.111674612464412,-0.0695777961141855,0.33064284474327
-0.18,0.305,-0.176688204380929,0.303130090874587,0.00331179561907102,-0.00186990912541329,0.00380322893865225,0.23815436201486,-0.0868770720673927,-0.0435715469319237,0.257223087268848
-0.18,0.32,-0.177603610475001,0.319276242272796,0.00239638952499929,-0.000723757727203678,0.00250329942340371,0.165787781385056,-0.055018709871324,-0.00217578079826626,0.174692313957632
-0.18,0.335,-0.17902264802054,0.335534154359497,0.000977351979459667,0.000534154359497274,0.0011137943129338,0.0872428561058692,-0.0150071753297002,0.055603250801078,0.104538298166464
-0.18,0.35,-0.180981561112801,0.351891382232091,-0.00098156111280065,0.00189138223209132,0.00213091270727667,0.00355463010786599,0.0342263003487512,0.130394533520688,0.134858510295848
-0.16,0.05,-0.160096001991541,0.0510904143870525,-9.60019915414168e-05,0.00109041438705253,0.00109463232085987,0.130053112899689,-0.0340543367999058,-0.0144872422340468,0.135216118497848
-0.16,0.065,-0.16194457510853,0.0648502318174695,-0.00194457510853022,-0.000149768182530471,0.00195033403836722,0.210748667844481,-0.0749662773954297,0.0536291630298197,0.230024133384418
-0.16,0.08,-0.163250427991807,0.0787024975894166,-0.00325042799180747,-0.00129750241058342,0.0034998278008204,0.286498520978014,-0.10688485747295,0.103455825210672,0.322814433874406
-0.16,0.095,-0.164049823019975,0.0926584890810175,-0.00404982301997517,-0.00234151091898255,0.00467800597229581,0.356290325605287,-0.131040399171566,0.135618308587787,0.403122039013014
-0.16,0.11,-0.164386285105995,0.106729032146387,-0.0043862851059954,-0.00327096785361322,0.0054716293487816,0.419136196592533,-0.148692901854591,0.151143690198734,0.46971308382347
-0.16,0.125,-0.164310420187191,0.12092422490941,-0.00431042018719099,-0.00407577509058966,0.00593225629749886,0.474100696362155,-0.161082639504709,0.151463196654734,0.523127219772804
-0.16,0.14,-0.163879506457941,0.13525315821024,-0.00387950645794066,-0.00474684178976005,0.00613050384015993,0.520329614472668,-0.169377969752446,0.138399002190677,0.564436590467573
-0.16,0.155,-0.163156851746313,0.149723646023816,-0.00315685174631333,-0.00527635397618369,0.0061486278331178,0.557078106755243,-0.174623235597139,0.114134217121318,0.594860563098652
-0.16,0.17,-0.16221092387883,0.164341980148184,-0.00221092387882971,-0.00565801985181567,0.0060746500344892,0.583736640285596,-0.177689950295719,0.0811661642860338,0.615559724555578
-0.16,0.185,-0.161114275344363,0.179112723225211,-0.00111427534436324,-0.00588727677478894,0.0059917975070946,0.599853186975515,-0.179234497598518,0.0422442404513267,0.627484949835511
-0.16,0.2,-0.159942297748719,0.194038552750155,5.77022512806493e-05,-0.00596144724984511,0.00596172650014144,0.605150251706768,-0.179665317702274,0.000294859205172011,0.631261096078628
-0.16,0.215,-0.158771854038975,0.209120166037418,0.00122814596102514,-0.00587983396258156,0.0060067287211185,0.599535600377513,-0.179121982862138,-0.0416629687729909,0.627110317095171
-0.16,0.23,-0.157679845761913,0.224356252476402,0.00232015423808701,-0.00564374752359852,0.00610204898363144,0.583105947943604,-0.177467740333984,-0.0806070539253578,0.614823933949908
-0.16,0.245,-0.156741777740875,0.239743535025864,0.00325822225912474,-0.00525646497413552,0.00618437032479213,0.556143345901101,-0.174296097838542,-0.113601639448994,0.593787031762327
-0.16,0.26,-0.156030382731276,0.255276878376663,0.003969617268724,-0.00472312162333749,0.00616974384630269,0.519104512641749,-0.168950957618824,-0.137882389212427,0.563052418266574
-0.16,0.275,-0.155614364027129,0.270949456881561,0.00438563597287135,-0.00405054311843932,0.00596998345398707,0.472603828786938,-0.160558791931973,-0.150932334115129,0.521455607924046
-0.16,0.29,-0.155557304985278,0.286752971803317,0.00444269501472172,-0.00324702819668339,0.00550279302753522,0.417391124672443,-0.148070509472533,-0.150545140286108,0.467766267817676
-0.16,0.305,-0.155916782217205,0.30267790485424,0.00408321778279483,-0.00232209514576014,0.00469731767370429,0.354325669562658,-0.130310071399759,-0.134873108475696,0.400897500502711
-0.16,0.32,-0.156743705071508,0.318713793763314,0.00325629492849216,-0.00128620623668578,0.00350111170124765,0.28434792159073,-0.106026628982815,-0.102458509324553,0.320302044772602
-0.16,0.335,-0.158081889521679,0.334849515481188,0.00191811047832133,-0.000150484518811791,0.00192400452116103,0.208450604463444,-0.073946973369004,-0.0522480574652353,0.227265784049376
-0.16,0.35,-0.159967860974869,0.351073563781782,3.21390251309117e-05,0.00107356378178164,0.00107404474324381,0.127650554495028,-0.0328253783754936,0.0164085793576596,0.132821003252508
-0.14,0.05,-0.140998036931549,0.050488260169355,-0.000998036931549012,0.00048826016935502,0.00111106962415249,0.216068403447239,-0.0814250206317683,0.0947670315424815,0.249592623557477
-0.14,0.065,-0.142783210925339,0.0643850187765951,-0.00278321092533881,-0.000614981223404865,0.00285034470898975,0.292238501010191,-0.11418973916917,0.157507459715944,0.351072105825517
-0.14,0.08,-0.144018457989847,0.0783633692444179,-0.00401845798984696,-0.00163663075558212,0.00433895895881514,0.363827990059651,-0.138130830099577,0.200548020696486,0.437802893736289
-0.14,0.095,-0.144740262849761,0.0924335561579328,-0.00474026284976134,-0.00256644384206715,0.0053904290997389,0.429866730989083,-0.154657267238208,0.224524315728873,0.509035509024588
-0.14,0.11,-0.144992527812319,0.106605422187304,-0.00499252781231892,-0.00339457781269566,0.00603725868944039,0.48940487747882,-0.165212917241584,0.230511249402942,0.565641650528694
-0.14,0.125,-0.144826395705556,0.120888152099719,-0.00482639570555578,-0.00411184790028109,0.00634045650262292,0.541540259068645,-0.171220232376456,0.220027861716588,0.609096030224697
-0.14,0.14,-0.1442998388468,0.135290013236912,-0.00429983884679974,-0.00470998676308793,0.0063775065203347,0.585446719245722,-0.174020438961272,0.195024460528864,0.641147256031889
-0.14,0.155,-0.143477006800926,0.149818105063546,-0.00347700680092604,-0.00518189493645441,0.00624032142009831,0.620401974942007,-0.174813561451779,0.15785081936305,0.663611479647634
-0.14,0.17,-0.142427339525581,0.164478131256064,-0.00242733952558062,-0.0055218687439358,0.00603183318715804,0.645813421754014,-0.174602015972993,0.111205432069914,0.678183498508968
-0.14,0.185,-0.141224467673899,0.179274207697487,-0.00122446767389916,-0.00572579230251263,0.00585525563711244,0.661240295983997,-0.17414158493701,0.0580672075161661,0.686251740387251
-0.14,0.2,-0.13994493656814,0.194208718301881,5.50634318597241e-05,-0.00579128169811906,0.00579154346340394,0.666410740170939,-0.173903294465201,0.00161238944634435,0.68873357845057
-0.14,0.215,-0.138666803426107,0.209282228107952,0.00133319657389278,-0.00571777189204775,0.00587114371431417,0.661232600518367,-0.174049056785141,-0.0548792642937562,0.685958439079816
-0.14,0.23,-0.137468167169732,0.22449345953938,0.00253183283026791,-0.00550654046061992,0.00606070666876947,0.645797188514888,-0.174422961624678,-0.108124052010666,0.677623450724343
-0.14,0.245,-0.136425695473219,0.239839333587769,0.00357430452678074,-0.00516066641223059,0.00627758955877893,0.620375733442896,-0.174558905615133,-0.154934139241291,0.662832067388038
-0.14,0.26,-0.135613213957314,0.255315073299616,0.00438678604268583,-0.0046849267003839,0.00641813290391163,0.585408774219268,-0.173703971561418,-0.192312075384213,0.640206764534868
-0.14,0.275,-0.13510041755231,0.270914362907792,0.00489958244769043,-0.00408563709220773,0.00637952495182359,0.541489233263114,-0.170855761214949,-0.217534965511971,0.608051981448194
-0.14,0.29,-0.134951754706956,0.286629552504784,0.00504824529304385,-0.00337044749521649,0.00606998326659559,0.489340331147313,-0.164810884510051,-0.228224158054528,0.564540018124591
-0.14,0.305,-0.135225522285695,0.302451895869466,0.00477447771430475,-0.00254810413053379,0.00541188249174315,0.429789786715163,-0.154221118724256,-0.222397550378654,0.507903311565984
-0.14,0.32,-0.135973194305812,0.318371807814643,0.00402680569418792,-0.00162819218535744,0.00434352090949305,0.363741894372373,-0.137653429699946,-0.198503002874665,0.436647452019657
-0.14,0.335,-0.137238992490329,0.334379127534896,0.00276100750967129,-0.00062087246510413,0.00282995496190058,0.292149062037209,-0.113650095256218,-0.155432753337364,0.349895898645067
-0.14,0.35,-0.139059692537861,0.350463375464188,0.000940307462139273,0.000463375464187926,0.00104828190109635,0.215984263166338,-0.0807855439273625,-0.0925199712658737,0.248466391843187
-0.12,0.05,-0.121788653739679,0.050069040412565,-0.0017886537396789,6.90404125650024e-05,0.00178998569241055,0.266332931722859,-0.112830225322421,0.196500154248795,0.349680683520071
-0.12,0.065,-0.123518573455063,0.0641089875137266,-0.00351857345506273,-0.000891012486273435,0.00362963667732285,0.336164867496275,-0.137581925644666,0.254347683761527,0.443429058689409
-0.12,0.08,-0.124692201484264,0.078219336194784,-0.0046922014842638,-0.00178066380521602,0.00501871680373916,0.401871252228004,-0.15367174044345,0.291160546135659,0.51951113546001
-0.12,0.095,-0.125346210772589,0.0924092159701722,-0.00534621077258934,-0.00259078402982779,0.0059408864249505,0.462551945564926,-0.162684247356761,0.307579820167431,0.578816604585458
-0.12,0.11,-0.125524829418743,0.106687404349957,-0.00552482941874258,-0.00331259565004255,0.00644181884617103,0.517322860434662,-0.166244746525245,0.30472231585887,0.622992593318465
-0.12,0.125,-0.125279667869523,0.121062093551921,-0.00527966786952315,-0.00393790644807943,0.00658650134793129,0.565341830727479,-0.165956073895001,0.28418776912074,0.654156052087153
-0.12,0.14,-0.124669306196939,0.135540653675973,-0.00466930619693878,-0.00445934632402716,0.00645663921853974,0.605835547657903,-0.163331135034717,0.248046507544577,0.674719275943923
-0.12,0.155,-0.12375863352052,0.15012940405031,-0.0037586335205204,-0.00487059594969008,0.00615223787306026,0.638126178068187,-0.159724963531439,0.198806065688021,0.687202005288199
-0.12,0.17,-0.122617946048204,0.164833405296525,-0.00261794604820384,-0.00516659470347498,0.00579200676288295,0.661656128366867,-0.15627059864668,0.13935662446923,0.693999632233733
-0.12,0.185,-0.12132182579083,0.179656284509933,-0.00132182579082967,-0.00534371549006725,0.0055047723531575,0.676009395832589,-0.153823195369941,0.072896721685035,0.697115632978018
-0.12,0.2,-0.119947837450451,0.194600104705347,5.21625495488645e-05,-0.00539989529465293,0.00540014723176973,0.680928068610763,-0.152916466207849,0.00284230758931523,0.697897256710632
-0.12,0.215,-0.118575094455667,0.209665287205522,0.00142490554433262,-0.00533471279447832,0.00552173128736274,0.676322811565128,-0.153734798800733,-0.0672763438368576,0.696835006021289
-0.12,0.23,-0.117282755334863,0.224850592420338,0.00271724466513718,-0.00514940757966208,0.00582235493522146,0.662276572443065,-0.156103257330767,-0.133924240812261,0.693484000322215
-0.12,0.245,-0.116148517171974,0.240153160463153,0.0038514828280256,-0.00484683953684709,0.00619078132956738,0.63904123283909,-0.159496277378522,-0.193671566898075,0.686532646545495
-0.12,0.26,-0.115247173088646,0.255568609059553,0.00475282691135377,-0.00443139094044666,0.00649819892865411,0.60702744493288,-0.163064366751274,-0.243297602804818,0.673996490034154
-0.12,0.275,-0.114649295720455,0.271091182274999,0.00535070427954547,-0.00390881772500126,0.00662637852031034,0.566788391450922,-0.165676711438103,-0.279882972875053,0.653480650873168
-0.12,0.29,-0.114420098819013,0.286713940566369,0.00557990118098672,-0.00328605943363121,0.00647560682800722,0.518998610523758,-0.165976420214872,-0.300885582576571,0.622449736248556
-0.12,0.305,-0.11461851587691,0.302428980409451,0.00538148412308981,-0.00257101959054906,0.00596410203652274,0.46442931247009,-0.162444350205053,-0.304197034936417,0.578464719426099
-0.12,0.32,-0.115296519338292,0.318227670813837,0.00470348066170817,-0.0017723291861626,0.00502631883978588,0.403921747952661,-0.153467102357658,-0.288177924201806,0.519377794228024
-0.12,0.335,-0.116498688275204,0.334100894105385,0.00350131172479556,-0.00089910589461549,0.00361491012390671,0.338360173832197,-0.137404860224562,-0.251671998292068,0.443517169685714
-0.12,0.35,-0.118262017853488,0.3500392795037,0.00173798214651161,3.92795037001126e-05,0.00173842596074841,0.268645820278812,-0.112655207718383,-0.194000594605499,0.349997691714251
-0.1,0.05,-0.102463890788011,0.049809836258297,-0.00246389078801054,-0.000190163741702998,0.00247121833594316,0.282311299704945,-0.131559677896382,0.288116232735719,0.424286937104976
-0.1,0.065,-0.104146920990259,0.0639985634386486,-0.00414692099025896,-0.00100143656135142,0.00426612574660683,0.343996134123688,-0.148750420138288,0.341647582313635,0.50713388501572
-0.1,0.08,-0.105268189482498,0.0782462089945126,-0.00526818948249766,-0.00175379100548737,0.00555244120314906,0.40209455690634,-0.157426322179162,0.372923118106241,0.570558867919503
-0.1,0.095,-0.105864523387814,0.0925607124592802,-0.00586452338781382,-0.00243928754071979,0.00635159493926731,0.455805150282838,-0.159337819577597,0.382585595681256,0.616053788342915
-0.1,0.11,-0.105980423519357,0.106949711362303,-0.00598042351935738,-0.00305028863769666,0.00671339900826282,0.504338463710845,-0.156282198141683,0.371787356117038,0.645764402832733
-0.1,0.125,-0.105667895542918,0.121420332946354,-0.00566789554291786,-0.00357966705364629,0.00670365990339522,0.546940392989998,-0.150033832162439,0.342199925454736,0.662389326650267
-0.1,0.14,-0.104986036049169,0.135978982525337,-0.00498603604916856,-0.00402101747466295,0.00640539905198366,0.582916662751683,-0.142269345167063,0.296002357469679,0.669070164387452
-0.1,0.155,-0.104000365031725,0.150631139133617,-0.004000365031725,-0.00436886086638257,0.00592366994833922,0.61165714009894,-0.134491949648791,0.235846508123204,0.669209390355622
-0.1,0.17,-0.102781911048612,0.165381169934538,-0.00278191104861187,-0.00461883006546202,0.00539190321278161,0.632658549801191,-0.127959811124692,0.164798979170334,0.666178847631624
-0.1,0.185,-0.101406071434891,0.180232174717822,-0.00140607143489074,-0.00476782528217823,0.00497083441701628,0.64554413234627,-0.123623447885118,0.0862612394076375,0.662914690909429
-0.1,0.2,-0.0999512858203483,0.195185870603987,4.87141796517346e-05,-0.00481412939601289,0.00481437585911763,0.650078892362481,-0.122076842940081,0.00387125722678283,0.661456852600774
-0.1,0.215,-0.0984975752203339,0.210242524860015,0.00150242477966611,-0.00475747513998487,0.00498907305279536,0.646179335875649,-0.123526096714139,-0.0786083795065264,0.662563657289897
-0.1,0.23,-0.0971250094724518,0.225400940627498,0.00287499052754822,-0.00459905937250205,0.00542373650219947,0.63391697059641,-0.127778154968141,-0.157409610288633,0.665552964640045
-0.1,0.245,-0.0959121715454888,0.240658496776284,0.00408782845451117,-0.0043415032237164,0.0059631360637714,0.613515301348496,-0.134250543375608,-0.228878387507566,0.668441932804759
-0.1,0.26,-0.0949346875360123,0.256011239303397,0.0050653124639877,-0.00398876069660267,0.00644729418070801,0.585340547816976,-0.14200132261047,-0.289587524433758,0.668321727228045
-0.1,0.275,-0.0942638859270517,0.271454018208437,0.00573611407294827,-0.00354598179156276,0.00674366306423815,0.549886774585893,-0.149776856070168,-0.336436578363668,0.661817960396096
-0.1,0.29,-0.0939656395941872,0.286980660924015,0.00603436040581282,-0.00301933907598516,0.00674758578774752,0.507756507986148,-0.156073652846967,-0.366733643993901,0.645502617625305
-0.1,0.305,-0.0940994303150819,0.302584171462914,0.00590056968491812,-0.0024158285370858,0.00637596660336084,0.459638179131389,-0.159209657503225,-0.37825555911367,0.616194691993779
-0.1,0.32,-0.0947176597340655,0.31825694361423,0.00528234026593452,-0.00174305638576981,0.00556249622463567,0.406281850671472,-0.157399975943565,-0.36928483518299,0.571151193144695
-0.1,0.335,-0.0958652145784486,0.333990976675854,0.00413478542155143,-0.00100902332414608,0.00425612247837689,0.34847466458656,-0.148832151835492,-0.338623418784836,0.508186101790455
-0.1,0.35,-0.0975792789251337,0.349778083380358,0.00242072107486627,-0.000221916619642312,0.00243087175893241,0.287017305499482,-0.131736664520985,-0.285584958577228,0.425785257289472
-0.08,0.05,-0.0830203043839692,0.0496862818551538,-0.00302030438396922,-0.000313718144846209,0.00303655358033239,0.266857111803941,-0.140996153940931,0.367097969470005,0.475241883276753
-0.08,0.065,-0.0846649972067454,0.0640286421888752,-0.00466499720674543,-0.000971357811124784,0.00476505350821749,0.318678520818021,-0.151408978986561,0.41697439361407,0.546214777398756
-0.08,0.08,-0.0857433993377625,0.0784181884069358,-0.00574339933776249,-0.0015818115930642,0.00595724465411342,0.367527655762618,-0.153433576631526,0.443525960919486,0.596101437154131
-0.08,0.095,-0.086292458209325,0.0928616039287873,-0.00629245820932497,-0.00213839607121269,0.00664588354347856,0.412729845618329,-0.148969352744039,0.447394362395994,0.62666053310099
-0.08,0.11,-0.0863568930905892,0.107365320107897,-0.00635689309058923,-0.00263467989210261,0.00688125191364413,0.453618648704136,-0.139968574163964,0.429760898827812,0.640359101423971
-0.08,0.125,-0.0859890297935068,0.121935335040277,-0.00598902979350682,-0.0030646649597233,0.00672760352450025,0.489555759313577,-0.128360641638609,0.392358380561864,0.640383216244312
-0.08,0.14,-0.0852483859975012,0.13657702931434,-0.00524838599750121,-0.00342297068565955,0.00626596232781936,0.519951968100902,-0.115970514737775,0.33746021325049,0.630620820755644
-0.08,0.155,-0.0842009981995811,0.151294988243073,-0.00420099819958114,-0.00370501175692664,0.00560138357835353,0.54428807181491,-0.104435960962377,0.267844586535777,0.615549138549629
-0.08,0.17,-0.0829184963879473,0.166092840782509,-0.00291849638794726,-0.00390715921749091,0.00487683445662095,0.562134490581246,-0.0951289874017355,0.186733361328829,0.59993111798215
-0.08,0.185,-0.0814769490515486,0.18097312523542,-0.00147694905154864,-0.00402687476457986,0.0042891839399215,0.573168307502982,-0.0890870272120409,0.0977072106276766,0.588224570423323
-0.08,0.2,-0.0799555173803481,0.195937190745966,4.44826196518868e-05,-0.00406280925403421,0.004063052760932,0.577186539958972,-0.0869591024819237,0.00460057939977953,0.58372108051378
-0.08,0.215,-0.0784349720286203,0.210985141510563,0.0015650279713797,-0.00401485848943728,0.00430910677999599,0.574114664073808,-0.088971251545423,-0.0886181318532479,0.587690167066706
-0.08,0.23,-0.0769961365174536,0.226115827885615,0.00300386348254636,-0.0038841721143851,0.00491019234205162,0.56400974445282,-0.0949140652922879,-0.177974351369623,0.598993997649693
-0.08,0.245,-0.0757183272726376,0.241326885237126,0.00428167272736241,-0.00367311476287407,0.00564132018285459,0.547057928548735,-0.104153381272132,-0.259615500833575,0.614429922960936
-0.08,0.26,-0.0746778607255008,0.256614818017966,0.00532213927449918,-0.0033851819820338,0.00630750533163888,0.523566498812138,-0.115663255196385,-0.329931915049709,0.629570427985455
-0.08,0.275,-0.0739466923641588,0.271975123403659,0.00605330763584125,-0.00302487659634079,0.00676700907027796,0.493951091567076,-0.128078511486919,-0.385663598853038,0.639634619584014
-0.08,0.29,-0.0735912423737167,0.287402446312885,0.00640875762628326,-0.00259755368711451,0.00691516156498791,0.45871902711766,-0.139762689703745,-0.423987256337146,0.640098594184746
-0.08,0.305,-0.0736714483334645,0.30289075598748,0.00632855166653548,-0.00210924401252019,0.00667079279399093,0.418449927915803,-0.148886219169651,-0.442579831042077,0.627015373714485
-0.08,0.32,-0.0742400692716253,0.318433533617072,0.00575993072837469,-0.00156646638292829,0.00596913887629693,0.373774904234298,-0.153509248677512,-0.439656803230766,0.597138259224365
-0.08,0.335,-0.0753422487797464,0.334023960791643,0.00465775122025358,-0.000976039208356594,0.00475891783560329,0.325355559491185,-0.151663724055425,-0.413985464301588,0.547945597925801
-0.08,0.35,-0.0770153295661704,0.349655099638839,0.00298467043382963,-0.000344900361161304,0.00300453221944881,0.273863939040344,-0.141429956553079,-0.364875104342732,0.477639040170073
-0.06,0.05,-0.0634550173425317,0.0496727502985002,-0.0034550173425317,-0.000327249701499804,0.00347048083186272,0.224214325247877,-0.144380335504285,0.43113807465011,0.506951142583686
-0.06,0.065,-0.0650700777417954,0.0641727843405891,-0.00507007774179544,-0.000827215659410879,0.00513711729037055,0.264643648833533,-0.149119647088722,0.478093695160661,0.566435454907382
-0.06,0.08,-0.0661152984220049,0.0787080684504778,-0.00611529842200487,-0.00129193154952223,0.0062502769473701,0.302777902369567,-0.145572366892193,0.500843802856831,0.603086764161465
-0.06,0.095,-0.0666277135063487,0.0932839738873486,-0.00662771350634875,-0.0017160261126514,0.00684626408645906,0.338094656702664,-0.135762918371668,0.500027517286206,0.618684737277462
-0.06,0.11,-0.0666522055536095,0.107905669614353,-0.00665220555360946,-0.0020943303856466,0.00697409911685482,0.3700764423949,-0.121774004128764,0.476848551872332,0.615770795300912
-0.06,0.125,-0.0662413432772454,0.122577969980918,-0.00624134327724542,-0.00242203001908189,0.00669481854255591,0.398226271219492,-0.105665831849576,0.433089141460631,0.597761554968132
-0.06,0.14,-0.065454966549081,0.137305179824433,-0.00545496654908098,-0.00269482017556699,0.00608430076756856,0.422084063868902,-0.0893888060887076,0.371099850595205,0.569089691763837
-0.06,0.155,-0.0643595092680823,0.152090945232524,-0.00435950926808226,-0.0029090547674758,0.00524098470696765,0.441243113671171,-0.0746947130419325,0.293762929817493,0.535325629086487
-0.06,0.17,-0.0630270660516104,0.166938118848335,-0.0030270660516104,-0.00306188115166497,0.00430560623695821,0.455365598373409,-0.0630522005215336,0.204428694635104,0.503116413798161
-0.06,0.185,-0.0615342255180851,0.181848648456558,-0.00153422551808507,-0.00315135154344218,0.00350497710273531,0.464196109600471,-0.0555726131739719,0.106826505299228,0.47956187124411
-0.06,0.2,-0.0599607095373879,0.196823496548111,3.92904626121053e-05,-0.00317650345188916,0.003176746436264,0.467572242946803,-0.0529518818489547,0.0049541161124257,0.470588453259058
-0.06,0.215,-0.0583878725831068,0.211862596816839,0.00161212741689322,-0.00313740318316144,0.0035273578698525,0.465431455408377,-0.055433158187111,-0.0970488457107584,0.478663854651468
-0.06,0.23,-0.0568971263299943,0.226964850953122,0.00310287367000565,-0.00303514904687766,0.00434050167017324,0.457813663041191,-0.0627933129355544,-0.195035970817708,0.501574507677186
-0.06,0.245,-0.0555683607054568,0.242128166298865,0.00443163929454324,-0.00287183370113459,0.00528080066314873,0.444859377297457,-0.074354450243371,-0.284989581355453,0.5335256021285
-0.06,0.26,-0.0544784329697364,0.257349531847828,0.0055215670302636,-0.00265046815217196,0.00612475990512051,0.426803530758845,-0.0890194758147674,-0.363148471938956,0.56741974325093
-0.06,0.275,-0.0536997908584017,0.272625127442151,0.00630020914159833,-0.00237487255784916,0.00673295291041785,0.403965475480991,-0.105328765386622,-0.426120462408724,0.596543474847465
-0.06,0.29,-0.0532992852794833,0.287950458800293,0.00670071472051667,-0.0020495411997066,0.00700715326613052,0.376735910357278,-0.121533359694449,-0.470973813886699,0.615240013407498
-0.06,0.305,-0.0533372136394471,0.303320509689864,0.0066627863605529,-0.00167949031013601,0.00687120148068811,0.345561678492381,-0.135679046879555,-0.495303527431551,0.618991912936655
-0.06,0.32,-0.0538666183476701,0.318729902045093,0.00613338165232985,-0.00127009795490665,0.00626350694964047,0.310929456738844,-0.145695269137167,-0.497270720509176,0.604306042757171
-0.06,0.335,-0.0549328481566382,0.334173055188772,0.00506715184336179,-0.000826944811228275,0.00513418596512652,0.273349333237822,-0.149482995193439,-0.475615407244935,0.568575142228308
-0.06,0.35,-0.0565733743879337,0.349644336378959,0.00342662561206633,-0.00035566362104078,0.00344503406319891,0.233339164366845,-0.144996433966732,-0.429644848854953,0.509968179925541
-0.04,0.05,-0.0437657604903928,0.0497425660994282,-0.00376576049039284,-0.000257433900571813,0.00377454954718671,0.159917606237156,-0.144563985933485,0.478272856117338,0.52461341432935
-0.04,0.065,-0.0453600100763829,0.0644034387827833,-0.00536001007638293,-0.000596561217216657,0.00539310609063214,0.187706731626605,-0.145020682892004,0.523101035388605,0.574371196655264
-0.04,0.08,-0.0463818816082359,0.0790874702540665,-0.00638188160823588,-0.000912529745933505,0.00644679171361639,0.213926788866261,-0.137264151177972,0.543063120109458,0.599605663608384
-0.04,0.095,-0.0468684625609443,0.0937986747609395,-0.00686846256094434,-0.00120132523906047,0.00697272975821505,0.23822870490367,-0.123413489745221,0.538795396392053,0.601903328006457
-0.04,0.11,-0.0468647429835546,0.108540913804732,-0.00686474298355463,-0.00145908619526752,0.00701809295717026,0.260265590188546,-0.105650423600922,0.511517609789589,0.583569531932772
-0.04,0.125,-0.0464234556204565,0.123317774166356,-0.00642345562045649,-0.00168222583364358,0.0066400802603095,0.279703105791636,-0.0861346850654618,0.463048492451659,0.54778572763519
-0.04,0.14,-0.0456046609656526,0.138132443930334,-0.00560466096565264,-0.00186755606966621,0.00590762136678185,0.296230502313582,-0.0669123151705132,0.395796174087216,0.498884708404951
-0.04,0.155,-0.0444750675286931,0.152987593405783,-0.00447506752869314,-0.00201240659421734,0.00490673105914856,0.309571743365196,-0.0498221863882704,0.312720956264742,0.442845669879467
-0.04,0.17,-0.0431070931365268,0.167885268372977,-0.00310709313652684,-0.00211473162702294,0.00375847277672505,0.319496041815342,-0.0364068911121535,0.217269816447818,0.388084953853463
-0.04,0.185,-0.041577690145853,0.182826802877838,-0.00157769014585304,-0.0021731971221616,0.00268549658873238,0.325827107713123,-0.0278344377889653,0.113284242833637,0.346080545353437
-0.04,0.2,-0.0399669742741215,0.197812757979774,3.30257258784796e-05,-0.0021872420202258,0.00218749133795113,0.328450442187237,-0.0248368254769625,0.00488531082794859,0.329424841329373
-0.04,0.215,-0.0383567117431022,0.212842891181437,0.00164328825689775,-0.00215710881856293,0.00271173648247392,0.327318129601526,-0.0276705058633698,-0.103657954155343,0.344453398401878
-0.04,0.23,-0.0368287306119228,0.227916159212883,0.00317126938807721,-0.00208384078711663,0.00379464648653949,0.322450758393134,-0.0361020665670544,-0.20806925626293,0.385449382576662
-0.04,0.245,-0.0354633283487886,0.243030754255826,0.0045366716512114,-0.00196924574417368,0.00494563630606328,0.313936321233291,-0.0494203703453519,-0.304206162403765,0.439932639048904
-0.04,0.26,-0.0343377480736837,0.258184171263172,0.00566225192631632,-0.00181582873682781,0.00594628715069854,0.301926190146412,-0.0664741248176153,-0.388193060901647,0.496259635372618
-0.04,0.275,-0.0335247902919432,0.273373301674961,0.00647520970805679,-0.00162669832503951,0.00667641282456374,0.286628490869586,-0.0857317293116242,-0.456538134197683,0.545834354403749
-0.04,0.29,-0.033091616247536,0.288594547145746,0.00690838375246397,-0.00140545285425389,0.00704989814088392,0.268299390814561,-0.105358519468486,-0.506228109304926,0.582541674673385
-0.04,0.305,-0.0330987844019819,0.303843945793762,0.0069012155980181,-0.00115605420623796,0.00699737365431408,0.247232937717305,-0.123305401661826,-0.534796633919491,0.601946110519247
-0.04,0.32,-0.0335995447891232,0.319117303205948,0.00640045521087682,-0.000882696794051618,0.00646103556225077,0.223750147213138,-0.137402432106862,-0.540364438459982,0.600783313808777
-0.04,0.335,-0.034639398876156,0.334410320846236,0.00536060112384404,-0.000589679153764316,0.00539293666876797,0.198188016500621,-0.1454511321712,-0.521651695947753,0.576678264749232
-0.04,0.35,-0.0362559167619032,0.34971871553089,0.0037440832380968,-0.000281284469110493,0.0037546345023664,0.170889067432952,-0.145310131466964,-0.477964927880868,0.527987265644016
-0.02,0.05,-0.0239509059538345,0.04986824036568,-0.00395090595383449,-0.000131759634320022,0.00395310238386017,0.0805878504328904,-0.1437771309584,0.507005400556839,0.533125493538915
-0.02,0.065,-0.0255332455918167,0.0646921907366416,-0.0055332455918167,-0.000307809263358411,0.00554180054873578,0.0948504850108971,-0.141568912270569,0.550543755544277,0.576315537318208
-0.02,0.08,-0.0265417014626909,0.0795271024256025,-0.0065417014626909,-0.000472897574397502,0.0065587719996081,0.108302846296185,-0.13119043043705,0.568800285078116,0.593698032386451
-0.02,0.095,-0.0270133813421212,0.0943755999348423,-0.00701338134212118,-0.000624400065157682,0.00704112159328202,0.120784289318403,-0.114820006595758,0.562409248488092,0.586583026142542
-0.02,0.11,-0.0269933266086221,0.109240204334284,-0.00699332660862212,-0.000759795665716073,0.00703447983212,0.132133994274946,-0.0947014505503294,0.532600260056767,0.556860157606749
-0.02,0.125,-0.0265343540891777,0.124123242731928,-0.00653435408917766,-0.000876757268072292,0.00659291185060671,0.142195624520331,-0.0730570280656313,0.481214849124666,0.507076260817994
-0.02,0.14,-0.0256966415082344,0.139026756421332,-0.00569664150823442,-0.000973243578667876,0.00577918052467281,0.150822352710908,-0.0519929939460453,0.410697277122395,0.440594897306362
-0.02,0.155,-0.024547046635768,0.153952413191212,-0.00454704663576803,-0.00104758680878839,0.00466616236642027,0.157881991006109,-0.0334031639853281,0.324056962528353,0.362016360693333
-0.02,0.17,-0.0231581658584483,0.168901429657843,-0.00315816585844826,-0.00109857034215699,0.00334378055292736,0.163261915879985,-0.0188768889730303,0.224801817493629,0.278472260582198
-0.02,0.185,-0.0216071550741941,0.18387450932259,-0.00160715507419407,-0.00112549067741005,0.00196205930018557,0.166873459193945,-0.00961811474035139,0.116844098727029,0.203940792474564
-0.02,0.2,-0.0199743528038487,0.198871801265518,2.56471961513489e-05,-0.00112819873448189,0.001128490214028,0.168655451144187,-0.00638183944675097,0.00438278430645988,0.168833108418167
-0.02,0.215,-0.0183417605008247,0.213892883051478,0.00165823949917525,-0.00110711694852214,0.00199385710980751,0.16857664953797,-0.0094331805745828,-0.10823130903399,0.20055206054062
-0.02,0.23,-0.0167914463589062,0.228936769642934,0.00320855364109378,-0.00106323035706582,0.003380129473846,0.166636870121923,-0.0185325252670173,-0.216639754159958,0.273942013970371
-0.02,0.245,-0.0154039451244694,0.244001948048356,0.00459605487553055,-0.00099805195164443,0.0047031721334722,0.162866735737165,-0.0329480528762264,-0.31662121848642,0.357575948285682
-0.02,0.26,-0.0142567268694725,0.259086435423199,0.00574327313052748,-0.000913564576801251,0.00581547818221555,0.157326074952267,-0.0514945646901889,-0.404227738429164,0.436811369737222
-0.02,0.275,-0.0134228019773783,0.274187856528251,0.00657719802262167,-0.000812143471749072,0.00662714952656744,0.150101109108598,-0.0725953403105557,-0.475904501768511,0.504268938781111
-0.02,0.29,-0.0129695188718319,0.289303535124164,0.00703048112816815,-0.00069646487583605,0.00706489406975093,0.141300656696101,-0.0943619457269545,-0.528586714588091,0.5552264219605
-0.02,0.305,-0.0129575962456947,0.304430593137484,0.00704240375430532,-0.000569406862515554,0.00706538568046596,0.131051645473445,-0.114685749596824,-0.55976929224713,0.586235459250542
-0.02,0.32,-0.0134404146914483,0.319566051340179,0.00655958530855175,-0.000433948659821132,0.00657392355139064,0.119494250539081,-0.13133445844498,-0.56754751396587,0.594677199121192
-0.02,0.335,-0.0144635753603284,0.334706925757125,0.00553642463967158,-0.000293074242875363,0.00554417625104032,0.106776970998993,-0.142047239002082,-0.55062910776173,0.578596576998554
-0.02,0.35,-0.0160647173701727,0.349850314977554,0.00393528262982731,-0.000149685022445528,0.00393812836034646,0.0930519229260058,-0.144622839166469,-0.508320231538126,0.536624625574702
0,0.05,-0.00400949125743597,0.0500217240677007,-0.00400949125743597,2.17240677006791e-05,0.00400955010924828,-0.00636797733632368,-0.14343644257322,0.516405293047166,0.535995416059786
0,0.065,-0.00558886285269211,0.0650100293726475,-0.00558886285269211,1.00293726474909e-05,0.00558887185168147,-0.00609577730098624,-0.140327046283297,0.559519844993175,0.576883096273155
0,0.08,-0.00659389026044513,0.0799970425610485,-0.00659389026044513,-2.95743895148415e-06,0.00659389092366853,-0.00585938253406031,-0.129058847379231,0.577197634403764,0.591481812555197
0,0.095,-0.00706166877585823,0.0949839784322918,-0.00706166877585823,-1.60215677081632e-05,0.00706168695076204,-0.00562323186001823,-0.111830622407271,0.570072422338623,0.580967440936873
0,0.11,-0.00703723485095509,0.109971997452707,-0.00703723485095509,-2.80025472927936e-05,0.00703729056456757,-0.00535404382587211,-0.0909077312906502,0.539377697214488,0.547013212324881
0,0.125,-0.0065734089370225,0.124962147381816,-0.0065734089370225,-3.78526181839811e-05,0.00657351792224154,-0.00502215315228349,-0.0685342511137617,0.48696361188783,0.491789802435622
0,0.14,-0.00573038165583871,0.139955304331399,-0.00573038165583871,-4.4695668601491e-05,0.00573055596119299,-0.00460282059433205,-0.0468375457744967,0.415287949781342,0.417947122793737
0,0.155,-0.0045750333169329,0.154952117242715,-0.0045750333169329,-4.78827572852336e-05,0.00457528388294009,-0.00407743784296526,-0.0277308043846236,0.327378427896105,0.328576557207205
0,0.17,-0.00317999243960955,0.169952960079757,-0.00317999243960955,-4.70399202429084e-05,0.00318034033871697,-0.00343455034517508,-0.012819986999475,0.226765609849684,0.227153819246177
0,0.185,-0.00162245614180793,0.18495789579124,-0.00162245614180793,-4.21042087600521e-05,0.00162300237106592,-0.00267062673175294,-0.00332194809418677,0.117388040455019,0.117465418153554
0,0.2,1.7187675117103e-05,0.199966655459779,1.7187675117103e-05,-3.3344540220831e-05,3.75136580257071e-05,-0.00179051134829336,-1.33274191234195e-07,0.00347363894547977,0.00390795309048078
0,0.215,0.00165688138043289,0.214978634993835,0.00165688138043289,-2.13650061654524e-05,0.00165701912249487,-0.00080752151551653,-0.00312313553552889,-0.110596366377207,0.110643418808998
0,0.23,0.00321449548834622,0.229992910239404,0.00321449548834622,-7.08976059640709e-06,0.00321450330678062,0.000256827724334868,-0.0124496353860318,-0.22043296237627,0.220784534335398
0,0.245,0.00460943073406826,0.245008269903911,0.00460943073406826,8.26990391067373e-06,0.00460943815269104,0.00137345812107729,-0.0272410348701495,-0.321785367480266,0.322939714479216
0,0.26,0.00576415132181363,0.260023264070677,0.00576415132181363,2.32640706770981e-05,0.00576419826842816,0.00250668814590234,-0.0463007084490498,-0.410678526913858,0.413288799948072
0,0.275,0.00660558191298496,0.275036264833399,0.00660558191298496,3.62648333988858e-05,0.00660568145972053,0.00361545559301758,-0.0680365469601254,-0.483533935876661,0.48831194302761
0,0.29,0.00706631174289538,0.29004553466706,0.00706631174289538,4.55346670603096e-05,0.0070664584519889,0.00465472621253126,-0.0905416518740159,-0.537267297289046,0.544864977085334
0,0.305,0.00708556398263116,0.305049297747285,0.00708556398263116,4.92977472854039e-05,0.00708573547487114,0.00557700607907619,-0.111686854050055,-0.569358714043782,0.580238984399773
0,0.32,0.0066099053979454,0.320045809499218,0.0066099053979454,4.58094992180635e-05,0.00661006413584667,0.00633386908844648,-0.129218281606424,-0.577893544379353,0.592200601940248
0,0.335,0.00559368862203793,0.335033420249625,0.00559368862203793,3.34202496252711e-05,0.00559378845804895,0.00687742261022866,-0.14085346631079,-0.561574407122808,0.579012664627301
0,0.35,0.00399923532523172,0.350010629691678,0.00399923532523172,1.06296916782544e-05,0.00399924945170046,0.00716164442395594,-0.144370335891923,-0.519706843235725,0.539436219973609
0.02,0.05,0.0160587664606377,0.0501746739980875,-0.00394123353936235,0.000174673998087488,0.00394510238364007,-0.0931302256617546,-0.144019032657839,0.506173412657904,0.534442059869312
0.02,0.065,0.0144734185628831,0.0653276292703002,-0.00552658143711693,0.000327629270300195,0.00553628425208125,-0.106857540403185,-0.141823287802673,0.549742224411359,0.577712488884686
0.02,0.08,0.0134618268305966,0.0804670337109529,-0.00653817316940342,0.000467033710952941,0.0065548324830062,-0.119848144757629,-0.131448461453624,0.567985954049472,0.595191990439133
0.02,0.095,0.0129869409933178,0.0955926856407557,-0.0070130590066822,0.000592685640755736,0.00703805888721914,-0.131870461441685,-0.115073855674983,0.561539647233962,0.588185025784735
0.02,0.11,0.0130037856203582,0.110704377956651,-0.00699621437964179,0.000704377956650515,0.00703158331755528,-0.142697258754232,-0.09494457624538,0.53163472471302,0.558582967893666
0.02,0.125,0.0134596170284836,0.125801872251662,-0.00654038297151635,0.000801872251661978,0.00658935569855555,-0.152112969697515,-0.0732844654530118,0.480115605058154,0.508941711560023
0.02,0.14,0.0142943360693059,0.140884873100992,-0.00570566393069415,0.000884873100991918,0.00577387229637816,-0.159921324382538,-0.0522015787032323,0.409430545634909,0.442644531239774
0.02,0.155,0.0154411667773762,0.155953005085101,-0.00455883322262381,0.000953005085100572,0.00465737898865082,-0.165952881550512,-0.0335916791001838,0.32259404128768,0.364329689326022
0.02,0.17,0.0168275952056167,0.171005795139903,-0.00317240479438326,0.00100579513990287,0.0033280288524708,-0.170071995489625,-0.019046117700076,0.22312007975423,0.281193824518961
0.02,0.185,0.0183765457183486,0.186042662712626,-0.00162345428165143,0.00104266271262587,0.00192944275295037,-0.172182740898183,-0.00977078988200821,0.11492785563809,0.207245804369494
0.02,0.2,0.0200077549552558,0.201062919557644,7.75495525577388e-06,0.00106291955764423,0.00106294784695846,-0.172233364603043,-0.00652248736036961,0.00222395780491289,0.172371236350191
0.02,0.215,0.0216392887294119,0.216065780292695,0.00163928872941187,0.00106578029269452,0.00195528902484334,-0.17021891743391,-0.00956786738566811,-0.11063274837936,0.203237969540454
0.02,0.23,0.0231891357190926,0.231050383712568,0.00318913571909262,0.00105038371256758,0.00335766177248687,-0.166181845332933,-0.0186685213885633,-0.219275612703437,0.275765952465341
0.02,0.245,0.0245768055556697,0.246015823853006,0.00457680555566968,0.001015823853006,0.00468818165121029,-0.16021048269233,-0.0330934392727827,-0.319475187046372,0.358925327781226
0.02,0.26,0.0257248585881498,0.260961188685441,0.00572485858814983,0.000961188685441428,0.00580498833274741,-0.15243555090228,-0.0516578087556267,-0.407275773750666,0.437926496006258
0.02,0.275,0.0265603000564759,0.275885603644728,0.00656030005647591,0.000885603644728228,0.0066198059372276,-0.14302491770121,-0.0727848709585128,-0.479115463739401,0.505279177027842
0.02,0.29,0.0270157822388306,0.290788276619213,0.00701578223883059,0.000788276619213213,0.00705992779361723,-0.132177001983452,-0.0945857555228969,-0.53192321934749,0.556203169465026
0.02,0.305,0.0270305727420685,0.305668541052679,0.00703057274206847,0.0006685410526793,0.00706228718055516,-0.12011327866135,-0.11495104752803,-0.563188733447407,0.58721845243412
0.02,0.32,0.0265512639923055,0.320525894017124,0.00655126399230546,0.000525894017123607,0.00657233781953762,-0.107070375897545,-0.131647390536693,-0.571003195150816,0.595686953004462
0.02,0.335,0.0255322161653855,0.335360026797589,0.00553221616538555,0.000360026797588925,0.00554391873998305,-0.093292230913702,-0.142412686765137,-0.554071428275195,0.579640256427146
0.02,0.35,0.0239357417178063,0.350170846244887,0.00393574171780625,0.00017084624488678,0.00393944809696389,-0.0790227176145595,-0.145044298682563,-0.511697870655374,0.537698122760941
0.04,0.05,0.0362534665561456,0.0502987255554769,-0.00374653344385445,0.000298725555476942,0.00375842384563195,-0.171879730416228,-0.145018417199132,0.476663950286287,0.527051670460491
0.04,0.065,0.0346532341169833,0.0656156393275659,-0.00534676588301666,0.000615639327565864,0.00538209226875912,-0.199160331791945,-0.145502213777838,0.521560480757381,0.57694356712317
0.04,0.08,0.0336251278126348,0.0809067889467302,-0.00637487218736518,0.000906788946730186,0.00643904197836559,-0.224951204771541,-0.137755481177519,0.54150545992552,0.602338046024352
0.04,0.095,0.0331321747393492,0.096170562747743,-0.00686782526065077,0.00117056274774302,0.00696686737043533,-0.248832911483827,-0.123899230805871,0.537136743351812,0.604804195410917
0.04,0.11,0.0331295161715478,0.111405392440201,-0.00687048382845218,0.00140539244020138,0.00701275095436863,-0.270392604459325,-0.106117711867393,0.509677651023501,0.586640813249682
0.04,0.125,0.0335645649415441,0.126609759591549,-0.00643543505845594,0.00160975959154877,0.00663371316339402,-0.28923701576907,-0.0865737254005176,0.460952617311201,0.55102878047693
0.04,0.14,0.0343774168981113,0.141782203072782,-0.00562258310188872,0.00178220307278165,0.00589827843783904,-0.305006068766836,-0.0673168155262292,0.393377645525895,0.502302541908971
0.04,0.155,0.0355015262348487,0.15692132848021,-0.00449847376515126,0.00192132848021045,0.00489160192008937,-0.317386376157526,-0.0501896421232214,0.309923028584853,0.446437458052548
0.04,0.17,0.0368646390568848,0.172025820570745,-0.00313536094311515,0.0020258205707453,0.00373288591152566,-0.326123800022014,-0.0367386879588883,0.214047695074093,0.391820722020889
0.04,0.185,0.0383899625609246,0.18709445945583,-0.00161003743907538,0.00209445945582956,0.00264177610090981,-0.33103422734816,-0.0281357539831416,0.109606773794765,0.349841829162616
0.04,0.2,0.0399975304286588,0.202126140946414,-2.4695713412466e-06,0.00212614094641442,0.00212614238065154,-0.33201178037205,-0.0251163303892448,0.00073630045603439,0.332961719263731
0.04,0.215,0.0416057101293762,0.217119900841573,0.00160571012937616,0.00211990084157268,0.00265937673105594,-0.329033831753359,-0.0279398693554547,-0.108278877991597,0.347517746876092
0.04,0.23,0.0431327865987837,0.232074942338849,0.00313278659878365,0.00207494233884883,0.0037576239278387,-0.322162419966396,-0.036375310143109,-0.213146299677647,0.387999624222
0.04,0.245,0.0444985505542012,0.246990665118456,0.0044985505542012,0.00199066511845589,0.00491931953653561,-0.311541937674931,-0.0497131050758967,-0.309707568170988,0.442096730635341
0.04,0.26,0.0456258193018434,0.261866694180716,0.0056258193018434,0.00186669418071631,0.00592742692753895,-0.297393256924785,-0.0668027297751386,-0.394071849788148,0.49819628716147
0.04,0.275,0.0464418233675751,0.27670290619084,0.00644182336757508,0.00170290619084049,0.006663105716844,-0.280004732373213,-0.0861125275158989,-0.462733344115319,0.547670018395165
0.04,0.29,0.0468794028684893,0.291499451122281,0.00687940286848929,0.00149945112228153,0.00704091879622894,-0.259720741407002,-0.105807004989461,-0.51266645915574,0.584362767668226
0.04,0.305,0.0468779720849285,0.306256767169934,0.00687797208492846,0.00125676716993364,0.00699184980677347,-0.236928566725881,-0.123835563613052,-0.541394517222384,0.603806086384542
0.04,0.32,0.0463842273157049,0.320975587464685,0.00638422731570493,0.000975587464684652,0.00645833796884638,-0.212044484962291,-0.138026209022794,-0.547030137466328,0.602710062115788
0.04,0.335,0.0453525901780064,0.335656937701142,0.00535259017800638,0.000656937701142474,0.00539275335583528,-0.185499892866085,-0.146178016385619,-0.528287703566448,0.578678638829764
0.04,0.35,0.0437453942485834,0.350302124579353,0.00374539424858339,0.000302124579352747,0.00375756002463974,-0.157728207425537,-0.146146929345438,-0.484470269856196,0.530047694501504
0.06,0.05,0.0565735313913495,0.0503657661711017,-0.00342646860865051,0.000365766171101678,0.00344593557948922,-0.235211128712725,-0.144988672888034,0.428860875450266,0.51016601258156
0.06,0.065,0.0549495803516383,0.0658449724483718,-0.0050504196483617,0.000844972448371784,0.00512061686352976,-0.275175155786116,-0.149773776050103,0.47593724717683,0.569800394404807
0.06,0.08,0.0538950992700067,0.0812862968113617,-0.00610490072999326,0.00128629681136175,0.00623894000692358,-0.312932822025874,-0.146247145698874,0.498682496293179,0.606632383396198
0.06,0.095,0.0533732247926383,0.0966867372139986,-0.00662677520736174,0.00168673721399859,0.00683807224866716,-0.347892271043185,-0.136435955166432,0.497738085473898,0.622407272906594
0.06,0.11,0.0533392699185021,0.112043383697776,-0.0066607300814979,0.00204338369777646,0.00696711864079474,-0.379470829931762,-0.122426530987184,0.474312995054971,0.619647420667636
0.06,0.125,0.053740882554184,0.127353456753234,-0.00625911744581599,0.00235345675323373,0.00668695071687085,-0.407113092902201,-0.106283481822333,0.430197824544664,0.601756384022246
0.06,0.14,0.0545184553190898,0.14261434735426,-0.00548154468091018,0.00261434735425997,0.0060730671145263,-0.430309866323898,-0.0899622323872819,0.367754659790179,0.573154441255194
0.06,0.155,0.055605796137522,0.157823658257018,-0.00439420386247799,0.00282365825701775,0.00522322443873906,-0.448616962844085,-0.0752199942366696,0.289880347468333,0.539395950638933
0.06,0.17,0.0569310539334206,0.172979245940526,-0.00306894606657935,0.00297924594052623,0.00427718790021141,-0.461672704397018,-0.0635309875173486,0.199942642634866,0.507106114519245
0.06,0.185,0.0584178770354224,0.188079262367776,-0.00158212296457765,0.00307926236777623,0.00346193151356967,-0.469212970431151,-0.0560119912820202,0.101690797193273,0.483363795417524
0.06,0.2,0.0599867653796369,0.20312219542127,-1.32346203630776e-05,0.00312219542126974,0.00312222347114582,-0.471082713394127,-0.0533639437591265,-0.000855626740417006,0.474097719789698
0.06,0.215,0.0615565629271198,0.21810690660966,0.00155656292711985,0.00310690660965959,0.00347501896789505,-0.467243070594692,-0.0558343081118639,-0.103533938889472,0.48182382839297
0.06,0.23,0.063046025683815,0.233032664349263,0.00304602568381502,0.00303266434926336,0.0042982933266302,-0.457773510276399,-0.0632033457616194,-0.202174156812908,0.504407853371251
0.06,0.245,0.0643753945552763,0.247899171027354,0.00437539455527626,0.00289917102735379,0.00524873986402344,-0.442868824883808,-0.0747954686993418,-0.292735308727461,0.5361186587422
0.06,0.26,0.0654679019118112,0.262706582027404,0.00546790191181117,0.00270658202740437,0.00610110953747403,-0.422831189319711,-0.0895147215054265,-0.371433952162556,0.569881529993692
0.06,0.275,0.0662511460110217,0.27745551514861,0.00625114601102167,0.00245551514860959,0.00671612843058881,-0.398057875328694,-0.105901443852532,-0.434857446125935,0.598973667015745
0.06,0.29,0.0666582778975524,0.292147049217468,0.00665827789755238,0.00214704921746781,0.00699589057256213,-0.369025519255147,-0.122205535629838,-0.48005598391894,0.617714716050585
0.06,0.305,0.0666289596222914,0.306782711304963,0.00662895962229137,0.00178271130496307,0.00686448579799045,-0.336272044832733,-0.136470674383673,-0.504609372605348,0.621560568938152
0.06,0.32,0.0661100690067256,0.32136445259144,0.00611006900672562,0.00136445259143952,0.00626056500175783,-0.300377422987321,-0.146623404863571,-0.506666734449677,0.606992293862213
0.06,0.335,0.065056142982262,0.335894613646402,0.00505614298226204,0.000894613646402059,0.00513467773413351,-0.261944418642984,-0.150561223375834,-0.484959451225445,0.571377226863683
0.06,0.35,0.0634295670468893,0.350375880535597,0.00342956704688926,0.000375880535597423,0.00345010381092363,-0.221580343613011,-0.146234512270745,-0.438789523099473,0.51285512861248
0.08,0.05,0.0770172230808684,0.0503482032126217,-0.00298277691913162,0.000348203212621745,0.00300303240518388,-0.276506629334041,-0.141670848494057,0.364311703272128,0.478801521131826
0.08,0.065,0.0753608307281261,0.0659870892962701,-0.00463916927187394,0.000987089296270116,0.00474301979881071,-0.327920423497563,-0.152153700587095,0.414382144409587,0.549906751767054
0.08,0.08,0.0742702509601071,0.0815761204588522,-0.00572974903989287,0.00157612045885219,0.00594257349647152,-0.376463254592385,-0.154216230478699,0.440964878267323,0.599967116432561
0.08,0.095,0.0737087620300004,0.0971109365253064,-0.00629123796999961,0.00211093652530642,0.00663594214931366,-0.421392316461482,-0.149761301161888,0.444704693365171,0.630687095406217
0.08,0.11,0.0736319027748565,0.112587318070538,-0.00636809722514353,0.00258731807053769,0.00687363637873081,-0.461977016671422,-0.140745726537272,0.426789737179693,0.644504447808877
0.08,0.125,0.073987632991334,0.128001255755017,-0.00601236700866598,0.00300125575501697,0.00671982835747443,-0.497521364048292,-0.129104421698103,0.388963630169031,0.644587113771973
0.08,0.14,0.0747167412609977,0.143349022013764,-0.00528325873900234,0.00334902201376397,0.00625529946141033,-0.527387371434126,-0.116668630226132,0.333514618270077,0.634811099322202
0.08,0.155,0.0757535094110845,0.158627243219828,-0.00424649058891552,0.00362724321982816,0.00558476281479683,-0.551018233350746,-0.105082907214343,0.26323965202236,0.619646970183951
0.08,0.17,0.0770266278377569,0.173832970190761,-0.00297337216224306,0.00383297019076112,0.00485104138288526,-0.567959892079606,-0.0957262308861799,0.181382975260368,0.603858517624822
0.08,0.185,0.0784603396146585,0.188963744633587,-0.00153966038534148,0.00396374463358651,0.00425227299482003,-0.577879577781883,-0.0896428367039438,0.0915507672006476,0.591916635756237
0.08,0.2,0.0799757750706777,0.204017658954942,-2.42249293222606e-05,0.00401765895494177,0.00401773198775434,-0.580580015523043,-0.0874880230154713,-0.00239457664936063,0.587142282063474
0.08,0.215,0.0814924242647754,0.218993406847791,0.00149242426477541,0.00399340684779081,0.00426317117156618,-0.576008243176968,-0.0894932458216425,-0.0964550962276126,0.590847879337302
0.08,0.23,0.0829296839228761,0.233890322155363,0.00292968392287613,0.00389032215536333,0.00487007744912436,-0.564258356985515,-0.0954533761573809,-0.186625993107304,0.601939726515382
0.08,0.245,0.084208409414082,0.248708403864158,0.00420840941408197,0.00370840386415849,0.00560918612779425,-0.545567953680121,-0.104737192089342,-0.269024790992233,0.617245732569125
0.08,0.26,0.0852524019550504,0.263448325555201,0.00525240195505043,0.00344832555520125,0.00628320582442368,-0.520308523025191,-0.116320240780988,-0.340013239520268,0.632348337068445
0.08,0.275,0.0859897663625926,0.278111428349646,0.00598976636259259,0.00311142834964562,0.00674968795230002,-0.488970499547655,-0.128837377606513,-0.396304982377554,0.642458701411185
0.08,0.29,0.0863540848856849,0.292699697201306,0.0063540848856849,0.00269969720130592,0.00690382210903701,-0.452144051712734,-0.140650795069294,-0.435053372779615,0.643033954777939
0.08,0.305,0.0862853665152383,0.307215721237529,0.00628536651523834,0.0022157212375295,0.00666447693621327,-0.410496934952874,-0.14992835980241,-0.453915630064253,0.630102886318213
0.08,0.32,0.0857307472101834,0.321662639754039,0.00573074721018341,0.00166263975403891,0.00596706247149596,-0.364750845601412,-0.154726664954936,-0.451091559726366,0.60039188363057
0.08,0.335,0.0846449328961083,0.336044076146299,0.00464493289610832,0.00104407614629931,0.00476082940343596,-0.315657672810061,-0.153073367250906,-0.425337049145939,0.551348504365307
0.08,0.35,0.0829903923544888,0.350364062683324,0.00299039235448884,0.000364062683324284,0.00301247208637268,-0.263976899866783,-0.143044027640513,-0.37595428048609,0.481132392185157
0.1,0.05,0.0975821699465572,0.0502192203798843,-0.00241783005344276,0.000219220379884311,0.00242774787453056,-0.290236716535804,-0.132184928677854,0.285026488527018,0.427727899269064
0.1,0.065,0.0958847607794003,0.0660142696352652,-0.00411523922059975,0.00101426963526519,0.00423838845975489,-0.35158361256658,-0.149476386068531,0.33885135883002,0.510662507207116
0.1,0.08,0.0947485391412724,0.0817476834854499,-0.00525146085872763,0.0017476834854499,0.0055346398903689,-0.409460785170981,-0.158215016685717,0.370223933147702,0.574246155516838
0.1,0.095,0.0941369568216963,0.09741378780123,-0.00586304317830366,0.00241378780122997,0.00634047686377135,-0.463000307275172,-0.160155265476197,0.379790784158495,0.619890136715415
0.1,0.11,0.0940058314651289,0.113007097806976,-0.00599416853487106,0.00300709780697628,0.00670616832812596,-0.511349921310073,-0.157099680210403,0.368712531969592,0.649701859156511
0.1,0.125,0.0943035093231663,0.12852241715887,-0.00569649067683366,0.00352241715886986,0.00669756886283027,-0.553698799561847,-0.150829005999931,0.338673683707406,0.666360727219538
0.1,0.14,0.0949712707517803,0.143954939910241,-0.00502872924821975,0.00395493991024071,0.00639762983811314,-0.589304377039364,-0.143027118257108,0.291871043650645,0.67300097996798
0.1,0.155,0.0959439871851484,0.15930035217213,-0.00405601281485164,0.00430035217213004,0.0059113677570072,-0.617518853767498,-0.135205057813993,0.230978851849203,0.673027771200843
0.1,0.17,0.0971510237224579,0.174554929844232,-0.00284897627754208,0.00455492984423167,0.00537252749791659,-0.637813805453909,-0.128629030210604,0.159090367711525,0.669825897468285
0.1,0.185,0.0985173655807713,0.189715628533073,-0.00148263441922871,0.00471562853307284,0.00494321325485886,-0.649801314049774,-0.124257404783164,0.0796374056914514,0.666354839143936
0.1,0.2,0.0999649308967658,0.204780161745293,-3.5069103234198e-05,0.00478016174529294,0.00478029038376998,-0.653250159507931,-0.122691420658811,-0.00370883101918609,0.664686140943202
0.1,0.215,0.101414018472762,0.219747063634383,0.0014140184727616,0.00474706363438337,0.00495318699325961,-0.648095894009322,-0.124143461603551,-0.0871506040755826,0.665612572973838
0.1,0.23,0.10278482852503,0.23461573307855,0.00278482852503006,0.00461573307854979,0.00539075706800444,-0.634444033349653,-0.128425465465512,-0.166883889579442,0.668481587866851
0.1,0.245,0.103998988667288,0.249386456590169,0.00399898866728804,0.00438645659016912,0.00593573178121588,-0.612566107132549,-0.13495842659655,-0.239219023451339,0.671328466314867
0.1,0.26,0.104981016927207,0.26406040855505,0.00498101692720694,0.00406040855504963,0.00642630899218535,-0.582888844837717,-0.142802222245103,-0.30069470115587,0.671248342227797
0.1,0.275,0.105659658601156,0.278639628407468,0.00565965860115644,0.00363962840746845,0.00672893976983711,-0.545977279186663,-0.150703361701269,-0.348178930617929,0.664858045305026
0.1,0.29,0.10596904357376,0.293126975581124,0.00596904357375988,0.00312697558112379,0.00673850558138736,-0.502512966351079,-0.1571569166176,-0.378951751218251,0.648711417380756
0.1,0.305,0.105849624264074,0.307526064208935,0.00584962426407418,0.00252606420893453,0.0063717426516225,-0.453268800535163,-0.160477989123263,-0.390766174048965,0.619602884626939
0.1,0.32,0.105248869865781,0.321841180572192,0.00524886986578066,0.00184118057219246,0.00556242579881469,-0.399082030435574,-0.158877685592208,-0.381885624221706,0.574759067967133
0.1,0.335,0.104121708592263,0.336077187102015,0.00412170859226255,0.00107718710201465,0.00426014245915294,-0.340827053330245,-0.150538684202876,-0.351097980155378,0.511953622104104
0.1,0.35,0.102430724503131,0.350239417186664,0.00243072450313059,0.000239417186664093,0.00244248688827383,-0.279389405123392,-0.133686041259573,-0.297707893096172,0.429605925948677
0.12,0.05,0.118265401899686,0.0499530170847994,-0.00173459810031384,-4.69829152005552e-05,0.00173523426773826,-0.272165202553195,-0.113263158556307,0.193353571717352,0.352545651506544
0.12,0.065,0.116518581824372,0.0658998653096186,-0.00348141817562841,0.000899865309618553,0.0035958351031507,-0.34173817138336,-0.138153006690459,0.25162454674214,0.446303877098958
0.12,0.08,0.115327397906792,0.0817735360570019,-0.00467260209320761,0.00177353605700187,0.00499786359026873,-0.407319915006275,-0.154338245369711,0.288634849062902,0.522533994793721
0.12,0.095,0.11465550727468,0.0975670963799342,-0.00534449272532,0.00256709637993419,0.00592904598690798,-0.46794571551257,-0.163407847016642,0.305030041767441,0.581997900303982
0.12,0.11,0.114459057967739,0.113273851212866,-0.00554094203226069,0.00327385121286622,0.00643584806912491,-0.522670300154404,-0.16699286617864,0.301936466257007,0.626290982826747
0.12,0.125,0.114686854519787,0.128887470589321,-0.00531314548021278,0.00388747058932082,0.00658345976495185,-0.570595976233575,-0.166703093891151,0.280968690857844,0.657508813029986
0.12,0.14,0.115280760761452,0.144402120197037,-0.00471923923854781,0.00440212019703717,0.00645367191758396,-0.610901809281653,-0.164059343111792,0.244217237596294,0.678058930823458
0.12,0.155,0.116176348005671,0.159812590788118,-0.0038236519943292,0.00481259078811813,0.00614665312732199,-0.642872338637829,-0.160425178305735,0.19421503518673,0.690468197036409
0.12,0.17,0.117303782665705,0.175114421458667,-0.00269621733429481,0.00511442145866664,0.00578159967228981,-0.66592416943269,-0.156942400963583,0.133882448089017,0.697148780907896
0.12,0.185,0.118588931935774,0.190304011535841,-0.00141106806422589,0.00530401153584142,0.00548850174949568,-0.679628760198454,-0.154474730226008,0.0664523328903855,0.700128349549662
0.12,0.2,0.119954650947937,0.205378715915064,-4.53490520632711e-05,0.00537871591506445,0.00537890708522564,-0.683729868456058,-0.153563809967309,-0.0046217948548283,0.700782319901056
0.12,0.215,0.121322201368975,0.220336919102334,0.00132220136897457,0.00533691910233358,0.00549826535963583,-0.67815441492063,-0.154400921304974,-0.0757699286864411,0.699628629347131
0.12,0.23,0.122612741238387,0.235178084054337,0.00261274123838746,0.00517808405433695,0.00579991131419688,-0.663015962182623,-0.156816641439105,-0.143416394809749,0.69624410413231
0.12,0.245,0.123748820214837,0.249902773028233,0.00374882021483697,0.00490277302823344,0.00617177740764714,-0.638610534590778,-0.160289286196749,-0.20409103021693,0.689329348286793
0.12,0.26,0.12465581392956,0.264512639085273,0.00465581392956048,0.0045126390852725,0.00648386573431455,-0.605405066223284,-0.163971467768775,-0.254534379532261,0.676901038661766
0.12,0.275,0.125263235973417,0.279010388405979,0.00526323597341735,0.00401038840597906,0.00661701353169885,-0.564019292548098,-0.166732673587488,-0.291791132269506,0.656554893798163
0.12,0.29,0.125505875499461,0.293399715162993,0.00550587549946102,0.00339971516299281,0.0064709140161996,-0.515202342823927,-0.167214596466344,-0.313287096433819,0.62573706284121
0.12,0.305,0.125324721437255,0.307685212100549,0.00532472143725485,0.00268521210054934,0.00596347402185152,-0.459805587275867,-0.163895143047956,-0.316886444608184,0.58198172385404
0.12,0.32,0.124667649343762,0.321872261156927,0.00466764934376224,0.00187226115692718,0.00502914627308277,-0.398753438024256,-0.155156688081483,-0.300927598047683,0.523103452673218
0.12,0.335,0.123489862415694,0.335966909264364,0.00348986241569446,0.000966909264364324,0.00362133307029198,-0.333013782108168,-0.139354220354897,-0.264237722735184,0.447370504990566
0.12,0.35,0.121754092628015,0.349975734917115,0.00175409262801463,-2.42650828847224e-05,0.00175426045440882,-0.263569566681372,-0.114879488745582,-0.206127252182816,0.353772603698627
0.14,0.05,0.139063393737669,0.0495250259880955,-0.000936606262331358,-0.000474974011904494,0.00105015789413924,-0.21944934855854,-0.0814975018077131,0.0918451779559717,0.2514666928335
0.14,0.065,0.137258982242341,0.0656185296291609,-0.00274101775765934,0.000618529629160869,0.00280993901178543,-0.295446038886132,-0.114444250385422,0.155172277298657,0.352795517585422
0.14,0.08,0.13600377761036,0.0816275957210253,-0.00399622238964017,0.00162759572102533,0.0043149578466726,-0.367015807892346,-0.138521082454177,0.198548385103227,0.439671585802466
0.14,0.095,0.135261673944343,0.0975440974521365,-0.0047383260556568,0.00254409745213652,0.00537811915595812,-0.433126142102224,-0.155141585214677,0.222614180910403,0.511102702209497
0.14,0.11,0.134989199643875,0.113360194255014,-0.00501080035612458,0.00336019425501399,0.00603316050179069,-0.492767888970348,-0.165755652615577,0.228455146798518,0.56788160990522
0.14,0.125,0.135135686182865,0.129068485297648,-0.00486431381713483,0.00406848529764786,0.00634146052015982,-0.544984778993799,-0.171793009095966,0.217606654761081,0.611455192052301
0.14,0.14,0.135643667799325,0.144662166616432,-0.00435633220067479,0.0046621666164321,0.00638070746876943,-0.588903887192952,-0.174603139591622,0.192041150091092,0.64356678178148
0.14,0.155,0.136449519663147,0.160135186237081,-0.00355048033685264,0.00513518623708092,0.00624308003407633,-0.623765485621156,-0.175394973401491,0.154136159434174,0.66604033573829
0.14,0.17,0.137484328455058,0.175482391031289,-0.00251567154494239,0.00548239103128917,0.00603201581082085,-0.648950597165427,-0.175180074804752,0.106623098801328,0.680587149253725
0.14,0.185,0.138674974421671,0.190699658817289,-0.00132502557832889,0.00569965881728907,0.00585164963208895,-0.664004549195115,-0.174723177591742,0.0525182622915334,0.688617532460516
0.14,0.2,0.139945389356899,0.205784009405338,-5.46106431011979e-05,0.0057840094053378,0.00578426720712106,-0.668654978898611,-0.174503617513326,-0.0049612064690433,0.691072642155556
0.14,0.215,0.141217942036458,0.220733688931136,0.00121794203645804,0.00573368893113618,0.00586161851054853,-0.662823046111434,-0.17469055927302,-0.0624922842246807,0.688303832000258
0.14,0.23,0.142414892861082,0.235548222958054,0.00241489286108229,0.00554822295805391,0.00605099045799798,-0.646627047682582,-0.175133935267027,-0.116746931913036,0.680024785263761
0.14,0.245,0.143459854049082,0.250228435312444,0.00345985404908182,0.00522843531244371,0.00626953952514507,-0.62037815801873,-0.1753718127211,-0.164493271307638,0.665347535228548
0.14,0.26,0.144279191242653,0.26477643143221,0.00427919124265273,0.0047764314322104,0.00641293808778811,-0.584568580435125,-0.17465361982907,-0.202691459592878,0.642893829755297
0.14,0.275,0.1448033070051,0.27919554690685,0.00480330700510002,0.00419554690684998,0.00637764627686589,-0.539852924525133,-0.171977442808669,-0.228579133493972,0.610957754736883
0.14,0.29,0.144967755710951,0.293490263767049,0.00496775571095062,0.00349026376704853,0.0060712879990373,-0.487024065465841,-0.166138592922844,-0.239742213694866,0.567691322716081
0.14,0.305,0.144714151818001,0.307666098752221,0.00471415181800094,0.00266609875222068,0.00541583880112345,-0.426985051625486,-0.155785943786196,-0.234168113093235,0.511294371775084
0.14,0.32,0.143990847953991,0.321729469087259,0.0039908479539906,0.00172946908725879,0.00434947476319322,-0.360718775143613,-0.139482209027063,-0.210279805740001,0.440217981696254
0.14,0.335,0.142753374158211,0.335687542147243,0.002753374158211,0.000687542147243092,0.00283791886059834,-0.289257116076548,-0.115764374637401,-0.166950628960957,0.353474155247112
0.14,0.35,0.140964643577552,0.349548075785085,0.000964643577552327,-0.000451924214914579,0.00106525711813586,-0.213651121562672,-0.0832008710683023,-0.103500964585505,0.25155861745681
0.16,0.05,0.159972115129424,0.0489121046800939,-2.7884870576339e-05,-0.00108789531990611,0.00108825263293073,-0.130638794755333,-0.0335754753649896,-0.0168745178693932,0.135935886588167
0.16,0.065,0.158102175141808,0.0651464188730979,-0.00189782485819201,0.000146418873097853,0.00190346465130581,-0.211250573072215,-0.0747189897064566,0.0520266358644599,0.230036027543966
0.16,0.08,0.156774189269873,0.0812853583345993,-0.00322581073012748,0.00128535833459925,0.00347246323449642,-0.287090894519022,-0.106820417035725,0.102366310889839,0.322972012754602
0.16,0.095,0.155952319988324,0.0973196758460676,-0.00404768001167605,0.00231967584606757,0.00466525556724936,-0.35708747649108,-0.13111475537719,0.134775648537917,0.403568697669649
0.16,0.11,0.155593524185011,0.113240458505787,-0.00440647581498937,0.00324045850578702,0.00546969838618308,-0.420195236245947,-0.148868100865738,0.150293122881808,0.470441297248669
0.16,0.125,0.15564772535365,0.129039305388869,-0.00435227464634995,0.00403930538886854,0.00593786852513619,-0.47542628417773,-0.161328072448188,0.150367424854641,0.524088901054094
0.16,0.14,0.156058209738829,0.144708508998271,-0.00394179026117146,0.00470850899827052,0.00614066506576125,-0.521880697148898,-0.169671360251161,0.13684429491598,0.565576512055114
0.16,0.155,0.156762253326288,0.160241233802059,-0.00323774667371217,0.00524123380205893,0.00616064406462338,-0.558776538125077,-0.174951288171529,0.111936299142962,0.596130953460212
0.16,0.17,0.157691973487818,0.175631684474337,-0.0023080265121821,0.00563168447433676,0.00608628428513007,-0.585477460402505,-0.178048599012106,0.0781756323562478,0.616928088907461
0.16,0.185,0.158775384839011,0.190875256244825,-0.00122461516098922,0.00587525624482516,0.00600152632543436,-0.601516238258617,-0.179628719622837,0.038351242309227,0.628938034732917
0.16,0.2,0.159937624903831,0.205968660060858,-6.23750961690166e-05,0.00596866006085822,0.00596898597541544,-0.606612720550303,-0.180108507264372,-0.00456720952879878,0.632805655060341
0.16,0.215,0.161102302809841,0.220910016104034,0.001102302809841,0.00591001610403419,0.00601193494929268,-0.600685004710576,-0.179634914279232,-0.0475149528035277,0.628770877010132
0.16,0.23,0.162192914925171,0.2356989106123,0.00219291492517097,0.00569891061230005,0.00610626383609681,-0.583853052989614,-0.178077180462109,-0.0874228578052595,0.61663789696936
0.16,0.245,0.163134266161757,0.250336412766748,0.00313426616175744,0.00533641276674762,0.00618877415889809,-0.556434485215591,-0.175033155062841,-0.121308453660895,0.5957976848658
0.16,0.26,0.163853835188312,0.264825050556303,0.00385383518831155,0.00482505055630328,0.00617520514068568,-0.518932819257714,-0.169849272426699,-0.146362317663289,0.565300421548764
0.16,0.275,0.164283026164787,0.279168746759796,0.00428302616478711,0.00416874675979606,0.00597685223805651,-0.472018945637787,-0.16165268329455,-0.160025340891331,0.5239689858543
0.16,0.29,0.164358258203937,0.293372718335092,0.00435825820393672,0.00337271833509184,0.00551086595192138,-0.416507046949692,-0.149393187484095,-0.160053161870058,0.470547238569142
0.16,0.305,0.164021855646503,0.307443344402071,0.00402185564650318,0.00244334440207089,0.00470587448923583,-0.353326481575955,-0.131892015474332,-0.144565120497508,0.403899561717564
0.16,0.32,0.16322271605091,0.321388009402334,0.00322271605090971,0.00138800940233352,0.00350891277260597,-0.283491302934407,-0.107894210166536,-0.112076298204439,0.323372623495849
0.16,0.335,0.161916747069179,0.335214928936519,0.00191674706917855,0.000214928936518644,0.00192875964675684,-0.208069094463655,-0.0761213748793476,-0.0615124295934943,0.229937082128238
0.16,0.35,0.160067076809172,0.348932966078384,6.70768091716734e-05,-0.00106703392161606,0.00106914016303195,-0.128150670080836,-0.0353218421879618,0.00779141917638131,0.133157579472855
0.18,0.05,0.180987085941909,0.048092698481186,0.000987085941909188,-0.00190730151881402,0.00214758882013877,-0.00558756210175272,0.0335163572957665,-0.130228395120435,0.134588299202299
0.18,0.065,0.179043951107053,0.0644613626613723,-0.000956048892947009,-0.00053863733862769,0.00109734209263526,-0.0890761812023022,-0.0156760588961506,-0.0553346638599055,0.106029397405169
0.18,0.08,0.177634753707032,0.0807240756555335,-0.00236524629296828,0.000724075655533507,0.00247359567862989,-0.167542013279455,-0.0556545750647754,0.00243060803364658,0.176560727406156
0.18,0.095,0.176723955661406,0.0968705503703105,-0.00327604433859424,0.00187055037031053,0.00377245612251544,-0.239898756546375,-0.0874782760570226,0.0436839533032094,0.259060348728542
0.18,0.11,0.176268988399635,0.112890881648226,-0.00373101160036531,0.00289088164822593,0.00471991994276491,-0.305090853303372,-0.112232911411183,0.0694113854557296,0.332407739875683
0.18,0.125,0.176220428598055,0.128775745797438,-0.00377957140194533,0.00377574579743772,0.00534241671056009,-0.362123153005981,-0.130988016360524,0.0809693252539287,0.393506897875122
0.18,0.14,0.176522390301624,0.144516603909927,-0.00347760969837553,0.0045166039099272,0.00570030526317716,-0.410091165212651,-0.144751792182592,0.0800713077165295,0.442199310330899
0.18,0.155,0.177113139654964,0.160105901331564,-0.00288686034503585,0.00510590133156391,0.00586550859341342,-0.448210427658012,-0.154426201858805,0.0687597001887114,0.479029510901261
0.18,0.17,0.177925925913064,0.175537254919184,-0.00207407408693637,0.00553725491918405,0.0059129498017596,-0.475843401688935,-0.160764978360403,0.0493625991211382,0.50468865083918
0.18,0.185,0.178890008841428,0.190805619528607,-0.00110999115857184,0.00580561952860709,0.00591077816222633,-0.492522328918016,-0.164337266562251,0.0244371083955537,0.519792272931486
0.18,0.2,0.179931849315435,0.205907425589466,-6.81506845653657e-05,0.005907425589466,0.00590781868466564,-0.49796663273713,-0.165499389833638,-0.00329877581540754,0.524760537975359
0.18,0.215,0.180976418165281,0.22084068062049,0.000976418165281445,0.00584068062048981,0.00592173475799591,-0.492093737215246,-0.164376757310956,-0.0310425335393465,0.519751340473081
0.18,0.23,0.181948569514916,0.235605029205145,0.00194856951491609,0.00560502920514538,0.00593407748053503,-0.475022576122097,-0.160857239903745,-0.0559879212086212,0.504636297733378
0.18,0.245,0.182774419852233,0.25020176801316,0.00277441985223321,0.00520176801316008,0.00589540464931807,-0.447069543319692,-0.154596512011948,-0.0754060006849993,0.479018433432855
0.18,0.26,0.183382673673456,0.264633814914502,0.0033826736734562,0.00463381491450204,0.00573713533420253,-0.408737136786131,-0.145034968028379,-0.0867221763992808,0.442292772099619
0.18,0.275,0.183705840566279,0.278905633724101,0.00370584056627903,0.0039056337241013,0.00538397892729129,-0.360696029323468,-0.131424979555652,-0.0875853562376803,0.393758753147291
0.18,0.29,0.183681296818083,0.293023118521244,0.00368129681808292,0.00302311852124365,0.00476352724945642,-0.303761701798903,-0.112866549005883,-0.0759260068217387,0.332828934100703
0.18,0.305,0.183252155811714,0.306993443525056,0.00325215581171406,0.00199344352505648,0.00381449007224494,-0.238867064622742,-0.0883489095809262,-0.0500007633449346,0.259544208007541
0.18,0.32,0.182367924648254,0.320824886055929,0.002367924648254,0.000824886055929175,0.00250748961016296,-0.16703265186852,-0.056795362661693,-0.00842227620439084,0.176625534535419
0.18,0.335,0.180984938010673,0.334526631024019,0.000984938010672592,-0.000473368975980992,0.00109278592244272,-0.0893359871773927,-0.0171086340846632,0.0498259865741812,0.103712370718797
0.18,0.35,0.179066573146874,0.348108565666914,-0.00093342685312589,-0.0018914343330857,0.00210922012282071,-0.00688161455778448,0.0317857497588867,0.125389305966732,0.129538317519217
0.2,0.05,0.202103435476159,0.0470469723187724,0.00210343547615924,-0.00295302768122763,0.00362557764893566,0.154699879109079,0.122334860182334,-0.245785148981326,0.315132449011531
0.2,0.065,0.200079734642634,0.0635430010880574,7.97346426341383e-05,-0.00145699891194256,0.00145917903035844,0.0699418735734779,0.0654855760310588,-0.164583569712278,0.190441621391958
0.2,0.08,0.19858125413858,0.0799228974007172,-0.00141874586141963,-7.71025992828411e-05,0.00142083941038792,-0.0096340587647546,0.0180143022147431,-0.0990668264108951,0.101151218104958
0.2,0.095,0.197572785935045,0.0961754204090497,-0.00242721406495475,0.00117542040904972,0.00269684653903865,-0.0829501534010524,-0.0209696143773291,-0.0486381047868481,0.0984180892643048
0.2,0.11,0.197012279791321,0.112289758161216,-0.00298772020867864,0.00228975816121579,0.00376423491325941,-0.148962447692592,-0.0523799287068738,-0.0123683871880068,0.15838705985436
0.2,0.125,0.196851022509391,0.128255746560598,-0.00314897749060906,0.00325574656059846,0.00452945304680502,-0.206689456028244,-0.0771169284957694,0.0110028196185886,0.220881584470508
0.2,0.14,0.197034025542838,0.144064091969613,-0.00296597445716248,0.00406409196961255,0.00503128691469782,-0.255241235933402,-0.0960291651352558,0.0230542956933199,0.27368107724461
0.2,0.155,0.197500626472221,0.159706588996688,-0.00249937352777924,0.00470658899668797,0.0053290569536371,-0.293847458402118,-0.109875539379819,0.0256568917705317,0.314765767267984
0.2,0.17,0.198185297885049,0.175176324290781,-0.00181470211495147,0.00517632429078052,0.00548520527686374,-0.321883008400483,-0.119289977260507,0.020934516888168,0.343914784341894
0.2,0.185,0.199018644368488,0.190467856965096,-0.000981355631512353,0.00546785696509633,0.00555522444787368,-0.338889669316427,-0.124750933248051,0.0112134285403851,0.361296522039263
0.2,0.2,0.199928555703842,0.20557736680864,-7.14442961580175e-05,0.00557736680863991,0.0055778243792335,-0.344592593496516,-0.126557758061517,-0.00103822399976498,0.36710006883533
0.2,0.215,0.200841473259825,0.220502762580727,0.000841473259825039,0.00550276258072679,0.00556672913539428,-0.338910528297881,-0.124815572797408,-0.0132778953417083,0.361408368725974
0.2,0.23,0.201683718231708,0.235243744547315,0.00168371823170761,0.00524374454731541,0.00550742807136731,-0.321959136104008,-0.119429728806573,-0.0229599140147889,0.344163709945599
0.2,0.245,0.202382825684858,0.24980181774662,0.00238282568485781,0.0048018177466197,0.00536053280151982,-0.294047180637709,-0.110110257002522,-0.0276069429719206,0.315198995872918
0.2,0.26,0.202868827901971,0.264180255124554,0.00286882790197134,0.00418025512455372,0.00506998091095883,-0.255665809432124,-0.096385990856806,-0.024878037986257,0.274361669981346
0.2,0.275,0.203075434367235,0.27838401243398,0.00307543436723463,0.00338401243398012,0.00457272749029504,-0.207471598345173,-0.0776273619495984,-0.0126299841899632,0.221878456515396
0.2,0.29,0.202941063378265,0.292419599390777,0.00294106337826498,0.00241959939077663,0.003808453098939,-0.150264396314839,-0.053076286790549,0.0110308708913988,0.159744100551654
0.2,0.305,0.202409690878751,0.306294913743438,0.0024096908787512,0.00129491374343832,0.00273558252189222,-0.0849612750811646,-0.0218811431396104,0.04770832906285,0.0998663600713532
0.2,0.32,0.201431494506889,0.320019046562334,0.00143149450688854,1.90465623342573e-05,0.00143162121204906,-0.0125680472035258,0.0168653893131694,0.098688797548486,0.100905295000769
0.2,0.335,0.19996328376188,0.333602067994065,-3.671623812046e-05,-0.00139793200593463,0.00139841409294892,0.0658501636339133,0.0640878746798892,0.164926811686569,0.188797206542214
0.2,0.35,0.197968719422644,0.347054802973033,-0.00203128057735594,-0.00294519702696672,0.00357774877703802,0.149197896289265,0.120691141879101,0.247043140256368,0.312820907574998
