target_x,target_y,gaze_x,gaze_y,error_px_x,error_px_y,error_px_xy,error_deg_x,error_deg_y,error_deg_z,error_deg_xyz
-0.2,0.05,-0.19793496636554,0.0529646169581868,0.00206503363446048,0.00296461695818682,0.00361293753339605,-0.151912417544895,0.122063571248932,-0.248522221704273,0.315817107265896
-0.2,0.065,-0.199937205784558,0.0664554281160786,6.2794215442169e-05,0.00145542811607856,0.00145678210950196,-0.0675151808668357,0.065264103649083,-0.167297266410443,0.191849192360592
-0.2,0.08,-0.201417920709142,0.0800628629997089,-0.00141792070914218,6.28629997089375e-05,0.00141931352919172,0.0115403466554653,0.0179313334065536,-0.101889970889255,0.104097461380468
-0.2,0.095,-0.202412146097129,0.0937981495700212,-0.00241214609712873,-0.00120185042997879,0.00269497555646309,0.0842230077173882,-0.020862204103335,-0.0516504362159984,0.100977803444786
-0.2,0.11,-0.20296171258005,0.107672133412644,-0.00296171258005018,-0.00232786658735577,0.00376705511711136,0.149535709116275,-0.0520623662518459,-0.0155960631893223,0.159105850723736
-0.2,0.125,-0.203115072057172,0.121695067966159,-0.00311507205717231,-0.00330493203384112,0.00454161311316639,0.206542995432645,-0.076595753988493,0.00758545058089327,0.220418958965441
-0.2,0.14,-0.202926916832402,0.135876399535692,-0.00292691683240218,-0.00412360046430806,0.00505677000990166,0.254398881113897,-0.0953306868252191,0.0195204703101049,0.272374593231345
-0.2,0.155,-0.202457586548271,0.150224554757194,-0.00245758654827131,-0.00477544524280628,0.0053707177275747,0.292373588166318,-0.109038937711028,0.0221207205261101,0.312828026839174
-0.2,0.17,-0.201772268995219,0.164746739029405,-0.00177226899521898,-0.00525326097059552,0.00554415802594015,0.319877763857514,-0.11836051387999,0.0175419205724429,0.3415246102174
-0.2,0.185,-0.200940013588403,0.179448754734184,-0.000940013588402833,-0.00555124526581553,0.00563027082364795,0.336482796965946,-0.123773732732753,0.00813103462729712,0.358618380943201
-0.2,0.2,-0.200032588853013,0.194334847840651,-3.25888530129755e-05,-0.00566515215934928,0.0056652458924499,0.341936008495004,-0.125572597949059,-0.00363574306543177,0.364283374468173
-0.2,0.215,-0.199123226297534,0.209407590560204,0.000876773702465989,-0.00559240943979607,0.00566072216838595,0.336169768827257,-0.123853043116915,-0.0152214216860972,0.358583046357177
-0.2,0.23,-0.198285301448928,0.224667806235175,0.00171469855107233,-0.00533219376482517,0.0056011143058047,0.319303959823502,-0.118509011242682,-0.0240997067740171,0.341438933596925
-0.2,0.245,-0.19759100757539,0.24011454058237,0.00240899242460987,-0.00488545941763018,0.00544710549036267,0.291641623541519,-0.109238637640887,-0.0278259346986204,0.312669860702655
-0.2,0.26,-0.19711007822348,0.255745081025695,0.00288992177652032,-0.00425491897430459,0.00514353801894218,0.253658082152457,-0.0955600761285238,-0.0241038840794347,0.272131011159326
-0.2,0.275,-0.196908611004114,0.271555023242132,0.00309138899588572,-0.00344497675786849,0.00462866619947231,0.205984222331218,-0.0768358288992652,-0.0108452330379925,0.220115703944014
-0.2,0.29,-0.197048037602583,0.287538381587315,0.0029519623974168,-0.00246161841268515,0.00384365024494077,0.149384982560063,-0.0523038829554011,0.0137809789095233,0.158875739934971
-0.2,0.305,-0.197584274492769,0.303687737746948,0.00241572550723063,-0.00131226225305235,0.00274913840085775,0.0847343206759006,-0.0211135688253646,0.0513107554907109,0.101284175405111
-0.2,0.32,-0.198567076641939,0.319994420317188,0.00143292335806111,-5.57968281229837e-06,0.00143293422142728,0.0129880682330548,0.0176361266076555,0.1029604223213,0.105264308096892
-0.2,0.335,-0.20003960361514,0.336448706774363,-3.96036151395496e-05,0.00144870677436258,0.00144924799962469,-0.0648439188441232,0.0648580461656882,0.169614920790872,0.19282260347641
-0.2,0.35,-0.202038195390292,0.353040038815837,-0.00203819539029204,0.00304003881583716,0.00366006508832894,-0.147724999278758,0.121440203034785,0.251828471786615,0.316209157543937
-0.18,0.05,-0.179044684154221,0.0519192320958336,0.000955315845779237,0.00191923209583361,0.00214384705678245,0.00502061010315507,0.0337413998865669,-0.130374853617541,0.134763865413386
-0.18,0.065,-0.180967954033909,0.0655392471745096,-0.000967954033908591,0.000539247174509622,0.00110802641077572,0.088288089505503,-0.0153181243668858,-0.0557380523401473,0.105528030918281
-0.18,0.08,-0.182361085191012,0.0792653452113888,-0.00236108519101205,-0.000734654788611233,0.00247273956122472,0.166357783796182,-0.0550856896667718,0.00161940458091953,0.175248371886788
-0.18,0.095,-0.183259414232011,0.0931077570644741,-0.00325941423201076,-0.00189224293552595,0.00376886779588806,0.238192602475841,-0.0866601717383756,0.0423758203688522,0.256985451158447
-0.18,0.11,-0.183705257189459,0.107076383103203,-0.00370525718945879,-0.00292361689679704,0.00471979518615725,0.302786766135442,-0.111161656900986,0.0675803751437105,0.329551431836347
-0.18,0.125,-0.183747739318987,0.121180604647643,-0.00374773931898663,-0.00381939535235662,0.00535101213423047,0.359194293688208,-0.129687282059344,0.0786514578735215,0.389905078529412
-0.18,0.14,-0.183442410669939,0.135429089921678,-0.00344241066993868,-0.00457091007832172,0.00572218578557274,0.406557928720618,-0.143265210265415,0.0773605255186654,0.437949602829807
-0.18,0.155,-0.182850640933828,0.149829601267341,-0.00285064093382784,-0.00517039873265948,0.00590416605358467,0.444137063239568,-0.152809297894311,0.0658008891954035,0.474277823533866
-0.18,0.17,-0.182038799485161,0.164388811180426,-0.00203879948516141,-0.00561118881957429,0.00597010412887497,0.471333127595101,-0.159077217264611,0.0463417962099741,0.499609469376318
-0.18,0.185,-0.181077239907761,0.179112135096283,-0.00107723990776105,-0.00588786490371701,0.00598559929692053,0.487710947072637,-0.162634772597301,0.0215692245738365,0.514566855006679
-0.18,0.2,-0.180039121558333,0.194003588722781,-3.91215583333204e-05,-0.00599641127721945,0.00599653889355276,0.493014734845498,-0.163828865667342,-0.0057841779435497,0.519556284171576
-0.18,0.215,-0.178999112380239,0.209065677019474,0.00100088761976114,-0.00593432298052618,0.00601813636141557,0.487177683926161,-0.162771037769811,-0.0329166962768947,0.514705543912487
-0.18,0.23,-0.178032026078737,0.224299320652426,0.00196797392126252,-0.00570067934757368,0.00603080976143523,0.470324521681976,-0.159332781778924,-0.0570387520763204,0.499847071500991
-0.18,0.245,-0.177211451784388,0.239703823992574,0.00278854821561178,-0.00529617600742616,0.0059854391194321,0.442766855954088,-0.153152955491098,-0.0754534572456468,0.474544864077548
-0.18,0.26,-0.176608434971956,0.255276886602549,0.0033915650280435,-0.00472311339745088,0.00581468086008404,0.404991626378706,-0.143656728993541,-0.0856323231071289,0.438165840363431
-0.18,0.275,-0.176290264467284,0.271014657825455,0.00370973553271585,-0.0039853421745453,0.00544473047734266,0.35764342438468,-0.130084663551191,-0.0852823428553612,0.390005774311883
-0.18,0.29,-0.17631941243627,0.286911831789329,0.00368058756373019,-0.00308816821067096,0.00480452991578614,0.301501817578238,-0.111529837745854,-0.0724013813917444,0.329521638196185
-0.18,0.305,-0.176752663205983,0.302961778067425,0.00324733679401748,-0.00203822193257516,0.0038339985524528,0.237455072008449,-0.0869804731761384,-0.0453197373054716,0.256913415599219
-0.18,0.32,-0.177640453770222,0.31915670154729,0.00235954622977844,-0.000843298452709501,0.00250571560453374,0.166471792995299,-0.0553653015711834,-0.00272678022232662,0.175458353657659
-0.18,0.335,-0.179026435369543,0.335487823871496,0.000973564630457363,0.000487823871495485,0.00108894454371121,0.089571997994295,-0.0155989565139882,0.056317398437597,0.10694916061996
-0.18,0.35,-0.180947252762528,0.351945578330707,-0.000947252762528439,0.00194557833070677,0.00216392302012653,0.00779901576743306,0.0333750644030872,0.132384459453762,0.136749309145306
-0.16,0.05,-0.1600523232597,0.0511028031177011,-5.23232597004208e-05,0.00110280311770113,0.00110404367663467,0.127481744140371,-0.0331286763114938,-0.0151142224667611,0.132580359957793
-0.16,0.065,-0.161903939350181,0.0648591750974301,-0.00190393935018066,-0.000140824902569892,0.00190914030452195,0.208011480322165,-0.0740640409301794,0.0532477287166443,0.227133542834913
-0.16,0.08,-0.163217508093037,0.0787107005761718,-0.00321750809303703,-0.00128929942382822,0.00346621570780622,0.283577358994612,-0.105889537672334,0.102873822987735,0.319706117209593
-0.16,0.095,-0.164028637730477,0.0926665260003824,-0.00402863773047732,-0.0023334739996176,0.00465564419498707,0.353158845413832,-0.129883169481473,0.134465615349272,0.39959036113677
-0.16,0.11,-0.164380086362196,0.106735519704749,-0.00438008636219617,-0.00326448029525089,0.00546278208776244,0.415763469259876,-0.147347841811036,0.149134459650666,0.465631752777035
-0.16,0.125,-0.16432159593292,0.120926107025979,-0.00432159593292017,-0.00407389297402097,0.00593909044982559,0.470455565559664,-0.159560282134531,0.148401475792011,0.51847155671857
-0.16,0.14,-0.163909504717756,0.135246099822911,-0.00390950471775552,-0.00475390017708908,0.00615498123732967,0.516385627242105,-0.167717511418627,0.134181129404879,0.559276620942291
-0.16,0.155,-0.16320613108578,0.149702526097054,-0.00320613108578024,-0.00529747390294603,0.00619213261256578,0.552818772548674,-0.172883881855332,0.108747610893978,0.589344158419318
-0.16,0.17,-0.16227893427625,0.164301466172105,-0.0022789342762503,-0.00569853382789533,0.00613733078977627,0.579160723529459,-0.175941971940738,0.0746843288106631,0.609888499886951
-0.16,0.185,-0.161199471947185,0.179047902287365,-0.00119947194718481,-0.00595209771263479,0.00607175428791676,0.594979713952503,-0.17755062334028,0.0348180691681999,0.621885181169997
-0.16,0.2,-0.160042188185548,0.193945588486563,-4.21881855483702e-05,-0.00605441151343701,0.00605455849893603,0.600022914407081,-0.178113081704438,-0.00785941855279207,0.625953221277657
-0.16,0.215,-0.15888307791565,0.208996947180563,0.00111692208435042,-0.00600305281943737,0.00610607550685911,0.594226273332144,-0.177757575124138,-0.0502785983904392,0.622281578816649
-0.16,0.23,-0.157798283032132,0.22420299777658,0.00220171696786791,-0.00579700222341974,0.00620103155813054,0.577717094008881,-0.176331779419896,-0.0893835163027049,0.610608613517849
-0.16,0.245,-0.156862680865946,0.2395633213519,0.00313731913405434,-0.00543667864810017,0.00627696153179321,0.550809168827338,-0.173411574189529,-0.122222421355493,0.590257330437088
-0.16,0.26,-0.156148526218737,0.255076063525021,0.00385147378126255,-0.00492393647497923,0.00625131991641635,0.513990807468476,-0.168323401293173,-0.146032762574116,0.560220836571429
-0.16,0.275,-0.155724204087405,0.270737975684936,0.0042757959125946,-0.00426202431506356,0.00603715843326591,0.4679065783879,-0.160178526471174,-0.158316185991644,0.519287576464916
-0.16,0.29,-0.155653141796547,0.286544492679188,0.00434685820345292,-0.00345550732081169,0.00555299082343102,0.413333973220107,-0.147916683103315,-0.156900007614486,0.466200740102387
-0.16,0.305,-0.155992917598636,0.302489843154107,0.00400708240136366,-0.00251015684589304,0.00472838204487561,0.35115647371755,-0.130356030527028,-0.139982756553003,0.399874211336127
-0.16,0.32,-0.156794589202729,0.318567187162169,0.00320541079727055,-0.00143281283783103,0.0035110697810656,0.282334624296455,-0.106246124161632,-0.10616261045499,0.319799694102651
-0.16,0.335,-0.158102251511861,0.334768774480879,0.00189774848813876,-0.000231225519121359,0.00191178308521806,0.207876692245632,-0.0743206688800486,-0.0544487621646329,0.227378575412049
-0.16,0.35,-0.159952819520723,0.351086116462021,4.71804792766262e-05,0.00108611646202057,0.0010871407299411,0.128810357283488,-0.0333471691643219,0.0157431681887124,0.133985063942693
-0.14,0.05,-0.140953114159399,0.0504948597996992,-0.000953114159398721,0.00049485979969921,0.00107392402999685,0.214441508307838,-0.0810724272120893,0.0950168815598244,0.248165676519982
-0.14,0.065,-0.142740669963108,0.0643941929159438,-0.00274066996310773,-0.000605807084056248,0.0028068263340958,0.290495075097744,-0.113742640309484,0.157535761777167,0.349489158389181
-0.14,0.08,-0.143983037576099,0.0783773991438749,-0.00398303757609866,-0.00162260085612509,0.00430086292166023,0.361910092733101,-0.137484413028203,0.19990000239125,0.435708394304413
-0.14,0.095,-0.144716066682564,0.0924524594062881,-0.00471606668256414,-0.00254754059371187,0.00536015373203058,0.427708257412332,-0.153757747985076,0.222828994333661,0.506191886390139
-0.14,0.11,-0.144982912167642,0.106627129120487,-0.00498291216764177,-0.00337287087951291,0.00601711489339356,0.486935768119793,-0.164052055013591,0.227490626203544,0.561937750315091
-0.14,0.125,-0.14483387215262,0.120908799289253,-0.00483387215262,-0.0040912007107467,0.00633279111004693,0.538691516336366,-0.169827927016298,0.215503150304068,0.604545344074787
-0.14,0.14,-0.144325997848415,0.13530435205872,-0.00432599784841468,-0.00469564794128029,0.00638461956368101,0.582156032141318,-0.172455799912329,0.188918713035319,0.635878195098402
-0.14,0.155,-0.143522467291363,0.149820015251915,-0.0035224672913627,-0.00517998474808525,0.00626418532684944,0.616619678675639,-0.173154994442963,0.150187494075062,0.65784764022957
-0.14,0.17,-0.14249172855278,0.164461221086519,-0.00249172855277992,-0.00553877891348092,0.00607344902285017,0.641508467893027,-0.172936995668345,0.102102694920685,0.672213107858927
-0.14,0.185,-0.141306432578776,0.179232474731134,-0.00130643257877613,-0.00576752526886604,0.00591363795052554,0.656405879435657,-0.172556844814343,0.0477280540631476,0.680388088069497
-0.14,0.2,-0.140042190402565,0.194137238493141,-4.21904025648775e-05,-0.00586276150685869,0.00586291331305287,0.661069234074822,-0.172476157304862,-0.0096890183130971,0.683271517737028
-0.14,0.215,-0.138776202277131,0.209177837186817,0.00122379772286947,-0.00582216281318261,0.00594939162349454,0.655439484000656,-0.172840544706074,-0.0668143552622939,0.681134636512459
-0.14,0.23,-0.137585816097532,0.224355389552788,0.00241418390246779,-0.00564461044721244,0.00613921094406394,0.639643723460399,-0.173473172215848,-0.120328768640941,0.673588355576466
-0.14,0.245,-0.13654707802367,0.239669769555289,0.00345292197633044,-0.00533023044471061,0.0063509075547,0.613990233851157,-0.173884934541902,-0.167028935276026,0.659638877784991
-0.14,0.26,-0.135733338854104,0.255119599944214,0.00426666114589551,-0.00488040005578633,0.00648249196207859,0.578956419245998,-0.173300431400524,-0.203921845549251,0.637818073640262
-0.14,0.275,-0.135213975373182,0.270702278828937,0.00478602462681753,-0.00429772117106253,0.00643245202024103,0.535170478126721,-0.170697716068908,-0.228307803943334,0.60636048342779
-0.14,0.29,-0.135053277068488,0.286414038254195,0.00494672293151209,-0.00358596174580506,0.00610976181233973,0.483388066756277,-0.164858822206884,-0.237847993761072,0.563397444147378
-0.14,0.305,-0.135309536427345,0.302250032055049,0.00469046357265515,-0.00274996794495085,0.00543716582648185,0.424465472101225,-0.154427434952667,-0.23061391873338,0.507152076277309
-0.14,0.32,-0.13603436676023,0.318204448806263,0.00396563323977031,-0.00179555119373723,0.00435318861085783,0.359330932814786,-0.137969816229197,-0.20511747493347,0.436151907695511
-0.14,0.335,-0.137272256751109,0.334270644535685,0.00272774324889072,-0.00072935546431524,0.0028235691288147,0.288955713608611,-0.114035210433163,-0.160321817874267,0.349575310935847
-0.14,0.35,-0.139060357023603,0.35044128911424,0.000939642976397093,0.000441289114239643,0.00103810645188188,0.214326375811857,-0.0812123879741907,-0.0956344173882121,0.248349120564708
-0.12,0.05,-0.121742707301973,0.0500732054247959,-0.00174270730197312,7.32054247959274e-05,0.00174424418433028,0.266001069573741,-0.11306793712184,0.197626377195328,0.350139249326137
-0.12,0.065,-0.123474050276964,0.0641214624231515,-0.00347405027696365,-0.000878537576848484,0.00358341367983185,0.335769446231906,-0.137618963660093,0.254850053669532,0.443429398543203
-0.12,0.08,-0.124653890007494,0.0782420023257003,-0.00465389000749386,-0.00175799767429967,0.00497486160859719,0.401314148937341,-0.153414348739346,0.290574251907109,0.518675468479532
-0.12,0.095,-0.12531828735373,0.0924415671348206,-0.00531828735372955,-0.00255843286517944,0.00590167426265377,0.461727055232635,-0.162093021272888,0.305530866916061,0.576903755858913
-0.12,0.11,-0.125510746956463,0.106726725972656,-0.00551074695646267,-0.00327327402734445,0.00640957524928527,0.516120877575424,-0.165328465758756,0.30093763277501,0.619904403351005
-0.12,0.125,-0.12528205906473,0.121103764236312,-0.00528205906472987,-0.00389623576368818,0.00656359665804792,0.563655880264716,-0.164763373998569,0.278502074796191,0.649940655831445
-0.12,0.14,-0.124689907137575,0.135578567435821,-0.00468990713757501,-0.00442143256417871,0.00644548639581661,0.603567445044736,-0.161940450797733,0.240405208508685,0.669565632813578
-0.12,0.155,-0.123798232703328,0.150156502932365,-0.00379823270332776,-0.00484349706763491,0.00615516332137633,0.635193025577973,-0.158233364183499,0.189263665068978,0.681420710936134
-0.12,0.17,-0.12267636285366,0.164842303405241,-0.00267636285366021,-0.00515769659475879,0.00581074455539379,0.657996898998414,-0.154782278050458,0.128070393206714,0.68798632646535
-0.12,0.185,-0.12139792093858,0.179639956350486,-0.00139792093857985,-0.00536004364951397,0.00553933668187942,0.671591121834559,-0.152438456101115,0.06011572372778,0.691297197614955
-0.12,0.2,-0.120039556116923,0.194552604198594,-3.95561169233752e-05,-0.00544739580140551,0.00544753941734765,0.675751259380271,-0.151722028940165,-0.0111077813651795,0.6926677160805
-0.12,0.215,-0.118679540788365,0.209582459645879,0.0013204592116349,-0.0054175403541208,0.00557614167844745,0.670425763058234,-0.152796171053046,-0.0820118436556692,0.692494876373748
-0.12,0.23,-0.117396295125121,0.224730740455079,0.00260370487487945,-0.00526925954492126,0.0058774463185311,0.655738304348787,-0.155459716407479,-0.149024447461631,0.690198879862976
-0.12,0.245,-0.116266903711363,0.239997627379612,0.00373309628863683,-0.00500237262038762,0.00624177376499964,0.631982886446827,-0.159158781627433,-0.208700874189003,0.684321202574153
-0.12,0.26,-0.115365689919626,0.255382247806758,0.0046343100803735,-0.00461775219324208,0.00654220645036852,0.599612090730988,-0.163016438860792,-0.257827468514254,0.672747517223155
-0.12,0.275,-0.11476290918132,0.27088268652409,0.00523709081867954,-0.00411731347591041,0.00666178583429481,0.559219306446065,-0.16587807039558,-0.293512496919625,0.65299002141356
-0.12,0.29,-0.114523613032304,0.28649602355624,0.0054763869676962,-0.00350397644376021,0.0065014356213362,0.51151618806818,-0.166368908878465,-0.313259628796001,0.622465123897048
-0.12,0.305,-0.114706723187509,0.302218397566798,0.0052932768124905,-0.00278160243320205,0.00597963974751366,0.457306847730374,-0.162959539818846,-0.315021088045975,0.578728345651552
-0.12,0.32,-0.115364340015216,0.318045091971578,0.00463565998478407,-0.00195490802842159,0.00503100475989791,0.397460392167723,-0.154034865370458,-0.297229169181112,0.519661941376397
-0.12,0.335,-0.116541294502961,0.333970639760834,0.00345870549703906,-0.00102936023916622,0.00360863218092735,0.332883371431984,-0.137962193932043,-0.258806426250126,0.443651502445213
-0.12,0.35,-0.118274938438196,0.349988942254148,0.00172506156180421,-1.10577458520694e-05,0.00172509700184011,0.264493533605317,-0.113154650639223,-0.199156222679074,0.349891962997926
-0.1,0.05,-0.102417232605758,0.0498140604243211,-0.00241723260575799,-0.000185939575678931,0.00242437352653077,0.283546778741444,-0.132388888139483,0.290260349081253,0.426822569893875
-0.1,0.065,-0.104100437928528,0.064016475701927,-0.0041004379285276,-0.000983524298073052,0.00421674178135297,0.345226438772819,-0.149284972878628,0.342846110549246,0.508932663197381
-0.1,0.08,-0.105226703533479,0.0782793179195801,-0.00522670353347943,-0.00172068208041991,0.00550265178334633,0.403181730794773,-0.157582163810986,0.372699891995877,0.571222862436792
-0.1,0.095,-0.105832271193572,0.0926080259235465,-0.00583227119357194,-0.00239197407645349,0.00630372328531278,0.456603637492385,-0.159088439824471,0.380561202467647,0.615326321052344
-0.1,0.11,-0.105960946744053,0.107007918161925,-0.00596094674405273,-0.00299208183807466,0.00666974061048622,0.504700414354842,-0.155651845942333,0.367690122441297,0.643545169766041
-0.1,0.125,-0.105663945297856,0.12148411171857,-0.00566394529785583,-0.00351588828142994,0.00666646433610797,0.546721836897093,-0.149088328863029,0.335873420740922,0.658747168273232
-0.1,0.14,-0.104999496961953,0.136041436399051,-0.00499949696195329,-0.00395856360094893,0.00637692681903579,0.581984321592109,-0.14110497062566,0.287408602510847,0.664247702282615
-0.1,0.155,-0.104032204005569,0.150684345678543,-0.00403220400556864,-0.00431565432145693,0.00590622903084817,0.609895568383356,-0.133223090444283,0.225064298344945,0.663611224671478
-0.1,0.17,-0.102832154666642,0.165416826879521,-0.00283215466664175,-0.0045831731204788,0.00538763175319732,0.62997723707719,-0.126706225544514,0.152017036924934,0.660333092270897
-0.1,0.185,-0.10147381451604,0.180242313377434,-0.00147381451603996,-0.00475768662256626,0.00498073400476637,0.641884166928611,-0.122498092122009,0.0717662827944525,0.657401100493268
-0.1,0.2,-0.100034731845596,0.195163602113898,-3.47318455964068e-05,-0.00483639788610249,0.00483652259519121,0.64541879232759,-0.121175196482609,-0.0119685313545577,0.656808050836665
-0.1,0.215,-0.0985941073972871,0.210182779940505,0.00140589260271291,-0.00481722005949488,0.00501818125539151,0.640539692587079,-0.122917814618951,-0.095363621818324,0.659165305255883
-0.1,0.23,-0.0972312892881522,0.225301162383501,0.00276871071184783,-0.00469883761649925,0.00545388246592547,0.627363626487621,-0.127501669825702,-0.174612571558142,0.663578381038588
-0.1,0.245,-0.0960242599707033,0.240519248218237,0.00397574002929671,-0.00448075178176272,0.0059902959284431,0.60616088968911,-0.134310965126308,-0.246047014535358,0.667843277013226
-0.1,0.26,-0.0950481827325941,0.255836692720683,0.00495181726740594,-0.00416330727931732,0.00646943751432814,0.577344335630222,-0.142371673294988,-0.306249248613202,0.668872079289919
-0.1,0.275,-0.0943740705160808,0.271252301635492,0.00562592948391917,-0.00374769836450789,0.00675990573820125,0.541452871946854,-0.150402372873749,-0.352150517872148,0.663179450605264
-0.1,0.29,-0.0940676303303945,0.286764046878639,0.00593236966960553,-0.00323595312136074,0.00675754411754004,0.499130615633597,-0.156878634081353,-0.381110040699647,0.647295602330084
-0.1,0.305,-0.0941883233391512,0.302369103772433,0.00581167666084878,-0.00263089622756715,0.00637943575643501,0.451103123936941,-0.160106138963468,-0.390971569194445,0.618053780935027
-0.1,0.32,-0.0947886654031138,0.318063908403125,0.00521133459688622,-0.00193609159687522,0.00555935778235167,0.398152218682225,-0.158297431903829,-0.380096140268158,0.572764414054523
-0.1,0.335,-0.0959137770356097,0.333844232577628,0.00408622296439026,-0.00115576742237176,0.00424652993034621,0.341090858283003,-0.149647409162559,-0.347371467378445,0.509319119213983
-0.1,0.35,-0.0976011769726313,0.34970527294885,0.00239882302736874,-0.000294727051150454,0.00241686076374175,0.280739346099941,-0.132403295739859,-0.292199972543386,0.426294353056861
-0.08,0.05,-0.0829733542842354,0.0496922372900906,-0.00297335428423537,-0.000307762709909398,0.00298923963328329,0.269840098446433,-0.142401906481576,0.370510214110453,0.479969944526289
-0.08,0.065,-0.0846166963689354,0.064053238316552,-0.00461669636893536,-0.000946761683448039,0.00471277445335402,0.321721555251163,-0.152438841135788,0.419213992200248,0.549986411911043
-0.08,0.08,-0.0856985874247046,0.0784625911593292,-0.00569858742470464,-0.00153740884067083,0.0059023321306391,0.370454020747164,-0.154011117028667,0.444104245974252,0.598487630414687
-0.08,0.095,-0.0862554199213298,0.0929243777480264,-0.00625541992132977,-0.00207562225197361,0.00659078797451848,0.415355847223702,-0.149078624099014,0.445923966124055,0.627373120327009
-0.08,0.11,-0.0863312509937422,0.107442611839781,-0.00633125099374218,-0.00255738816021883,0.00682824819025999,0.45575938016064,-0.139646810689799,0.425967540807135,0.639273360695478
-0.08,0.125,-0.0859776505255036,0.122021189434141,-0.00597765052550356,-0.00297881056585869,0.00667874375854654,0.491031731666039,-0.12768832927769,0.386088978277199,0.637562047492977
-0.08,0.14,-0.0852533053165428,0.136663834722728,-0.00525330531654276,-0.00333616527727171,0.00622311943530653,0.52059636730698,-0.115059345299709,0.328686427170678,0.626336893886733
-0.08,0.155,-0.0842233697707655,0.151374041943818,-0.00422336977076554,-0.00362595805618243,0.00556636542510555,0.543954326688836,-0.103415420501515,0.256661141198956,0.610294618721804
-0.08,0.17,-0.0829585682040688,0.16615501389763,-0.00295856820406879,-0.00384498610237027,0.00485149914413549,0.560703774151208,-0.0941325170689482,0.173350821631572,0.594393244474237
-0.08,0.185,-0.0815340699273377,0.181009598364287,-0.00153406992733773,-0.00399040163571282,0.00427512289370277,0.570556565619615,-0.08823879770976,0.0824392926205833,0.58319812543016
-0.08,0.2,-0.0800281742970071,0.195940224270263,-2.81742970071015e-05,-0.00405977572973731,0.00405987349147433,0.57335064366706,-0.086362438923879,-0.0121534850058303,0.579948282421426
-0.08,0.215,-0.0785208571100809,0.210948839969498,0.0014791428899191,-0.00405116003050221,0.00431274405472165,0.569057323665424,-0.0886996240265869,-0.10639524502656,0.585676357607288
-0.08,0.23,-0.0770922406349795,0.226036856494575,0.00290775936502051,-0.00396314350542515,0.00491544209298187,0.557782901022795,-0.0950053325773476,-0.196271943811852,0.598893746401164
-0.08,0.245,-0.0758210556174061,0.241205098882696,0.00417894438259393,-0.00379490111730363,0.005644895981586,0.539764442235608,-0.104607667135731,-0.277917179266414,0.616060088094295
-0.08,0.26,-0.0747831643816869,0.256453768667012,0.0052168356183131,-0.00354623133298759,0.00630802112675308,0.515360073463339,-0.116444490263685,-0.347732802383936,0.632516789982497
-0.08,0.275,-0.0740502091907622,0.27178242028086,0.00594979080923776,-0.00321757971914011,0.00676408381990583,0.4850344949375,-0.12911933431323,-0.402493890315341,0.64337853943083
-0.08,0.29,-0.0736884402693588,0.287189953497473,0.00631155973064115,-0.00281004650252722,0.00690884560399323,0.449340775337185,-0.140972113402326,-0.439432734570125,0.644116268091157
-0.08,0.305,-0.0737577643043247,0.30267462308904,0.00624223569567525,-0.00232537691096046,0.00666129749060874,0.408899687700041,-0.150159266635551,-0.456298404499011,0.630839927486482
-0.08,0.32,-0.0743110385087996,0.318234065843178,0.00568896149120038,-0.00176593415682211,0.00595674460545287,0.364377924346314,-0.154737659535531,-0.451390512214898,0.600392961342485
-0.08,0.335,-0.075393619099908,0.333865343995028,0.00460638090009197,-0.00113465600497223,0.00474406884924235,0.316466463196598,-0.152746837610897,-0.4235677794153,0.550358620728824
-0.08,0.35,-0.0770431579188811,0.349565003072608,0.0029568420811189,-0.000434996927391934,0.00298866816818395,0.265860206535554,-0.142284966501603,-0.372233690366183,0.479046885189431
-0.06,0.05,-0.063408319530497,0.0496813443607341,-0.00340831953049703,-0.000318655639265947,0.0034231832317893,0.229021904126881,-0.146331505405151,0.436133271713689,0.513885145726354
-0.06,0.065,-0.0650202415237886,0.0642044836442387,-0.0050202415237886,-0.000795516355761278,0.00508288021002414,0.26958445837743,-0.150627238382155,0.481795214350687,0.572270649498063
-0.06,0.08,-0.066067165806878,0.0787637291401066,-0.00606716580687799,-0.00123627085989345,0.00619183870648866,0.30763819776506,-0.146564823679141,0.502749592653652,0.607357485665013
-0.06,0.095,-0.0665856053813959,0.0933617637143932,-0.00658560538139588,-0.00163823628560678,0.00678631095418925,0.342654606673307,-0.136231729714545,0.499739723543496,0.621059442866323
-0.06,0.11,-0.0666198176576378,0.108001253966192,-0.00661981765763778,-0.0019987460338077,0.00691498167228482,0.374116277877015,-0.121766014201963,0.474085986027449,0.616077211581874
-0.06,0.125,-0.0662216547915471,0.122684833156117,-0.00622165479154707,-0.00231516684388339,0.00663844754895281,0.401533271982542,-0.105272728010634,0.427695937046881,0.596018736066938
-0.06,0.14,-0.0654501665782126,0.137415080274745,-0.00545016657821265,-0.00258491972525501,0.00603209132194454,0.424460141216175,-0.0887343228582786,0.363049352035903,0.56555072316034
-0.06,0.155,-0.0643709459463131,0.152194494094749,-0.00437094594631308,-0.00280550590525144,0.0051938455743304,0.442512671385483,-0.0739203519668726,0.283156101289945,0.530529048642529
-0.06,0.17,-0.0630552220528322,0.167025461304358,-0.00305522205283219,-0.0029745386956424,0.00426406639769905,0.455383296912101,-0.0623024730431555,0.1914866896114,0.497919931174034
-0.06,0.185,-0.0615787223605633,0.181910218322806,-0.0015787223605633,-0.00308978167719379,0.00346974280090974,0.462854131831952,-0.0549809298389907,0.0918774699203685,0.475078533069836
-0.06,0.2,-0.0600203414292837,0.196850807126087,-2.03414292836782e-05,-0.00314919287391266,0.00314925856843283,0.464806660230036,-0.052628208916751,-0.0115852340952303,0.467921354868183
-0.06,0.215,-0.0584606687193682,0.211849026239361,0.00153933128063176,-0.00315097376063908,0.00350687559399637,0.461227335993984,-0.05545443336556,-0.114695887943492,0.478500080587908
-0.06,0.23,-0.0569804387533001,0.22690637894731,0.00301956124669992,-0.00309362105268976,0.00432298986122074,0.452208638209769,-0.0631973640947073,-0.213267725559769,0.503955672073115
-0.06,0.245,-0.0556589732927751,0.242024021505713,0.00434102670722493,-0.00297597849428688,0.00526317023012729,0.43794548236193,-0.075137825730921,-0.303269563805613,0.537974435246494
-0.06,0.26,-0.0545726858411322,0.257202714664645,0.0054273141588678,-0.00279728533535537,0.00610577957565134,0.418727254960172,-0.0901392170458447,-0.380953183868967,0.573223919201653
-0.06,0.275,-0.0537937138000193,0.272442781986592,0.0062062861999807,-0.00255721801340769,0.00671247736414565,0.394926070905162,-0.106707782747688,-0.442963953167912,0.602970622569997
-0.06,0.29,-0.053388733568623,0.287744078190005,0.00661126643137699,-0.00225592180999448,0.00698555846296208,0.366982121063594,-0.123068761987061,-0.486428985184215,0.621641975582311
-0.06,0.305,-0.0534179999691806,0.303105970186453,0.00658200003081935,-0.0018940298135465,0.00684909288448543,0.335387134414737,-0.137252555475622,-0.509019198579706,0.624841746295311
-0.06,0.32,-0.0539346353254243,0.318527332555658,0.00606536467457566,-0.00147266744434238,0.00624158617958739,0.30066703147831,-0.14718474354641,-0.508983886164298,0.609206127176529
-0.06,0.335,-0.0549841769502009,0.3340065581482,0.00501582304979914,-0.000993441851799531,0.00511325802006932,0.26336479939038,-0.150774103808882,-0.485158522778245,0.572254630755762
-0.06,0.35,-0.05660437637431,0.349541583380569,0.00339562362568999,-0.000458416619430968,0.00342642752795306,0.224024468096668,-0.145993606679062,-0.436948351411205,0.512276005184212
-0.04,0.05,-0.0437199996766152,0.0497540150304993,-0.00371999967661518,-0.000245984969500679,0.00372812368346831,0.166516709751654,-0.147013272309428,0.485177278699429,0.533610126157434
-0.04,0.065,-0.0453090811979744,0.0644419146802471,-0.00530908119797441,-0.000558085319752877,0.00533833329708899,0.194521097875306,-0.146973325138462,0.528704366449085,0.58221202294178
-0.04,0.08,-0.0463306145078769,0.0791535547407428,-0.00633061450787686,-0.000846445259257173,0.0063869515125966,0.220707944587427,-0.138650186260314,0.546849373936037,0.605791653508313
-0.04,0.095,-0.0468212030108667,0.0938901894028351,-0.00682120301086669,-0.00110981059716486,0.00691089647419467,0.244723257347287,-0.124228056013887,0.54035384454335,0.606059225387607
-0.04,0.11,-0.0468252524389041,0.108653108145761,-0.00682525243890411,-0.00134689185423903,0.00695688066030904,0.266221683117776,-0.105945840952216,0.510555768599745,0.5854645002782
-0.04,0.125,-0.0463948227570206,0.123443651932113,-0.00639482275702059,-0.00155634806788699,0.00658148747640866,0.284877659038948,-0.0860095606187366,0.459401230344643,0.547361575365134
-0.04,0.14,-0.0455892300244622,0.13826322622071,-0.00558923002446218,-0.00173677377928991,0.00585285190542,0.300396993696501,-0.0664982292181518,0.389429935796358,0.496303922366445
-0.04,0.155,-0.0444743880150518,0.15311330808767,-0.00447438801505176,-0.0018866919123299,0.00485589893647818,0.312528222956189,-0.0492687923564198,0.30373234581298,0.438583607980771
-0.04,0.17,-0.0431218944927447,0.167995444855596,-0.00312189449274475,-0.00200455514440384,0.00371004940004657,0.321073017867167,-0.0358664870883809,0.205878150734466,0.383093523051477
-0.04,0.185,-0.0416078837109797,0.182911242133957,-0.00160788371097971,-0.00208875786604332,0.00263594374958794,0.325894912586491,-0.0274471930310492,0.0998181344540841,0.341942757585741
-0.04,0.2,-0.0400116832842222,0.197862340040737,-1.16832842221875e-05,-0.0021376599592631,0.00213769188625651,0.326925697030251,-0.024717847886693,-0.010236166246726,0.328018987806859
-0.04,0.215,-0.0384143283691014,0.212850377494799,0.00158567163089856,-0.00214962250520134,0.00267118539901381,0.324168961581633,-0.0278998007246642,-0.119948498410294,0.346773591671753
-0.04,0.23,-0.0368969973296822,0.227876945784998,0.00310300267031776,-0.00212305421500233,0.00375978520288571,0.317700493272842,-0.0367181756257611,-0.22500156579726,0.391034686412018
-0.04,0.245,-0.0355394394587505,0.242943533855486,0.00446056054124946,-0.00205646614451432,0.00491178718448645,0.307665470621376,-0.0504181247429852,-0.321239504723193,0.447655970497742
-0.04,0.26,-0.0344184659726505,0.258051468824166,0.0055815340273495,-0.00194853117583429,0.00591187752255224,0.294272661166342,-0.0678065436642249,-0.40480045293743,0.505033844984211
-0.04,0.275,-0.0336065704512084,0.27320185592854,0.00639342954879162,-0.00179814407146009,0.00664148051996607,0.277786056909405,-0.0873157036112513,-0.472231500814165,0.554791961682942
-0.04,0.29,-0.033170734629002,0.288395522305012,0.00682926537099804,-0.00160447769498781,0.00701521305315999,0.258514566155955,-0.107083590993876,-0.520580042862916,0.591018912269621
-0.04,0.305,-0.0331714613600108,0.30363296873909,0.00682853863998917,-0.00136703126091001,0.00696403004201808,0.23680048008481,-0.125044716152356,-0.547457743841584,0.609445757769433
-0.04,0.32,-0.0336620602300625,0.318914332814148,0.00633793976993755,-0.00108566718585193,0.00643025300946951,0.213007474092118,-0.13902483746616,-0.551075709668315,0.606949727891589
-0.04,0.335,-0.0346881944985799,0.334239365812387,0.0053118055014201,-0.000760634187612547,0.00536598938242351,0.187508846833089,-0.146833402883616,-0.530251705046324,0.581282534315306
-0.04,0.35,-0.0362876823981065,0.349607424560564,0.0037123176018935,-0.000392575439436299,0.00373301720502021,0.160676606844732,-0.146348412982529,-0.484392147849594,0.530916754055883
-0.02,0.05,-0.0239069226505624,0.0498821579912514,-0.00390692265056244,-0.000117842008748648,0.00390869944310173,0.0888327310481497,-0.146661031240642,0.516097521035776,0.543837828680727
-0.02,0.065,-0.0254818460440438,0.0647364685793457,-0.00548184604404375,-0.000263531420654273,0.00548817682479985,0.103402281814697,-0.143919099026447,0.558444037653846,0.585890325304369
-0.02,0.08,-0.0264876899000722,0.0796020849794067,-0.00648768990007217,-0.000397915020593276,0.00649988127607822,0.116881108563946,-0.132934911659967,0.574978631670064,0.601611699106055
-0.02,0.095,-0.0269611178706618,0.0944788162875822,-0.00696111787066184,-0.000521183712417828,0.00698060129726209,0.129105080324203,-0.11595333568398,0.566439940172679,0.592427742886202
-0.02,0.11,-0.0269466313374975,0.109366558111716,-0.00694663133749751,-0.000633441888284125,0.00697545235557777,0.139916576912312,-0.0952767504896534,0.534175268219101,0.560357053749374
-0.02,0.125,-0.0264964221120777,0.12426534235628,-0.00649642211207767,-0.000734657643720493,0.00653783007669736,0.149169853448067,-0.0731749424645346,0.480153274084396,0.508089633566247
-0.02,0.14,-0.0256699735137836,0.139175384568021,-0.00566997351378355,-0.000824615431979203,0.00572962391939168,0.156736536177586,-0.0517881242073707,0.406949878456967,0.439155438676544
-0.02,0.155,-0.0245333994401257,0.154097124539078,-0.00453339944012571,-0.000902875460921548,0.00462243383745688,0.162510926186197,-0.0330288428965174,0.317704998244896,0.358381905591219
-0.02,0.17,-0.0231585263006396,0.169031255877793,-0.00315852630063956,-0.000968744122206905,0.00330374841144755,0.16641475573339,-0.0184893744443718,0.216049777771089,0.273337476518533
-0.02,0.185,-0.0216217395048023,0.183978740722179,-0.00162173950480227,-0.00102125927782071,0.0019165097270745,0.168401048760539,-0.00936142258800263,0.106006381726369,0.199208288985421
-0.02,0.2,-0.0200026329049698,0.198940806789071,-2.63290496983175e-06,-0.00105919321092865,0.00105919648331456,0.168456775054309,-0.00637443935010028,-0.00813513821738522,0.168773574973813
-0.02,0.215,-0.0183825145490142,0.213918925357552,0.0016174854509858,-0.00108107464244789,0.00194550290842614,0.16660406793137,-0.00975764293221375,-0.121956207284205,0.2067014510816
-0.02,0.23,-0.0168428334212559,0.228914770520287,0.00315716657874412,-0.00108522947971262,0.00333847627362787,0.162899882392873,-0.0192289383898096,-0.231057009803128,0.283361305036586
-0.02,0.245,-0.0154635983101802,0.243930161774882,0.00453640168981981,-0.00106983822511783,0.00466084693154831,0.157434096270476,-0.0340116631173435,-0.331202569698071,0.368290506381669
-0.02,0.26,-0.0143218605914996,0.2589669936653,0.00567813940850036,-0.00103300633470016,0.00577134033218415,0.150326182554388,-0.0528776768476068,-0.418458635884909,0.447775234149842
-0.02,0.275,-0.0134903275859932,0.274027157359346,0.00650967241400675,-0.000972842640654031,0.00658196458066702,0.141720694299674,-0.0742131098127792,-0.489309413049338,0.514798820357941
-0.02,0.29,-0.0130361627919194,0.28911245974082,0.00696383720808058,-0.000887540259179947,0.0070201678307796,0.13178188415761,-0.0961013522505367,-0.540750976140627,0.564815134825848
-0.02,0.305,-0.013020015068019,0.304224545640728,0.00697998493198104,-0.000775454359271788,0.00702292810115525,0.120687830631398,-0.11641680383654,-0.570356482533251,0.594498202423117
-0.02,0.32,-0.0134953023124093,0.319364828303952,0.00650469768759065,-0.000635171696047876,0.00653563578318189,0.108624447803001,-0.132922581912783,-0.576311764036872,0.601337053647275
-0.02,0.335,-0.0145077582666133,0.334534432188623,0.00549224173338675,-0.000465567811376605,0.00551193910025728,0.0957797191339752,-0.143365768030945,-0.55742220202998,0.583480892234381
-0.02,0.35,-0.0160952352837807,0.349734150863924,0.00390476471621928,-0.000265849136076302,0.00391380419185523,0.0823384515825954,-0.145564722351824,-0.51309374481235,0.539662906878692
0,0.05,-0.00396829574316709,0.0500372232958279,-0.00396829574316709,3.72232958278651e-05,0.00396847031978196,0.00326660115343276,-0.146675237995015,0.52785417976787,0.547865511081332
0,0.065,-0.00553781116201657,0.0650585983205213,-0.00553781116201657,5.85983205212692e-05,0.00553812118225335,0.00394779633706218,-0.14301268080645,0.570000862950634,0.58768377863461
0,0.08,-0.00653774883861036,0.0800788277666446,-0.00653774883861036,7.88277666446124e-05,0.00653822404736525,0.00428384712210334,-0.131113582865172,0.586166778021652,0.600669559059109
0,0.095,-0.00700480243654272,0.0950962728086332,-0.00700480243654272,9.62728086332243e-05,0.00700546398382555,0.00430849363769375,-0.113244018553851,0.577087244214225,0.588111804896654
0,0.11,-0.00698351577922654,0.110109432040096,-0.00698351577922654,0.000109432040095864,0.00698437312935854,0.00406004125893214,-0.0917287936365658,0.544110734090569,0.551805672300406
0,0.125,-0.00652613557197176,0.125117024769783,-0.00652613557197176,0.000117024769783369,0.00652718471475245,0.00358063392573892,-0.068860467620185,0.489212013145474,0.49404907762139
0,0.14,-0.00569221190395595,0.140118072609098,-0.00569221190395595,0.000118072609098241,0.00569343635255169,0.0029153255351209,-0.0468013644797796,0.414978271233898,0.417620167834341
0,0.155,-0.00454793612991168,0.155111973515437,-0.00454793612991168,0.000111973515437264,0.00454931435602283,0.00211097722163619,-0.0274843988758802,0.324565795271299,0.325734692111576
0,0.17,-0.0031652209881561,0.170098562293751,-0.0031652209881561,9.85622937507147e-05,0.00316675518940339,0.00121502367227059,-0.0125193952754472,0.221626827601963,0.221983611763195
0,0.185,-0.00162054472043167,0.18507815203523,-0.00162054472043167,7.81520352299003e-05,0.0016224280974914,0.000274163778101154,-0.00311180912377774,0.110208673557461,0.110252954615361
0,0.2,6.40230786335124e-06,0.200051552108868,6.40230786335124e-06,5.15521088676751e-05,5.19481421677596e-05,-0.000666954941958577,-2.5556848431926e-07,-0.0053703968180757,0.00541165326659697
0,0.215,0.00163421497011442,0.215020060016596,0.00163421497011442,2.00600165956577e-05,0.00163433808399973,-0.00156698985513164,-0.00341799752239622,-0.120661694234007,0.120720288317327
0,0.23,0.00318134984551623,0.229985426562276,0.00318134984551623,-1.45734377238194e-05,0.00318138322505372,-0.00238902245668319,-0.0130816503051668,-0.231234701549826,0.23161691919944
0,0.245,0.0045677094655395,0.244949796030779,0.0045677094655395,-5.02039692208966e-05,0.00456798535462896,-0.0031014834969221,-0.0282080450400182,-0.332824487699593,0.334032586206371
0,0.26,0.00571616233460352,0.259915625240537,0.00571616233460352,-8.43747594629074e-05,0.00571678501743545,-0.00367883674198313,-0.0475577559987006,-0.421468844659597,0.424160444497329
0,0.275,0.00655393191369209,0.274885587044413,0.00655393191369209,-0.000114412955586923,0.00655493049953375,-0.0041019936879481,-0.0695015591732622,-0.493627097042823,0.498514364674895
0,0.29,0.00701379812123559,0.289862464982778,0.00701379812123559,-0.000137535017221635,0.00701514646792282,-0.0043584488521484,-0.0921043333917335,-0.546274346150502,0.554003841871693
0,0.305,0.00703506922566527,0.304849046193092,0.00703506922566527,-0.00015095380690841,0.00703668857217105,-0.00444214919090109,-0.113219837333091,-0.576967226716208,0.58799037340735
0,0.32,0.00656429855667906,0.31984801932315,0.00656429855667906,-0.000151980676850433,0.00656605769601172,-0.00435312474209719,-0.130589472379746,-0.583879743255487,0.598323798475007
0,0.335,0.00555573745222282,0.334861883250779,0.00555573745222282,-0.000138116749221151,0.00555745399211246,-0.00409692292863439,-0.141938530664444,-0.565810109063748,0.583358680884287
0,0.35,0.00397153168092618,0.349892871016009,0.00397153168092618,-0.000107128983991012,0.00397297627878789,-0.00368389612958939,-0.145064393331885,-0.522161488663899,0.54195208220386
0.02,0.05,0.0160959820046991,0.0501904783771254,-0.00390401799530088,0.000190478377125353,0.00390866198587002,-0.082465189417589,-0.147516881703366,0.519979026022391,0.546756064343773
0.02,0.065,0.0145230923515474,0.0653785651380271,-0.00547690764845263,0.000378565138027143,0.00548997531446257,-0.0956700215915475,-0.144767930908597,0.56291165646579,0.589052710786961
0.02,0.08,0.0135192409213499,0.0805530902553879,-0.00648075907865014,0.000553090255387911,0.00650431757113007,-0.108473046549146,-0.133752866123129,0.579961854989921,0.604992053653632
0.02,0.095,0.0130477344424329,0.0957109778260399,-0.00695226555756712,0.000710977826039932,0.00698852529880621,-0.120642666380146,-0.116718307119549,0.571861568815518,0.595992175190049
0.02,0.11,0.0130640401719375,0.1108493400079,-0.0069359598280625,0.000849340007899796,0.0069877691136382,-0.131944685681204,-0.0959691221934784,0.539952441496074,0.564066202969764
0.02,0.125,0.0135159339576766,0.125965593297502,-0.00648406604232338,0.000965593297502121,0.00655556884315863,-0.142149130604183,-0.0737782748066907,0.486198786754174,0.511899025645097
0.02,0.14,0.0143439000863312,0.141057573825504,-0.00565609991366876,0.00105757382550417,0.0057541227506715,-0.15103760125099,-0.0522897474716168,0.413173756736602,0.443012534483386
0.02,0.155,0.0154817932179769,0.156123644319072,-0.00451820678202311,0.00112364431907247,0.00465583172815593,-0.158410778706142,-0.033420309012703,0.324016286076242,0.362212482463172
0.02,0.17,0.0168577575379182,0.171162785070914,-0.00314224246208183,0.00116278507091441,0.00335048605603001,-0.164095648885443,-0.0187667281623194,0.222358460500152,0.276989181108409
0.02,0.185,0.0183953813261235,0.186174661757928,-0.00160461867387646,0.00117466175792769,0.00198862548864556,-0.167951976124616,-0.0095252645655461,0.112225360354136,0.202220599612506
0.02,0.2,0.020015048513933,0.201159664164385,1.50485139329978e-05,0.00115966416438476,0.00115976179965103,-0.169877586171915,-0.00642976930759326,-0.0020881202831766,0.17001211036695
0.02,0.215,0.0216354337943663,0.216118911877879,0.00163543379436628,0.0011189118778793,0.00198156692700869,-0.169812085808953,-0.00971348909742633,-0.116156784714732,0.205968300178404
0.02,0.23,0.0231750765357318,0.231054225515394,0.00317507653573183,0.00105422551539361,0.00334551975708734,-0.167738754789511,-0.0190977974351231,-0.225572654287685,0.281752015180483
0.02,0.245,0.0245539623565518,0.245968064812082,0.00455396235655177,0.000968064812082337,0.00465571934563098,-0.163684492487142,-0.0338087906291128,-0.326091364161182,0.366431006934972
0.02,0.26,0.0256950404978016,0.260863437542574,0.0056950404978016,0.00086343754257362,0.00576012245195585,-0.157717853667884,-0.0526202795580984,-0.413768414428874,0.445925015785664
0.02,0.275,0.0265256103686862,0.275743785506562,0.00652561036868615,0.000743785506562428,0.00656786171928707,-0.149945356403209,-0.0739194964798616,-0.485077293720366,0.51307839743881
0.02,0.29,0.0269785209488517,0.2906128553741,0.00697852094885168,0.00061285537410033,0.00700537981433736,-0.140506371096576,-0.0957900993923092,-0.537003282438404,0.563287550377034
0.02,0.305,0.0269931410355233,0.305474562897541,0.00699314103552326,0.00047456289754072,0.0070092247421838,-0.129566981498284,-0.116105986442328,-0.567109027053239,0.593198107328979
0.02,0.32,0.0265160747970051,0.320332858852176,0.00651607479700508,0.000332858852176182,0.00652457092655424,-0.117313253744493,-0.132629108612475,-0.573570444900046,0.600282626165643
0.02,0.335,0.0255016141080906,0.33519160419903,0.00550161410809064,0.000191604199030415,0.00550494958772812,-0.103944339517799,-0.14310484737584,-0.55518384962748,0.582679548347317
0.02,0.35,0.0239119348362819,0.350054460434358,0.00391193483628191,5.44604343579169e-05,0.00391231390640199,-0.0896658039435669,-0.145349473501774,-0.511347150855676,0.539114532252175
0.04,0.05,0.0362853181739962,0.0503132878092291,-0.00371468182600376,0.000313287809229096,0.00372786940756436,-0.160635083408805,-0.148663704655531,0.492603623710178,0.539040815132306
0.04,0.065,0.0347002762682647,0.0656667349741178,-0.00529972373173526,0.000666734974117761,0.00534149858732825,-0.18726703199524,-0.148615445924177,0.537291716736594,0.588082406703619
0.04,0.08,0.0336827001860082,0.0809942914780932,-0.00631729981399176,0.000994291478093184,0.0063950678247591,-0.212766242399422,-0.140237204490843,0.556458452039665,0.612033919083973
0.04,0.095,0.0331959276892641,0.0962914686556351,-0.0068040723107359,0.00129146865563509,0.00692555350121641,-0.236711306588997,-0.125716598183501,0.55083229143729,0.612581989311363
0.04,0.11,0.033195490757203,0.111554016298643,-0.00680450924279699,0.00155401629864255,0.00697970720673556,-0.25868041729622,-0.107297379510405,0.521740173049448,0.592152189221411
0.04,0.125,0.0336292652095174,0.126778071000363,-0.00637073479048264,0.00177807100036326,0.00661421183913841,-0.278263974244975,-0.0871917489951072,0.47111971861351,0.55406626141704
0.04,0.14,0.0344378706560765,0.141960304156177,-0.00556212934392349,0.00196030415617651,0.00589746345671235,-0.295078020392672,-0.0674860514745081,0.401505264693984,0.502825521977165
0.04,0.155,0.0355553309022691,0.157098060859604,-0.00444466909773089,0.00209806085960448,0.00491497128770131,-0.308777797017003,-0.0500454390412523,0.315985401011179,0.444630228033319
0.04,0.17,0.0369099897976412,0.17218948045112,-0.00309001020235883,0.00218948045112016,0.00378708168601088,-0.319070610211973,-0.0364238817523763,0.218131711091389,0.388220006517845
0.04,0.185,0.0384256608456915,0.187233589964784,-0.00157433915430847,0.00223358996478371,0.00273266681166423,-0.325727163431586,-0.0277861165432809,0.111900731668791,0.345532037392248
0.04,0.2,0.0400229723118849,0.202230363065837,2.29723118849067e-05,0.00223036306583654,0.00223048136790271,-0.328590566106725,-0.0248476377881296,0.00151351786457621,0.329532631642658
0.04,0.215,0.0416208547489502,0.21718073933886,0.00162085474895019,0.00218073933886009,0.0027171297689375,-0.327582365893357,-0.0278376375761683,-0.108680681617135,0.346261456097886
0.04,0.23,0.0431381066410391,0.232086601625055,0.00313810664103913,0.00208660162505483,0.00376850363303731,-0.322705164113736,-0.0364880029100904,-0.214348562224995,0.389121941582255
0.04,0.245,0.044494967548035,0.246950712359306,0.00449496754803498,0.00195071235930605,0.00490000122108525,-0.314041640795518,-0.0500492790342731,-0.311315851852347,0.445023187869694
0.04,0.26,0.0456146274329166,0.261776612978926,0.00561462743291657,0.00177661297892559,0.00588900627333222,-0.301750101053438,-0.0673321934785159,-0.395700592316932,0.502162643669209
0.04,0.275,0.0464246060213641,0.276568493238599,0.0064246060213641,0.00156849323859859,0.00661329974893603,-0.286056923132479,-0.0867712066011416,-0.464028855825037,0.551980924589639
0.04,0.29,0.0468579463020368,0.291331039210334,0.00685794630203684,0.00133103921033409,0.00698592104600872,-0.267246505681225,-0.106504877026337,-0.513326852604184,0.588448370682463
0.04,0.305,0.046854180419466,0.306069269851968,0.00685418041946598,0.00106926985196812,0.00693708348219327,-0.245649465332824,-0.124466793820399,-0.541185604473294,0.607223972064859
0.04,0.32,0.0463600425646397,0.320788372024961,0.00636004256463971,0.000788372024960848,0.00640871842678157,-0.221629891595587,-0.138480499976433,-0.545796726792457,0.605139759676449
0.04,0.335,0.0453299203025176,0.33549354305031,0.00532992030251764,0.000493543050309769,0.00535272222086097,-0.195572453727232,-0.146352186018576,-0.525960139091589,0.579917654458322
0.04,0.35,0.0437260514169764,0.350189848326963,0.00372605141697638,0.000189848326963005,0.003730884821219,-0.167870062393183,-0.145955830835443,-0.481066417051886,0.530009776458608
0.06,0.05,0.0565984361653592,0.0503773903759922,-0.0034015638346408,0.000377390375992215,0.00342243480829478,-0.223914158289284,-0.148654782107695,0.446445813926931,0.521106065186559
0.06,0.065,0.0549925045492982,0.0658938719987412,-0.00500749545070175,0.000893871998741219,0.00508665094526176,-0.263089064594331,-0.152951816627133,0.493822002644688,0.580063064091726
0.06,0.08,0.0539514476699953,0.0813722718184749,-0.00604855233000468,0.00137227181847485,0.00620226694302859,-0.300433115937702,-0.148822748712618,0.516285971514993,0.615599803153254
0.06,0.095,0.0534386652759114,0.0968067256814731,-0.00656133472408857,0.00180672568147305,0.00680553973242569,-0.335350505644665,-0.13835995848639,0.514562133333688,0.629588450665811
0.06,0.11,0.0534098076006957,0.112191658086901,-0.00659019239930428,0.00219165808690133,0.00694507026816345,-0.367247617772414,-0.123708455865936,0.489954939290773,0.624687364206538
0.06,0.125,0.0538129273046442,0.127521961225391,-0.00618707269535577,0.00252196122539142,0.00668132898157206,-0.395550843131844,-0.106982148459336,0.444359796279513,0.604454023708946
0.06,0.14,0.0545888792491117,0.142793174308973,-0.0054111207508883,0.00279317430897319,0.0060895033049504,-0.419725451921712,-0.0901739833174009,0.380248824878345,0.573491688653166
0.06,0.155,0.0556719780035288,0.158001652963877,-0.0043280219964712,0.00300165296387733,0.00526703853389095,-0.439294526765145,-0.0750652576134326,0.300629311223109,0.537582158362492
0.06,0.17,0.0569909078779159,0.173144718055774,-0.00300909212208415,0.00314471805577449,0.00435245758732959,-0.453856820432487,-0.0631401252396089,0.208974621682825,0.503631526531454
0.06,0.185,0.0584698639840012,0.188220773640811,-0.00153013601599879,0.00322077364081053,0.0035657676694923,-0.463102372243347,-0.0555115080611439,0.109129546884813,0.479015583477289
0.06,0.2,0.0600298863514243,0.203229385307901,2.9886351424261e-05,0.00322938530790112,0.00322952359658342,-0.466824791172263,-0.0528641505626862,0.00519428475669482,0.469838505930049
0.06,0.215,0.0615903346513144,0.218171312595493,0.00159033465131437,0.00317131259549339,0.00354772996175106,-0.464929317471073,-0.0554194282444041,-0.0986067350933643,0.478492635425235
0.06,0.23,0.0630704399857519,0.233048492408208,0.00307043998575193,0.00304849240820845,0.00432676642182229,-0.457436070995634,-0.062924828869731,-0.198063499334325,0.502432145214651
0.06,0.245,0.06439086396883,0.24786397396138,0.00439086396883001,0.00286397396138002,0.0052423308980102,-0.444478267033658,-0.0746689657722351,-0.289118102296151,0.535469652117077
0.06,0.26,0.0654751947314995,0.262621809455259,0.00547519473149953,0.00262180945525894,0.00607055534259638,-0.426295575778543,-0.0895208138462843,-0.367993151426335,0.570231126380704
0.06,0.275,0.0662513144530453,0.277326907766266,0.00625131445304528,0.00232690776626573,0.00667033973224457,-0.403223171960603,-0.105989860599834,-0.431303483721786,0.599873952694242
0.06,0.29,0.0666525832408719,0.291984860946447,0.0066525832408719,0.00198486094644673,0.00694237255939632,-0.375677324835072,-0.122302286285733,-0.476145415167731,0.618715991359425
0.06,0.305,0.0666187980100069,0.306601754566295,0.00661879801000692,0.00160175456629527,0.00680985350708217,-0.344138578007607,-0.136487299866308,-0.500159818203097,0.622273086256749
0.06,0.32,0.0660969012048311,0.321183973287912,0.00609690120483114,0.00118397328791184,0.00621079681264491,-0.309133655173666,-0.146467434483008,-0.501567572171739,0.607115972697721
0.06,0.335,0.0650414307539948,0.335738012211752,0.00504143075399485,0.000738012211751793,0.00509516300740417,-0.271217200693833,-0.150146918327706,-0.479178089040626,0.570716392929847
0.06,0.35,0.0634147181002119,0.350270303015292,0.00341471810021191,0.000270303015291629,0.00342539974659755,-0.23095433749913,-0.145493061620855,-0.43237342229467,0.511328317801266
0.08,0.05,0.0770333949293689,0.0503551672007223,-0.0029666050706311,0.000355167200722262,0.00298779005044916,-0.265743288329882,-0.145217501235619,0.382756444436741,0.488069210424784
0.08,0.065,0.0753979128317799,0.0660314223924617,-0.00460208716822011,0.00103142239246173,0.0047162525860653,-0.316211265833412,-0.155280429045367,0.43369711720691,0.558746131915509
0.08,0.08,0.0743237189462797,0.0816575919559625,-0.00567628105372031,0.00165759195596249,0.00591335587406134,-0.3641986768087,-0.156792033830411,0.460559095297274,0.607735601348997
0.08,0.095,0.0737743063040605,0.0972264857339413,-0.00622569369593948,0.0022264857339413,0.00661184548512022,-0.408956831682945,-0.151718374943025,0.464061431928316,0.636884090385699
0.08,0.11,0.073705496617828,0.112731252164265,-0.00629450338217205,0.00273125216426462,0.00686152397160977,-0.449742294955575,-0.142073613391269,0.445478423215601,0.64877466527083
0.08,0.125,0.0740655951705036,0.128165586367203,-0.00593440482949638,0.00316558636720321,0.00672592727648558,-0.485839112969471,-0.129841483688934,0.406648830571094,0.646735005194992
0.08,0.14,0.0747957901614554,0.143523938953729,-0.00520420983854455,0.00352393895372854,0.00628505734207806,-0.516582240673015,-0.116891270009394,0.349961293195856,0.634821084852842
0.08,0.155,0.0758308059080248,0.158801714148252,-0.00416919409197518,0.00380171414825237,0.00564226991924198,-0.541380934304593,-0.104893204943796,0.278314003530708,0.61770403973557
0.08,0.17,0.0770998046561803,0.173995445161332,-0.00290019534381969,0.00399544516133243,0.00493707555841798,-0.559740719459361,-0.09523885971893,0.195048507909848,0.600356003991902
0.08,0.185,0.0785275155713926,0.189102935217007,-0.00147248442860741,0.00410293521700728,0.00435916136285981,-0.571282511041125,-0.088972240764517,0.103859535981385,0.587426244642957
0.08,0.2,0.0800355534966331,0.204123354195642,3.55534966331055e-05,0.00412335419564241,0.00412350747226736,-0.575757563799581,-0.0867368607841183,0.0086848304598049,0.582321561081136
0.08,0.215,0.0815438758590044,0.219057283550345,0.0015438758590044,0.00405728355034474,0.00434109461724973,-0.573057180824747,-0.0887430102378034,-0.0864192096652634,0.586294408608087
0.08,0.23,0.0829723151914638,0.233906705644623,0.00297231519146378,0.00390670564462325,0.00490887019497741,-0.56321647351205,-0.0947579042840417,-0.177408897067284,0.598054362586538
0.08,0.245,0.0842421187798128,0.248674937730716,0.00424211877981284,0.00367493773071625,0.00561255192106788,-0.546411920069992,-0.104119497644015,-0.260383775349058,0.614174387753121
0.08,0.26,0.0852774262175575,0.263366514721408,0.00527742621755749,0.00336651472140803,0.00625976428080324,-0.522952946623163,-0.115772777553655,-0.331708512304035,0.630014013124975
0.08,0.275,0.0860066206778923,0.277987028598303,0.00600662067789232,0.0029870285983033,0.00670834046655097,-0.493268207430521,-0.128325516680953,-0.388119245840346,0.640641699885276
0.08,0.29,0.0863634995476968,0.292542934987041,0.00636349954769683,0.00254293498704133,0.00685278372939469,-0.457887603718673,-0.140119014945901,-0.426808942890515,0.641455039285509
0.08,0.305,0.0862882237325886,0.307041339091768,0.00628822373258855,0.00204133909176751,0.00661126485618812,-0.417421328699346,-0.149308440788337,-0.445488243070159,0.628488115598159
0.08,0.32,0.0857280207339304,0.321489773662652,0.00572802073393042,0.00148977366265179,0.00591858488950422,-0.372537330436855,-0.153947065957916,-0.442420344326369,0.598517151143492
0.08,0.335,0.0846376328343348,0.335895980944936,0.0046376328343348,0.00089598094493587,0.0047233907481584,-0.323938551610929,-0.152068947541939,-0.416430481934946,0.54906994408628
0.08,0.35,0.0829795168979173,0.35026770896296,0.00297951689791728,0.000267708962959634,0.00299151951921153,-0.272341158726998,-0.141765346356296,-0.366892255779501,0.47841235070055
0.1,0.05,0.0975876186497723,0.0502198950130065,-0.00241238135022767,0.000219895013006455,0.00242238262784214,-0.280632366394994,-0.135460175660054,0.303233089636063,0.43480478171869
0.1,0.065,0.0959140374850082,0.066051781995511,-0.00408596251499185,0.00105178199551104,0.00421916283639299,-0.340858376548962,-0.15242487085011,0.35854085731996,0.517659292704435
0.1,0.08,0.0947971943917886,0.0818218144413637,-0.00520280560821143,0.0018218144413637,0.00551254878033724,-0.398016302017056,-0.160688236336987,0.390797052089936,0.580485059387707
0.1,0.095,0.0942007073539396,0.0975215368408349,-0.00579929264606041,0.00252153684083495,0.00632376021322269,-0.451230517053988,-0.162065394540837,0.400713155326925,0.624859243659925
0.1,0.11,0.0940806222177993,0.113142881943713,-0.00591937778220075,0.00314288194371337,0.00670199524324894,-0.499634171526284,-0.158414453755326,0.389525835186877,0.653042446977366
0.1,0.125,0.0943855711091676,0.128678405871184,-0.00561442889083243,0.00367840587118357,0.00671211453443485,-0.542394885303737,-0.151564138179285,0.359004213498334,0.667871975390551
0.1,0.14,0.0950571709846551,0.144121524277511,-0.0049428290153449,0.00412152427751084,0.00643572226288912,-0.578741691587677,-0.143236637821821,0.311434934009273,0.672648195395178
0.1,0.155,0.0960306712249514,0.159466737018798,-0.00396932877504859,0.00446673701879824,0.00597555943151194,-0.607991821985699,-0.134970156393974,0.249583356957368,0.670945597662097
0.1,0.17,0.0972358448285221,0.174709828074523,-0.00276415517147795,0.00470982807452325,0.00546104699701217,-0.629575760921999,-0.128046194529144,0.176630845841029,0.666306930640232
0.1,0.185,0.0985981020053004,0.189848027886551,-0.00140189799469958,0.00484802788655148,0.00504665160044989,-0.643058969832475,-0.123426713379614,0.096089967917381,0.661813526626329
0.1,0.2,0.100039789440977,0.20488012698436,3.9789440977352e-05,0.00488012698435969,0.00488028919051821,-0.64815880449912,-0.121705905692618,0.011701301607412,0.659593729969118
0.1,0.215,0.101481624571466,0.219806532573748,0.00148162457146632,0.0048065325737483,0.00502970841632755,-0.644755430124254,-0.123080358216996,-0.072682795187153,0.660413474064605
0.1,0.23,0.102844203779657,0.234629263606878,0.00284420377965748,0.00462926360687832,0.00543319212638261,-0.632895954674127,-0.127340000179799,-0.153220878171484,0.663516633364692
0.1,0.245,0.104049517462219,0.249351884152271,0.00404951746221896,0.00435188415227072,0.00594453424177213,-0.612791502912823,-0.133880551152446,-0.226204372374305,0.666791469734036
0.1,0.26,0.105022404342642,0.263979379284072,0.00502240434264176,0.00397937928407199,0.00640780811724946,-0.584807489873593,-0.141736413698581,-0.288171667407777,0.667185844402454
0.1,0.275,0.105691882217974,0.278517981657819,0.00569188221797397,0.00351798165781925,0.00669131662141621,-0.549447852686394,-0.149631320707715,-0.336007988567267,0.661202461590603
0.1,0.29,0.105992301932466,0.2929749600225,0.00599230193246619,0.00297496002250008,0.00669014720206602,-0.507334410287806,-0.156042741355524,-0.367026013196403,0.645329402580604
0.1,0.305,0.105864284642688,0.307358382862481,0.0058642846426884,0.00235838286248069,0.00632074395119068,-0.459182797331003,-0.159275211941699,-0.379023922664131,0.616344247715764
0.1,0.32,0.105255417803899,0.32167687094809,0.00525541780389857,0.00167687094808983,0.00551645832668767,-0.405776540898856,-0.157537450815634,-0.370319464286035,0.571499661507671
0.1,0.335,0.104120701168714,0.335939352036373,0.00412070116871421,0.000939352036373131,0.00422641223380789,-0.347940818638618,-0.149018322923938,-0.339760420695988,0.508633577646542
0.1,0.35,0.102422748866017,0.35015482928382,0.0024227488660174,0.000154829283820157,0.00242769112016271,-0.286517278822861,-0.13195735188444,-0.286713446962204,0.426274949556638
0.12,0.05,0.118257935475891,0.049945979243374,-0.00174206452410894,-5.40207566260276e-05,0.00174290190438399,-0.264365001179656,-0.11610601459191,0.209910977023502,0.356976877364066
0.12,0.065,0.11653785334984,0.065928542099892,-0.0034621466501604,0.000928542099892016,0.00358450134028274,-0.332621439789357,-0.140787578074832,0.270299568493986,0.451133098466515
0.12,0.08,0.115369035281411,0.0818377617244662,-0.00463096471858898,0.0018377617244662,0.0049822888696591,-0.397295889714596,-0.15659849379886,0.308821695308294,0.527010350847044
0.12,0.095,0.114715256236164,0.0976639878563291,-0.00528474376383573,0.0026639878563291,0.00591822168797938,-0.457414298758022,-0.165185500052394,0.326178159232343,0.585584551197274
0.12,0.11,0.114532838046226,0.11339800779079,-0.00546716195377409,0.00339800779079036,0.00643710468883852,-0.512015258978537,-0.168233055409124,0.323560870833322,0.628615611721094
0.12,0.125,0.114770811819407,0.129031306221035,-0.00522918818059323,0.00403130622103481,0.00660271450812542,-0.560178157596328,-0.167397760795495,0.3026580511338,0.658352673913267
0.12,0.14,0.115371315312282,0.144556326313214,-0.00462868468771827,0.00455632631321423,0.00649498509704264,-0.601052537388588,-0.164238747124672,0.265639029717058,0.677353642096281
0.12,0.155,0.116270233600692,0.159966718496566,-0.00372976639930842,0.0049667184965656,0.0062112357882741,-0.633887151082619,-0.160148028866354,0.215117231111157,0.688288770563249
0.12,0.17,0.117398077386273,0.175257562609321,-0.00260192261372658,0.00525756260932136,0.00586617131345103,-0.658057033864206,-0.156285289391102,0.154091416997135,0.693696039013782
0.12,0.185,0.118681078098693,0.190425549588764,-0.00131892190130748,0.00542554958876384,0.00558356009387237,-0.673086897053292,-0.153521633891775,0.0858669088606569,0.695696726639634
0.12,0.2,0.120042463721008,0.205469110508612,4.2463721007562e-05,0.00546911050861237,0.00546927535629869,-0.678669286431604,-0.152396461193996,0.0139601751387667,0.695713673259007
0.12,0.215,0.12140386601893,0.220388483921454,0.00140386601893008,0.00538848392145408,0.0055683569184164,-0.674676249775182,-0.15309076920857,-0.0580083648114946,0.694259096718018
0.12,0.23,0.122686799652838,0.235185716351108,0.00268679965283788,0.00518571635110793,0.0058404234819607,-0.661163699006987,-0.155418990782968,-0.12642739147247,0.690856111992156
0.12,0.245,0.12381414791576,0.249864595464003,0.00381414791576021,0.00486459546400347,0.00618158663707799,-0.638368177013914,-0.158839987780038,-0.187807110304811,0.684120707313081
0.12,0.26,0.124711589304856,0.264430520115319,0.00471158930485641,0.00443052011531864,0.00646750201158688,-0.606696307150797,-0.162486290094886,-0.238884638480545,0.671977120164112
0.12,0.275,0.125308903788631,0.27889031570741,0.00530890378863143,0.00389031570740977,0.00658171829693921,-0.566707723438415,-0.165209234766425,-0.276716601701323,0.651942020761747
0.12,0.29,0.125541106906198,0.293252006726826,0.00554110690619777,0.0032520067268263,0.00642490571893753,-0.51909271755755,-0.165636511514976,-0.298754359799826,0.621410215587482
0.12,0.305,0.12534937264713,0.307524560419933,0.00534937264712967,0.00252456041993304,0.00591516635706483,-0.464646130334689,-0.162237871280812,-0.302898801015559,0.577899358224309
0.12,0.32,0.124681720965003,0.321717616425752,0.00468172096500297,0.00171761642575197,0.00498685445748733,-0.404239155653399,-0.153394462978589,-0.287533315605332,0.519246000571774
0.12,0.335,0.123493461126008,0.335841216660197,0.00349346112600765,0.000841216660196598,0.00359331547575759,-0.338790698411096,-0.137467415348389,-0.251535187382698,0.443787519803523
0.12,0.35,0.121747396479978,0.349905548141376,0.00174739647997818,-9.44518586237786e-05,0.00174994731687489,-0.269239773555177,-0.112861810232694,-0.194267060634002,0.350667817977132
0.14,0.05,0.139040624192957,0.0495091624367002,-0.000959375807042945,-0.000490837563299762,0.00107764718376904,-0.214099316095077,-0.0837411281142984,0.105042982070334,0.252755267751322
0.14,0.065,0.137265819039667,0.0656367085343981,-0.00273418096033307,0.000636708534398123,0.00280733740074528,-0.288561185929279,-0.116623069950383,0.171125140975681,0.355179836603802
0.14,0.08,0.136035926931224,0.0816797454864023,-0.00396407306877566,0.00167974548640232,0.00430527817843185,-0.359009364498993,-0.140452249897241,0.216645931090072,0.442211474832587
0.14,0.095,0.135314912145682,0.0976275074546482,-0.0046850878543182,0.00262750745464818,0.00537157738722172,-0.424400592550964,-0.156696834177674,0.242291619608332,0.513202446019921
0.14,0.11,0.13505942330185,0.113469714932483,-0.00494057669815037,0.0034697149324826,0.00603723610793873,-0.483708292786899,-0.166857680100944,0.249202769350558,0.569139597672051
0.14,0.125,0.135218960086973,0.129196856817646,-0.00478103991302666,0.00419685681764626,0.00636175681693176,-0.535952173653532,-0.172409866345951,0.238977403511276,0.611623778269241
0.14,0.14,0.135736269018901,0.144800473752419,-0.0042637309810995,0.00480047375241921,0.00642058798918397,-0.580228929523756,-0.174740917152284,0.213655669419932,0.642536435244436
0.14,0.155,0.136547975919557,0.160273428332851,-0.00345202408044287,0.00527342833285116,0.00630281815013529,-0.61574247655204,-0.175089229513047,0.175684854899816,0.663826131833236
0.14,0.17,0.137585449241095,0.175610147002109,-0.00241455075890471,0.00561014700210877,0.00610768407439328,-0.641832015584541,-0.174486588304558,0.127864917351739,0.677309888477713
0.14,0.185,0.138775873713965,0.190806818872448,-0.00122412628603539,0.00580681887244783,0.00593444442063274,-0.657996201857606,-0.173708690506533,0.0732761401223639,0.684476935674996
0.14,0.2,0.140043499189668,0.205861538520779,4.34991896679273e-05,0.00586153852077892,0.00586169992494301,-0.663911853993915,-0.173237251914742,0.0151919748659489,0.686313720844015
0.14,0.215,0.14131101675865,0.220774382998673,0.00131101675865013,0.00577438299867256,0.00592133970962823,-0.659445942411134,-0.173236541607979,-0.0430186019601103,0.683180781552745
0.14,0.23,0.142501004425658,0.235547417402862,0.00250100442565816,0.00554741740286208,0.00608513459002664,-0.644660040450457,-0.173546142421304,-0.097993952114945,0.674768781470365
0.14,0.245,0.143537379167903,0.250184628227638,0.00353737916790287,0.00518462822763843,0.00627641786661296,-0.619806952584289,-0.173690479909411,-0.14648212337068,0.660144586167574
0.14,0.26,0.144346791676107,0.264691788668038,0.00434679167610662,0.0046917886680376,0.00639589546357629,-0.585319794525399,-0.172904343807971,-0.185436994785829,0.637876363884741
0.14,0.275,0.144859904506773,0.279076264493317,0.00485990450677336,0.00407626449331694,0.0063430752821035,-0.541794331520338,-0.17017240165266,-0.212103103853053,0.606210276066268
0.14,0.29,0.145012503324137,0.293346772799539,0.00501250332413697,0.00334677279953888,0.00602711189096548,-0.489965814736865,-0.16427971102842,-0.224085046188151,0.563268129967138
0.14,0.305,0.144746403216413,0.307513108282043,0.00474640321641262,0.00251310828204332,0.0053706663208625,-0.430681859692885,-0.153869580232728,-0.219398655999575,0.507247634590637
0.14,0.32,0.144010126393858,0.321585852630986,0.00401012639385817,0.00158585263098626,0.00431231286688756,-0.364873056576966,-0.137504853543941,-0.196502628944744,0.436639597445091
0.14,0.335,0.142759342404146,0.335576082293339,0.00275934240414633,0.000576082293339109,0.00281883687219017,-0.293522990447171,-0.113728802329785,-0.154310684185923,0.350574039381418
0.14,0.35,0.140957075881895,0.349495088232202,0.000957075881895003,-0.000504911767797933,0.0010820952531852,-0.217639201991561,-0.0811222305764403,-0.0921856187909001,0.249891828274003
0.16,0.05,0.159931467483201,0.0488867044224936,-6.85325167993911e-05,-0.00111329557750645,0.00111540295353485,-0.128368415362088,-0.0350507318913542,-0.0090197301133725,0.133373038624176
0.16,0.065,0.158093928491336,0.0651528902345084,-0.00190607150866398,0.000152890234508429,0.00191219351006864,-0.20720268882326,-0.0762969923685864,0.0632591374438502,0.229686687514419
0.16,0.08,0.156794127625235,0.0813237632298023,-0.00320587237476502,0.00132376322980232,0.00346842424911633,-0.281679208499624,-0.10830287911136,0.116363634119795,0.323440045883851
0.16,0.095,0.155996251022748,0.0973875282248194,-0.00400374897725239,0.00238752822481936,0.00466157665357534,-0.350713789015824,-0.132354616906664,0.15096114394404,0.404113660252704
0.16,0.11,0.155657323567295,0.113332924442913,-0.0043426764327055,0.00333292444291322,0.00547423272626805,-0.413242917142186,-0.149766624763449,0.168135045327361,0.470606405638921
0.16,0.125,0.155727380144492,0.129149527158478,-0.00427261985550782,0.00414952715847783,0.00595599328984048,-0.468253876442464,-0.161830181710018,0.169385981605575,0.523587833196066
0.16,0.14,0.156149859306657,0.14482805045453,-0.00385014069334338,0.00482805045452955,0.00617524530282172,-0.514815801154254,-0.169759459978901,0.156616565985824,0.564256063620486
0.16,0.155,0.156862226328464,0.160360636045015,-0.00313777367153585,0.00536063604501474,0.00621144447136855,-0.552110110464377,-0.174637952420265,0.132098621928274,0.593950497588523
0.16,0.17,0.157796819570376,0.175741112235339,-0.00220318042962354,0.00574111223533896,0.00614933929005669,-0.5794586420694,-0.177368613943057,0.0984231952650321,0.613940286076774
0.16,0.185,0.158881900046745,0.1909652075706,-0.00111809995325511,0.00596520757060004,0.00606908962413747,-0.59634780477126,-0.178631045816611,0.058434828851922,0.625266554371244
0.16,0.2,0.160042870043124,0.206030705585179,4.2870043123731e-05,0.00603070558517904,0.00603085795685051,-0.602447228336404,-0.178848742895586,0.0151528297414959,0.628620002809776
0.16,0.215,0.161203614449075,0.220937530334952,0.0012036144490753,0.00593753033495209,0.00605829631336229,-0.597621691453293,-0.178168800712017,-0.0283166597631167,0.62426075958941
0.16,0.23,0.162287909144242,0.23568775663963,0.00228790914424248,0.00568775663962978,0.00613066911877986,-0.581935539059043,-0.17645559584022,-0.0688731829975072,0.611990706702075
0.16,0.245,0.163220835482703,0.250285544002523,0.00322083548270331,0.00528554400252307,0.00618956837018934,-0.555649314468022,-0.173298899522798,-0.103514072672404,0.591182656356116
0.16,0.26,0.163930139515789,0.264736998262091,0.00393013951578895,0.00473699826209112,0.00615509131927546,-0.519208871169643,-0.16803577865465,-0.129421171593409,0.560862038590533
0.16,0.275,0.164347478761539,0.279049969771329,0.004347478761539,0.00404996977132849,0.00594161819125962,-0.47322774168745,-0.159784608847216,-0.144037682174025,0.519831053552267
0.16,0.29,0.16440950789113,0.293233800677433,0.00440950789112975,0.00323380067743273,0.00546820141027193,-0.418463964087973,-0.147488683149604,-0.145131510021567,0.466829049761148
0.16,0.305,0.164058766458738,0.307299036446113,0.00405876645873779,0.00229903644611318,0.00466467080801332,-0.355792866960721,-0.129966333933125,-0.130842587502281,0.400749609576022
0.16,0.32,0.163244345516337,0.321257117884844,0.00324434551633748,0.00125711788484417,0.00347938546381027,-0.286177463652552,-0.105964234360013,-0.0997129079011926,0.321043444626814
0.16,0.335,0.161922324163375,0.335120069626723,0.00192232416337537,0.000120069626722619,0.00192607032695022,-0.210638107806987,-0.0742106100575893,-0.050699241296394,0.229011156925934
0.16,0.35,0.16005598045951,0.348900199529005,5.59804595100244e-05,-0.00109980047099539,0.00110122426773507,-0.130222932137382,-0.0334654281087892,0.0168303953159272,0.13550357079313
0.18,0.05,0.180925810348434,0.0480575317057426,0.000925810348433587,-0.00194246829425743,0.00215181501887641,-0.00699457005779943,0.0329772130874005,-0.129936671736628,0.134238472497465
0.18,0.065,0.179017767351023,0.0644554546462396,-0.000982232648976872,-0.000544545353760417,0.00112308086040952,-0.0884373462574374,-0.0165080904793523,-0.0510723764454132,0.103450818298258
0.18,0.08,0.177639521968233,0.0807476593448263,-0.00236047803176739,0.000747659344826346,0.00247605553943417,-0.165268126234091,-0.0565676159158675,0.0100502439459852,0.174969940026814
0.18,0.095,0.1767555148292,0.0969214129941988,-0.00324448517079967,0.00192141299419879,0.0037707442127271,-0.236387820228653,-0.0883082545636923,0.0540751609080493,0.258073216363594
0.18,0.11,0.176323194981883,0.112964564353168,-0.00367680501811715,0.00296456435316778,0.00472308553228973,-0.300721735140981,-0.112861315722998,0.0820236856557005,0.331510829651475
0.18,0.125,0.176293195747486,0.128865862170586,-0.00370680425251443,0.00386586217058565,0.00535586483104497,-0.357249403371898,-0.131338111489233,0.0952940691277216,0.392375326760743
0.18,0.14,0.17660972576251,0.14461527445408,-0.00339027423748989,0.00461527445408011,0.00572666724123832,-0.405035146639444,-0.144783505786358,0.0956464485512611,0.440641502456522
0.18,0.155,0.177211181437621,0.16020429295776,-0.00278881856237906,0.00520429295776026,0.00590441988378732,-0.443257876624969,-0.154129993031269,0.0851724507328415,0.476958341996028
0.18,0.17,0.178030974588185,0.175626206471135,-0.001969025411815,0.00562620647113526,0.00596081037512665,-0.471238530932435,-0.160155099917149,0.0662497536279173,0.502101635435604
0.18,0.185,0.178998555517289,0.190876326903124,-0.00100144448271148,0.00587632690312356,0.00596104931403247,-0.488463552656758,-0.163444889358705,0.0414829647389178,0.516752862207069
0.18,0.2,0.180040598575444,0.205952154133638,4.0598575444399e-05,0.00595215413363837,0.00595229258982759,-0.494602979109429,-0.164366075869259,0.0136332226277005,0.521378993055698
0.18,0.215,0.181082305498018,0.220853468855667,0.00108230549801761,0.00585346885566734,0.00595268702648701,-0.489521996929945,-0.163048738220539,-0.014460165608334,0.51616622787951
0.18,0.23,0.182048773100303,0.235582347052395,0.00204877310030298,0.00558234705239463,0.00594643337050909,-0.47328522312936,-0.159380881117969,-0.0399620728498889,0.500998736748527
0.18,0.245,0.182866366797565,0.250143094822102,0.00286636679756531,0.00514309482210162,0.00588790989802947,-0.446153456740008,-0.153015229917461,-0.060123573651038,0.475481555011565
0.18,0.26,0.183464041087618,0.264542107508767,0.00346404108761846,0.00454210750876705,0.00571229562241896,-0.408573145433137,-0.14338772952279,-0.0723593551675591,0.439008969530793
0.18,0.275,0.183774552046119,0.278787661965979,0.00377455204611912,0.00378766196597913,0.00534730084410695,-0.361159295321877,-0.129746369245483,-0.0743166318691488,0.390888361726689
0.18,0.29,0.18373551505453,0.292889654711205,0.00373551505452986,0.00288965471120511,0.00472272983269307,-0.304672948310909,-0.111188253886597,-0.0639323903798027,0.330569337507073
0.18,0.305,0.183290272110027,0.306859301437961,0.00329027211002691,0.00185930143796137,0.00377927141063277,-0.239994641306216,-0.0867023617223346,-0.0394767259711788,0.258211642108566
0.18,0.32,0.182388546153897,0.320708814594328,0.00238854615389728,0.0007088145943282,0.00249149972073651,-0.168095410365805,-0.0552152043129812,0.000418913274566791,0.176932151227079
0.18,0.335,0.180986873399312,0.334451075563218,0.00098687339931236,-0.000548924436781617,0.00112926398311748,-0.0900069197714653,-0.0156366350323668,0.0567487076980389,0.107546125848411
0.18,0.35,0.179048817446036,0.348099316512619,-0.000951182553964453,-0.00190068348738071,0.00212540489558296,-0.00679218098602814,0.0330966905405138,0.13013384990789,0.134448324031717
0.2,0.05,0.20201862215233,0.0470023545871646,0.00201862215233034,-0.00299764541283543,0.00361396090390752,0.149062112296566,0.122894564310364,-0.255469675317295,0.320293005574478
0.2,0.065,0.200032572687898,0.0635246484392685,3.25726878978583e-05,-0.00147535156073153,0.00147571108546011,0.0666445908772292,0.0655416270281731,-0.16974660562374,0.193781196928144
0.2,0.08,0.198567677219749,0.079931249118769,-0.00143232278025074,-6.87508812310389e-05,0.00143397183741357,-0.0109955438676172,0.017789995971669,-0.100319621421898,0.10247641280539
0.2,0.095,0.197588663421957,0.0962085818211007,-0.00241133657804285,0.00120858182110067,0.00269726048258273,-0.0827671297122477,-0.0212953802006935,-0.0465725591545339,0.0973288062361208
0.2,0.11,0.197053450567707,0.112343699291198,-0.00294654943229342,0.00234369929119804,0.00376498073361749,-0.147606666583744,-0.0526709969171505,-0.00754995057943616,0.1569043628291
0.2,0.125,0.196913329914025,0.128324614199575,-0.00308667008597499,0.00332461419957497,0.00453658371416955,-0.204507182918077,-0.077276896314831,0.018041186815395,0.219363738504294
0.2,0.14,0.19711335255092,0.14414063193803,-0.00288664744907992,0.00414063193802949,0.00504753071724279,-0.252547627048323,-0.0959972361443394,0.0318167288336573,0.272044512066642
0.2,0.155,0.197592930174816,0.159782667841851,-0.0024070698251844,0.00478266784185111,0.00535424101332673,-0.290921379412357,-0.109621472345724,0.0356874981862108,0.31293123390316
0.2,0.17,0.198286642367739,0.175243532018296,-0.00171335763226096,0.00524353201829642,0.00551635952444423,-0.318962395305888,-0.118808468452881,0.0318183275854505,0.341855546185918
0.2,0.185,0.199125231123678,0.190518165466298,-0.000874768876322339,0.00551816546629835,0.00558707174649028,-0.336167506663895,-0.124055817128748,0.0225753596833971,0.35903830853188
0.2,0.2,0.200036750872268,0.205603813139072,3.67508722678433e-05,0.0056038131390721,0.00560393364738106,-0.342213568745502,-0.125676428411505,0.0104636813904332,0.364711706765042
0.2,0.215,0.200947831104305,0.220500122892853,0.000947831104305248,0.0055001228928534,0.00558119482179027,-0.33696840386357,-0.123784003649527,-0.00194186023344151,0.358990775908304
0.2,0.23,0.201785000470226,0.235209163713151,0.0017850004702257,0.00520916371315133,0.00550650644865858,-0.320494868923391,-0.118288416225449,-0.0120692659504873,0.34184078784108
0.2,0.245,0.202476016462868,0.249735361767624,0.00247601646286807,0.0047353617676244,0.00534362317109586,-0.293047809571405,-0.108901313183894,-0.0174217396952839,0.313113838272077
0.2,0.26,0.202951144394592,0.264085358103202,0.00295114439459221,0.00408535810320221,0.00503978214500716,-0.255064124912407,-0.095151513183089,-0.0156461447099783,0.272683810432747
0.2,0.275,0.203144333152499,0.278267796756272,0.00314433315249912,0.00326779675627226,0.00453490094866564,-0.207146602735394,-0.0764090833847998,-0.00459423245084898,0.220837565638575
0.2,0.29,0.202994242855025,0.29229305612525,0.00299424285502481,0.00229305612524988,0.00377141838946743,-0.150042552960233,-0.0519164034908313,0.0176260957567302,0.159745974700154
0.2,0.305,0.202445090113819,0.306172939191792,0.00244509011381913,0.00117293919179218,0.00271187241815284,-0.0846185363652347,-0.0208241242761158,0.0526114629358834,0.101793465427074
0.2,0.32,0.201447288950669,0.319920339624421,0.0014472889506687,-7.96603755786052e-05,0.00144947959011675,-0.0118326316515452,0.0177702710195723,0.101636717604719,0.103854797783996
0.2,0.335,0.199957878318731,0.333548900644101,-4.21216812686587e-05,-0.00145109935589921,0.00145171056919897,0.0672942895380665,0.0647835862328956,0.165641869251919,0.190164919206498
0.2,0.35,0.197940739338624,0.347072682238383,-0.00205926066137604,-0.00292731776161681,0.00357907023526616,0.151706899671267,0.121109805884067,0.245231654448629,0.312764089593815
