target_x,target_y,gaze_x,gaze_y,error_px_x,error_px_y,error_px_xy,error_deg_x,error_deg_y,error_deg_z,error_deg_xyz
-0.2,0.05,-0.207073072798973,0.0664888558601459,-0.00707307279897287,0.0164888558601459,0.0179418707607717,0.719267613831856,0.128769036943978,-1.53248946990714,1.6978404740712
-0.2,0.065,-0.207623328012106,0.0779437996790339,-0.00762332801210608,0.0129437996790339,0.0150218867027787,0.571984731907346,0.0930937933250017,-1.30590435487749,1.4287494351274
-0.2,0.08,-0.207690846218535,0.0895262747000885,-0.00769084621853452,0.00952627470008854,0.0122433257417539,0.437355213833405,0.0673749594583132,-1.09867658833235,1.18446577746981
-0.2,0.095,-0.207325717477407,0.101262801374212,-0.0073257174774074,0.00626280137421239,0.00963788449876988,0.315758473283865,0.0502457342923299,-0.910670089761378,0.96517878599688
-0.2,0.11,-0.206586633788644,0.113180481138501,-0.00658663378864358,0.00318048113850135,0.00731431506964692,0.207512582096663,0.0402711001447962,-0.741360774549471,0.770913741723304
-0.2,0.125,-0.205540623291962,0.125306503972457,-0.00554062329196196,0.000306503972456802,0.00554909462422143,0.112874037556103,0.0359970632542251,-0.589822972198453,0.601606848939884
-0.2,0.14,-0.204262495381713,0.137667594914812,-0.00426249538171347,-0.00233240508518791,0.00485890732166596,0.0320389375651972,0.036004570490163,-0.454730233845232,0.457278381424852
-0.2,0.155,-0.202833985426289,0.150289417618912,-0.00283398542628853,-0.0047105823810882,0.00549736844002968,-0.0348546420914567,0.0389654253966459,-0.334372063188609,0.338434868350333
-0.2,0.17,-0.201342605316213,0.163195958374012,-0.00134260531621326,-0.0068040416259884,0.00693524127073507,-0.0877233725357571,0.0436970668989897,-0.226687179491537,0.246965575580132
-0.2,0.185,-0.199880225631986,0.176408918232498,0.000119774368014396,-0.00859108176750179,0.00859191665666835,-0.126534868343003,0.0492128485940856,-0.129312825573568,0.187496174901257
-0.2,0.2,-0.198541435260518,0.1899471432256,0.00145856473948174,-0.0100528567743997,0.0101581169724439,-0.151303756639805,0.0547645253967423,-0.0396484606975605,0.16572265867951
-0.2,0.215,-0.19742174249053,0.20382612275467,0.00257825750947034,-0.0111738772453303,0.0114674733258399,-0.162088002437207,0.0598740392614864,0.0450689505294929,0.178573954506389
-0.2,0.23,-0.196615696007099,0.218057583865885,0.00338430399290147,-0.0119424161341154,0.0124126877281574,-0.1589858172691,0.0643523825165369,0.12768179121691,0.213823319818989
-0.2,0.245,-0.196215012978931,0.232649204124496,0.00378498702106897,-0.0123507958755036,0.012917750791373,-0.142133373666589,0.0683042388048944,0.211025180348371,0.263437115738198
-0.2,0.26,-0.196306803301793,0.247604458865725,0.00369319669820731,-0.0123955411342751,0.0129340303797059,-0.111703429032012,0.0721181678332005,0.297841571624922,0.326172615798557
-0.2,0.275,-0.196971973683917,0.26292261015554,0.00302802631608312,-0.0120773898444599,0.0124511962809184,-0.0679048282929407,0.0764431848453729,0.39070110389928,0.40385969605845
-0.2,0.29,-0.198283883070477,0.2785988357227,0.00171611692952253,-0.0114011642773001,0.0115295968790664,-0.0109827331995517,0.0821535699237047,0.491931719990504,0.498866934988521
-0.2,0.305,-0.200307303290102,0.294624487556801,-0.000307303290101951,-0.0103755124431991,0.0103800623201928,0.0587806689524411,0.0903045189081711,0.603562220196677,0.613107668946782
-0.2,0.32,-0.203097717563117,0.310987462207126,-0.00309771756311666,-0.0090125377928738,0.00953004153027781,0.141065284047239,0.102081742950695,0.727280351405692,0.747840053674219
-0.2,0.335,-0.206700966882442,0.327672659176184,-0.00670096688244201,-0.00732734082381611,0.00992939478054663,0.235512380501165,0.118748307888256,0.864406880986436,0.903760716581133
-0.2,0.35,-0.211153232305364,0.344662500151984,-0.0111532323053644,-0.0053374998480158,0.0123646065641004,0.341724309255397,0.141591887310487,1.01588548550457,1.08114835622808
-0.18,0.05,-0.185630990374464,0.0639040207171098,-0.00563099037446418,0.0139040207171098,0.0150009947903173,0.753631309706793,0.0674633208351034,-1.22371823530074,1.43878648527584
-0.18,0.065,-0.186026760322143,0.0755554019409536,-0.00602676032214269,0.0105554019409536,0.0121547665594877,0.594629750568054,0.0400354157811491,-1.00867287372571,1.17160410119248
-0.18,0.08,-0.185931675473974,0.087329187660044,-0.00593167547397402,0.00732918766004399,0.00942877328631281,0.449205323462191,0.0226827020018955,-0.815014544612461,0.930896179924062
-0.18,0.095,-0.185396742873495,0.0992509241942049,-0.00539674287349542,0.00425092419420489,0.00686987555545951,0.317875820966816,0.0138504381114269,-0.642614549162563,0.717075339592864
-0.18,0.11,-0.184481830207643,0.111346727310859,-0.00448183020764277,0.00134672731085916,0.00467979448907248,0.201091127490618,0.0119027266587338,-0.490910928212184,0.530636286459104
-0.18,0.125,-0.183255397529042,0.123642801835383,-0.00325539752904203,-0.00135719816461724,0.00352698170255154,0.0992296282058729,0.0151786580661303,-0.358890996642283,0.372666268744515
-0.18,0.14,-0.181793927428085,0.136164900780768,-0.00179392742808486,-0.00383509921923191,0.00423392981030489,0.0125960701366762,0.0220542933474026,-0.245090237056162,0.246402862633577
-0.18,0.155,-0.180181041277683,0.148937741840452,-0.000181041277683036,-0.00606225815954793,0.00606496083558918,-0.0585791861991309,0.0310073826841271,-0.147609489073093,0.161807161466028
-0.18,0.17,-0.178506307672134,0.161984404408231,0.00149369232786608,-0.00801559559176918,0.00815358138863626,-0.114139675047437,0.040681125722816,-0.0641513011706858,0.137106592915368
-0.18,0.185,-0.17686376989087,0.17532573448581,0.00313623010912987,-0.00967426551418983,0.0101699239198951,-0.154001323609636,0.0499429699139761,0.00792498966966202,0.162091119128761
-0.18,0.2,-0.175350240438375,0.188979787272186,0.00464975956162514,-0.0110202127278144,0.0119609929582459,-0.178150217963608,0.0579344894590408,0.071531292955166,0.200525988707459
-0.18,0.215,-0.174063430050743,0.202961337256771,0.00593656994925738,-0.0120386627432292,0.0134228262079057,-0.186639929634684,0.0641088264793022,0.1297651181381,0.236185244761374
-0.18,0.23,-0.173099993746454,0.217281483282985,0.0069000062535459,-0.0127185167170146,0.0144696494007268,-0.179588670684212,0.0682529880469564,0.185814615115016,0.267278434881175
-0.18,0.245,-0.172553585806743,0.231947371039596,0.00744641419325681,-0.0130526289604039,0.0150273153662093,-0.157176489681898,0.0704934068513054,0.242859474451831,0.297749379788035
-0.18,0.26,-0.172513017403875,0.246962048443772,0.00748698259612531,-0.013037951556228,0.0150347294347864,-0.119642637100463,0.0712844649640831,0.303973209883961,0.334358886753774
-0.18,0.275,-0.173060604750538,0.262324460926298,0.00693939524946149,-0.0126755390737017,0.0144507611300301,-0.067283138075111,0.0713810020991707,0.372032190430034,0.38474767719396
-0.18,0.29,-0.17427078258103,0.278029584567058,0.0057292174189697,-0.011970415432942,0.0132708243101565,-0.000448522926120584,0.071797025336167,0.449636151795634,0.455333695424744
-0.18,0.305,-0.176209038904209,0.294068686469084,0.00379096109579136,-0.0109313135309162,0.0115700043881148,0.0804584065631799,0.0737537722737273,0.539043882851711,0.549985276495817
-0.18,0.32,-0.178931204442812,0.310429694249717,0.00106879555718767,-0.00957030575028277,0.00962980145677779,0.174984936853954,0.0786208667962838,0.642126496579707,0.670173505165842
-0.18,0.335,-0.182483106236435,0.327097650943523,-0.0024831062364353,-0.0079023490564766,0.00828329265400061,0.28263110425186,0.087854504077347,0.760339301989747,0.815920253063002
-0.18,0.35,-0.186900571872057,0.344055228220717,-0.00690057187205695,-0.00594477177928253,0.00910813941862867,0.402852813624295,0.102936431923454,0.894711962758565,0.986620417275544
-0.16,0.05,-0.164299263547759,0.0615941352120672,-0.00429926354775947,0.0115941352120672,0.0123655828155728,0.749918801234186,0.0187503840543557,-0.917017548366739,1.18477887651141
-0.16,0.065,-0.164555120377674,0.0734544715181797,-0.00455512037767369,0.00845447151817966,0.00960349989882903,0.577317864634551,-0.00063061691710684,-0.713716334358612,0.917989840544998
-0.16,0.08,-0.164312760027117,0.0854319114434905,-0.00431276002711684,0.00543191144349055,0.00693581725403866,0.419304918560863,-0.00978633598800719,-0.533834498701911,0.678893991335158
-0.16,0.095,-0.163624033322217,0.0975508929517228,-0.0036240333222172,0.00255089295172278,0.00443177981985676,0.276566920422034,-0.0104571429077477,-0.37725535512396,0.467890406916895
-0.16,0.11,-0.162549891081553,0.109836403286351,-0.00254989108155262,-0.000163596713648503,0.00255513373671481,0.149716782100915,-0.00447897929021323,-0.243383285315269,0.285780980800605
-0.16,0.125,-0.161160113586476,0.12231351372975,-0.00116011358647555,-0.00268648627024995,0.00292627271691595,0.0392854044624093,0.00627969023565006,-0.131121978148595,0.137024667910885
-0.16,0.14,-0.159532726870357,0.135006855192914,0.00046727312964305,-0.00499314480708574,0.00501496153945508,-0.0542848974828891,0.0199880592364146,-0.0388710297927476,0.0696945490273786
-0.16,0.155,-0.157753092317981,0.14794005198454,0.0022469076820195,-0.00705994801546037,0.00740887711549604,-0.130645424152193,0.0349267560581178,0.0354566994986395,0.139804479101773
-0.16,0.17,-0.155912675651629,0.16113513651716,0.00408732434837089,-0.00886486348283992,0.00976176341129892,-0.189544507693402,0.0495609420325566,0.0943958094732061,0.217471913120719
-0.16,0.185,-0.154107523103045,0.174611971819823,0.00589247689695493,-0.010388028180177,0.0119428812877504,-0.23082932519811,0.0626080460227759,0.14086751235554,0.277571164785787
-0.16,0.2,-0.152436494934719,0.188387711101403,0.00756350506528116,-0.0116122888985967,0.0138582777550822,-0.254446188839344,0.0730954628321553,0.178099226260694,0.31906959615869
-0.16,0.215,-0.150999326871584,0.202476323731025,0.00900067312841632,-0.0125236762689751,0.0154225349425666,-0.260439446892998,0.0804040313067935,0.209528242592943,0.343796382796551
-0.16,0.23,-0.149894606004148,0.216888214510103,0.0101053939958524,-0.0131117854898967,0.016554090326698,-0.248949160839141,0.0842940532936689,0.238694498283245,0.355044559154102
-0.16,0.245,-0.149217757486558,0.231629958239235,0.0107822425134416,-0.0133700417607649,0.0171759940120875,-0.220207730230286,0.0849119313669471,0.269128458290263,0.357955338505361
-0.16,0.26,-0.149059140124868,0.246704164564621,0.0109408598751316,-0.0132958354353786,0.0172186426506834,-0.174535627460834,0.0827770448565037,0.304240544583656,0.360385157255628
-0.16,0.275,-0.149502342739465,0.262109479688957,0.0104976572605348,-0.0128905203110428,0.0166242690620991,-0.112336376566145,0.0787500626665976,0.347218366997579,0.373339150653998
-0.16,0.29,-0.150622759117082,0.277840722626506,0.00937724088291758,-0.0121592773734938,0.0153551513448034,-0.0340908792112011,0.0739853180374494,0.400937250582908,0.409130059368302
-0.16,0.305,-0.152486499469623,0.293889145172564,0.00751350053037741,-0.0111108548274361,0.0134128216724275,0.0596488344882137,0.0698709814132909,0.467888326049443,0.476823589351679
-0.16,0.32,-0.155149672413705,0.310242797447739,0.00485032758629469,-0.00975720255226058,0.0108962690559756,0.168266373393347,0.0679614484353412,0.550126907317107,0.579288187023943
-0.16,0.335,-0.158658046380351,0.326886975508928,0.00134195361964912,-0.0081130244910723,0.00822326005365441,0.29108821905363,0.0699065725040212,0.649242238185005,0.714941533364357
-0.16,0.35,-0.163047075255992,0.343804724238072,-0.0030470752559919,-0.00619527576192756,0.00690406470001587,0.427391365614878,0.0773821383574039,0.766348120236246,0.880883704235853
-0.14,0.05,-0.143084212749105,0.0595408618451955,-0.00308421274910478,0.00954086184519552,0.010026984244071,0.709484036762303,-0.0206483822964681,-0.616667032778772,0.940261678722622
-0.14,0.065,-0.143215703644197,0.0716220121666071,-0.00321570364419702,0.00662201216660707,0.00736150766229269,0.521433287343577,-0.0325514710919047,-0.425240804092105,0.67363732094459
-0.14,0.08,-0.142842446818793,0.0838148047194854,-0.00284244681879281,0.00381480471948539,0.00475733527990969,0.349059833737438,-0.0340441093652519,-0.259224532831844,0.436119302087058
-0.14,0.095,-0.142017056779054,0.096142439067183,-0.00201705677905356,0.00114243906718296,0.00231812102189506,0.193250947707438,-0.0270425701374096,-0.118516687325386,0.228305723821721
-0.14,0.11,-0.140801464946452,0.108628635155527,-0.000801464946451919,-0.00137136484447323,0.00158839151252084,0.0548144635269059,-0.0135741274040607,-0.00249196574106715,0.056525149271335
-0.14,0.125,-0.13926664707831,0.121297186352572,0.000733352921690411,-0.00370281364742808,0.00377473646965341,-0.0655346230945579,0.00429260805928281,0.0900250236835466,0.111434833477354
-0.14,0.14,-0.137492026769073,0.13417145524077,0.00250797323092673,-0.00582854475923006,0.00634522369482694,-0.167186345466398,0.0245258597035901,0.160765743828516,0.2332348417623
-0.14,0.155,-0.135564540563321,0.147273829034423,0.00443545943667893,-0.00772617096557704,0.0089088168801334,-0.249646325033251,0.0452134089300027,0.212000494415177,0.330623733127698
-0.14,0.17,-0.13357737064783,0.160625156661503,0.00642262935217042,-0.00937484333849745,0.0113638838174601,-0.312544322538649,0.0646450191844487,0.246496457723645,0.403266793907048
-0.14,0.185,-0.131628373836691,0.174244193683016,0.00837162616330876,-0.010755806316984,0.0136298016913919,-0.355640492995318,0.081389183581461,0.267451265641777,0.452366667605098
-0.14,0.2,-0.12981825899386,0.188147083503489,0.0101817410061396,-0.0118529164965114,0.0156256033288118,-0.378829128094875,0.094358784415195,0.278404238814609,0.479505318699376
-0.14,0.215,-0.128248586386041,0.202346903357252,0.0117514136139587,-0.0126530966427479,0.0172683692506574,-0.382139791308057,0.10286078583687,0.283129364496917,0.486595131017323
-0.14,0.23,-0.127019679250391,0.216853301240824,0.0129803207496091,-0.0131466987591757,0.018474967253753,-0.36573584563149,0.106626156415702,0.285515713678702,0.476080216786438
-0.14,0.245,-0.126228547985277,0.231672244957657,0.0137714520147235,-0.0133277550423425,0.0191646013541247,-0.329910478110441,0.105817744667993,0.289442164091164,0.45146000876629
-0.14,0.26,-0.125966929183149,0.246805897684546,0.0140330708168512,-0.0131941023154537,0.0192616565347174,-0.275080413423058,0.101015629701781,0.298653809549882,0.41841160030165
-0.14,0.275,-0.12631953499092,0.262252626143966,0.0136804650090799,-0.0127473738560342,0.0186989481813861,-0.201777582381289,0.0931813197339003,0.31664723858843,0.386863016323546
-0.14,0.29,-0.127362593451166,0.278007138781836,0.0126374065488341,-0.0119928612181635,0.0174221917243108,-0.110639062939259,0.0836038409802709,0.346570974653933,0.373286133985218
-0.14,0.305,-0.129162739439037,0.294060743032511,0.010837260560963,-0.0109392569674895,0.0153984921166642,-0.00239564674751397,0.0738320520275532,0.391145928668926,0.398061158473858
-0.14,0.32,-0.131776290735612,0.310401703715676,0.00822370926438762,-0.00959829628432424,0.012639489136308,0.122140600267408,0.0655983008053041,0.452608917396977,0.47336832382021
-0.14,0.335,-0.135248917521893,0.327015679429943,0.00475108247810721,-0.00798432057005656,0.0092909719448078,0.262089415428512,0.0607387634549843,0.532680379610702,0.596767681282139
-0.14,0.35,-0.139615688555514,0.343886210833069,0.000384311444485835,-0.00611378916693076,0.00612585612498716,0.41651569964114,0.0611155040764011,0.632555615421255,0.75983912849108
-0.12,0.05,-0.121991664718457,0.0577237415663758,-0.00199166471845708,0.0077237415663758,0.00797639719014218,0.635328458137814,-0.0541175594587517,-0.327241198676445,0.716703885744969
-0.12,0.065,-0.122015235407381,0.0700367540900456,-0.00201523540738102,0.0050367540900456,0.00542494843392573,0.430113994657992,-0.0595090721610048,-0.147751463269647,0.458662181123993
-0.12,0.08,-0.121528430813472,0.0824557997872776,-0.00152843081347181,0.00245579978727758,0.00289258592729114,0.241732490492731,-0.0542685660765246,0.00442839573508005,0.247788984036405
-0.12,0.095,-0.120584542597567,0.095002716024522,-0.000584542597567156,2.7160245219815e-06,0.000584548907414736,0.0713010825361192,-0.0404703113327218,0.12938376798599,0.15317266029632
-0.12,0.11,-0.119246370896216,0.107699823076017,0.000753629103784265,-0.00230017692398257,0.00242048976607888,-0.0801469257943871,-0.0203153537615875,0.227766414517809,0.242309451743094
-0.12,0.125,-0.117585949847362,0.120569498480579,0.00241405015263836,-0.00443050151942055,0.00504549124001233,-0.211681924204734,0.00394414556462773,0.300825397845338,0.3678602698698
-0.12,0.14,-0.115683939503364,0.133633696730605,0.00431606049663576,-0.00636630326939518,0.00769143650617564,-0.322496969971601,0.0300904661052865,0.350415801081256,0.477181602321877
-0.12,0.155,-0.113628668877068,0.146913430540197,0.00637133112293177,-0.00808656945980345,0.0102949728463102,-0.411925119827064,0.0560314444579776,0.378981858521274,0.562540325901196
-0.12,0.17,-0.111514835992743,0.160428234938017,0.00848516400725732,-0.00957176506198316,0.012791274159827,-0.479454371698396,0.0798917568490378,0.389512649186655,0.62288290425129
-0.12,0.185,-0.10944189447348,0.174195639303045,0.0105581055265199,-0.0108043606969554,0.0151065483277632,-0.524739511620228,0.10009832169387,0.385470441401307,0.658759038502475
-0.12,0.2,-0.107512180608857,0.188230674752864,0.0124878193911432,-0.0117693252471364,0.0171599140417047,-0.547610285373049,0.11545369149986,0.370693972935523,0.671286642053511
-0.12,0.215,-0.105828857077371,0.202545444248217,0.0141711429226295,-0.0124545557517833,0.0188662993379165,-0.548075469743647,0.125191863519136,0.349281128090461,0.661862448654891
-0.12,0.23,-0.104493766958977,0.217148780453951,0.015506233041023,-0.0128512195460495,0.0201394415747626,-0.526322620642638,0.129012138428411,0.32545737143214,0.632128299185512
-0.12,0.245,-0.103605302160498,0.232046011619042,0.0163946978395021,-0.0129539883809585,0.0208947824162537,-0.482713494224415,0.127088383035241,0.30343765034307,0.584158487218017
-0.12,0.26,-0.103256392173499,0.247238849021136,0.0167436078265007,-0.0127611509788638,0.0210522059973061,-0.417775366881999,0.120053107472582,0.287290089532609,0.521043637625065
-0.12,0.275,-0.103532711894404,0.262725401537026,0.0164672881055963,-0.0122745984629742,0.0205386792413719,-0.332188681592918,0.108957885830423,0.280809584004525,0.448415198090612
-0.12,0.29,-0.104511191669386,0.278500314482634,0.0154888083306136,-0.0114996855173659,0.019291084741424,-0.226771615272495,0.0952135620735103,0.287408379509365,0.378279108979393
-0.12,0.305,-0.106258890659964,0.294555021826784,0.0137411093400365,-0.0104449781732162,0.0172602333394946,-0.102462282204223,0.0805151588544023,0.310029079181858,0.336302787270614
-0.12,0.32,-0.108832268494434,0.310878094200498,0.011167731505566,-0.00912190579950206,0.0144196876663609,0.0397006537882231,0.0667572873230246,0.351083449368226,0.359572927356604
-0.12,0.335,-0.112276862834584,0.327455660208014,0.00772313716541589,-0.00754433979198597,0.0107964767666481,0.198598178633846,0.0559460901141945,0.412418208575604,0.46115195796803
-0.12,0.35,-0.11662735465535,0.344271875802174,0.00337264534465026,-0.00572812419782609,0.0066472658624815,0.373051207591864,0.0501133788083229,0.49530692816622,0.622102330305298
-0.1,0.05,-0.101026866838618,0.0561203100735716,-0.00102686683861791,0.00612031007357164,0.00620585617791096,0.532189794638051,-0.0848797611972409,-0.0534431743307417,0.541561545728396
-0.1,0.065,-0.100959769129017,0.0686752752760583,-0.000959769129017046,0.00367527527605829,0.00379852670595055,0.308353153948964,-0.0851262131786335,0.114112662313293,0.339632414797737
-0.1,0.08,-0.100377635765558,0.0813305287837365,-0.000377635765558409,0.00133052878373646,0.00138308192663346,0.102556421777774,-0.0744840356340538,0.252600455756536,0.282617839858464
-0.1,0.095,-0.0993343431317034,0.0941064302324003,0.000665656868296588,-0.000893569767599703,0.00111425580361002,-0.0838277192940648,-0.0551592100954153,0.362091152294361,0.375739448972953
-0.1,0.11,-0.0978934396573729,0.10702377656755,0.00210656034262709,-0.00297622343245023,0.00364629982269629,-0.249513695308725,-0.0294997822965275,0.443260960779115,0.509518705747111
-0.1,0.125,-0.096127869444735,0.120103400533554,0.00387213055526499,-0.00489659946644623,0.00624260213146876,-0.393330254209163,8.48371489010124e-05,0.497426677811253,0.634149904296407
-0.1,0.14,-0.0941193539116551,0.133365717789402,0.00588064608834489,-0.00663428221059789,0.00886542152783621,-0.514247268183763,0.0312157824737648,0.526557116975962,0.736678051504407
-0.1,0.155,-0.0919574154586203,0.146830238095754,0.00804258454137972,-0.00816976190424611,0.0114642128241459,-0.61140097890861,0.0616432017128051,0.533256778019263,0.813624579753616
-0.1,0.17,-0.0897380489733381,0.160515060776549,0.0102619510266619,-0.00948493922345142,0.0139739654696215,-0.684116477562196,0.0893454134524844,0.520719556945481,0.864384744022401
-0.1,0.185,-0.0875620714511203,0.174436378420608,0.0124379285488797,-0.0105636215793923,0.016318460940286,-0.73192623592965,0.112622109641816,0.492652432436099,0.889450426477439
-0.1,0.2,-0.0855332052400028,0.188608014780091,0.0144667947599972,-0.0113919852199086,0.0184137306887686,-0.754583634676774,0.130174814286429,0.453171504954462,0.889787766024228
-0.1,0.215,-0.0837559734606541,0.203041022865724,0.0162440265393459,-0.0119589771342764,0.0201714038259394,-0.75207065775469,0.141168386243091,0.406675204231639,0.866566687470008
-0.1,0.23,-0.0823335041620654,0.217743366905616,0.0176664958379346,-0.0122566330943836,0.0215018634076701,-0.724599238124817,0.145268657415877,0.357701631755362,0.821041431007087
-0.1,0.245,-0.0813653506038374,0.232719707193565,0.0186346493961626,-0.0122802928064352,0.0223171626675456,-0.672606113904555,0.142653205931219,0.310778539858796,0.754546520005744
-0.1,0.26,-0.0809454367821906,0.247971300488356,0.0190545632178094,-0.0120286995116443,0.0225336635140167,-0.596741437685543,0.1339945477853,0.270275158504137,0.668661811488299
-0.1,0.275,-0.0811602297636793,0.263496020828469,0.0188397702363207,-0.0115039791715309,0.0220743851406188,-0.497851765194512,0.120417400364324,0.240264849185017,0.565761901307959
-0.1,0.29,-0.0820872241245373,0.279288497733887,0.0179127758754627,-0.0107115022661127,0.0208711240799698,-0.376958352346575,0.10343381056679,0.224406438642747,0.450727689363583
-0.1,0.305,-0.0837938008398051,0.295340361036473,0.0162061991601949,-0.00965963896352695,0.018866624396685,-0.23523191406163,0.0848615871496923,0.225850225985394,0.336963194149785
-0.1,0.32,-0.0863364958849061,0.311640575326188,0.0136635041150939,-0.00835942467381236,0.0160178439741537,-0.073965116819106,0.0667324539706263,0.247172347170369,0.266492694374216
-0.1,0.335,-0.0897606855513201,0.328175842406017,0.01023931444868,-0.00682415759398312,0.0123049862757528,0.105455917778183,0.0511965861275967,0.290338732185696,0.313111584615908
-0.1,0.35,-0.0941006689786723,0.344931047665092,0.00589933102132775,-0.00506895233490838,0.00777794216183002,0.301579907469485,0.040429757163797,0.356697596044369,0.468849024188786
-0.08,0.05,-0.0801944071722094,0.0547062536186422,-0.000194407172209393,0.00470625361864224,0.00471026721870317,0.406513243473506,-0.115698105047791,0.200095529223655,0.467630733967889
-0.08,0.065,-0.0800545915016462,0.0675121662040359,-5.45915016462173e-05,0.00251216620403585,0.00251275929383455,0.162973186622175,-0.112537462451187,0.355779192726982,0.407190952557374
-0.08,0.08,-0.0793961026781028,0.0804124971875691,0.000603897321897168,0.000412497187569111,0.000731331597257357,-0.0612861377846426,-0.0982004297370019,0.480828848307802,0.494567705336131
-0.08,0.095,-0.0782733041713633,0.093426023201514,0.00172669582863672,-0.00157397679848603,0.00233642492856153,-0.264617073649394,-0.0749905491399156,0.575305683497874,0.637672803893438
-0.08,0.11,-0.0767503646840493,0.106571905099157,0.00324963531595066,-0.00342809490084306,0.00472355420587717,-0.445461265956532,-0.0453673100249218,0.639909870903744,0.781017298410208
-0.08,0.125,-0.0749009798519172,0.119869313241131,0.00509902014808279,-0.00513068675886935,0.00723352978069432,-0.602384906152625,-0.0118616861756893,0.676019790910594,0.905554030535537
-0.08,0.14,-0.0728077449451368,0.133337005264676,0.00719225505486316,-0.00666299473532397,0.00980428639000105,-0.734114170242981,0.0230206858813819,0.685705923936725,1.00482439211701
-0.08,0.155,-0.0705611621430443,0.146992870969252,0.00943883785695573,-0.00800712903074799,0.0123776320596852,-0.83956927293266,0.0569038003181932,0.671715127971725,1.07673113579053
-0.08,0.17,-0.0682582879624193,0.160853463270762,0.0117417120375807,-0.00914653672923832,0.0148837809615962,-0.917895418765527,0.0876468065928649,0.637422767977175,1.12096468649354
-0.08,0.185,-0.0660010519344847,0.174933537730652,0.0139989480655153,-0.0100664622693484,0.017242511695261,-0.968488907447752,0.113443638729303,0.586752486887352,1.13805152996206
-0.08,0.2,-0.0638943032670113,0.189245625014642,0.0161056967329887,-0.0107543749853582,0.0193662089367202,-0.991016795883539,0.132909413817605,0.524066047261267,1.12892234229038
-0.08,0.215,-0.0620436660764574,0.203799660568718,0.0179563339235426,-0.011200339431282,0.0211631172408438,-0.985428810292378,0.145146843845375,0.454028356436984,1.09467609181458
-0.08,0.23,-0.0605533022249664,0.218602693547867,0.0194466977750336,-0.0113973064521334,0.0225404669143595,-0.951960645291989,0.149787284496451,0.381455157426073,1.03643747007652
-0.08,0.245,-0.0595236918553908,0.233658692626525,0.0204763081446092,-0.0113413073734745,0.0234073588465811,-0.891128326077035,0.14700309506137,0.311152569888332,0.955278317806267
-0.08,0.26,-0.0590495434172201,0.248968460211456,0.0209504565827799,-0.0110315397885442,0.0236773415132101,-0.803713899877718,0.137490459889489,0.247758471666658,0.852207315620869
-0.08,0.275,-0.059217937084037,0.264529659321663,0.020782062915963,-0.0104703406783371,0.0232706289765336,-0.690743288486103,0.122424398941475,0.195595476249122,0.728271072552125
-0.08,0.29,-0.0601067885978016,0.280336949831139,0.0198932114021984,-0.00966305016886057,0.0221159308747896,-0.553457617779661,0.103390030302844,0.1585440359909,0.584930778803091
-0.08,0.305,-0.0617836968780514,0.296382223663748,0.0182163031219486,-0.00861777633625233,0.0201519172391211,-0.393279680883219,0.0822959429003058,0.139942167722162,0.425471705039503
-0.08,0.32,-0.0643052108331066,0.312654922647785,0.0156947891668934,-0.00734507735221476,0.017328490075689,-0.211777374767384,0.061276601144437,0.142515773698123,0.262517322518393
-0.08,0.335,-0.0677165218308516,0.329142418550577,0.0122834781691484,-0.00585758144942281,0.0136086405040536,-0.0106259667162826,0.0425909638367889,0.168340843601649,0.173970009615334
-0.08,0.35,-0.0720515611601276,0.345830432611504,0.00794843883987242,-0.00416956738849628,0.0089756878398485,0.208429098772928,0.0285240178414375,0.218836331553334,0.303555372799214
-0.06,0.05,-0.0594981425224287,0.0534556027704286,0.000501857477571255,0.00345560277042864,0.003491855013426,0.266286595579544,-0.148578959014592,0.429035204893651,0.526362435625624
-0.06,0.065,-0.0593041369788625,0.0665202363046582,0.000695863021137527,0.0015202363046582,0.00167192815820162,0.00245135844038481,-0.144058010960847,0.572963990749812,0.590804152946019
-0.06,0.08,-0.0585888893843653,0.0796733030200246,0.00141111061563473,-0.000326696979975449,0.00144843504731214,-0.240847498250912,-0.128047679212234,0.684931643509688,0.737253403823619
-0.06,0.095,-0.0574071482092775,0.0929319033486713,0.00259285179072247,-0.0020680966513287,0.00331661034308972,-0.461676377192622,-0.102908340018239,0.764997225743858,0.899429025380024
-0.06,0.11,-0.0558235679777064,0.106313462278345,0.00417643202229363,-0.00368653772165531,0.00557074005945594,-0.658192316896737,-0.0711678971942016,0.813886013500079,1.0491535608448
-0.06,0.125,-0.0539124288713142,0.119835383766626,0.00608757112868578,-0.00516461623337441,0.00798321884234945,-0.828686640910601,-0.0354350923099258,0.833031828103826,1.17557122340144
-0.06,0.14,-0.0517570020253841,0.13351466216033,0.00824299797461585,-0.00648533783966954,0.0104884041924485,-0.971629495326981,0.00170043212037944,0.824592933302393,1.27439680971848
-0.06,0.155,-0.049448543469727,0.147367464145995,0.010551456530273,-0.00763253585400486,0.0130226279403548,-1.08571324752918,0.0377762965385335,0.791436864196847,1.34411884480814
-0.06,0.17,-0.0470849224063913,0.161408698895724,0.0129150775936087,-0.00859130110427581,0.015511598367456,-1.16989247839264,0.0705672958650928,0.737091393001436,1.38456677801492
-0.06,0.185,-0.0447689154020095,0.175651597197229,0.0152310845979905,-0.00934840280277144,0.0178711659662712,-1.22341823285616,0.0981896056012258,0.665661277988487,1.39627890901858
-0.06,0.2,-0.0426062243391452,0.190107322098566,0.0173937756608548,-0.00989267790143367,0.0200102100888936,-1.24586433409827,0.11919155928243,0.581713252014321,1.38016918590588
-0.06,0.215,-0.0407033002646637,0.204784633356521,0.0192966997353363,-0.0102153666434787,0.0218338346686152,-1.23714393433036,0.132623841602447,0.490134579861449,1.33732093943167
-0.06,0.23,-0.0391650741417682,0.219689625895047,0.0208349258582318,-0.0103103741049533,0.0232464610145739,-1.19751504721782,0.138083361544598,0.395973053276105,1.26884583709908
-0.06,0.245,-0.0380927066986272,0.234825558272896,0.0219072933013728,-0.0101744417271044,0.0241546841057923,-1.1275745319576,0.135727212523548,0.304268145550138,1.17578646926832
-0.06,0.26,-0.03758147126982,0.250192781464022,0.02241852873018,-0.00980721853597769,0.0244698174459543,-1.02824080142676,0.126255734656428,0.219883932046388,1.05905643532737
-0.06,0.275,-0.0377188752884624,0.265788771497343,0.0222811247115376,-0.00921122850265738,0.0241100653035046,-0.900726303155327,0.110866420703623,0.147354150816197,0.919418632398799
-0.06,0.29,-0.0385831088098698,0.281608262496506,0.0214168911901302,-0.00839173750349442,0.0230022713351841,-0.746501493759086,0.0911828864336926,0.0907484870724821,0.75751068990892
-0.06,0.305,-0.0402418841009698,0.297643470114236,0.0197581158990301,-0.00735652988576385,0.0210832083858137,-0.56725250825562,0.0691650384964434,0.0535670032993419,0.573961139267877
-0.06,0.32,-0.0427517018252776,0.313884390000235,0.0172482981747224,-0.00611560999976452,0.0183003955037412,-0.364834980889206,0.047007706556629,0.0386669323449919,0.369878215821004
-0.06,0.335,-0.0461575497848747,0.330319152162282,0.0138424502151253,-0.00468084783771813,0.0146124523759051,-0.141226489520635,0.0270352882594574,0.0482231904012388,0.151661853073234
-0.06,0.35,-0.0504930125893322,0.346934410153783,0.00950698741066777,-0.00306558984621735,0.00998902651572346,0.101520090973631,0.011599448013612,0.0837212997104241,0.13209897736311
-0.04,0.05,-0.0389411366749907,0.0523409612010414,0.00105886332500932,0.00234096120104144,0.00256929774176353,0.120736167191376,-0.184510624886241,0.629548887897238,0.667051887690512
-0.04,0.065,-0.0387119144527448,0.0656707590535576,0.00128808554725518,0.000670759053557624,0.00145226791088187,-0.163407286165017,-0.180890557491069,0.761894243184754,0.799947853043709
-0.04,0.08,-0.0379599844239417,0.0790828983749444,0.00204001557605829,-0.000917101625055622,0.00223668033953001,-0.425763935640569,-0.165450048459714,0.861229823916169,0.974878651583601
-0.04,0.095,-0.0367403743855526,0.0925927239269082,0.00325962561444743,-0.00240727607309177,0.00405217685182198,-0.664113467827993,-0.140561019667789,0.927622735452766,1.14949221698916
-0.04,0.11,-0.0351180850210518,0.106215839839231,0.00488191497894824,-0.00378416016076857,0.00617680839787242,-0.876327072833913,-0.108771445870962,0.961825939360989,1.30574242995914
-0.04,0.125,-0.0331678073256137,0.119967795272944,0.00683219267438626,-0.00503220472705579,0.0084853957571194,-1.06041949637659,-0.0727181488285781,0.965322658568586,1.43587366246696
-0.04,0.14,-0.0309732819523827,0.133863732017417,0.00902671804761734,-0.00613626798258268,0.0109149174740467,-1.21460271088547,-0.035025791361712,0.940343622233177,1.53651363927906
-0.04,0.155,-0.028626283143431,0.147918006454541,0.011373716856569,-0.00708199354545858,0.0133983606352165,-1.33733872928746,0.00180288746233655,0.889852282484149,1.60638857135637
-0.04,0.17,-0.0262252330228165,0.162143802099306,0.0137747669771835,-0.00785619790069411,0.0158576180661086,-1.42738874871084,0.0354990336693635,0.817495022894175,1.64535192882808
-0.04,0.185,-0.0238734782018436,0.176552751598692,0.0161265217981564,-0.00844724840130773,0.0182049639071273,-1.48385568533644,0.0641342406414228,0.727515893870978,1.65390755701589
-0.04,0.2,-0.0216772873523062,0.191154588639394,0.0183227126476938,-0.0088454113606064,0.0203460831834607,-1.5062173056939,0.0862137973321409,0.624638334446513,1.63293506396747
-0.04,0.215,-0.0197436530368919,0.205956849921128,0.0202563469631081,-0.00904315007887238,0.0221832855014497,-1.49434758979983,0.100749248369576,0.51391932436886,1.58350806946673
-0.04,0.23,-0.0181780001574738,0.220964645283263,0.0218219998425262,-0.00903535471673675,0.0236185798045621,-1.44852466525398,0.10730431213993,0.40058407885999,1.50676354034056
-0.04,0.245,-0.017081914720804,0.236180510232749,0.022918085279196,-0.00881948976725064,0.0245565069303258,-1.36942456040722,0.106010377406233,0.289851350844544,1.40380704287792
-0.04,0.26,-0.0165510082331348,0.251604349852082,0.0234489917668652,-0.00839565014791793,0.0249066689119349,-1.25810103873089,0.0975504644237621,0.186760349938099,1.27564923234219
-0.04,0.275,-0.0166730246156177,0.267233476843147,0.0233269753843823,-0.0077665231568535,0.0245859037362779,-1.1159527715998,0.0831133384629962,0.0960100802146172,1.12317262628061
-0.04,0.29,-0.0175262788494422,0.283062740198804,0.0224737211505578,-0.00693725980119586,0.0235200704910151,-0.944679973711683,0.0643220229791382,0.0218205702810549,0.947129420811482
-0.04,0.305,-0.0191784918514338,0.299084734958447,0.0208215081485662,-0.00591526504155301,0.0216454513025862,-0.746233239466385,0.0431429424309187,-0.0321767735998223,0.748176890829953
-0.04,0.32,-0.0216860570866181,0.315290078799468,0.0183139429133819,-0.00470992120053246,0.0189098879623819,-0.522757665366743,0.0217831121361237,-0.0630152670442708,0.526994271770942
-0.04,0.335,-0.0250937444689037,0.331667737856845,0.0149062555310963,-0.00333226214315466,0.0152741750988078,-0.276535359840606,0.00258310069319699,-0.0684340624965376,0.284889216673954
-0.04,0.35,-0.0294348192212965,0.348205382537732,0.0105651807787035,-0.00179461746226758,0.0107165151389134,-0.00992920396514007,-0.0120870161698265,-0.0468856241654806,0.0494261768161292
-0.02,0.05,-0.0185256107690038,0.0513337652610607,0.00147438923099624,0.00133376526106069,0.00198815325769669,-0.020100762765811,-0.22327386875567,0.798522022753049,0.829400201517762
-0.02,0.065,-0.0182804484311011,0.0649337510694614,0.00171955156889889,-6.62489305386371e-05,0.00172082727747445,-0.323932756305699,-0.222910990563264,0.919510334083385,1.00007319070542
-0.02,0.08,-0.0175122380544405,0.0786098882785628,0.00248776194555952,-0.00139011172143721,0.00284980176430769,-0.604753278748219,-0.210386118031382,1.00674853831355,1.19313993729854
-0.02,0.095,-0.0162761783957222,0.0923757015961721,0.00372382160427784,-0.00262429840382791,0.00455563271706797,-0.860065703417647,-0.188035440599045,1.06032371399916,1.37820473939193
-0.02,0.11,-0.0146374728733995,0.10624490567922,0.00536252712660046,-0.00375509432078039,0.00654655867929731,-1.08746580303379,-0.158376171734368,1.08102008165152,1.54156175823579
-0.02,0.125,-0.012671044669729,0.120231123777748,0.00732895533027096,-0.00476887622225161,0.00874389882468135,-1.28470179870656,-0.124020604890323,1.07036427604799,1.67681847140042
-0.02,0.14,-0.0104608916578491,0.134347573622615,0.00953910834215088,-0.00565242637738472,0.0110880346281497,-1.44973672278176,-0.0875761958243179,1.03064313996637,1.78097917509231
-0.02,0.155,-0.00809906379627955,0.148606731854364,0.0119009362037205,-0.00639326814563576,0.0135094840799723,-1.58081020064529,-0.0515366208214773,0.964889077329486,1.85281596340572
-0.02,0.17,-0.00568426878955498,0.163019991560695,0.014315731210445,-0.00698000843930538,0.0159267284117763,-1.67649632880209,-0.0181702918180121,0.876829894714846,1.89212211997839
-0.02,0.185,-0.00332013830091853,0.177597329795495,0.0166798616990815,-0.00740267020450494,0.0182487619431333,-1.73575414444525,0.0105861330257654,0.770802604221606,1.89932132705073
-0.02,0.2,-0.00111321384921683,0.192347003281165,0.0188867861507832,-0.00765299671883471,0.0203783966465448,-1.75796732380628,0.0332213524321299,0.651633615622329,1.87523146007485
-0.02,0.215,0.000829263650370712,0.207275290061184,0.0208292636503707,-0.00772470993881552,0.0222155208774291,-1.74297023734057,0.0487227486541711,0.524490786875412,1.82090329388036
-0.02,0.23,0.00240165754729454,0.222386293005131,0.0224016575472945,-0.0076137069948693,0.0236601520508635,-1.69105830818254,0.0566234283915009,0.394715513298156,1.73750283363714
-0.02,0.245,0.00350221781611574,0.237681817453505,0.0235022178161157,-0.00731818254649508,0.0246152399553604,-1.60298169968775,0.0570191083164833,0.267645046664218,1.62622658787111
-0.02,0.26,0.00403522605125029,0.253161330594,0.0240352260512503,-0.0068386694059995,0.0249891874733704,-1.47992257010033,0.0505536182195672,0.148436220843754,1.48824874302789
-0.02,0.275,0.00391289559119078,0.268822004561676,0.0239128955911908,-0.0061779954383244,0.0246980607172132,-1.32345733354643,0.0383745884682748,0.0419015786957763,1.32470594310584
-0.02,0.29,0.00305693716446644,0.284658839639727,0.0230569371644664,-0.00534116036027305,0.0236674955455854,-1.135506410792,0.022063454312957,-0.0476324284134995,1.13673780525374
-0.02,0.305,0.00139972542595417,0.300664858703386,0.0213997254259542,-0.00433514129661408,0.0218344154574341,-0.918274716698737,0.0035459133525951,-0.116437753989537,0.925644324299714
-0.02,0.32,-0.00111496903932888,0.316831359820423,0.0188850309606711,-0.00316864017957724,0.01914901237592,-0.674186547581303,-0.0150098112882767,-0.161463009798644,0.693418320894468
-0.02,0.335,-0.0045316874824025,0.333148211135992,0.0154683125175975,-0.00185178886400761,0.0155787616368865,-0.40581857016086,-0.031299209472401,-0.180376128881556,0.445202086154973
-0.02,0.35,-0.00888340779587416,0.349604170791884,0.0111165922041258,-0.000395829208115983,0.0111236371297714,-0.115834333049819,-0.0429850066015596,-0.171572737109199,0.211429795328012
0,0.05,0.00174709261116177,0.0504045689140884,0.00174709261116177,0.000404568914088355,0.00179332333900573,-0.145892384905813,-0.263353771400388,0.933709430475744,0.981058924170006
0,0.065,0.00198876333071177,0.0642782792245831,0.00198876333071177,-0.000721720775416906,0.00211567021609043,-0.468150531745305,-0.268566572008441,1.0436243239756,1.17494384130699
0,0.08,0.00275268725048008,0.0782218603088281,0.00275268725048008,-0.00177813969117194,0.00327705170241128,-0.76621891500685,-0.261272582571903,1.11937498192148,1.38146574052133
0,0.095,0.00398360473791459,0.0922469685979052,0.00398360473791459,-0.00275303140209482,0.00484234329729479,-1.03734622600823,-0.243725850499584,1.16108110269242,1.57599346625344
0,0.11,0.00561625535393331,0.106365378230171,0.00561625535393331,-0.00363462176982909,0.0066897533295556,-1.27887499126715,-0.218362693554233,1.16956207801799,1.74680144891093
0,0.125,0.00757566521785265,0.120588734026708,0.00757566521785265,-0.00441126597329178,0.0087664115224021,-1.48830881164006,-0.187718741359032,1.14638184203085,1.88807185992732
0,0.14,0.00977779490999815,0.134928277305364,0.00977779490999815,-0.00507172269463632,0.0110148828588086,-1.66338250486963,-0.154332220511744,1.09386635560849,1.99689935227038
0,0.155,0.012130565069804,0.149394554645422,0.012130565069804,-0.0056054453545776,0.0133630695027716,-1.80213189414889,-0.120638229697817,1.01508879814575,2.07198119078578
0,0.17,0.0145352538743315,0.163997122375666,0.0145352538743315,-0.00600287762433432,0.0157260339871184,-1.90295947712661,-0.0888602472262361,0.913819418014588,2.11298907590187
0,0.185,0.0168882338521466,0.178744261626473,0.0168882338521466,-0.00625573837352691,0.0180096281261665,-1.96469198480036,-0.0609061549933695,0.794439497974554,2.12022905185255
0,0.2,0.0190829887668058,0.193642719658615,0.0190829887668058,-0.00635728034138505,0.0201140615891718,-1.98662597839619,-0.0382764316718912,0.661821815884081,2.09443176732966
0,0.215,0.0210123264082479,0.208697492791774,0.0210123264082479,-0.00630250720822553,0.0219371706971634,-1.9685581683796,-0.0219917154610963,0.521182986806957,2.0366082847765
0,0.23,0.0225706839670102,0.223911664460368,0.0225706839670102,-0.00608833553963248,0.0233774165463553,-1.91079805884538,-0.0125456342397387,0.377915769578443,1.94794569327758
0,0.245,0.0236564113743554,0.239286308676887,0.0236564113743554,-0.00571369132311295,0.0243366404347138,-1.81416173867695,-0.00988675855361524,0.23741142697541,1.82973475310852
0,0.26,0.0241739164752249,0.254820465023506,0.0241739164752249,-0.00517953497649445,0.0247225771375858,-1.67994701785752,-0.0134309931233264,0.104883228835079,1.6833320180364
0,0.275,0.0240355645455374,0.270511186396934,0.0240355645455374,-0.00448881360306563,0.0244511310696615,-1.50989148702489,-0.0221030210133396,-0.0147979561847156,1.51016947846203
0,0.29,0.0231632426197621,0.286353655834695,0.0231632426197621,-0.0036463441653049,0.0234484889584344,-1.30611627849726,-0.0344029160518709,-0.117246316371296,1.31184799877292
0,0.305,0.0214895241526397,0.30234136427694,0.0214895241526397,-0.00265863572305952,0.0216533598366353,-1.07105919826671,-0.048492068548893,-0.19867454355619,1.0904250315105
0,0.32,0.0189583987548935,0.3184663375199,0.0189583987548935,-0.00153366248009998,0.0190203313312995,-0.807401388252124,-0.0622913508691075,-0.255973419154313,0.84930136751713
0,0.335,0.0155255619615182,0.334719398284949,0.0155255619615182,-0.000280601715051176,0.0155280974862805,-0.517991747715043,-0.0735840727454056,-0.286755895352658,0.596625700464695
0,0.35,0.0111582879040184,0.351090448329532,0.0111582879040184,0.00109044832953151,0.0112114435514942,-0.205773025834435,-0.0801166948993569,-0.289366857790417,0.363998416173221
0.02,0.05,0.021876530434432,0.049523347570133,0.00187653043443198,-0.000476652429866969,0.00193612086664225,-0.246568176800436,-0.301969729556778,1.03383247799817,1.10491131298047
0.02,0.065,0.0220952743221024,0.0636727886647564,0.00209527432210244,-0.00132721133524363,0.00248025490892791,-0.585384638457516,-0.314906051606748,1.13301732814649,1.31363802202994
0.02,0.08,0.0228343451027761,0.0778857371747273,0.00283434510277605,-0.00211426282527269,0.0035360457372552,-0.898899770417328,-0.314994052176899,1.19795484659197,1.53051532259382
0.02,0.095,0.0240385330780458,0.0921719499339672,0.00403853307804583,-0.00282805006603284,0.00493027550938674,-1.18413950364726,-0.304362915873699,1.22880955165824,1.73350087539906
0.02,0.11,0.0256426672467791,0.106541227911603,0.00564266724677912,-0.00345877208839654,0.00661836822920459,-1.43822600959881,-0.285321790486401,1.22643950171005,1.91164730569967
0.02,0.125,0.0275719052860879,0.121003204460052,0.00757190528608787,-0.00399679553994806,0.00856201636588217,-1.65845096842779,-0.260281373694261,1.19243947124883,2.0592654909624
0.02,0.14,0.0297423826076704,0.135567112192472,0.00974238260767044,-0.00443288780752768,0.0107034813583416,-1.84235216620808,-0.231662318196251,1.12915728184769,2.17335948323263
0.02,0.155,0.03206223743281,0.150241537309517,0.01206223743281,-0.00475846269048291,0.0129669016755045,-1.9877898767828,-0.201794906306436,1.03967854551646,2.2524685717916
0.02,0.17,0.0344330058109832,0.165034172362899,0.0144330058109832,-0.00496582763710063,0.015263390870356,-2.0930189192839,-0.172815854915663,0.92777688514845,2.29609864548776
0.02,0.185,0.0367513540801574,0.179951580088926,0.0167513540801574,-0.00504841991107441,0.0174955539242785,-2.15675202719313,-0.146569105601704,0.797829127049474,2.30441075377375
0.02,0.2,0.0389110895869944,0.194998981522662,0.0189110895869944,-0.00500101847733764,0.0195611731544404,-2.17821030068196,-0.124517820740377,0.654697776295294,2.27802931447075
0.02,0.215,0.040805365811426,0.21018008115081,0.020805365811426,-0.00481991884918981,0.021356377601551,-2.15715708541158,-0.107674408954704,0.503585987091409,2.21791197820128
0.02,0.23,0.0423289790431226,0.22549694015651,0.0223289790431226,-0.00450305984349006,0.0227785173587365,-2.09391261124098,-0.0965542104070061,0.349872849397828,2.12525800676497
0.02,0.245,0.0433806425400605,0.240949906034668,0.0233806425400605,-0.00405009396533162,0.023728837028268,-1.98934803967259,-0.09115658193876,0.19893876069364,2.00144924852031
0.02,0.26,0.0438651226732438,0.256537603121859,0.0238651226732438,-0.00346239687814054,0.0241149802477782,-1.8448590726842,-0.0909747558047223,0.0559916453189281,1.8480293661798
0.02,0.275,0.043695130220179,0.272256984576028,0.023695130220179,-0.00274301542397201,0.0238533714549409,-1.66232078126443,-0.0950333110863422,-0.0740953204760387,1.66674164960772
0.02,0.29,0.0427928778031952,0.288103442084473,0.0227928778031952,-0.00189655791552693,0.0228716464312986,-1.44402663785155,-0.101949734756644,-0.186925027531349,1.45967903410061
0.02,0.305,0.0410912394215295,0.304070965914461,0.0210912394215295,-0.000929034085538682,0.0211116907107975,-1.19261572942477,-0.110014662953919,-0.278689439723129,1.22969970021946
0.02,0.32,0.0385344771073542,0.320152345035688,0.0185344771073542,0.00015234503568759,0.0185351032004933,-0.910992686953787,-0.117284198781211,-0.346249625245758,0.981618882731001
0.02,0.335,0.0350785296748238,0.336339395089756,0.0150785296748238,0.00133939508975636,0.0151379006589754,-0.602244969807824,-0.121677293163596,-0.387181059135523,0.726237289869257
0.02,0.35,0.0306908863406578,0.352623201373749,0.0106908863406578,0.00262320137374927,0.0110080078214045,-0.269561819589143,-0.121071512907256,-0.399785193486906,0.49714347762878
0.04,0.05,0.0418631646559157,0.0486598136125215,0.00186316465591566,-0.00134018638747854,0.00229509958133326,-0.312857396244543,-0.335223842263844,1.09860680371124,1.19048001685209
0.04,0.065,0.0420396950547034,0.0630854437319645,0.00203969505470339,-0.00191455626803552,0.002797477724604,-0.665840398486474,-0.357742222005693,1.18746587158149,1.40765684630912
0.04,0.08,0.0427335113143296,0.0775681434464846,0.00273351131432964,-0.00243185655351541,0.00365868971114578,-0.992496891129719,-0.3670797044651,1.2423172841778,1.63197116414128
0.04,0.095,0.0438895641691783,0.0921157559616636,0.00388956416917832,-0.0028842440383364,0.00484226941617615,-1.28967042581028,-0.365204034411714,1.2633810149489,1.84202269857706
0.04,0.11,0.0454429177136706,0.10673609522183,0.00544291771367057,-0.00326390477816971,0.00634652878656892,-1.55430443487072,-0.354257533666044,1.25155615931845,2.02686504274848
0.04,0.125,0.0473190420533683,0.121436769983718,0.00731904205336831,-0.00356323001628192,0.00814033075052275,-1.78352009192896,-0.336484530598249,1.20846131815992,2.18062341238589
0.04,0.14,0.049434461876877,0.136224992343898,0.00943446187687702,-0.00377500765610192,0.010161680653803,-1.97469772741855,-0.314146480836155,1.13644904196207,2.30007521098567
0.04,0.155,0.0516977774225937,0.15110737823023,0.0116977774225937,-0.00389262176976951,0.0123284427593685,-2.12555805607111,-0.289428856686777,1.03858988637427,2.38353820054853
0.04,0.17,0.0540110515383938,0.166089749062274,0.0140110515383937,-0.00391025093772615,0.0145464644366772,-2.23423888241349,-0.264345174853438,0.918623359164845,2.43032017589336
0.04,0.185,0.0562715304720591,0.181176944864999,0.0162715304720591,-0.00382305513500078,0.0167146179875104,-2.29936268024737,-0.240644445624615,0.780875324394622,2.44041904050261
0.04,0.2,0.0583736395950355,0.19637265963333,0.0183736395950355,-0.00362734036667028,0.0187282735484062,-2.32009058158654,-0.219728677844812,0.630144092853245,2.41434153417242
0.04,0.215,0.0602111710258544,0.211679308969914,0.0202111710258544,-0.00332069103008639,0.0204821488900367,-2.29615890075997,-0.202586733149955,0.471560154840686,2.35298409323771
0.04,0.23,0.0616795613422608,0.227097938653515,0.0216795613422608,-0.00290206134648457,0.0218729362466864,-2.22789534854869,-0.189749762785344,0.31042697057773,2.25755329748139
0.04,0.245,0.0626781465803238,0.242628180314392,0.0226781465803238,-0.00237181968560793,0.0228018389815315,-2.11621346074968,-0.181271762847964,0.152052081378933,2.12952124009355
0.04,0.26,0.0631122803203135,0.258268257263761,0.0231122803203135,-0.00173174273623947,0.0231770669954002,-1.96258534137117,-0.176736645273175,0.00157876077743253,1.97062486452176
0.04,0.275,0.0628952092693019,0.274015040268509,0.0228952092693019,-0.00098495973149082,0.0229163861277861,-1.76899440026255,-0.175290914311806,-0.136171640371412,1.78293783358422
0.04,0.29,0.0619496183471058,0.28986414957848,0.0219496183471058,-0.000135850421519562,0.0219500387453105,-1.53787117018843,-0.175698867694407,-0.256837595911609,1.56908803071787
0.04,0.305,0.0602087819303756,0.305810096638714,0.0202087819303756,0.000810096638714258,0.0202250123281429,-1.27201635446964,-0.176415484019139,-0.356628434861361,1.33282105827335
0.04,0.32,0.0576172866180733,0.321846456652943,0.0176172866180733,0.001846456652943,0.0177137853084692,-0.974515870910875,-0.175671014826311,-0.432403905502825,1.08053191947324
0.04,0.335,0.0541313204055009,0.337966061779969,0.0141313204055009,0.00296606177996858,0.0144392430163605,-0.648652798037377,-0.171560861247117,-0.481720410789799,0.825984231891243
0.04,0.35,0.0497185506556878,0.354161204338366,0.00971855065568783,0.00416120433836606,0.0105719368326152,-0.297820823109311,-0.162134561349651,-0.502844677244531,0.606499021287682
0.06,0.05,0.061708351884418,0.0477837359764264,0.00170835188441795,-0.00221626402357364,0.00279826596005119,-0.336755810238333,-0.3583508460851,1.12870008440048,1.23119535932488
0.06,0.065,0.0618236799528612,0.0624844733072379,0.00182367995286123,-0.00251552669276214,0.00310703767477428,-0.701106612377657,-0.391927922902881,1.20769685790793,1.45044890620101
0.06,0.08,0.0624521676062688,0.0772357770830244,0.00245216760626882,-0.00276422291697556,0.00369513928072637,-1.03821050029539,-0.412005583465265,1.25322814432593,1.67881269424954
0.06,0.095,0.0635390351976004,0.092043580133109,0.00353903519760038,-0.00295641986689102,0.00461141936492467,-1.3447749925273,-0.420361527011469,1.26557753383755,1.89397378972425
0.06,0.11,0.0650197252139249,0.106913714315846,0.00501972521392487,-0.00308628568415376,0.0058926055822128,-1.61761241132604,-0.418940251765056,1.24568585340593,2.08432079541696
0.06,0.125,0.0668201976068664,0.121851770529742,0.00682019760686645,-0.00314822947025784,0.00751175373625272,-1.85372073345501,-0.409787297841495,1.19518785450446,2.24350691299486
0.06,0.14,0.0688575761922683,0.136862948945241,0.00885757619226832,-0.0031370510547595,0.00939668799748115,-2.05036800667102,-0.394972267985546,1.11642420007503,2.36795547324497
0.06,0.155,0.071041162021942,0.151951905652065,0.011041162021942,-0.00304809434793521,0.0114541755682672,-2.2051764893448,-0.376504277253457,1.01242468991954,2.45570472135833
0.06,0.17,0.0732738070910925,0.167122603082263,0.0132738070910925,-0.00287739691773739,0.0135820973238208,-2.31620208010132,-0.356244631271257,0.886860277360384,2.50583804123815
0.06,0.185,0.0754536163406416,0.182378172240403,0.0154536163406416,-0.00262182775959721,0.0156744454066081,-2.3820043394436,-0.335822350211097,0.743963554345593,2.51817866306424
0.06,0.2,0.0774759198429433,0.197720794999888,0.0174759198429433,-0.00227920500011164,0.0176239198190844,-2.40170254585731,-0.316558477622512,0.58841983279157,2.49311109558584
0.06,0.215,0.079235433400049,0.213151613879779,0.019235433400049,-0.00184838612022101,0.0193240376044228,-2.37501383032408,-0.299404831184486,0.425233454835007,2.43146964630927
0.06,0.23,0.0806285073881241,0.228670675525067,0.0206285073881241,-0.001329324474933,0.0206712946043915,-2.30227046348456,-0.284901937189746,0.259576232883199,2.33447041163369
0.06,0.245,0.0815553529577758,0.244276911968434,0.0215553529577758,-0.000723088031565566,0.0215674777717676,-2.18441475223488,-0.273159411577662,0.0966266227153124,2.20368309758153
0.06,0.26,0.0819221333470828,0.259968161338264,0.0219221333470828,-3.18386617360333e-05,0.0219221564675481,-2.02297158848396,-0.263860173508601,-0.0585908615506,2.04105601524034
0.06,0.275,0.0816428165320299,0.275741226992332,0.0216428165320299,0.000741226992331839,0.0216555056485243,-1.82000029657166,-0.2562878370482,-0.201356513643872,1.84903371908772
0.06,0.29,0.0806407026813528,0.291591971507104,0.0206407026813528,0.00159197150710397,0.020702004261893,-1.57802886095776,-0.249374686902006,-0.32738806952667,1.63086643818495
0.06,0.305,0.0788495640450773,0.307515439761539,0.0188495640450773,0.0025154397615394,0.0190166637947724,-1.29997471691847,-0.241766049053685,-0.432948352216125,1.39137503862537
0.06,0.32,0.0762143630153672,0.323506003760219,0.0162143630153672,0.00350600376021859,0.0165890816611642,-0.989056947392392,-0.231895797397422,-0.514923462391168,1.1389460887856
0.06,0.335,0.0726915431077748,0.339557520954143,0.0126915431077748,0.00455752095414261,0.0134850385132544,-0.648704908649595,-0.21806728165967,-0.570869569556086,0.891223584688152
0.06,0.35,0.0682489145112125,0.355663497666804,0.00824891451121249,0.00566349766680357,0.0100059880289345,-0.282468031570566,-0.198534112930923,-0.599028802746573,0.691408193808412
0.08,0.05,0.0814143176733062,0.0468652559902446,0.00141431767330621,-0.00313474400975539,0.00343902813127831,-0.311877477650352,-0.366038897186918,1.12562821617274,1.22407022082762
0.08,0.065,0.0814498958144587,0.061838511947595,0.0014498958144587,-0.00316148805240501,0.00347810358935505,-0.684529868178224,-0.411710725840286,1.19528006218318,1.43766815768429
0.08,0.08,0.0819934635201291,0.0768557762305086,0.00199346352012905,-0.00314422376949142,0.00372290745503029,-1.02913609089507,-0.443583564578359,1.23228075868801,1.66571268748787
0.08,0.095,0.082990617638129,0.0919210914745514,0.00299061763812897,-0.00307890852544856,0.00429225716442619,-1.34231709062112,-0.463225474210265,1.23698261437991,1.88330516132689
0.08,0.11,0.0843773184973306,0.107038330747142,0.00437731849733064,-0.00296166925285779,0.0052851113508039,-1.62080465638133,-0.472361931052105,1.21036690166631,2.07740085665209
0.08,0.125,0.0860801878492523,0.122211093184078,0.00608018784925229,-0.00278890681592242,0.00668929633893534,-1.86152360443766,-0.472817494981388,1.15407621339045,2.24083878048358
0.08,0.14,0.088017151411221,0.137442595472446,0.00801715141122099,-0.00255740452755404,0.00841516694237236,-2.06167733875801,-0.466447464582209,1.07042362604047,2.36953447533557
0.08,0.155,0.0900984412320905,0.152735564003175,0.0100984412320905,-0.00226443599682485,0.010349211839638,-2.2188329420177,-0.455062714766334,0.962375056653208,2.46117833809447
0.08,0.17,0.0922279509043491,0.168092133259525,0.0122279509043491,-0.00190786674047538,0.0123758934553665,-2.33100138904976,-0.440351907120453,0.833502685325313,2.51460114162561
0.08,0.185,0.0943049119528218,0.183513756282903,0.0143049119528218,-0.00148624371709744,0.0143819131677463,-2.39670822629032,-0.423805973178024,0.687909244143349,2.52944263081413
0.08,0.2,0.0962258343817494,0.199001132891514,0.0162258343817494,-0.000998867108486179,0.0162565505838224,-2.41505021325492,-0.406650059689646,0.530125182356736,2.50596598962515
0.08,0.215,0.0978866311951375,0.214554160639982,0.0178866311951375,-0.000445839360017908,0.0178921867932852,-2.38573400825258,-0.389787898067627,0.364982979022323,2.44495009765494
0.08,0.23,0.0991848289975677,0.23017191226536,0.0191848289975677,0.000171912265360397,0.019185599221627,-2.30909399474167,-0.373762793743099,0.197474901835648,2.34763307764274
0.08,0.245,0.100021756268693,0.245852641755094,0.0200217562686932,0.000852641755093642,0.0200399032444142,-2.18608768863994,-0.358738179218824,0.0326020590383884,2.21570466073647
0.08,0.26,0.100304599643527,0.261593819288058,0.0203045996435272,0.0015938192880583,0.0203670573870383,-2.01826871699632,-0.344499073961822,-0.124776580390142,2.05136708555637
0.08,0.275,0.0999482267842523,0.277392193328572,0.0199482267842523,0.00239219332857149,0.0200911508071893,-1.80773893180006,-0.330474039447354,-0.270086518984581,1.85752040709411
0.08,0.29,0.0988766911703981,0.293243876410551,0.0188766911703981,0.00324387641055146,0.0191533862204446,-1.55708263987184,-0.315775530213622,-0.399163566741215,1.63821088786489
0.08,0.305,0.0970243576744946,0.3091444496769,0.0170243576744946,0.00414444967690042,0.0175215643523483,-1.26928703714232,-0.299255130226316,-0.50835687290718,1.39970259672194
0.08,0.32,0.0943366151042841,0.325089080245602,0.0143366151042841,0.00508908024560212,0.015213062492298,-0.947653616498415,-0.279569185676745,-0.594604888566712,1.15317222018329
0.08,0.335,0.0907701702058287,0.341072645147587,0.0107701702058287,0.00607264514758699,0.0123642058115769,-0.59570553871725,-0.255249885903637,-0.655482262904041,0.921787891649737
0.08,0.35,0.0862929437955172,0.357089855605594,0.0062929437955172,0.00708985560559416,0.00947983091208453,-0.217095730987263,-0.224776905298935,-0.689217899029619,0.756759440812202
0.1,0.05,0.100984116308143,0.0458751919293035,0.000984116308142602,-0.00412480807069654,0.00424058091869917,-0.23366593171654,-0.352782615385073,1.09160517852426,1.17077107080125
0.1,0.065,0.100921972945584,0.0611169284319683,0.000921972945584049,-0.00388307156803169,0.00399102479506768,-0.611433589206485,-0.411122700703952,1.15247417151752,1.36790295761331
0.1,0.08,0.101361657874981,0.0763960720638859,0.00136165787498119,-0.00360392793611408,0.00385258468267756,-0.960490500393522,-0.455388198103353,1.18174076586028,1.58952624831832
0.1,0.095,0.102249248034082,0.0917148116882814,0.00224924803408164,-0.00328518831171865,0.00398140414455414,-1.27742074484194,-0.486927170839411,1.17982781130753,1.80586972307501
0.1,0.11,0.103521355802616,0.107075102392335,0.00352135580261631,-0.00292489760766546,0.00457766017785797,-1.55892605641239,-0.507234883073824,1.14775373020589,2.00132044281846
0.1,0.125,0.105105429349074,0.122478596078785,0.00510542934907383,-0.00252140392121475,0.00569410981386042,-1.80190774017769,-0.517903148451076,1.08716018869195,2.16738842741117
0.1,0.14,0.106920389680988,0.137926573208405,0.00692038968098797,-0.00207342679159456,0.00722432640436649,-2.0035516095049,-0.520560911086421,1.00031827999144,2.29924961260647
0.1,0.155,0.10887761871866,0.153419879247614,0.00887761871865984,-0.00158012075238551,0.00901714454281504,-2.16141218512852,-0.516808793226997,0.89011008328262,2.39414366537989
0.1,0.17,0.110882291139076,0.1689588695961,0.010882291139076,-0.00104113040390041,0.0109319811998346,-2.27349188144927,-0.508151184403126,0.759983804751977,2.45060682471179
0.1,0.185,0.112835018817535,0.184543366694698,0.0128350188175351,-0.000456633305302212,0.0128431391031161,-2.3383106886736,-0.495930049484083,0.613882428382096,2.46808366676646
0.1,0.2,0.114633752105458,0.200172632577018,0.0146337521054577,0.000172632577018439,0.0146347703326918,-2.35496201964028,-0.481264885968805,0.456147758340073,2.44672075513677
0.1,0.215,0.116175859915052,0.215845359435873,0.0161758599150521,0.000845359435873161,0.0161979343302536,-2.32315095613053,-0.465003086015088,0.291403726975911,2.38725758587418
0.1,0.23,0.117360293347056,0.23155967965059,0.0173602933470562,0.00155967965059028,0.0174302147350028,-2.24321209543441,-0.447684335924772,0.124424630290487,2.29098287134377
0.1,0.245,0.118089727564477,0.247313195541822,0.0180897275644772,0.0023131955418223,0.0182370259903229,-2.11610547065689,-0.429521654837387,-0.0400046780495512,2.15975551496099
0.1,0.26,0.118272575381225,0.263103027739912,0.0182725753812249,0.00310302773991156,0.0185341790273324,-1.94339049181308,-0.410400347218684,-0.197228860296357,1.99612055499888
0.1,0.275,0.117824773951198,0.278925879881441,0.0178247739511979,0.00392587988144077,0.0182519889123023,-1.72717934921305,-0.389894672848317,-0.342854624292257,1.80360313378896
0.1,0.29,0.116671262190486,0.294778116191873,0.0166712621904857,0.00477811619187329,0.017342473219439,-1.47007268437751,-0.367300607414573,-0.472868596792405,1.58738442598303
0.1,0.305,0.114747089201922,0.310655847888511,0.0147470892019221,0.00565584788851053,0.0157944691353466,-1.17508140999803,-0.34168184677337,-0.583734751495624,1.35587420356306
0.1,0.32,0.111998120466765,0.32655502387349,0.0119981204667652,0.00655502387349022,0.0136719871531916,-0.84553924834911,-0.311925334565515,-0.672467380680197,1.124494108846
0.1,0.335,0.108381335864358,0.342471521299522,0.00838133586435816,0.00747152129952244,0.01122810854064,-0.48501081259358,-0.276802142222812,-0.736677593805167,0.924428109406688
0.1,0.35,0.103864739082107,0.358401231907225,0.00386473908210744,0.0084012319072248,0.00924753511654542,-0.0971998855618365,-0.23502951593519,-0.77459331769743,0.815286890778099
0.12,0.05,0.120421577431259,0.0447853252500504,0.000421577431258702,-0.00521467474994963,0.00523168809069395,-0.0994589129935047,-0.313228999560798,1.02936561640402,1.08057052621172
0.12,0.065,0.120244440643613,0.0602901339420876,0.000244440643612509,-0.0047098660579124,0.00471620499042663,-0.479176700510073,-0.384361005226141,1.08204616482093,1.24427828162117
0.12,0.08,0.120562041797249,0.0758257191481625,0.000562041797248614,-0.00417428085183746,0.00421194867156182,-0.829663722636323,-0.441172164658411,1.10436518104049,1.45007222516226
0.12,0.095,0.12132103735289,0.0913924675741766,0.00132103735289035,-0.0036075324258234,0.00384180034503341,-1.14751456550292,-0.484788898655341,1.09681473122252,1.65982082629837
0.12,0.11,0.122458819411655,0.106990473487628,0.00245881941165464,-0.00300952651237213,0.00388626333742329,-1.4294485926169,-0.516474456722692,1.06044530191892,1.8533517952327
0.12,0.125,0.123903818171347,0.122619503175564,0.00390381817134654,-0.0023804968244357,0.0045723693470764,-1.67239014550431,-0.537585876888204,0.996888696829656,2.01992500245694
0.12,0.14,0.125576131854369,0.138278965524932,0.00557613185436949,-0.00172103447506805,0.00583568386067022,-1.87355128642096,-0.549523387533515,0.9083612762078,2.15356369152245
0.12,0.155,0.127388497419508,0.153967891011965,0.00738849741950806,-0.00103210898803507,0.00746023746815475,-2.03051349223042,-0.553674539233374,0.797644878101187,2.25087304177383
0.12,0.17,0.129247594498994,0.169684921137273,0.00924759449899378,-0.000315078862726748,0.00925296053744731,-2.14130424628256,-0.551356048883494,0.66804395705926,2.31001794042274
0.12,0.185,0.131055652067001,0.185428310022424,0.0110556520670006,0.000428310022423883,0.0110639455937691,-2.20446430025343,-0.543756840642951,0.52331898487784,2.33022435064444
0.12,0.2,0.132712303524994,0.201195939109541,0.0127123035249944,0.00119593910954058,0.0127684349575551,-2.21910154248459,-0.531885986064839,0.367597857850217,2.31152919624688
0.12,0.215,0.134116614706404,0.216985345242825,0.0141166147064039,0.00198534524282512,0.0142555395023221,-2.18492794827156,-0.516529118651454,0.205268776774699,2.25466265775481
0.12,0.23,0.135169192616442,0.23279376150078,0.0151691926164418,0.0027937615007797,0.0154243154777757,-2.10227698101637,-0.498216406067397,0.0408596142135122,2.16102086776085
0.12,0.245,0.13577427321353,0.248618169200029,0.0157742732135301,0.00361816920002916,0.0161839069379163,-1.97209999664018,-0.477204339451838,-0.12109003340678,2.03273179766558
0.12,0.26,0.135841685316744,0.264455358804575,0.0158416853167441,0.00445535880457476,0.0164562819540821,-1.79594155947484,-0.453472524868929,-0.276157244800142,1.87286372901194
0.12,0.275,0.135288595282086,0.280301996831715,0.0152885952820862,0.00530199683171517,0.0161818514423704,-1.57589496732675,-0.426735461270759,-0.420157714407907,1.68590796730607
0.12,0.29,0.134040952686239,0.296154695443595,0.0140409526862394,0.00615469544359454,0.015330643441833,-1.31454055919286,-0.396468103944157,-0.549254882065742,1.4788529938133
0.12,0.305,0.132034578946725,0.312010081433226,0.0120345789467251,0.00701008143322579,0.0139273950229545,-1.01487039968265,-0.361942982850247,-0.660051027711427,1.26360465578308
0.12,0.32,0.129215866240444,0.327864861408317,0.00921586624044446,0.00786486140831727,0.0121156194861758,-0.680203609020406,-0.322275880414646,-0.749656607531058,1.06233518849365
0.12,0.335,0.125542080343892,0.343715880512315,0.0055420803438925,0.00871588051231542,0.0103286604960721,-0.314096889298079,-0.276476646872952,-0.815735843975281,0.916809191504142
0.12,0.35,0.120981285605289,0.359560172546481,0.000981285605288706,0.00956017254648123,0.00961040168555093,0.0797453103346221,-0.223501655985205,-0.856528316543508,0.888801948163497
0.14,0.05,0.139731241242963,0.0435686623021006,-0.000268758757036885,-0.00643133769789944,0.00643695081959669,0.0915811523775432,-0.242482373534783,0.941979524584815,0.977002232545112
0.14,0.065,0.13942264915224,0.0593298630593611,-0.000577350847759867,-0.00567013694063889,0.00569945496753916,-0.287066805950204,-0.326121636776681,0.987083986228273,1.07848588816588
0.14,0.08,0.13960084594598,0.0751151958070753,-0.000399154054020329,-0.0048848041929247,0.00490108518208524,-0.636114188647243,-0.395228795510394,1.00321590483062,1.2519391249355
0.14,0.095,0.140213162047977,0.0909233106268963,0.000213162047976972,-0.00407668937310368,0.00408225848072782,-0.952209042975733,-0.450714602393491,0.990932503711023,1.44634160013856
0.14,0.11,0.141197889275021,0.106752512959893,0.00119788927502099,-0.00324748704010658,0.00346137411888263,-1.23213113735266,-0.493616626623894,0.951309859973399,1.63308772402149
0.14,0.125,0.142484584993894,0.122600760537014,0.00248458499389363,-0.00239923946298648,0.00345391264982673,-1.47286921069752,-0.52506348496809,0.885961166368766,1.79728334686422
0.14,0.14,0.143994693348473,0.138465670947947,0.00399469334847309,-0.00153432905205336,0.00427922196062674,-1.67170021970024,-0.546232636561579,0.797037218718968,1.93095130395294
0.14,0.155,0.145642495736657,0.154344540923756,0.00564249573665743,-0.000655459076243925,0.00568043878048411,-1.82626721608757,-0.55830361321339,0.687206923063264,2.02968939056216
0.14,0.17,0.147336382763897,0.170234377782333,0.00733638276389748,0.000234377782333151,0.00734012568034522,-1.93465208943052,-0.562409119966718,0.559616663747868,2.09113340437859
0.14,0.185,0.148980417858114,0.186131942808937,0.008980417858114,0.0011319428089368,0.00905147498637855,-1.99543928159399,-0.55958685406664,0.417828677440008,2.11423824723216
0.14,0.2,0.150476140014353,0.202033805422754,0.0104761400143535,0.00203380542275444,0.0106717324787479,-2.00776674271862,-0.550735075631488,0.265740032407695,2.09893945810465
0.14,0.215,0.151724532912243,0.217936406289653,0.0117245329122427,0.00293640628965275,0.0120866518899228,-1.97136090258845,-0.536574878212648,0.10748527670608,2.04601425174938
0.14,0.23,0.152628071769124,0.233836126776316,0.0126280717691239,0.00383612677631645,0.0131978810894066,-1.88655324430012,-0.517621731602136,-0.0526728619712351,1.95708002261702
0.14,0.245,0.153092750207962,0.249729361578033,0.0130927502079619,0.00472936157803289,0.0139207388074002,-1.75427713782821,-0.494168227673709,-0.210459336532742,1.83474011535987
0.14,0.26,0.153029988255379,0.26561259113943,0.0130299882553786,0.00561259113942986,0.0141873807742554,-1.57604481518178,-0.466279112807815,-0.361703229686039,1.68296355734368
0.14,0.275,0.152358329793995,0.28148245040767,0.0123583297939948,0.00648245040767026,0.013955302884031,-1.35390563098403,-0.433798732867892,-0.502448759574705,1.50792168164998
0.14,0.29,0.151004852537712,0.297335790813353,0.0110048525377124,0.00733579081335284,0.0132257554126056,-1.09038791607889,-0.396370056424139,-0.629055256896113,1.31978883229818
0.14,0.305,0.148906234368873,0.313169732790388,0.00890623436887278,0.00816973279038813,0.01208575791995,-0.788427676022241,-0.353463589343915,-0.738281454822492,1.13651069800192
0.14,0.32,0.146009444013083,0.328981707005375,0.00600944401308257,0.00898170700537493,0.0108066867298342,-0.45128804008545,-0.304413842057336,-0.827350693396522,0.990384912268519
0.14,0.335,0.142272049229015,0.344769483151806,0.0022720492290153,0.00976948315180598,0.0100302048210637,-0.082473657325738,-0.248460614244771,-0.893995109608769,0.931547611597985
0.14,0.35,0.137662159188033,0.360531186064338,-0.00233784081196708,0.0105311860643384,0.0107875567013024,0.314355811475373,-0.184792246318826,-0.936478380134756,1.00498029879872
0.16,0.05,0.15891828430852,0.0421996663654223,-0.00108171569147961,-0.00780033363457772,0.00787498023158901,0.338645419424456,-0.136344385816945,0.832675927018628,0.909195829887889
0.16,0.065,0.158462680609443,0.0582094219074826,-0.00153731939055737,-0.00679057809251737,0.00696242068099598,-0.0361571956979573,-0.231860093937669,0.870819672035577,0.901892533795659
0.16,0.08,0.158485134957119,0.0742366683808754,-0.00151486504288131,-0.00576333161912462,0.00595909451596008,-0.381140769095232,-0.312673146675519,0.881484828774341,1.00998747507286
0.16,0.095,0.158933740454188,0.090278397151726,-0.00106625954581185,-0.004721602848274,0.00484050027123892,-0.69304388623027,-0.379490756969083,0.865287573476764,1.17179072667675
0.16,0.11,0.159747799971213,0.106331209935832,-0.000252200028786578,-0.0036687900641682,0.00367744821710099,-0.968743158662932,-0.433137646302106,0.823322215553531,1.34313573815445
0.16,0.125,0.160858131502588,0.122391346483055,0.0008581315025884,-0.00260865351694484,0.0027461723993958,-1.20532654427192,-0.474527001378728,0.757175134705583,1.50047686053797
0.16,0.14,0.162187679147847,0.138454726927151,0.00218767914784704,-0.00154527307284907,0.00267839670765874,-1.40016810198123,-0.504625997457487,0.668922821370589,1.63179527887063
0.16,0.155,0.16365244077407,0.154517008738693,0.0036524407740703,-0.000482991261306798,0.00368423725709813,-1.55100107277002,-0.524417382426266,0.561112225545622,1.73080693577868
0.16,0.17,0.165162704311996,0.170573657224845,0.00516270431199605,0.000573657224844815,0.00519447768545782,-1.65598586074292,-0.534859070555473,0.436722528412071,1.79425556942424
0.16,0.185,0.166624563745379,0.186620027580673,0.00662456374537861,0.00162002758067259,0.00681977522934038,-1.71376938940199,-0.536844027993607,0.299108561837898,1.82070093750683
0.16,0.2,0.16794166412998,0.202651455447446,0.00794166412997955,0.00265145544744561,0.0083725889152157,-1.72353247864729,-0.531162891682818,0.151927324356359,1.80998689719061
0.16,0.215,0.169017105979342,0.218663352191414,0.00901710597934173,0.0036633521914135,0.00973284899302432,-1.68502234449962,-0.518471712102788,-0.000949724663590162,1.76305399155914
0.16,0.23,0.169755424176528,0.234651300556228,0.00975542417652763,0.00465130055622759,0.0108075389302256,-1.59856805644582,-0.49926693486536,-0.155534811313245,1.68198738024324
0.16,0.245,0.170064548047798,0.250611146078083,0.0100645480477976,0.00561114607808333,0.0115230242434882,-1.465077731281,-0.47386924842449,-0.307827800525538,1.57032389419227
0.16,0.26,0.169857648079977,0.266539079900783,0.00985764807997656,0.00653907990078345,0.0118293191527448,-1.28601733171028,-0.442417274671183,-0.453920829370688,1.43377997465524
0.16,0.275,0.16905478155694,0.282431709075157,0.00905478155693981,0.00743170907515656,0.0117140671340769,-1.06337205626065,-0.4048713309166,-0.590098416948914,1.28178219180968
0.16,0.29,0.167584263333392,0.298286111372696,0.00758426333339202,0.0082861113726958,0.0112330179378007,-0.799592350323245,-0.361026730883688,-0.712928203060426,1.1304849886719
0.16,0.305,0.165383707567737,0.31409987257442,0.00538370756773668,0.00909987257441963,0.0105731730358289,-0.497527427549106,-0.310535400611622,-0.819338211725747,1.00762445831041
0.16,0.32,0.162400709152793,0.32987110553877,0.00240070915279295,0.00987110553877019,0.0101588448651332,-0.160349800483235,-0.252934038289835,-0.90667757835647,0.954868064329044
0.16,0.335,0.158593157491173,0.345598451360891,-0.0014068425088275,0.0105984513608912,0.0106914160471764,0.208525379829134,-0.187676691173784,-0.972758905933064,1.01241885240678
0.16,0.35,0.15392919768031,0.361281064043043,-0.00607080231969045,0.0112810640430435,0.0128108175675094,0.605522376917911,-0.114169481361063,-1.01588168096676,1.18817431459007
0.18,0.05,0.177988438206712,0.0406544560437924,-0.00201156179328818,-0.00934554395620762,0.00955958015216283,0.639532914354745,0.00852334105550819,0.704688104459054,0.951672812652529
0.18,0.065,0.177371251709364,0.0569038991725759,-0.00262874829063633,-0.00809610082742412,0.00851217752301613,0.271035561002667,-0.0979658753925004,0.736475450564864,0.790862572093716
0.18,0.08,0.177222692408362,0.0731642147393924,-0.00277730759163775,-0.00683578526060757,0.00737844140640206,-0.0675723362079662,-0.189627959656667,0.74234283446725,0.769159640235313
0.18,0.095,0.17749169844692,0.0894308239869394,-0.00250830155307991,-0.00556917601306062,0.00610797005114079,-0.373150280913895,-0.266983243327344,0.722957706815365,0.856272548090627
0.18,0.11,0.178118685639571,0.105698721180657,-0.00188131436042917,-0.00430127881934261,0.0046947143900862,-0.642701091180559,-0.330661141286611,0.679424882518725,0.991990037693243
0.18,0.125,0.179035853419917,0.121962530070348,-0.0009641465800828,-0.00303746992965198,0.00318681693880043,-0.873439588276998,-0.381377156018549,0.613296586470927,1.13336659409275
0.18,0.14,0.180167784126807,0.138216578525975,0.000167784126806861,-0.0017834214740246,0.00179129664411577,-1.0628621636863,-0.419905312057323,0.526568413908739,1.25830615587907
0.18,0.155,0.181432345526429,0.15445499018964,0.00143234552642917,-0.000545009810360264,0.00153253039136931,-1.20881441720555,-0.447047191918843,0.421659780988288,1.35608491715629
0.18,0.17,0.182741888297616,0.170671790766583,0.00274188829761644,0.000671790766582636,0.0028229867641687,-1.30955379242381,-0.46359910050223,0.301378213238337,1.42154414191214
0.18,0.185,0.184004710462238,0.186861025292764,0.00400471046223814,0.00186102529276411,0.00441600736261471,-1.36380406912954,-0.47031915199162,0.168867749424142,1.45251194531686
0.18,0.2,0.185126740192046,0.203016881697912,0.00512674019204619,0.00301688169791203,0.00594853260694925,-1.37079874861603,-0.467896214556851,0.0275427665034039,1.44875343196253
0.18,0.215,0.186013370551159,0.219133815145539,0.00601337055115904,0.00413381514553945,0.00729719487495285,-1.33031077563908,-0.456922623211664,-0.118990455353378,1.41165313572429
0.18,0.23,0.186571365448064,0.235206667218494,0.00657136544806395,0.00520666721849439,0.0083840460027455,-1.24266668306012,-0.437872376476914,-0.267021192291473,1.34437194903233
0.18,0.245,0.186710747995383,0.251230774183932,0.00671074799538283,0.00623077418393175,0.00915732961013663,-1.10874407296627,-0.411086174330394,-0.412826822549744,1.25251495852501
0.18,0.26,0.186346581436906,0.267202059015272,0.00634658143690572,0.00720205901527177,0.00959941404434321,-0.929952295749943,-0.376764166156304,-0.552766097796419,1.14558133157989
0.18,0.275,0.185400559087105,0.283117102956732,0.00540055908710532,0.00811710295673196,0.00974953326388,-0.708197166447519,-0.334966706184068,-0.683368703037635,1.0396000941422
0.18,0.29,0.183802332847814,0.298973193713131,0.00380233284781437,0.00897319371313077,0.00974556004029207,-0.445831472355051,-0.285622820973596,-0.801416938841131,0.960539856685716
0.18,0.305,0.18149052824231,0.314768348902552,0.00149052824231008,0.0097683489025519,0.0098814125874346,-0.145593798168013,-0.228545544471448,-0.904015953720808,0.943766710100092
0.18,0.32,0.178413415538773,0.330501314986855,-0.00158658446122659,0.0105013149868555,0.0106204927713247,0.189461251502795,-0.163452823961462,-0.988649801396658,1.01983737957734
0.18,0.335,0.174529229072503,0.346171543339984,-0.00547077092749712,0.011171543339984,0.0124391605479746,0.556038046342668,-0.0899923900577183,-1.05322160574586,1.19440543887915
0.18,0.35,0.169806148162399,0.361779146322377,-0.0101938518376012,0.0117791463223766,0.0155776411362864,0.950676724902901,-0.00776882979429641,-1.09607717608014,1.45098045504423
0.2,0.05,0.196947903347027,0.0389109673613459,-0.0030520966529731,-0.0110890326386541,0.0115013885613966,0.990946811805158,0.194515382565874,0.561127932914923,1.15530151774227
0.2,0.065,0.196155610921547,0.05539033716613,-0.003844389078453,-0.00960966283387005,0.0103501182199621,0.630855867964968,0.0781500036448856,0.587140096032843,0.865352111030737
0.2,0.08,0.195821899722774,0.0718740040765889,-0.00417810027722568,-0.00812599592341107,0.00913719495654145,0.300584023740996,-0.0233144456301293,0.588819610374647,0.661519246462948
0.2,0.095,0.195896628422509,0.0883559166796534,-0.00410337157749097,-0.00664408332034661,0.00780906533912149,0.00312742536748623,-0.110230993598844,0.566876699954446,0.577505557764448
0.2,0.11,0.196321417609983,0.104829567195454,-0.00367858239001657,-0.00517043280454643,0.00634549791477942,-0.258665116557279,-0.183054260726114,0.52241906296171,0.61101695595149
0.2,0.125,0.197029955648656,0.121288074544885,-0.00297004435134447,-0.00371192545511506,0.00475389882446864,-0.482155725450111,-0.242322755386953,0.456958516313759,0.70711519108332
0.2,0.14,0.197948584902211,0.137724288530473,-0.00205141509778906,-0.00227571146952732,0.0030638483310985,-0.664981435710602,-0.288637332830289,0.372405271973921,0.814990003220073
0.2,0.155,0.198997177089745,0.154130913000584,-0.00100282291025517,-0.000869086999415625,0.00132701394185815,-0.80511603941355,-0.322636710168087,0.27104873068413,0.908730437806062
0.2,0.17,0.20009028931517,0.170500644386898,9.0289315170182e-05,0.000500644386897564,0.000508720908323944,-0.900927081899362,-0.344971209160061,0.155524333760074,0.97718253475612
0.2,0.185,0.201138573703716,0.18682632053234,0.00113857370371637,0.00182632053233978,0.00215216095254055,-0.95122525912536,-0.356276117161308,0.0287667885691049,1.01617752426775
0.2,0.2,0.202050394376397,0.203101073662369,0.00205039437639687,0.00310107366236856,0.00371763028799205,-0.955303621736289,-0.357146172199578,-0.106049174333716,1.02539401610258
0.2,0.215,0.202733588631403,0.219318480476784,0.00273358863140256,0.00431848047678429,0.00511094711713009,-0.912964374814601,-0.348112684492726,-0.245578517232197,1.00748268063613
0.2,0.23,0.203097295911519,0.235472702137112,0.00309729591151853,0.00547270213711237,0.00628837901569743,-0.824531597995929,-0.329624667711503,-0.386383343510689,0.968410652372504
0.2,0.245,0.203053770548246,0.251558607293532,0.00305377054824567,0.00655860729353236,0.00723469724260169,-0.690848944972905,-0.302035106374873,-0.525014755128136,0.918779653879891
0.2,0.26,0.20252009325426,0.267571872132314,0.00252009325425986,0.00757187213231414,0.00798023292882367,-0.513262175989099,-0.265593120403078,-0.658095447139983,0.875832359034987
0.2,0.275,0.201419702187035,0.28350905292269,0.00141970218703515,0.00850905292269,0.00862667583377349,-0.293587232657669,-0.220442365932826,-0.782399286531608,0.864263331641352
0.2,0.29,0.199683676624376,0.299367628221035,-0.000316323375624289,0.0093676282210351,0.00937296745782783,-0.0340653493737252,-0.166625555618435,-0.894924328896623,0.910950908994418
0.2,0.305,0.197251723435381,0.31514600996795,-0.0027482765646194,0.0101460099679502,0.0105116384234514,0.262692622324076,-0.104094553389867,-0.992956193006711,1.03239233237701
0.2,0.32,0.194072836791572,0.330843524468605,-0.00592716320842779,0.0108435244686048,0.0123577217398909,0.593770001133684,-0.0327251321645055,-1.07411939284854,1.22777192517955
0.2,0.335,0.190105622733762,0.346460366089621,-0.00989437726623824,0.0114603660896215,0.0151406305151007,0.956013206009869,0.0476647836148559,-1.13641504536215,1.48586542758211
0.2,0.35,0.185318300281007,0.361997527787112,-0.0146816997189933,0.0119975277871122,0.0189603000936488,1.34610279581648,0.137294720347727,-1.17824425070519,1.79425894973248
