target_x,target_y,gaze_x,gaze_y,error_px_x,error_px_y,error_px_xy,error_deg_x,error_deg_y,error_deg_z,error_deg_xyz
-0.2,0.05,-0.203838263225105,0.061946268408477,-0.0038382632251045,0.011946268408477,0.0125477326028476,0.414283012039692,0.135652864557018,-1.09889427495343,1.18222262195372
-0.2,0.065,-0.204861089509053,0.0734563031725558,-0.00486108950905276,0.00845630317255584,0.00975393533714473,0.372689450803111,0.0793356440645676,-0.913378151053184,0.989684581673599
-0.2,0.08,-0.205398520383069,0.0851710859037636,-0.00539852038306907,0.00517108590376359,0.00747557032944743,0.335169090401585,0.0347893495510222,-0.7472589396914,0.819729225253654
-0.2,0.095,-0.205493927103968,0.0971186442068901,-0.00549392710396757,0.00211864420689011,0.00588828398594179,0.301342885201437,0.000825110422419901,-0.600622558367765,0.67198277433748
-0.2,0.11,-0.205198045834987,0.109326630676668,-0.00519804583498673,-0.000673369323332132,0.00524147944269818,0.27080334598354,-0.0238393499659166,-0.473199066315555,0.545731046158331
-0.2,0.125,-0.204568704261027,0.121821746904507,-0.00456870426102692,-0.0031782530954927,0.00556546057067467,0.24312895321567,-0.040538762723545,-0.364343900075318,0.439889198757702
-0.2,0.14,-0.203670309701703,0.134629136129356,-0.00367030970170328,-0.00537086387064391,0.00650517886175356,0.217900253306719,-0.0506141699373494,-0.273031382855039,0.352971450183872
-0.2,0.155,-0.202573093855554,0.147771768257338,-0.00257309385555413,-0.00722823174266243,0.00767255799033954,0.194716884249941,-0.055363667936992,-0.197862192508079,0.283071388436206
-0.2,0.17,-0.2013521234048,0.161269844372485,-0.00135212340480001,-0.00873015562751547,0.00883424331691447,0.17321462113617,-0.0559925796844618,-0.137085744422741,0.227883838253492
-0.2,0.185,-0.200086100949242,0.175140249635523,-8.6100949241795e-05,-0.00985975036447658,0.00986012629854488,0.153081438096228,-0.0535658926087563,-0.0886375363517692,0.184823900003537
-0.2,0.2,-0.198855995609643,0.189396082871091,0.00114400439035732,-0.0106039171289089,0.0106654491008079,0.134071572536917,-0.0489658668364462,-0.0501904890303605,0.151300830033612
-0.2,0.215,-0.197743555649384,0.204046288423754,0.00225644435061636,-0.0109537115762458,0.0111837086157951,0.116016655474957,-0.0428575273124269,-0.0192182896206181,0.125163816183391
-0.2,0.23,-0.196829765248047,0.219095410746983,0.0031702347519531,-0.0109045892530174,0.0113560756936326,0.0988331473187009,-0.035664302555012,0.00693217692408107,0.105299533151953
-0.2,0.245,-0.196193312622286,0.234543485264293,0.00380668737771364,-0.0104565147357065,0.0111278735259568,0.0825255662390336,-0.0275553916084917,0.0309629450571594,0.0923497401350331
-0.2,0.26,-0.195909136790126,0.250386070791323,0.00409086320987362,-0.0096139292086773,0.0104481001445888,0.0671853015212849,-0.0184455981227362,0.0555456940502039,0.0891034822972414
-0.2,0.275,-0.196047114999898,0.266614420249642,0.00395288500010156,-0.00838557975035797,0.00927055810475516,0.052985133271303,-0.00800745609593095,0.0832452244362357,0.0990015834753462
-0.2,0.29,-0.196670942847696,0.283215778135962,0.00332905715230394,-0.00678422186403831,0.00755700256873064,0.0401698874722125,0.00430541685518157,0.116449554460375,0.123258513161862
-0.2,0.305,-0.197837245698022,0.300173786252923,0.0021627543019784,-0.00482621374707735,0.00528865250354044,0.0290439218478173,0.0192255656499843,0.157309920147207,0.161119830729267
-0.2,0.32,-0.199594944433434,0.317468973973682,0.000405055566566143,-0.00253102602631754,0.00256323287235144,0.0199563275320482,0.0376319341162454,0.207693131989175,0.212016286736599
-0.2,0.335,-0.201984882461227,0.33507930634071,-0.00198488246122663,7.93063407096423e-05,0.00198646617906318,0.013284827353788,0.0605058019127831,0.269147770025123,0.276184917239977
-0.2,0.35,-0.205039705983076,0.352980762473719,-0.00503970598307613,0.00298076247371904,0.00585521829828615,0.00941936407033866,0.0888851918704601,0.342884697242451,0.354343925519311
-0.18,0.05,-0.183598867512529,0.0597638655596702,-0.00359886751252864,0.00976386555967015,0.0104060039419581,0.483056142191823,0.0510869085897718,-0.797302069192669,0.933628933449989
-0.18,0.065,-0.18452042259037,0.0714145394609492,-0.00452042259037011,0.00641453946094921,0.00784732673536682,0.436933520115422,0.00322849327985566,-0.617722671068028,0.756644528701485
-0.18,0.08,-0.184949426274463,0.0832626883294877,-0.0049494262744634,0.00326268832948771,0.00592806507907294,0.395403393139905,-0.0326436584586685,-0.45932150274723,0.606950689594699
-0.18,0.095,-0.184929830635747,0.0953356281078058,-0.00492983063574703,0.000335628107805824,0.0049412423866776,0.358143534240335,-0.0578919775516139,-0.322225811324401,0.485231030438764
-0.18,0.11,-0.184513148442155,0.107660326243749,-0.00451314844215518,-0.00233967375625148,0.00508355998751069,0.324798166681263,-0.073986967929186,-0.206169118502971,0.391757863798894
-0.18,0.125,-0.183758178593345,0.120262834137532,-0.0037581785933448,-0.0047371658624679,0.00604687082283113,0.294991298546324,-0.0824604288505506,-0.110468100446966,0.325611847309872
-0.18,0.14,-0.182730483936639,0.133167687655336,-0.00273048393663888,-0.00683231234466366,0.00735771938193394,0.26834191104559,-0.0848523178690824,-0.0340132761037366,0.283486091317219
-0.18,0.155,-0.181501615959676,0.146397299327,-0.00150161595967641,-0.00860270067300033,0.00873277214632303,0.244480277111777,-0.082653658377887,0.0247244138303747,0.259255943922349
-0.18,0.17,-0.180148095673413,0.159971369345664,-0.000148095673412993,-0.0100286306543365,0.0100297240804312,0.22306451640744,-0.0772484814049183,0.0676698850388757,0.245569566548507
-0.18,0.185,-0.178750176006627,0.17390634422606,0.00124982399337336,-0.01109365577394,0.0111638370843131,0.203796380489614,-0.0698581772124985,0.0971028581875817,0.236309487433612
-0.18,0.2,-0.177390426766253,0.188214951565984,0.00260957323374696,-0.0117850484340165,0.0120705111347616,0.186435237320667,-0.0614917456067232,0.115600497051276,0.227822026579812
-0.18,0.215,-0.176152196960242,0.202905836533511,0.00384780303975756,-0.0120941634664888,0.0126915081131802,0.170809290624251,-0.0529052261419557,0.125965984745184,0.218728745553117
-0.18,0.23,-0.175118019521505,0.217983320552325,0.004881980478495,-0.0120166794476751,0.0129705172734391,0.156823240064092,-0.0445730582601357,0.131146409142439,0.209236028041328
-0.18,0.245,-0.174368028882916,0.233447295714799,0.00563197111708426,-0.0115527042852011,0.0128523956897138,0.144461838992842,-0.0366733013464532,0.134144203468996,0.200521475963073
-0.18,0.26,-0.17397846182559,0.249293260116936,0.0060215381744104,-0.0107067398830639,0.0122838593654223,0.133789116858216,-0.0290876189092892,0.137926912752825,0.194343733724818
-0.18,0.275,-0.174020306379204,0.265512490668211,0.0059796936207961,-0.00948750933178859,0.0112147032559656,0.124943373280831,-0.0214158138832398,0.1453401621977,0.192855597468026
-0.18,0.29,-0.174558152924199,0.282092341587743,0.00544184707580053,-0.00790765841225662,0.00959920627767378,0.118128368606019,-0.013003616950674,0.159028375049624,0.198528257505701
-0.18,0.305,-0.17564928736452,0.299016649863804,0.0043507126354797,-0.00598335013619618,0.00739791722641187,0.11360141170113,-0.00298150296558908,0.181367076914711,0.214028596115321
-0.18,0.32,-0.177343049788451,0.316266223732378,0.00265695021154858,-0.00373377626762249,0.00458262693695537,0.111659235654822,0.00968836794772238,0.214409621646022,0.241936401159023
-0.18,0.335,-0.179680465051359,0.333819387321214,0.000319534948640787,-0.00118061267878578,0.00122308989069185,0.112622653312513,0.0261603565703938,0.259850002608929,0.284412405231572
-0.18,0.35,-0.182694136059679,0.351652553890479,-0.00269413605967869,0.00165255389047898,0.00316058593760686,0.116820987076855,0.0476520212849209,0.319002218348078,0.343046097502484
-0.16,0.05,-0.163360615503405,0.0578654683431769,-0.00336061550340472,0.00786546834317692,0.00855332267713796,0.517091215179433,-0.017606328445149,-0.505014447568157,0.723007494014993
-0.16,0.065,-0.164191422804965,0.0696673725376561,-0.00419142280496471,0.00466737253765613,0.00627314845474303,0.464791903838462,-0.0569654601753983,-0.331299945233524,0.573619193851438
-0.16,0.08,-0.164523215530223,0.0816590742178366,-0.00452321553022325,0.00165907421783661,0.00481788397464519,0.417673671214352,-0.0841062722147599,-0.180523728953271,0.462725773149712
-0.16,0.095,-0.164400474490792,0.0938670524066292,-0.00440047449079214,-0.00113294759337078,0.0045439790925396,0.375496367658029,-0.100565942688045,-0.0528598403850815,0.392308290720219
-0.16,0.11,-0.163875421342976,0.106317461815837,-0.0038754213429761,-0.00368253818416311,0.00534602451017707,0.337981618184651,-0.108005777181728,0.0519492389773577,0.358602796072671
-0.16,0.125,-0.163007743073102,0.119035577081104,-0.00300774307310221,-0.00596442291889557,0.0066798846658637,0.304824310417943,-0.108158519485091,0.134620454865658,0.350341511737518
-0.16,0.14,-0.161864060376524,0.132045204843219,-0.00186406037652388,-0.0079547951567813,0.00817028072184044,0.275706031924017,-0.102768008114362,0.196342697670933,0.35373144035522
-0.16,0.155,-0.160517133788003,0.14536808701669,-0.000517133788003381,-0.00963191298330984,0.00964578535282366,0.250309807687677,-0.0935239142531784,0.238771441485473,0.358348911297735
-0.16,0.17,-0.159044816960793,0.159023322133451,0.000955183039206553,-0.0109766778665494,0.0110181591758508,0.228335304993533,-0.0819950209544693,0.264003917236833,0.358550809266465
-0.16,0.185,-0.157528783225574,0.173026833434193,0.00247121677442605,-0.0119731665658067,0.0122255318885828,0.209513553192306,-0.0695649986510245,0.274534458888127,0.352285080723699
-0.16,0.2,-0.15605306806179,0.187390911956399,0.0039469319382102,-0.012609088043601,0.0132123946737957,0.193620178961856,-0.0573747997577271,0.273191073463569,0.339726863973678
-0.16,0.215,-0.154702484623519,0.2021238601406,0.00529751537648079,-0.0128761398594004,0.0139233130699159,0.180486214553357,-0.0462755790076588,0.263055740627688,0.322358960861306
-0.16,0.23,-0.153560980058969,0.217229756279387,0.00643901994103116,-0.0127702437206127,0.0143017517278425,0.170005686747978,-0.0367954298048638,0.247372287473256,0.302405519264347
-0.16,0.245,-0.152710006204465,0.232708353185424,0.00728999379553548,-0.0122916468145764,0.0142908569005931,0.16213943418175,-0.0291222562327047,0.229446735753518,0.282459321062168
-0.16,0.26,-0.152226977944955,0.248555116148067,0.0077730220550451,-0.0114448838519333,0.0138349281983125,0.156914901945359,-0.0231038733159322,0.212545655561667,0.265201539741724
-0.16,0.275,-0.152183886662442,0.264761396552211,0.00781611333755775,-0.0102386034477887,0.0128810181378111,0.154421993218493,-0.0182650850334102,0.199798190054062,0.253178171195435
-0.16,0.29,-0.152646124857458,0.281314729263395,0.00735387514254215,-0.00868527073660502,0.0113803957479618,0.154805371161926,-0.0138401863707643,0.194107030938723,0.248664211772975
-0.16,0.305,-0.153671562990353,0.298199234977715,0.00632843700964705,-0.00680076502228469,0.00928975348830104,0.158253876197842,-0.00881822639743664,0.198072777033092,0.253682834621602
-0.16,0.32,-0.155309902263374,0.315396103528083,0.00469009773662613,-0.00460389647191682,0.00657212899319799,0.164987907099734,-0.00199756713300851,0.213934911163834,0.270172687793008
-0.16,0.335,-0.15760230926594,0.332884131400305,0.00239769073405974,-0.0021158685996953,0.00319778373055034,0.175245714820047,0.00795414936504438,0.243531248771784,0.300136642508164
-0.16,0.35,-0.160581322085668,0.350640286047798,-0.00058132208566819,0.00064028604779752,0.000864813037765841,0.18926955008965,0.0224385489061588,0.28827629437958,0.345586508771653
-0.14,0.05,-0.143123985300166,0.0562344220023942,-0.00312398530016625,0.00623442200239421,0.00697332788986664,0.516951019299224,-0.0728638898310217,-0.226378193869005,0.569031854034094
-0.14,0.065,-0.143875099565597,0.0681977222842549,-0.00387509956559681,0.00319772228425487,0.00502412424712096,0.456777922403984,-0.10399287279308,-0.0584256175107657,0.47209681392163
-0.14,0.08,-0.144121487986461,0.0803427604397077,-0.00412148798646092,0.00034276043970774,0.00413571613406558,0.402437245966658,-0.122655187735689,0.084888743676213,0.429193420479786
-0.14,0.095,-0.143908104716532,0.0926950556711782,-0.00390810471653205,-0.00230494432882185,0.00453718534273707,0.353797750247833,-0.130558197399432,0.203340457884796,0.428446598985283
-0.14,0.11,-0.143287807170466,0.105279824452406,-0.0032878071704663,-0.00472017554759394,0.00575236761605804,0.310686070191651,-0.129550381795107,0.297173459934725,0.449023643979695
-0.14,0.125,-0.142321079728041,0.118121439899678,-0.00232107972804138,-0.00687856010032208,0.00725961432568339,0.272895515843658,-0.121562859266641,0.36713291244263,0.473325829474802
-0.14,0.14,-0.14107549356982,0.131242859147488,-0.00107549356981985,-0.00875714085251171,0.00882293615127376,0.240196815003284,-0.108541870069568,0.414481213053286,0.491194463699606
-0.14,0.155,-0.139624895945141,0.144665041626044,0.000375104054858508,-0.0103349583739564,0.0103417632753503,0.212350268012388,-0.0923752829761408,0.440994143725642,0.498099615128601
-0.14,0.17,-0.13804833827199,0.158406384678597,0.00195166172801017,-0.0115936153214027,0.0117567384814515,0.189118601644705,-0.0748170613612107,0.448935205045736,0.492856727959531
-0.14,0.185,-0.136428770004083,0.172482204767184,0.00357122999591742,-0.0125177952328159,0.0130172532115823,0.170279685499127,-0.0574142420391616,0.441007568958453,0.47621481275064
-0.14,0.2,-0.134851542357457,0.186904292142306,0.00514845764254253,-0.0130957078576937,0.0140713958224163,0.155638213375078,-0.0414412160316091,0.42028471021217,0.450089887967987
-0.14,0.215,-0.133402781101532,0.201680564070972,0.00659721889846764,-0.0133194359290282,0.0148637367664321,0.145035484540942,-0.027845879612569,0.390122469883096,0.417141456708047
-0.14,0.23,-0.132167698841507,0.216814836721372,0.00783230115849277,-0.0131851632786276,0.0153360187832891,0.13835654627949,-0.0172115253651112,0.354056876577377,0.380520136873764
-0.14,0.245,-0.131228923060068,0.232306728779053,0.00877107693993188,-0.0126932712209468,0.0154288990201738,0.135534165233854,-0.00973721377168567,0.315693293272006,0.343695989083075
-0.14,0.26,-0.130664915996047,0.248151701658816,0.00933508400395291,-0.0118482983411845,0.0150839639002012,0.136549368764845,-0.0052379259504079,0.278593217542635,0.310302404421242
-0.14,0.275,-0.130548556136936,0.264341232603289,0.00945144386306364,-0.0106587673967109,0.0142456699917495,0.141428592886456,-0.00316421244959453,0.246165224066424,0.283918195285771
-0.14,0.29,-0.13094593919494,0.280863108741639,0.00905406080505952,-0.00913689125836056,0.0128630789054884,0.150237767897888,-0.0026395173616346,0.221566093935076,0.267712566622767
-0.14,0.305,-0.131915440663305,0.29770182334482,0.00808455933669452,-0.00729817665517955,0.0108914407751565,0.163073915172215,-0.00251205075077162,0.207617179509975,0.26401596310147
-0.14,0.32,-0.133507063899461,0.314839050529365,0.00649293610053855,-0.00516094947063515,0.00829419186202767,0.180055003663358,-0.00141715047896155,0.2067396576607,0.274159154729599
-0.14,0.335,-0.135762079171551,0.332254171889416,0.0042379208284492,-0.00274582811058434,0.00504970741341305,0.201308899675183,0.00215440394344605,0.220910706264114,0.298884019746725
-0.14,0.35,-0.138712942112752,0.349924828077812,0.0012870578872477,-7.51719221880331e-05,0.00128925126449888,0.226962240520756,0.00978667522700638,0.251640996357547,0.339014990810658
-0.12,0.05,-0.122889458872609,0.0548520658003854,-0.00288945887260883,0.00485206580038536,0.00564725730844337,0.48451379815001,-0.117316144277374,0.0340857631251783,0.499680017652099
-0.12,0.065,-0.123572419706618,0.0669863824720136,-0.00357241970661781,0.00198638247201355,0.00408752955773459,0.414801081700268,-0.140826275045438,0.196400337783005,0.480069180543888
-0.12,0.08,-0.123745749932338,0.0792940201106088,-0.00374574993233751,-0.000705979889391195,0.00381169911716956,0.35162579821017,-0.15160778853137,0.332478745701142,0.507118742208941
-0.12,0.095,-0.123454818608246,0.0917994194024817,-0.0034548186082462,-0.00320058059751832,0.00470951035428259,0.294992669139937,-0.151527186987715,0.442045092516595,0.552618670039145
-0.12,0.11,-0.122753040763975,0.104526737105359,-0.00275304076397487,-0.00547326289464148,0.00612664999505982,0.244861475477873,-0.14260937346469,0.525326540248438,0.596880031012385
-0.12,0.125,-0.121701600425598,0.117499323860118,-0.00170160042559808,-0.00750067613988215,0.00769126690238955,0.201152304638574,-0.12697374069323,0.583091210038042,0.629749102567583
-0.12,0.14,-0.120368902867201,0.130739170543035,-0.000368902867201371,-0.00926082945696528,0.00926817412203856,0.163752604632714,-0.10675980877053,0.616667816407158,0.646912833334987
-0.12,0.155,-0.118829748849297,0.144266345449216,0.0011702511507032,-0.010733654550784,0.0107972601974431,0.132525678592495,-0.0840457746315005,0.627943543550614,0.647259064811463
-0.12,0.17,-0.117164240311114,0.158098448096583,0.00283575968888603,-0.0119015519034169,0.0122347239741172,0.107320095211118,-0.0607643722044072,0.619337815499655,0.631500814373362
-0.12,0.185,-0.115456445104993,0.172250107228673,0.00454355489500712,-0.0127498927713265,0.013535274535977,0.0879793626915706,-0.0386211874826329,0.593751169065426,0.601477960977943
-0.12,0.2,-0.113792866215453,0.186732550251753,0.00620713378454721,-0.0132674497482468,0.0146476528031464,0.0743511483645642,-0.0190208863681274,0.554490273670022,0.559778387833512
-0.12,0.215,-0.11226077657395,0.201553268641443,0.00773922342605043,-0.013446731358557,0.015514836881757,0.0662953301655975,-0.00300659621667597,0.505172081467141,0.509514134354995
-0.12,0.23,-0.110946492179925,0.216715798867398,0.00905350782007454,-0.0132842011326019,0.016075944873617,0.0636902502421133,0.00878309583913532,0.449611897464519,0.454186667907128
-0.12,0.245,-0.109933662374321,0.232219631611791,0.0100663376256788,-0.0127803683882095,0.0162686498927385,0.0664367006859413,0.016136349547145,0.391701605250537,0.397624193276265
-0.12,0.26,-0.10930165575967,0.248060253851062,0.0106983442403303,-0.0119397461489379,0.0160315971626561,0.0744593827028866,0.0192679629373576,0.335285166439815,0.343994116738887
-0.12,0.275,-0.109124113616127,0.264229320059639,0.0108758863838728,-0.0107706799403611,0.0153066146163222,0.0877058241406207,0.0187972592193733,0.284038714189112,0.297865472198771
-0.12,0.29,-0.109467730360553,0.280714940648075,0.0105322696394467,-0.00928505935192496,0.01404069196752,0.106142979418869,0.0157060570038647,0.241362052289447,0.264137797670722
-0.12,0.305,-0.110391303965075,0.297502069174194,0.00960869603492537,-0.00749793082580601,0.0121879451163911,0.12975193810526,0.0112803175422127,0.210287229729711,0.2473532393514
-0.12,0.32,-0.111945080486059,0.314572964935157,0.0080549195139408,-0.00542703506484325,0.00971259172266098,0.158521314487866,0.00704012849101227,0.193408256746409,0.250170789192339
-0.12,0.335,-0.114170397678692,0.331907704994161,0.00582960232130778,-0.00309229500583878,0.00659898110527167,0.19243996337373,0.00466321579686602,0.192834173647946,0.272470261719313
-0.12,0.35,-0.117099615030233,0.349484719243859,0.00290038496976663,-0.00051528075614056,0.0029458016278251,0.231489664530354,0.00590716404339078,0.210165813761884,0.312717558523787
-0.1,0.05,-0.102657517288769,0.0536978253940093,-0.00265751728876934,0.00369782539400926,0.00455371395507971,0.423062389367961,-0.153598586278254,0.27184360999127,0.525809090515085
-0.1,0.065,-0.103284295340364,0.0660121154707689,-0.00328429534036362,0.00101211547076885,0.00343670970681316,0.342269562276847,-0.170456875105428,0.428655171981112,0.574414501547925
-0.1,0.08,-0.10339739347632,0.0784909794030321,-0.00339739347632023,-0.00150902059696789,0.00371744880193616,0.268761700897656,-0.174315989603028,0.557777544279426,0.643225505054713
-0.1,0.095,-0.103042534492917,0.0911576667106251,-0.00304253449291658,-0.00384233328937486,0.00490107551943708,0.202705103133707,-0.167183692495494,0.658885349507372,0.70934905139319
-0.1,0.11,-0.102273608362032,0.104035158949748,-0.00227360836203237,-0.00596484105025183,0.00638346486938503,0.144219615431085,-0.15124292069537,0.732187715551679,0.7614335836344
-0.1,0.125,-0.101152394621687,0.117145669142574,-0.00115239462168736,-0.00785433085742596,0.00793842091237341,0.0933794961471717,-0.128783047951825,0.778471024190497,0.794564067303585
-0.1,0.14,-0.0997480080173046,0.130510110668182,0.000251991982695404,-0.0094898893318182,0.00949323440611784,0.0502158023358245,-0.102119325314971,0.799122120048954,0.807190759733456
-0.1,0.155,-0.0981360597337826,0.144147557145808,0.00186394026621737,-0.0108524428541916,0.0110113482017199,0.0147201498259127,-0.0735041292437247,0.796128015153445,0.799656011049377
-0.1,0.17,-0.0963975437107507,0.158074718230583,0.00360245628924932,-0.0119252817694167,0.0124575293134688,-0.0131504322560473,-0.045034838493668,0.77204935616622,0.77347938871003
-0.1,0.185,-0.0946174762155754,0.172305457993065,0.00538252378442465,-0.0126945420069355,0.0137885082244508,-0.0334679393364083,-0.0185640375384216,0.729966624378262,0.730974176362864
-0.1,0.2,-0.0928833352977163,0.186850382253715,0.00711666470228366,-0.0131496177462848,0.0149519016636058,-0.0463275808629214,0.00438186040376176,0.673400079891322,0.675009913307457
-0.1,0.215,-0.0912833628872859,0.201716518593627,0.00871663711271408,-0.0132834814063725,0.0158880659876584,-0.0518422063259741,0.0226696831756575,0.606206630457095,0.608844393805066
-0.1,0.23,-0.0899048042804284,0.216907107920148,0.0100951957195716,-0.0130928920798518,0.0165329005208131,-0.0501374195628273,0.0356072209607732,0.532458847848696,0.536000144504855
-0.1,0.245,-0.0888321660422731,0.232421519870296,0.0111678339577269,-0.0125784801297043,0.01682078112576,-0.0413477513198275,0.0429679906151659,0.456312993218185,0.460194058028894
-0.1,0.26,-0.0881455729470221,0.24825529636491,0.0118544270529779,-0.01174470363509,0.0166872857059041,-0.0256141264465448,0.04499129847743,0.381873925971617,0.3853680780832
-0.1,0.275,-0.087919297621409,0.264400319480373,0.012080702378591,-0.0105996805196269,0.0160716084160314,-0.00308270875778375,0.0423579272325431,0.313065012353057,0.315932986493418
-0.1,0.29,-0.0882205238067643,0.28084509204668,0.0117794761932357,-0.00915490795332047,0.0149187264543853,0.0260949507300061,0.0361437831448186,0.253510579908852,0.257400553750917
-0.1,0.305,-0.0891083868963871,0.297575112842696,0.0108916131036129,-0.0074248871573042,0.0131816609460832,0.0617606810520652,0.0277555400425826,0.206437188284817,0.217258189696968
-0.1,0.32,-0.0906333160259968,0.314573323679502,0.00936668397400325,-0.00542667632049772,0.0108251366991969,0.103747689061651,0.0188535128980217,0.174598174297314,0.203969616220032
-0.1,0.335,-0.0928366822236819,0.331820603143447,0.00716331777631815,-0.0031793968565534,0.00783719885775378,0.151878164037772,0.0112675767676792,0.160223849275151,0.2210558243719
-0.1,0.35,-0.0957507390032772,0.349296281475718,0.00424926099672282,-0.000703718524281652,0.00430713811941142,0.205960864907499,0.00691191183304867,0.164997636616101,0.263992416140827
-0.08,0.05,-0.0824286357573499,0.0527493402146556,-0.00242863575734989,0.00274934021465564,0.00366839791432189,0.337287276067982,-0.184136162761973,0.482535616072927,0.616857462682709
-0.08,0.065,-0.0830115720586149,0.0652517848808485,-0.00301157205861485,0.000251784880848482,0.00302207906753837,0.244100044802699,-0.195654876239924,0.633982117408484,0.706969114520491
-0.08,0.08,-0.0830776768399401,0.0779097551610766,-0.00307767683994012,-0.00209024483892345,0.00372037877342481,0.158975264943101,-0.193902231988263,0.756473121034388,0.796952340659736
-0.08,0.095,-0.0826729630911611,0.0907452046249779,-0.00267296309116113,-0.00425479537502213,0.00502474032861594,0.0822631604370196,-0.181002682214553,0.849639103803145,0.872599863986814
-0.08,0.11,-0.0818517090933515,0.103779832062609,-0.00185170909335146,-0.0062201679373913,0.00648993957874426,0.0142673804372311,-0.159271211017662,0.913672164292357,0.927570208614206
-0.08,0.125,-0.0806761801390259,0.117034605523088,-0.0006761801390259,-0.00796539447691158,0.00799404332945641,-0.0447592549431698,-0.131140616740419,0.949373153577437,0.959443665536726
-0.08,0.14,-0.0792160686014717,0.13052925713433,0.000783931398528268,-0.00947074286566993,0.00950313205555076,-0.0946179124990835,-0.0990757296017766,0.95817818518192,0.967934019459856
-0.08,0.155,-0.0775476443094504,0.14428176928056,0.00245235569054966,-0.0107182307194402,0.0109952043268019,-0.135165705419194,-0.0654784098755277,0.942160127766864,0.954067046202977
-0.08,0.17,-0.0757526247665236,0.158307875993752,0.00424737523347641,-0.0116921240062483,0.0124396929283417,-0.166316427540498,-0.0325885062697746,0.904001989199877,0.919761342821854
-0.08,0.185,-0.0739167938982541,0.172620605134201,0.00608320610174592,-0.0123793948657993,0.0137932887202326,-0.188040112001368,-0.00238695354097453,0.846940930470244,0.867575992259291
-0.08,0.2,-0.0721284169237551,0.187229886581159,0.00787158307624486,-0.0127701134188412,0.0150012538428057,-0.20036153487237,0.0234923354126036,0.774683871464337,0.800526177029258
-0.08,0.215,-0.0704765155046442,0.202142249156205,0.00952348449535583,-0.0128577508437952,0.0160005785424902,-0.203357843511924,0.0438353152473208,0.691298032240824,0.721925073568966
-0.08,0.23,-0.0690490796259756,0.21736062432739,0.0109509203740244,-0.0126393756726096,0.0167235305612057,-0.197155521121721,0.0578998254495375,0.601082002959672,0.635237276185422
-0.08,0.245,-0.0679312990061802,0.232884268308001,0.0120687009938198,-0.012115731691999,0.0171010086869382,-0.181926905006043,0.065442771626446,0.508424763069546,0.543946796203609
-0.08,0.26,-0.0672038964747728,0.248708806658977,0.0127961035252272,-0.0112911933410229,0.0170655006516859,-0.157886460787506,0.0667205121853144,0.417661198969606,0.451466159236221
-0.08,0.275,-0.0669416384647102,0.264826397481095,0.0130583615352898,-0.0101736025189049,0.0165536399078573,-0.12528697326826,0.0624627748586317,0.332932952101889,0.361169221335444
-0.08,0.29,-0.0672120846037034,0.281226001926826,0.0127879153962966,-0.00877399807317392,0.0155085080639918,-0.0844157635706285,0.0538226498942404,0.258062814005028,0.276802210569138
-0.08,0.305,-0.0680746207039697,0.297893744574312,0.0119253792960303,-0.00710625542568782,0.0138821301510001,-0.0355909906127504,0.042307084840683,0.196449477686035,0.204080987248344
-0.08,0.32,-0.0695797994597176,0.314813341700868,0.0104202005402824,-0.00518665829913245,0.0116396736900852,0.0208419541067154,0.0296936196820284,0.15098746340176,0.155284664290915
-0.08,0.335,-0.0717689929581501,0.331966573262727,0.00823100704184992,-0.00303342673727275,0.00877218072621536,0.0845139802619759,0.0179397337696433,0.124014750368961,0.15114270892995
-0.08,0.35,-0.0746743425449482,0.3493337741148,0.00532565745505176,-0.000666225885200156,0.00536716724712945,0.155035798496022,0.00909111701899886,0.117288349155355,0.194615879327207
-0.06,0.05,-0.062203278591953,0.0519826248639784,-0.00220327859195302,0.00198262486397843,0.00296399019988663,0.23318815384131,-0.210919557877123,0.662176363296312,0.733040681510384
-0.06,0.065,-0.0627550177792485,0.0646805250789559,-0.00275501777924853,-0.000319474921044144,0.00277347925702567,0.126617159468012,-0.218718837689053,0.808393742534718,0.84698485340827
-0.06,0.08,-0.0627877061392233,0.0775246323556894,-0.0027877061392233,-0.00247536764431064,0.00372810280077726,0.0289027525588774,-0.212981259405384,0.924614184079176,0.949277824687216
-0.06,0.095,-0.0623475813031836,0.0905355091107952,-0.0023475813031836,-0.00446449088920478,0.0050440873183213,-0.0594036529789648,-0.195917402179677,1.01043271354192,1.03097787086067
-0.06,0.11,-0.0614892198901499,0.103733473549919,-0.00148921989014994,-0.00626652645008091,0.00644105035151736,-0.137796045965988,-0.16994139976445,1.06602777749344,1.08826405645342
-0.06,0.125,-0.0602752584820822,0.117138151086045,-0.000275258482082208,-0.00786184891395472,0.00786666610310932,-0.205823754911449,-0.137595300457088,1.09221202146571,1.11993880138265
-0.06,0.14,-0.0587758291667834,0.13076799819849,0.00122417083321656,-0.00923200180151038,0.00931281114873425,-0.263100847916353,-0.101459333863391,1.09046159909119,1.12634959411057
-0.06,0.155,-0.0570677013367081,0.144639818233031,0.00293229866329189,-0.0103601817669694,0.0107671603357333,-0.30931460842331,-0.0640520836198365,1.0629192576086,1.10887958077102
-0.06,0.17,-0.0552331393134854,0.158768291743707,0.00476686068651462,-0.0112317082562925,0.0122014028357033,-0.344232707098417,-0.0277260167612128,1.01236779774841,1.06966662049311
-0.06,0.185,-0.0533585049091161,0.173165545613669,0.00664149509088386,-0.0118344543863314,0.0135706951798496,-0.367708722723898,0.00543507409438215,0.942172446979495,1.01141224430561
-0.06,0.2,-0.051532653270318,0.187840784849102,0.00846734672968203,-0.0121592151508975,0.0148169657395323,-0.379685730184834,0.0337096124001949,0.856193048215401,0.937221272243597
-0.06,0.215,-0.0498451872768059,0.202800008541135,0.0101548127231941,-0.0121999914588651,0.0158732483455506,-0.380197759850166,0.0558158233911754,0.758669524749151,0.850446041364769
-0.06,0.23,-0.0483846482562098,0.218045827043762,0.0116153517437902,-0.0119541729562378,0.0166678927042268,-0.369369041178543,0.0709673632293341,0.654086511454062,0.754524517244852
-0.06,0.245,-0.047236727236953,0.23357739127178,0.012763272763047,-0.0114226087282197,0.0171282550711372,-0.347411059212837,0.0789026468529526,0.547025020166398,0.652810121416828
-0.06,0.26,-0.0464825805133331,0.249390437861798,0.0135174194866669,-0.0106095621382016,0.0171838132654798,-0.314617568510394,0.079885723856109,0.442010245742259,0.548398848066443
-0.06,0.275,-0.0461973258623945,0.265477446385006,0.0138026741376055,-0.00952255361499432,0.0167688055835639,-0.271357810030824,0.0746790078806495,0.343364936374299,0.443973513960202
-0.06,0.29,-0.0464487821824843,0.281827897722276,0.0135512178175157,-0.00817210227772369,0.0158246251132636,-0.218068259749673,0.0644905608512924,0.255077102808913,0.341727190751108
-0.06,0.305,-0.047296497299472,0.298428616899249,0.012703502700528,-0.00657138310075103,0.0143025192437961,-0.15524328864076,0.0509006579902069,0.180689330707985,0.243598192253998
-0.06,0.32,-0.0487910882807492,0.315264179523085,0.0112089117192508,-0.00473582047691495,0.0121683070934097,-0.0834251364434234,0.0357737740680945,0.123214820697168,0.153040590260392
-0.06,0.335,-0.0509738979666235,0.332317358735237,0.00902610203337653,-0.00268264126476336,0.00941631998565975,-0.00319359586830019,0.0211628056931572,0.0850828189315882,0.087733408581369
-0.06,0.35,-0.0538769526092496,0.349569589537926,0.00612304739075037,-0.000430410462073511,0.00613815627979911,0.0848442290138652,0.00921227102627961,0.0681136412145171,0.109191945052452
-0.04,0.05,-0.0419818942156407,0.0513722623930653,-0.00198189421564066,0.00137226239306529,0.00241060340110338,0.11786877611549,-0.235297592704668,0.807351932760031,0.84916921048535
-0.04,0.065,-0.0425153125522248,0.064271945456853,-0.00251531255222479,-0.000728054543147033,0.00261856079806763,-0.00266401767767903,-0.2412412750304,0.948473134572079,0.978687399262267
-0.04,0.08,-0.0425284191660969,0.0773082790422991,-0.00252841916609686,-0.00269172095770093,0.00369300219247327,-0.113542881516173,-0.233398002401223,1.05881291102647,1.09017762298167
-0.04,0.095,-0.0420676091784378,0.0905003503521379,-0.00206760917843779,-0.00449964964786215,0.00495195463107914,-0.214004636690201,-0.214029180133872,1.13794253431835,1.17752642827238
-0.04,0.11,-0.0411876649276408,0.103867010617222,-0.00118766492764079,-0.00613298938277765,0.00624692778488845,-0.30332930817383,-0.185609630532821,1.18603237158987,1.23822132962045
-0.04,0.125,-0.0399514760993058,0.117426456364168,4.85239006942084e-05,-0.00757354363583174,0.00757369908121428,-0.380856087785664,-0.150750249630533,1.20390533049695,1.27170414538676
-0.04,0.14,-0.0384294718181755,0.131195785110455,0.00157052818182449,-0.00880421488954475,0.00894319621786229,-0.44599941516515,-0.112105834813694,1.19306825722708,1.27865668494986
-0.04,0.155,-0.0366987562377498,0.145190543762649,0.00330124376225015,-0.00980945623735127,0.0103500551713653,-0.49826448710086,-0.0722721649715646,1.15571626636905,1.26064862899391
-0.04,0.17,-0.0348419572639507,0.159424290910909,0.0051580427360493,-0.0105757090890913,0.0117665214742506,-0.537261431991613,-0.0336779506472943,1.09470637200712,1.21992717532426
-0.04,0.185,-0.0329458177911829,0.173908195713775,0.00705418220881708,-0.0110918042862249,0.0131449461375507,-0.562717368990277,0.0015215461581608,1.01349879937058,1.15925787180739
-0.04,0.2,-0.0310995783946707,0.188650695736877,0.00890042160532934,-0.0113493042631229,0.0144230444778331,-0.574485617002957,0.0315418180046931,0.916066824218781,1.08177714897548
-0.04,0.215,-0.0293932175030483,0.203657233848636,0.0106067824969517,-0.0113427661513638,0.0155293972485143,-0.5725514411668,0.0550500790838595,0.806778667910336,0.99083901317595
-0.04,0.23,-0.027915627740306,0.218930090047212,0.012084372259694,-0.0110699099527885,0.0163882567490782,-0.55703390473469,0.0712235836207763,0.690257538151077,0.889848838230719
-0.04,0.245,-0.0267528136635578,0.234468318347622,0.0132471863364422,-0.0105316816523777,0.0169234826279773,-0.528183635573386,0.0797807013801769,0.571227996829329,0.782083009961143
-0.04,0.26,-0.0259861955536996,0.250267792073182,0.0140138044463004,-0.00973220792681823,0.0170617286987565,-0.486376577593329,0.0809824447573969,0.454358157763135,0.670497425512611
-0.04,0.275,-0.0256910964448758,0.266321353838778,0.0143089035551242,-0.00867864616122183,0.0167351014380414,-0.4321040601125,0.0756047151017338,0.344107566656917,0.557532476085317
-0.04,0.29,-0.0259354756223058,0.282619059899927,0.0140645243776942,-0.00738094010007309,0.0158836117659562,-0.365959747488946,0.0648840516964257,0.244589947528076,0.444928886651085
-0.04,0.305,-0.0267789536817486,0.299148503029818,0.0132210463182514,-0.00585149697018186,0.0144580801817321,-0.288624207158865,0.0504417966729485,0.159458420598309,0.333579990450908
-0.04,0.32,-0.0282721533787543,0.315895194319325,0.0117278466212457,-0.00410480568067526,0.0124254503358055,-0.200847932100487,0.0341930775703893,0.0918185506483438,0.223472074176085
-0.04,0.335,-0.0304563597305321,0.332842982190709,0.00954364026946788,-0.00215701780929115,0.00978436484512961,-0.103433679032171,0.0182477188429532,0.0441720002624109,0.113941542413629
-0.04,0.35,-0.0333634837411169,0.349974486938467,0.00663651625888315,-2.55130615334498e-05,0.00663656529921383,0.00278106617347104,0.00481011541716321,0.0183909792973031,0.0192119666638051
-0.02,0.05,-0.021764910323007,0.0508916261944938,-0.00176491032300702,0.000891626194493761,0.00197734815320018,-0.000767194169390597,-0.257811299275475,0.915395731037447,0.951019118505348
-0.02,0.065,-0.0222930396017513,0.0639983658520958,-0.00229303960175131,-0.00100163414790419,0.00250225929540637,-0.135364564042155,-0.263919613449265,1.05155388535779,1.09260188403469
-0.02,0.08,-0.0223005716798392,0.0772319950958971,-0.00230057167983916,-0.00276800490410287,0.003599233418829,-0.259520625705771,-0.256014399983445,1.15642694280928,1.21254792718489
-0.02,0.095,-0.021833990817827,0.0906100543629771,-0.00183399081782695,-0.00438994563702289,0.00475764069848595,-0.372257727920326,-0.236369577260476,1.22957642906019,1.30628423409702
-0.02,0.11,-0.020948190559253,0.104149854407356,-0.000948190559252979,-0.00585014559264416,0.00592648874054362,-0.472638614289338,-0.207478554702326,1.27117193360396,1.37200679404271
-0.02,0.125,-0.019706192864965,0.11786808955065,0.000293807135034962,-0.00713191044934963,0.00713795974282147,-0.559788495504686,-0.171976503395515,1.28204606265344,1.40949685116574
-0.02,0.14,-0.0181785778633859,0.131780427617428,0.00182142213661408,-0.00821957238257251,0.0084189636388392,-0.632917936495509,-0.132547409775426,1.26372704892907,1.41959961859507
-0.02,0.155,-0.0164426156800974,0.145901093511573,0.00355738431990262,-0.00909890648842718,0.00976959991425602,-0.691345568295016,-0.0918200038163947,1.21844385603449,1.40395643146845
-0.02,0.17,-0.01458111005369,0.160242466035846,0.00541888994631001,-0.00975753396415444,0.0111612650408387,-0.734519469632397,-0.052258229008296,1.14910001312897,1.3648328451225
-0.02,0.185,-0.012680983316982,0.174814708970002,0.00731901668301801,-0.0101852910299978,0.0125422549237388,-0.762035989832362,-0.0160531458843424,1.05921445939979,1.30497718034305
-0.02,0.2,-0.0108316519991509,0.189625457052622,0.00916834800084909,-0.0103745429473784,0.0138452066229318,-0.773654811503094,0.0149761980344888,0.952830199028326,1.22748078151999
-0.02,0.215,-0.00912325954499102,0.204679575412377,0.010876740455009,-0.0103204245876234,0.0149938202801838,-0.769309199585018,0.0394655153548934,0.834394313589286,1.1356276948821
-0.02,0.23,-0.0076448453229549,0.21997900703724,0.0123551546770451,-0.0100209929627597,0.0159081786214949,-0.749110645952363,0.0565651767756506,0.708615512134982,1.03272997329292
-0.02,0.245,-0.00648253569289206,0.235522717538769,0.0135174643071079,-0.00947728246123117,0.016508807471889,-0.713347478485136,0.0659725247187803,0.58030755761944,0.921950215858708
-0.02,0.26,-0.00571784228646311,0.251306740157991,0.0142821577135369,-0.00869325984200867,0.0167198324045136,-0.662477419591628,0.067934191685314,0.454228279870088,0.806117507156412
-0.02,0.275,-0.00542614501832114,0.267324317426816,0.0145738549816789,-0.00767568257318385,0.016471592272494,-0.597114508440677,0.063218635314428,0.334924261792862,0.687548009812383
-0.02,0.29,-0.00567542339868233,0.283566129790063,0.0143245766013177,-0.00643387020993685,0.0157031264621199,-0.518011188096612,0.0530616744315771,0.226590617072022,0.56788826379221
-0.02,0.305,-0.00652528123443722,0.300020596412219,0.0134747187655628,-0.00497940358778062,0.0143653230350387,-0.426036657973604,0.0390899932177913,0.132953664834766,0.448010001163542
-0.02,0.32,-0.00802628891556871,0.316674229894376,0.0119737110844313,-0.0033257701056236,0.0124270070382571,-0.322152778316539,0.0232291121913497,0.0571820123110813,0.328012317782106
-0.02,0.335,-0.0102196465310464,0.333512024833043,0.00978035346895356,-0.00148797516695695,0.00989289563652385,-0.207388869056784,0.00760306013652816,0.00182890473102723,0.20753636192222
-0.02,0.35,-0.0131371518535502,0.350517860064549,0.00686284814644977,0.000517860064549153,0.00688235887815246,-0.08281667936169,-0.00556708936766685,-0.0311939487891664,0.0886716351202566
0,0.05,-0.00155272932908698,0.0505131262055335,-0.00155272932908698,0.000513126205533454,0.00163531858431685,-0.114397948862868,-0.278092377733496,0.984525255427427,1.02943710245905
0,0.065,-0.0020886778775307,0.0638310785024096,-0.0020886778775307,-0.0011689214975904,0.00239352308190565,-0.262654185600052,-0.286438614343971,1.11586035359157,1.18162096945726
0,0.08,-0.00210472660543007,0.0772659897047231,-0.00210472660543007,-0.00273401029527695,0.00345031685186818,-0.39970439622825,-0.280574895641692,1.21570152910283,1.3101491805208
0,0.095,-0.00164737980699242,0.0908337955588549,-0.00164737980699242,-0.0041662044411451,0.00448008032002815,-0.524362196407228,-0.262748369092561,1.2836158985137,1.41129830150696
0,0.11,-0.000771546585735916,0.104550206929123,-0.000771546585735916,-0.00544979307087701,0.00550413741192385,-0.635478692687914,-0.235427613795008,1.31978060480136,1.48364523018147
0,0.125,0.000459741146428064,0.118430356779185,0.000459741146428064,-0.00656964322081549,0.00658570983042268,-0.731970456699092,-0.20122586312969,1.32503800614715,1.52713338521317
0,0.14,0.00197590015136069,0.132488426335981,0.00197590015136069,-0.00751157366401917,0.00776710501526364,-0.812849009745842,-0.162809001720899,1.30092853016766,1.54265650256557
0,0.155,0.00369966528416504,0.146737265933262,0.00369966528416504,-0.00826273406673825,0.00905319266736839,-0.877250521331797,-0.122792361660773,1.24969600487225,1.53183756183996
0,0.17,0.00554824712103024,0.161188028481964,0.00554824712103024,-0.00881197151803631,0.0104131593741143,-0.924464200039579,-0.0836319172075716,1.17426168472153,1.49687885289441
0,0.185,0.00743474807578645,0.175849834701505,0.00743474807578645,-0.00915016529849524,0.0117898686990228,-0.953957713562723,-0.047516702509522,1.07816521732581,1.44043141823037
0,0.2,0.00926978768065649,0.190729488947815,0.00926978768065649,-0.00927051105218515,0.0131099709691951,-0.965397985966336,-0.0162699306275369,0.965473321177986,1.36546144560002
0,0.215,0.0109632704428332,0.20583126245825,0.0109632704428332,-0.00916873754175002,0.0142919224358445,-0.958665890688137,0.00873380479059373,0.840659691300914,1.27510485456142
0,0.23,0.0124262169932535,0.221156757244059,0.0124262169932535,-0.00884324275594095,0.01525168224177,-0.933863695214145,0.0266287880005941,0.70846228869629,1.17250897010993
0,0.245,0.0135725727172583,0.236704858925225,0.0135725727172583,-0.00829514107477536,0.0159067311417428,-0.891314588445709,0.0370911445487831,0.57372634317089,1.06066558977655
0,0.26,0.0143209086614835,0.252471781065356,0.0143209086614835,-0.007528218934644,0.0161790761546661,-0.831554185484118,0.0403420510169825,0.441242783399613,0.94224468548803
0,0.275,0.0145959372477564,0.268451197559201,0.0145959372477564,-0.00654880244079917,0.0159977560160498,-0.755314492761967,0.0371213335501067,0.315592205844835,0.819443629903837
0,0.29,0.0143297792321205,0.284634454104216,0.0143297792321205,-0.00536554589578392,0.0153013612335987,-0.663501356529371,0.0286341563047443,0.201003836168535,0.693874910554114
0,0.305,0.013462936934454,0.301010845149128,0.013462936934454,-0.00398915485087153,0.0140415108633408,-0.557166840741753,0.0164756816174647,0.101237342695977,0.566531509310538
0,0.32,0.0119449496628417,0.317567939546192,0.0119449496628417,-0.00243206045380798,0.0121900262714564,-0.437478251997692,0.00254012224211824,0.0194930680219737,0.437920753654483
0,0.335,0.00973472821640606,0.33429193651306,0.00973472821640606,-0.000708063486940441,0.00976044503846164,-0.305685618728653,-0.0110786428611673,-0.0416464056924305,0.308708742159056
0,0.35,0.00680058455190069,0.351168033564166,0.00680058455190069,0.00116803356416573,0.00690016323390744,-0.163089354184983,-0.022187767574013,-0.0802431000097893,0.183110398706208
0.02,0.05,0.0186542757998228,0.0502084741906921,-0.00134572420017723,0.000208474190692115,0.00136177645416837,-0.214709865887422,-0.294841612666223,1.01392554708029,1.0775486721834
0.02,0.065,0.018097403692936,0.0637406308560368,-0.00190259630706405,-0.00125936914396321,0.00228164049499924,-0.375713125676754,-0.307442401781916,1.14059322654209,1.23963463773629
0.02,0.08,0.0180587535134804,0.0773796814963081,-0.00194124648651958,-0.00262031850369193,0.00326105918103535,-0.524780486950427,-0.305671468196434,1.23585630389819,1.37704817886031
0.02,0.095,0.0184918703523381,0.0911399137100157,-0.00150812964766189,-0.00386008628998427,0.00414423952013893,-0.660530917458156,-0.291711085486432,1.2993030150219,1.48650890395133
0.02,0.11,0.0193419255151409,0.105035394040391,-0.000658074484859147,-0.00496460595960857,0.00500803098650593,-0.781618393110929,-0.267962746068377,1.33112656614161,1.56677447151807
0.02,0.125,0.0205459997969439,0.119079650040294,0.000545999796943877,-0.00592034995970628,0.0059454738603123,-0.886765304959899,-0.236972620541456,1.33217928013253,1.61783319978126
0.02,0.14,0.0220336550431143,0.133285334163655,0.00203365504311433,-0.00671466583634547,0.00701587415281727,-0.97479799066791,-0.201342155897058,1.3040047078459,1.64054318292262
0.02,0.155,0.0237278023325423,0.147663883486106,0.00372780233254233,-0.00733611651389379,0.00822891947560147,-1.04468283007878,-0.163627702202646,1.24884262244845,1.63643703597248
0.02,0.17,0.0255458569195509,0.162225191403512,0.00554585691955092,-0.00777480859648785,0.00955008783646267,-1.09556105054381,-0.126234584569468,1.16960320546704,1.60758526323698
0.02,0.185,0.0274011502909686,0.176977308506377,0.00740115029096864,-0.00802269149362347,0.0109151548056527,-1.12678018599757,-0.091312224027303,1.06980870527003,1.55647394981811
0.02,0.2,0.0292045501086719,0.191926189506757,0.00920455010867186,-0.00807381049324268,0.012243780404101,-1.13792013821048,-0.0606575534349923,0.953503327086612,1.48587816143668
0.02,0.215,0.0308662217289315,0.207075501237668,0.0108662217289315,-0.00792449876233214,0.0134488830501461,-1.12881197377589,-0.0356338913749087,0.825134794788265,1.39872471821486
0.02,0.23,0.0322974523317777,0.22242650350567,0.0122974523317777,-0.00757349649433026,0.0144424784231093,-1.09954799403621,-0.0171115581308538,0.689413606027311,1.29794520675483
0.02,0.245,0.0334124522665466,0.237978010101232,0.0134124522665466,-0.0070219898987679,0.0151394259448894,-1.05048219043303,-0.00543488726978333,0.551158133532025,1.18632539259139
0.02,0.26,0.0341300488342107,0.253726432102186,0.0141300488342107,-0.00627356789781358,0.0154601401748385,-0.982220892034377,-0.000418077837363743,0.415135090400974,1.06636205038199
0.02,0.275,0.0343751954455568,0.269665900223018,0.0143751954455568,-0.00533409977698232,0.0153329339830562,-0.895604140604142,-0.00136982313444037,0.285905280784898,0.94014377291921
0.02,0.29,0.0340802329370257,0.285788458016414,0.0140802329370256,-0.00421154198358567,0.0146965997918024,-0.791679003096057,-0.00714417484917205,0.167683932543541,0.809280836855169
0.02,0.305,0.0331858583629455,0.302084313545804,0.0131858583629454,-0.00291568645419618,0.0135043729312709,-0.671666571297861,-0.0162129794276942,0.0642233681296353,0.674928701566074
0.02,0.32,0.0316417772929538,0.318542134424471,0.0116417772929538,-0.00145786557552877,0.0117327043163563,-0.536924745340764,-0.0267537136067567,-0.0212764610103436,0.538013715473339
0.02,0.335,0.0294070365901435,0.335149369595799,0.0094070365901435,0.000149369595799032,0.00940822239769276,-0.388909023684594,-0.0367457915488122,-0.0862266385939221,0.400045204007172
0.02,0.35,0.0264500536822233,0.35189258134059,0.00645005368222329,0.00189258134058962,0.00672198308792206,-0.229133438705326,-0.0440684347359374,-0.128676812948134,0.266462023253714
0.04,0.05,0.0388557652100186,0.0499489621869927,-0.00114423478998135,-5.10378130073319e-05,0.00114537247782555,-0.293828196752856,-0.305892482655658,1.00377098707551,1.08972345600171
0.04,0.065,0.0382649500764163,0.0636971227521948,-0.00173504992358367,-0.00130287724780517,0.00216976666030614,-0.46619892257735,-0.324602420818766,1.12595158950473,1.26116587596833
0.04,0.08,0.0381897105846013,0.0775420142603304,-0.00181028941539865,-0.00245798573966963,0.00305267778580112,-0.625950427365571,-0.328815738867026,1.21710755122808,1.40761648704434
0.04,0.095,0.0385837104940282,0.0914962476967232,-0.00141628950597178,-0.00350375230327685,0.00377917400597586,-0.771528665459287,-0.320614952547785,1.27686279106461,1.52596417236121
0.04,0.11,0.0393922970106932,0.10557221640377,-0.000607702989306833,-0.00442778359622975,0.00446929194596345,-0.901412992141025,-0.302295730679677,1.30543440022988,1.61501075943493
0.04,0.125,0.0405527854282441,0.119781814139377,0.000552785428244051,-0.00521818586062284,0.00524738367242982,-1.01415428687412,-0.276295751994817,1.3036845516922,1.6747063449572
0.04,0.14,0.0419950296360757,0.134136137718741,0.0019950296360757,-0.00586386228125924,0.00619395060542099,-1.1084156921298,-0.245109402136404,1.27315094850751,1.70581131052465
0.04,0.155,0.0436422865463994,0.148645186668684,0.00364228654639941,-0.00635481333131563,0.00732460946139444,-1.18301418831793,-0.211192005665286,1.21605096376218,1.70971385818614
0.04,0.17,0.0454123644959055,0.163317574205909,0.00541236449590551,-0.00668242579409148,0.00859933159786722,-1.23696086681674,-0.176858723637926,1.13525595778023,1.68830196303479
0.04,0.185,0.0472190261148698,0.178160264711494,0.00721902611486983,-0.00683973528850557,0.00994466273254156,-1.26949753067492,-0.144184366385131,1.03423416879024,1.64384877187751
0.04,0.2,0.0489735968049605,0.193178352550869,0.00897359680496049,-0.00682164744913136,0.0112721033324858,-1.28012724099468,-0.114910975490764,0.916962931503588,1.57889488420102
0.04,0.215,0.0505867130930533,0.208374895408277,0.0105867130930533,-0.00662510459172305,0.012488815194641,-1.26863662797796,-0.0903699563530643,0.787813546714253,1.49612265246697
0.04,0.23,0.051970132674772,0.223750812395487,0.011970132674772,-0.00624918760451285,0.0135032004342689,-1.23510824480481,-0.0714247249540283,0.651414589855441,1.39822453780317
0.04,0.245,0.0530385216045217,0.239304853233564,0.0130385216045217,-0.00569514676643579,0.0142280617908,-1.17992189427954,-0.0584383088857222,0.512501482260177,1.28777260908542
0.04,0.26,0.0537111347327347,0.25503364022617,0.0137111347327347,-0.00496635977383036,0.0145828647755619,-1.10374465518,-0.0512682751805267,0.375761460338612,1.1671008837303
0.04,0.275,0.0539133131055608,0.270931779997782,0.0139133131055608,-0.00406822000221813,0.0144958854700159,-1.0075101765886,-0.0492890018212846,0.245683477891538,1.03821771617441
0.04,0.29,0.053577735845437,0.286992037584519,0.013577735845437,-0.00300796241548129,0.0139069316738601,-0.89238859237033,-0.0514389747282029,0.126421999230587,0.90277502789354
0.04,0.305,0.0526453821017279,0.303205561887424,0.0126453821017279,-0.00179443811257635,0.0127720670464325,-0.759749041102593,-0.0562887798873513,0.0216821882035542,0.762145467993501
0.04,0.32,0.0510661794558606,0.319562149003198,0.0110661794558606,-0.000437850996801686,0.011074838203997,-0.611117190927727,-0.0621240127792185,-0.0653681170685582,0.617738052275137
0.04,0.335,0.0487993356202452,0.336050528714571,0.00879933562024515,0.00105052871457137,0.00886182362371618,-0.448130331839435,-0.0670365824574083,-0.132156718388345,0.471997198934244
0.04,0.35,0.0458133692188429,0.352658659558547,0.00581336921884287,0.00265865955854741,0.00639247466344962,-0.272492513163173,-0.0690178681105454,-0.17673523286416,0.332041092254416
0.06,0.05,0.0590514352452782,0.0497057476878077,-0.000948564754721798,-0.000294252312192267,0.000993156340729354,-0.344710940623809,-0.308353601309696,0.955184410261927,1.06128084697297
0.06,0.065,0.0584138220340446,0.0636705109730152,-0.00158617796595542,-0.00132948902698482,0.00206966219769206,-0.526672315027675,-0.334774342168514,1.07309042282304,1.24138669485866
0.06,0.08,0.05828819144998,0.0777217806662379,-0.00171180855001998,-0.00227821933376213,0.00284966170705385,-0.695388891155524,-0.346610553102386,1.16062482447234,1.39672874126076
0.06,0.095,0.058628394615725,0.0918704778707478,-0.001371605384275,-0.00312952212925222,0.00341690065522126,-0.849161411020833,-0.345815045061979,1.21745978939762,1.52414187941249
0.06,0.11,0.059380048839129,0.106127309612392,-0.000619951160870977,-0.00387269038760799,0.00392199825090942,-0.986323598038828,-0.334544432698277,1.24384266665992,1.6223669909573
0.06,0.125,0.0604808236850946,0.120502523362271,0.000480823685094611,-0.0044974766377289,0.00452310595974328,-1.10528408988831,-0.315092367241691,1.24064462114237,1.69125482301443
0.06,0.14,0.0618610092716059,0.135005648939368,0.0018610092716059,-0.00499435106063195,0.00532981219423711,-1.20457132391462,-0.289809587138056,1.20938863886289,1.7314244646646
0.06,0.155,0.0634443744703719,0.149645238613698,0.00344437447037187,-0.00535476138630178,0.00636688188962055,-1.28287942203942,-0.261014235620184,1.15225238576433,1.74408384954769
0.06,0.17,0.0651493049994542,0.164428617860936,0.00514930499945423,-0.00557138213906441,0.00758654341033453,-1.33911272730209,-0.2308972070291,1.07204266515726,1.73090720314625
0.06,0.185,0.066890192108776,0.17936165986309,0.00689019210877599,-0.00563834013690984,0.00890312455238763,-1.37242639395415,-0.201428308196656,0.972140032487664,1.6939282187606
0.06,0.2,0.0685790236382161,0.194448596551036,0.00857902363821608,-0.00555140344896371,0.0102184992458891,-1.38226040752892,-0.174269570451654,0.856414338331271,1.63543291718158
0.06,0.215,0.0701271125924196,0.209691877482948,0.0101271125924196,-0.00530812251705212,0.0114339220793033,-1.3683646349384,-0.15070198074307,0.729114362134545,1.55784791354368
0.06,0.23,0.0714468862446433,0.225092085258428,0.0114468862446433,-0.00490791474157243,0.0124546710839086,-1.3308129920554,-0.131571155264497,0.594737009704216,1.46362658779762
0.06,0.245,0.0724536525156165,0.240647912778341,0.0124536525156165,-0.00435208722165895,0.0131921993679844,-1.27000552529721,-0.117256090115656,0.457883437222862,1.35514053616132
0.06,0.26,0.0730672610378623,0.256356203635911,0.0130672610378623,-0.00364379636408851,0.0135657864856624,-1.18665807143106,-0.107663237772386,0.323110702072358,1.23458829183909
0.06,0.275,0.0732135837996865,0.272212052859248,0.0132135837996865,-0.0027879471407519,0.013504497254284,-1.08178007428073,-0.102246003118058,0.194787919634621,1.10393949498297
0.06,0.29,0.0728257538034094,0.28820896142057,0.0128257538034094,-0.00179103857942972,0.0129502038523984,-0.956641999694775,-0.100047608298183,0.0769653897003213,0.964945137654948
0.06,0.305,0.0718451179548724,0.304339034911892,0.0118451179548724,-0.000660965088108006,0.0118635447574719,-0.812734490095698,-0.09976341470655,-0.0267361826909851,0.81927794449289
0.06,0.32,0.070221880751017,0.320593214565675,0.010221880751017,0.000593214565675126,0.0102390795293786,-0.651721867915537,-0.0998174342555212,-0.113211202472863,0.668974419326568
0.06,0.335,0.0679154355101569,0.336961527915902,0.00791543551015694,0.00196152791590154,0.00815485812754057,-0.475392791237427,-0.0984470408578106,-0.179926563845019,0.517750440188499
0.06,0.35,0.06489439851065,0.353433346362566,0.00489439851064996,0.00343334636256648,0.00597854531022397,-0.285610791301983,-0.0937898324274764,-0.224950359828519,0.375464013781961
0.08,0.05,0.079241020894452,0.0494501389547412,-0.00075897910554798,-0.000549861045258837,0.000937228068162468,-0.361470188452319,-0.298813125915566,0.870139873235199,0.988492598080436
0.08,0.065,0.0785439960338774,0.0636309139213354,-0.00145600396612264,-0.00136908607866465,0.00199858555987934,-0.550942794016357,-0.334224845714861,0.984020211101152,1.17626042162397
0.08,0.08,0.0783544448005806,0.07788794609055,-0.00164555519941936,-0.00211205390945002,0.002677428548208,-0.726613286774923,-0.354999671316031,1.06842884506612,1.34000510333951
0.08,0.095,0.0786264733319926,0.0922304685044819,-0.00137352666800739,-0.00276953149551806,0.00309142041987077,-0.886669357788106,-0.362936942929737,1.12309601209999,1.47626928212759
0.08,0.11,0.0793060611806494,0.106667504387779,-0.000693938819350648,-0.00333249561222054,0.00340397974295837,-1.02933258176661,-0.360027922463038,1.1483036866156,1.58363716851741
0.08,0.125,0.0803313488015413,0.121207658172622,0.000331348801541329,-0.00379234182737775,0.00380678979771168,-1.15290313250647,-0.348394159870074,1.14493014585254,1.66181309286558
0.08,0.14,0.0816332024817089,0.135858896664276,0.00163320248170887,-0.00414110333572398,0.00445152638803864,-1.25580761197122,-0.330213853541403,1.11447494687368,1.71124692284283
0.08,0.155,0.083136063926483,0.150628329586926,0.00313606392648298,-0.00437167041307368,0.00538018579154397,-1.33664792921894,-0.30763936816761,1.0590602005602,1.73294751954866
0.08,0.17,0.0847590743836811,0.165522000042336,0.00475907438368114,-0.00447799995766412,0.00653462107625606,-1.39424874810424,-0.282710246778282,0.98140522576114,1.7283626323331
0.08,0.185,0.0864174443874144,0.180544695946347,0.00641744438741439,-0.00445530405365324,0.00781238290639005,-1.42770076807434,-0.25726696040442,0.884773330743837,1.69927963260737
0.08,0.2,0.0880240216811169,0.195699793171078,0.00802402168111692,-0.00430020682892163,0.00910366424636468,-1.43639708130538,-0.232871125251321,0.772891513430249,1.64772993582559
0.08,0.215,0.0894909937253278,0.210989139791492,0.00949099372532784,-0.00401086020850822,0.0103036867919404,-1.42006007467834,-0.210737850834795,0.649846060430155,1.57589260911821
0.08,0.23,0.0907316493297621,0.226412988640739,0.0107316493297621,-0.00358701135926104,0.0113152528839815,-1.37875686378829,-0.191685218861502,0.519959129108046,1.48599965852183
0.08,0.245,0.0916621178784568,0.241969982450016,0.0116621178784568,-0.00303001754998383,0.0120493153234626,-1.3129019697472,-0.176104654556738,0.387653121254973,1.38025052183524
0.08,0.26,0.0922030052849629,0.25765719246562,0.0122030052849629,-0.00234280753437976,0.0124258635566297,-1.22324686489342,-0.163954275843924,0.257310794674426,1.2607485375449
0.08,0.275,0.0922808530906005,0.273470208014466,0.0122808530906005,-0.00152979198553416,0.0123757672954817,-1.11085695003161,-0.154775380657859,0.133139406739114,1.12948040980436
0.08,0.29,0.0918293603188169,0.289403271283898,0.0118293603188169,-0.000596728716101669,0.0118444016612499,-0.977077443733207,-0.14773031348448,0.0190467397297171,0.988378257432936
0.08,0.305,0.0907903251090477,0.305449449066758,0.0107903251090477,0.00044944906675759,0.0107996814963477,-0.823490396174098,-0.141658270935342,-0.0814643518127479,0.839554971658099
0.08,0.32,0.0891142828775195,0.321600831421558,0.00911428287751948,0.00160083142155776,0.00925379995524494,-0.651865545251284,-0.135144363739379,-0.165377994539739,0.685965152010708
0.08,0.335,0.0867608376301355,0.337848746408244,0.00676083763013552,0.00284874640824417,0.00733650336056221,-0.464107953432278,-0.12659656766592,-0.230221169795183,0.533316720150525
0.08,0.35,0.0836987011590166,0.35418398016124,0.00369870115901663,0.00418398016123966,0.00558444986129861,-0.262205309140157,-0.114325096501402,-0.274092768694498,0.396168301339446
0.1,0.05,0.0994242975344742,0.0491538738904907,-0.000575702465525796,-0.000846126109509293,0.00102340740763677,-0.339595881614453,-0.273580913144327,0.751321429471274,0.86871757576437
0.1,0.065,0.0986555621870893,0.0635489092395611,-0.00134443781291066,-0.00145109076043892,0.00197817527732383,-0.534306384676438,-0.318900785473894,0.86146166413453,1.06269920366305
0.1,0.08,0.0983889146426132,0.0780099647638495,-0.0016110853573868,-0.00199003523615049,0.00256043673421287,-0.714735220458624,-0.349564634355344,0.943244143492046,1.23402198049781
0.1,0.095,0.0985787822257431,0.0925446019296928,-0.00142121777425688,-0.0024553980703072,0.00283704769884682,-0.87899154060615,-0.36720143078903,0.996463754523099,1.3785843167328
0.1,0.11,0.0991715960574121,0.107160177833119,-0.000828403942587888,-0.00283982216688067,0.00295818238646673,-1.02522055638985,-0.373618485172035,1.02143916680012,1.49470152024316
0.1,0.125,0.100106079889804,0.121863672350785,0.000106079889804489,-0.00313632764921462,0.00313812110445869,-1.15164995573041,-0.370745463254891,1.01905277523456,1.58189042936671
0.1,0.14,0.101313810522931,0.136661508098067,0.00131381052293091,-0.00333849190193303,0.00358770487490769,-1.25663942999596,-0.360567686968285,0.990772270450341,1.6404161726419
0.1,0.155,0.10272005645186,0.151559370862384,0.00272005645185994,-0.00344062913761595,0.00438595895602282,-1.33873118909097,-0.345051574571754,0.93865017869849,1.67108464581689
0.1,0.17,0.104244884585445,0.166562039192755,0.0042448845854447,-0.00343796080724462,0.00546247376706709,-1.39669893154697,-0.326066094104251,0.865298811003279,1.67512056414285
0.1,0.185,0.105804506531245,0.181673232172056,0.00580450653124459,-0.00332676782794417,0.00669026757703348,-1.42959249219412,-0.30530489054012,0.773839592897418,1.65407481629364
0.1,0.2,0.107312818047338,0.196895484084916,0.00731281804733827,-0.00310451591508409,0.00794451552081602,-1.43677536807363,-0.284214159141748,0.667827575133836,1.6097407438074
0.1,0.215,0.108683069574354,0.212230053535345,0.00868306957435383,-0.00276994646465489,0.00911418129346369,-1.41795256798713,-0.263931276559865,0.551153903236603,1.54407387081754
0.1,0.23,0.109829594285196,0.227676872734404,0.00982959428519553,-0.00232312726559647,0.0101003883145009,-1.37318673751327,-0.245238616677674,0.427930893276422,1.45911744037476
0.1,0.245,0.110669514238304,0.243234540241298,0.0106695142383043,-0.00176545975870235,0.0108145911730853,-1.30290125432601,-0.228535903748361,0.30236591293567,1.35694198289486
0.1,0.26,0.111124345839568,0.258900357678218,0.0111243458395685,-0.00109964232178245,0.0111785635747255,-1.20786988057468,-0.213832993595123,0.178631269709522,1.23961416074834
0.1,0.275,0.11112143289229,0.274670408126025,0.0111214328922902,-0.000329591873974577,0.0111263156696682,-1.08919352586324,-0.200763300859248,0.0607376440861169,1.10922311948698
0.1,0.29,0.11059514828064,0.290539671341578,0.0105951482806401,0.000539671341578063,0.0106088836474754,-0.948265574401371,-0.188616406350267,-0.0475817865483667,0.968023793574734
0.1,0.305,0.109487822217511,0.306502168852129,0.0094878222175106,0.0015021688521295,0.00960600237827348,-0.786727983683978,-0.176386896173327,-0.142970446115466,0.818843830202162
0.1,0.32,0.107750374084152,0.322551130633345,0.00775037408415158,0.0025511306333445,0.00815944642440142,-0.60642088665339,-0.162835371026663,-0.222526154810811,0.666171553565219
0.1,0.335,0.105342644270591,0.338679174361706,0.00534264427059136,0.00367917436170573,0.0064869231370439,-0.409328663887846,-0.146556924594719,-0.283854964301596,0.519234410562474
0.1,0.35,0.102233439941766,0.354878488483179,0.00223343994176625,0.00487848848317868,0.00536543603577415,-0.197525426062066,-0.126052259516524,-0.325100303751801,0.400744717088079
0.12,0.05,0.119601081971961,0.0487893862588612,-0.000398918028038653,-0.00121061374113879,0.00127464552850128,-0.276070450359784,-0.228941213283585,0.601953975202368,0.700702276516644
0.12,0.065,0.11874872033252,0.0633958175768067,-0.00125127966747959,-0.00160418242319327,0.00203447832456629,-0.473663495468973,-0.284709885695572,0.708672383980042,0.898693458353461
0.12,0.08,0.118392230584631,0.0780580808516704,-0.00160776941536905,-0.00194191914832964,0.00252110540669078,-0.65658108866106,-0.325834137202744,0.788323810214534,1.07645488748758
0.12,0.095,0.118486425496533,0.0927820963937292,-0.00151357450346676,-0.00221790360627078,0.00268514509556813,-0.82288870768951,-0.353762662686067,0.840771038958269,1.22851439063653
0.12,0.11,0.118978273574183,0.107573587227246,-0.00102172642581676,-0.00242641277275357,0.00263275593874441,-0.970691133742743,-0.37010803138968,0.866369190379823,1.35273863198648
0.12,0.125,0.119807189091826,0.122437941570589,-0.000192810908173593,-0.00256205842941087,0.00256930329895597,-1.09817950843718,-0.376596625171084,0.866000745838098,1.44841025353709
0.12,0.14,0.120905586851322,0.137380070662215,0.000905586851321943,-0.00261992933778488,0.00277202404034905,-1.20368134971234,-0.375009191045493,0.841093552674348,1.51560317624777
0.12,0.155,0.122199707715519,0.15240426805709,0.00219970771551888,-0.00259573194291035,0.00340243124150341,-1.28571140235099,-0.367114539089022,0.793618614818532,1.55492951321944
0.12,0.17,0.123610704673358,0.167514077267787,0.00361070467335769,-0.0024859227322131,0.00438371988940225,-1.34302081312705,-0.354599786948534,0.726065485994319,1.56740875810273
0.12,0.185,0.125055961506791,0.182712174810395,0.00505596150679113,-0.0022878251896053,0.0055494946487357,-1.37464189101292,-0.33900121405697,0.641394451811102,1.55437999703142
0.12,0.2,0.126450598841693,0.198000275423613,0.00645059884169265,-0.00199972457638686,0.00675345273159235,-1.37992570731605,-0.321640132364573,0.542966314629122,1.51743017524977
0.12,0.215,0.12770910728093,0.213379065235514,0.00770910728092977,-0.00162093476448649,0.00787767507451312,-1.35857003449787,-0.303568119765796,0.434452334603952,1.45833116451694
0.12,0.23,0.128747036268577,0.228848167173938,0.00874703626857687,-0.00115183282606224,0.00882254851746329,-1.31063561928028,-0.285525460258587,0.319728516474993,1.37898826382548
0.12,0.245,0.129482661733463,0.24440614095271,0.0094826617334632,-0.000593859047289813,0.00950123897811939,-1.23654950559864,-0.267915719162676,0.202759794435777,1.28141074138494
0.12,0.26,0.129838556107898,0.260050517810881,0.00983855610789798,5.05178108806126e-05,0.00983868580337195,-1.13709499050414,-0.250798138111908,0.0874805445447896,1.16772632413199
0.12,0.275,0.129742991175722,0.275777867937294,0.00974299117572205,0.000777867937293841,0.00977399383967821,-1.01338872840643,-0.233898107448747,-0.022321839189259,1.0402850728955
0.12,0.29,0.129131116430393,0.291583896571654,0.00913111643039255,0.00158389657165386,0.00926747083162832,-0.866846376099244,-0.216634532039425,-0.123113909449457,0.901957313349435
0.12,0.305,0.127945871944804,0.307463563120019,0.00794587194480448,0.00246356312001872,0.00831901581976782,-0.699138914731916,-0.198161625342659,-0.211708172661334,0.756896250215198
0.12,0.32,0.126138613065588,0.323411216655725,0.00613861306558841,0.0034112166557253,0.00702274657390614,-0.51214230012734,-0.177421687803303,-0.285336008028353,0.612526245699569
0.12,0.335,0.123669443078304,0.339420740629425,0.00366944307830408,0.00442074062942488,0.0057452380470753,-0.307883354316225,-0.153204843256628,-0.341698992778705,0.484792210827141
0.12,0.35,0.120507266891671,0.355485699838633,0.000507266891671243,0.00548569983863334,0.0055091035948662,-0.0884847945794719,-0.124211551160448,-0.378997837706498,0.408531683460546
0.14,0.05,0.139771232776877,0.0483300535892335,-0.000228767223122706,-0.00166994641076645,0.00168554307485956,-0.169376429799591,-0.161390177008666,0.425623233370815,0.485686847179015
0.14,0.065,0.138823774405644,0.0631439663485762,-0.00117622559435607,-0.00185603365142384,0.00219735467415618,-0.367519935579049,-0.22778393701904,0.529263248732281,0.683433646757313
0.14,0.08,0.138365195262324,0.0780036077969916,-0.00163480473767569,-0.0019963922030084,0.00258034268238922,-0.550685994492297,-0.279573436603747,0.607264589379597,0.866141408192098
0.14,0.095,0.138350755485097,0.0929133004815504,-0.00164924451490278,-0.00208669951844964,0.00265975982942725,-0.716929839180047,-0.318023805321757,0.659558035839313,1.02477916319167
0.14,0.11,0.138728042627738,0.107877178723643,-0.001271957372262,-0.00212282127635721,0.00247472134354689,-0.864350002757918,-0.344549422691279,0.686532812868242,1.15636842065363
0.14,0.125,0.139437262663314,0.122899085286439,-0.000562737336685923,-0.00210091471356089,0.00217497492945482,-0.991135032386991,-0.360669827856752,0.689066650294321,1.2598841942157
0.14,0.14,0.140411787956746,0.137982465720175,0.000411787956745846,-0.00201753427982465,0.00205912940137051,-1.0956128935436,-0.367957542214649,0.668540250193926,1.33521051196456
0.14,0.155,0.141578967635234,0.153130265064192,0.00157896763523387,-0.00186973493580805,0.00244725305665294,-1.17630099244235,-0.367980016102842,0.626833437486729,1.38278931302465
0.14,0.17,0.142861190036699,0.168344832003471,0.00286119003669907,-0.00165516799652926,0.00330544846017008,-1.2319543874813,-0.362238633300131,0.566301169527515,1.40346853941675
0.14,0.185,0.144177169967316,0.183627835724626,0.00417716996731565,-0.00137216427537384,0.00439676969313337,-1.26160956348445,-0.352108256437398,0.489728801978771,1.39841706596494
0.14,0.2,0.14544341690179,0.198980200341429,0.00544341690179046,-0.00101979965857063,0.00553812052146925,-1.26462114784041,-0.338781072918007,0.400267423671109,1.36906627030578
0.14,0.215,0.146575825838318,0.214402061010617,0.00657582583831768,-0.00059793898938304,0.00660295513318929,-1.24068919019323,-0.323218443407656,0.301351576738088,1.31706832967669
0.14,0.23,0.147491321951995,0.229892744669729,0.00749132195199451,-0.000107255330271505,0.00749208971477962,-1.18987510332938,-0.306114031836961,0.196603099274789,1.24427576799679
0.14,0.245,0.148109484825445,0.245450776856532,0.00810948482544536,0.000450776856531665,0.00812200368803864,-1.11260504014867,-0.287870729143924,0.0897259835444386,1.15275977959521
0.14,0.26,0.148354078579522,0.261073914436021,0.00835407857952178,0.0010739144360209,0.0084228214470401,-1.00966030228043,-0.268592846759812,-0.0156020859072093,1.04490656476283
0.14,0.275,0.148154420740545,0.276759202430846,0.00815442074054477,0.0017592024308461,0.00834202438299731,-0.882155248873831,-0.248093862505466,-0.115835593236796,0.92368003682636
0.14,0.29,0.147446534398024,0.292503051712535,0.00744653439802376,0.00250305171253529,0.00785596222092347,-0.731504007207544,-0.225918791532566,-0.207658800286356,0.79326517765117
0.14,0.305,0.146174043787655,0.308301333157366,0.00617404378765457,0.00330133315736642,0.00700125826604068,-0.559377993437863,-0.201379169056361,-0.288070217905105,0.660641048627857
0.14,0.32,0.144288791041664,0.324149483164759,0.00428879104166349,0.00414948316475949,0.00596757397387544,-0.367656750947229,-0.173597787661289,-0.354450218440509,0.539392977835123
0.14,0.335,0.141751169830631,0.340042615167489,0.00175116983063128,0.00504261516748905,0.00533802992714576,-0.158374880853067,-0.14155981105396,-0.404609464484521,0.45698108143067
0.14,0.35,0.138530188038481,0.355975631874724,-0.00146981196151943,0.00597563187472433,0.00615374061075433,0.0663321487828546,-0.10416671584548,-0.436817307307837,0.453939529543166
0.16,0.05,0.159934649919509,0.0477504219009314,-6.53500804912999e-05,-0.00224957809906862,0.00225052710644182,-0.019410541881397,-0.0678375275573253,0.22610049431097,0.236854834655246
0.16,0.065,0.158881125316586,0.062766928197752,-0.00111887468341354,-0.00223307180224797,0.00249769698546055,-0.215886781790942,-0.144701395525395,0.327020632074478,0.417718641067411
0.16,0.08,0.158308769357196,0.0778191802496711,-0.00169123064280449,-0.00218081975032891,0.00275975286404155,-0.397178973806549,-0.207028173029004,0.403828724259784,0.603069480155721
0.16,0.095,0.158173348750531,0.0929099579961543,-0.0018266512494689,-0.00209004200384572,0.00277577563304849,-0.561362649656118,-0.255901990230966,0.45652090999045,0.767485505904231
0.16,0.11,0.158423147056489,0.108041864456078,-0.00157685294351134,-0.00195813554392221,0.00251411217208619,-0.706561023628875,-0.292542025698069,0.485516460919889,0.905843608100471
0.16,0.125,0.158999256322105,0.123217255099936,-0.00100074367789542,-0.00178274490006403,0.002044423460918,-0.830990502312674,-0.318264241505018,0.491683027892562,1.01666939668858
0.16,0.14,0.159836117189083,0.138438167012566,-0.000163882810916852,-0.0015618329874339,0.00157040754466817,-0.933008538580519,-0.334436250574906,0.476347758659569,1.09968033908463
0.16,0.155,0.160862312206416,0.153706251129966,0.000862312206415944,-0.00129374887003392,0.00155478888600606,-1.01116184837323,-0.342427217038477,0.441292004259665,1.15520064132744
0.16,0.17,0.162001601991866,0.16902271102994,0.00200160199186581,-0.000977288970060053,0.00222744343695687,-1.06423269519096,-0.343555282079225,0.388728131219093,1.18396828567758
0.16,0.185,0.163174177703157,0.184388251745521,0.0031741777031569,-0.000611748254478628,0.00323259029542502,-1.09128078102526,-0.339035452358008,0.321258020467619,1.18705345236614
0.16,0.2,0.164298087465314,0.199803041756949,0.00429808746531383,-0.000196958243050604,0.00430259786745095,-1.09167830273469,-0.329931107343408,0.24181405291078,1.16582030344387
0.16,0.215,0.165290780658707,0.2152666907103,0.00529078065870711,0.000266690710299611,0.00529749789178904,-1.06513596907231,-0.31711222827973,0.153584664630092,1.12191945548983
0.16,0.23,0.166070703951634,0.23077824454011,0.00607070395163423,0.000778244540109663,0.00612038487618205,-1.01171821721365,-0.301223100281199,0.0599277543992574,1.05732311417705
0.16,0.245,0.166558877824095,0.246336198645487,0.00655887782409503,0.00133619864548745,0.00669360180557584,-0.931846495174937,-0.282661610281768,-0.0357237839724359,0.974440635616933
0.16,0.26,0.166680382882925,0.261938528629193,0.00668038288292493,0.00193852862919314,0.00695596209799031,-0.826290227116828,-0.261571413803961,-0.12995949380142,0.876401500181592
0.16,0.275,0.1663656913968,0.277582737042671,0.00636569139680006,0.00258273704267137,0.00686968395130963,-0.696145882804051,-0.237847265155035,-0.219486605119873,0.767706714282117
0.16,0.29,0.16555179065364,0.293265913611436,0.00555179065364025,0.0032659136114363,0.00644116225375608,-0.542805339125306,-0.211152807660934,-0.301218182491993,0.65571352783556
0.16,0.305,0.164183059518738,0.308984805725099,0.00418305951873768,0.00398480572509907,0.00577725398473048,-0.367915374593071,-0.18094921592275,-0.372349886057986,0.553851214548432
0.16,0.32,0.162211876370376,0.324735895550608,0.00221187637037604,0.00473589555060794,0.00522695932106765,-0.173330617916447,-0.146532368468932,-0.430422031890217,0.486600233086977
0.16,0.335,0.159598953763385,0.340515480012111,-0.000401046236614688,0.00551548001211094,0.00553004139658087,0.0389374736409665,-0.107075770182548,-0.473364829006022,0.486885032913905
0.16,0.35,0.156313410912768,0.356319750060334,-0.00368658908723163,0.00631975006033353,0.0073164321853743,0.266772989009018,-0.0616762700042536,-0.499525923351574,0.569649551102925
0.18,0.05,0.180091273787275,0.047026403327933,9.12737872746372e-05,-0.00297359667206698,0.00297499715501902,0.172674629598633,0.0542410645643547,0.00718450203367729,0.181136040557614
0.18,0.065,0.17892126257171,0.0622397299418249,-0.00107873742829015,-0.00276027005817508,0.00296357305178258,-0.0201030188455169,-0.0326545705642296,0.105747078911015,0.112485115048555
0.18,0.08,0.178224054657411,0.0774789740220071,-0.00177594534258871,-0.00252102597799286,0.00308375644978286,-0.197586342758525,-0.105106435217096,0.181785240018293,0.288329281371503
0.18,0.095,0.17795597946288,0.0927454384603731,-0.00204402053712008,-0.00225456153962694,0.00304320023858662,-0.357897798077104,-0.164025065243954,0.235355674434692,0.458681232444967
0.18,0.11,0.178066088299777,0.108040262942307,-0.00193391170022249,-0.00195973705769348,0.00275328600031935,-0.499211923698826,-0.210442686728508,0.266902412178303,0.603936208409422
0.18,0.125,0.178496446254194,0.123364384238567,-0.0015035537458061,-0.00163561576143278,0.00222169142447256,-0.619798938790559,-0.245480474694249,0.277277563060334,0.722011865112032
0.18,0.14,0.179182663382359,0.138718498186836,-0.000817336617641343,-0.00128150181316383,0.00151996251390604,-0.718070295421504,-0.270310050340013,0.267749385983604,0.812645849614868
0.18,0.155,0.180054669243506,0.154103025283984,5.46692435058616e-05,-0.000896974716016297,0.00089863917528562,-0.792624328742684,-0.286110826271105,0.239995804825476,0.876199566024924
0.18,0.17,0.181037720409918,0.169518081880441,0.00103772040991779,-0.000481918119558611,0.00114416289186411,-0.842289878304266,-0.294025287300198,0.196082202258618,0.913438016904531
0.18,0.185,0.182053615238133,0.184963458828128,0.00205361523813273,-3.65411718719066e-05,0.00205394031157985,-0.866165621527312,-0.295114646449851,0.138423221465362,0.925481036695283
0.18,0.2,0.183022075136624,0.20043860913858,0.00302207513662357,0.000438609138579682,0.00305373805488355,-0.863652894384992,-0.290317488388078,0.0697293543495443,0.91381642041504
0.18,0.215,0.183862238635314,0.215942645754709,0.0038622386353135,0.000942645754709148,0.0039756091728161,-0.834479999029839,-0.280413962964207,-0.00705983291269656,0.880371483742636
0.18,0.23,0.184494205021316,0.231474350008735,0.00449420502131558,0.00147435000873469,0.00472986117363651,-0.778716404760739,-0.265997805205,-0.0888529788568618,0.827684019706408
0.18,0.245,0.184840559507379,0.247032190623032,0.00484055950737905,0.00203219062303228,0.00524983952829208,-0.69677581632786,-0.247457950620632,-0.172491032705599,0.75927173552066
0.18,0.26,0.18482781234931,0.262614352536268,0.00482781234930951,0.00261435253626796,0.00549022870780773,-0.589407761028631,-0.224970830395425,-0.254833964186936,0.680411032625811
0.18,0.275,0.184387690151382,0.278218774177321,0.00438769015138214,0.00321877417732136,0.00544172142516747,-0.457678063764614,-0.19850364040077,-0.33284566931562,0.599718624502376
0.18,0.29,0.183458228120299,0.293843191368475,0.00345822812029878,0.00384319136847544,0.00517005431564789,-0.302939274133095,-0.167828069068482,-0.403672831632748,0.531876161399907
0.18,0.305,0.18198462600007,0.309485185691751,0.00198462600007029,0.0044851856917506,0.00490465401936154,-0.126792702103354,-0.132543228151438,-0.464714027270929,0.499604649007686
0.18,0.32,0.179919846336965,0.325142235028382,-8.01536630348765e-05,0.00514223502838179,0.00514285968084048,0.0689558407689482,-0.092105934855155,-0.513676162541113,0.526406269313796
0.18,0.335,0.177224950039454,0.340811764018198,-0.00277504996054601,0.00581176401819822,0.00644030304308345,0.282344244172533,-0.0458660990902311,-0.548616323482249,0.618712826382265
0.18,0.35,0.173869179213508,0.356491192384547,-0.0061308207864916,0.00649119238454704,0.00892874806953802,0.511303846714106,0.00689520333707098,-0.567968174856451,0.764248437989641
0.2,0.05,0.200241083618273,0.0461354437533419,0.000241083618273241,-0.0038645562466581,0.00387206873577728,0.404676832949411,0.206706689866658,-0.227431233782024,0.508151211178845
0.2,0.065,0.19894475489844,0.0615390288977716,-0.00105524510156046,-0.00346097110222837,0.00361826798272699,0.217391685186237,0.110444663774383,-0.130871310778664,0.27673925890118
0.2,0.08,0.198112275706195,0.07695889081712,-0.00188772429380504,-0.00304110918288003,0.00357936419935426,0.0454166004262555,0.0285072310928099,-0.055221207320547,0.076972153716722
0.2,0.095,0.19770059090413,0.092394929826074,-0.00229940909587029,-0.00260507017392603,0.00347471909674005,-0.109439901326779,-0.0398536600866523,-0.000370043517133085,0.116471231762756
0.2,0.11,0.197659585694317,0.10784689919683,-0.00234041430568328,-0.00215310080316955,0.00318015442877486,-0.245425476980873,-0.0954954998194149,0.0341449522747366,0.26555424914721
0.2,0.125,0.197932377280496,0.123314394392938,-0.00206762271950429,-0.0016856056070621,0.00266764502375588,-0.360885100960577,-0.139357583155349,0.0491550878718591,0.38996846258946
0.2,0.14,0.198455836148449,0.138796845579221,-0.00154416385155134,-0.0012031544207794,0.00195755525099009,-0.454303762952413,-0.172428591037366,0.0458655966163722,0.488086694809051
0.2,0.155,0.199161340288036,0.154293514146952,-0.000838659711964403,-0.000706485853048,0.0010965730130863,-0.524349008507101,-0.195710729191704,0.0258482492773121,0.560281362988333
0.2,0.17,0.19997575203283,0.169803493843163,-2.4247967169766e-05,-0.000196506156836973,0.000197996549431305,-0.569911389356571,-0.210182149173715,-0.0089797217313336,0.607502774045341
0.2,0.185,0.200822592642346,0.185325716884465,0.000822592642345833,0.000325716884464922,0.000884731679136129,-0.590140784265217,-0.216759652150596,-0.0563905160474952,0.631216929573643
0.2,0.2,0.201623375618044,0.20085896518796,0.00162337561804448,0.000858965187960026,0.00183661906539938,-0.584476603424373,-0.216263808994718,-0.113893748643886,0.633528855067819
0.2,0.215,0.202299047523145,0.216401886527626,0.00229904752314499,0.00140188652762618,0.002692750517597,-0.552670092573172,-0.209388586225899,-0.178795884572408,0.617462119885148
0.2,0.23,0.202771476136062,0.23195301514398,0.00277147613606164,0.00195301514398027,0.00339047904069255,-0.494797324732515,-0.196677338347518,-0.248268664866115,0.587491890937943
0.2,0.245,0.2029649212318,0.24751079604755,0.00296492123179994,0.00251079604755,0.00388520973734633,-0.411261970494379,-0.17850662335058,-0.319423383601479,0.550485832717164
0.2,0.26,0.20280742370025,0.26307361200901,0.00280742370024985,0.00307361200901024,0.00416277775225348,-0.302787534017755,-0.155078754456526,-0.389387430736742,0.51706295217374
0.2,0.275,0.202232054184765,0.278639812089703,0.00223205418476517,0.00363981208970249,0.00426969529733354,-0.170399378292896,-0.126423373427877,-0.455379354028789,0.502385101871535
0.2,0.29,0.201177972240777,0.294207740500815,0.00117797224077654,0.00420774050081552,0.00436951927816359,-0.01539747539041,-0.0924076831156179,-0.514778827973658,0.523235517274805
0.2,0.305,0.199591260211299,0.309775764573435,-0.000408739788700901,0.00477576457343454,0.00479322391253941,0.160678655796778,-0.0527543786465829,-0.565188348552992,0.589950505685021
0.2,0.32,0.197425510949663,0.325342300794206,-0.00257448905033689,0.00534230079420583,0.00593027584907117,0.356090958618199,-0.0070658285799735,-0.604484121210768,0.701610932563175
0.2,0.335,0.194642164028536,0.340905837963755,-0.00535783597146391,0.00590583796375505,0.00797404090478868,0.568947694756999,0.0451472797513734,-0.630854426901372,0.850723433478108
0.2,0.35,0.191210599201174,0.35646495686535,-0.00878940079882568,0.00646495686535042,0.01091096850299,0.797249980008746,0.104434777188333,-0.642824632365831,1.02944945030964
