target_x,target_y,gaze_x,gaze_y,error_px_x,error_px_y,error_px_xy,error_deg_x,error_deg_y,error_deg_z,error_deg_xyz
-0.2,0.05,-0.195015413363196,0.0494171120163963,0.00498458663680387,-0.000582887983603682,0.00501855181713144,-0.427107678231544,0.128644182222641,0.0905002567297599,0.455150173352028
-0.2,0.065,-0.197007771369792,0.0659089928892373,0.00299222863020754,0.000908992889237251,0.00312725122881382,-0.357417579588061,0.101176157764144,0.111468856005374,0.387827050681909
-0.2,0.08,-0.198517089003582,0.0822560843294118,0.00148291099641784,0.00225608432941182,0.00269980397894265,-0.28777304082946,0.0766366429846632,0.123851067014577,0.322530401008327
-0.2,0.095,-0.199582291798212,0.0984423259679343,0.000417708201787853,0.00344232596793432,0.003467576705908,-0.218852223731792,0.0542243519921018,0.129488344592668,0.260007545242335
-0.2,0.11,-0.200249280601842,0.114452132485436,-0.000249280601841803,0.00445213248543612,0.00445910579447609,-0.151292341447237,0.0332711033801573,0.130525942210865,0.202567033920997
-0.2,0.125,-0.200570710736053,0.130270742237211,-0.000570710736053331,0.00527074223721109,0.00530155019549636,-0.0856678183682921,0.013283082447767,0.129373235743258,0.155733311920244
-0.2,0.14,-0.200605549691977,0.145884577409004,-0.000605549691977098,0.00588457740900371,0.00591565226429093,-0.0224698958515992,-0.00602326666343482,0.128650441438649,0.130736832832678
-0.2,0.155,-0.200418407583873,0.161281600874159,-0.000418407583873091,0.00628160087415935,0.00629552018887097,0.0379110836299158,-0.0246933199718409,0.131123465392722,0.13870970725482
-0.2,0.17,-0.200078647554681,0.176451653329185,-7.86475546806775e-05,0.00645165332918504,0.00645213267980763,0.0951995897834938,-0.0425165413577693,0.139629582580612,0.17426147572913
-0.2,0.185,-0.199659297322372,0.191386753701766,0.000340702677627609,0.00638675370176602,0.00639583467278233,0.149244103025202,-0.0590205348363773,0.15699743558965,0.224511659158254
-0.2,0.2,-0.199235796937574,0.206081346664473,0.00076420306242552,0.00608134666447325,0.00612917478736905,0.200020992758752,-0.0734776746954956,0.18596538162514,0.282826186573027
-0.2,0.215,-0.198884630020785,0.220532483214362,0.00111536997921542,0.00553248321436169,0.00564379488533459,0.247632838209612,-0.0849242013727926,0.229102422759277,0.347882788375905
-0.2,0.23,-0.198681894999096,0.234739923761726,0.00131810500090436,0.00473992376172555,0.00491978435100357,0.292301346761659,-0.0921907611529895,0.288735803287735,0.421080011295486
-0.2,0.245,-0.198701878017614,0.248706157557869,0.00129812198238562,0.00370615755786943,0.00392692303526635,0.334355397942337,-0.0939425525954444,0.366888862387074,0.505200778162588
-0.2,0.26,-0.199015689658946,0.262436337360159,0.000984310341054034,0.00243633736015938,0.00262766180853136,0.37421505722854,-0.0887266084011183,0.465231950727299,0.603616979530631
-0.2,0.275,-0.19969002319741,0.275938133329563,0.000309976802590345,0.000938133329562531,0.000988018098103579,0.412372631157638,-0.0750233474062283,0.585048246285934,0.719699903108839
-0.2,0.29,-0.20078608342471,0.289221514873114,-0.000786083424710371,-0.000778485126885928,0.00110633007885847,0.449371956905232,-0.0512994037131997,0.727215248198283,0.856400873583953
-0.2,0.305,-0.202358723013939,0.3022984729845,-0.00235872301393941,-0.00270152701549985,0.00358633830974755,0.485787135234815,-0.0160588708116391,0.892201697548023,1.0160206434577
-0.2,0.32,-0.204455809333041,0.315182698348892,-0.00445580933304149,-0.00481730165110759,0.00656206004317116,0.52220182882181,0.0321095530085171,1.08007876391002,1.20014522965978
-0.2,0.335,-0.207117829999931,0.327889231776152,-0.00711782999993071,-0.00711076822384774,0.0100611395299537,0.559190090123485,0.0944915231566644,1.29054362812142,1.40968979036373
-0.2,0.35,-0.210377731688601,0.340434103583514,-0.0103777316886015,-0.00956589641648635,0.0141139537072909,0.59729946343981,0.172213518165937,1.52295309252066,1.6449912278516
-0.18,0.05,-0.175875652324663,0.0490935982202547,0.00412434767533704,-0.000906401779745311,0.00422277254104261,-0.254879396470223,0.0991039090786352,-0.0602530399105475,0.280027992262049
-0.18,0.065,-0.177733355890631,0.0657980521723542,0.00226664410936883,0.000798052172354166,0.00240303199902449,-0.193603336994636,0.0771838963908602,-0.0581135001030613,0.216371995625293
-0.18,0.08,-0.179097268867918,0.0823463171042375,0.000902731132082085,0.00234631710423748,0.00251398636640447,-0.132152938468875,0.0573506575881801,-0.0657053084723414,0.158337300049834
-0.18,0.095,-0.180006826674056,0.098720524048875,-6.82667405574322e-06,0.00372052404887502,0.00372053031189588,-0.0711708698996919,0.0386348240984064,-0.0810070184325653,0.114542934132095
-0.18,0.11,-0.180508671617429,0.114903293726241,-0.00050867161742936,0.0049032937262407,0.0049296081162877,-0.0112607756748023,0.0202184654500901,-0.10165295482635,0.104254101298288
-0.18,0.125,-0.180656435889076,0.13087812652175,-0.000656435889076365,0.00587812652174988,0.00591466647260577,0.0470346185664266,0.00148409096192655,-0.124977306732598,0.133543225745916
-0.18,0.14,-0.180510293404683,0.146629806716733,-0.000510293404683018,0.0066298067167329,0.00664941624957407,0.103253972303756,-0.0179424675231137,-0.148074094514689,0.181409150532708
-0.18,0.155,-0.180136273777545,0.162144804308954,-0.000136273777545416,0.00714480430895392,0.0071461037744839,0.157035081174883,-0.0381584607503774,-0.167871026534764,0.233016826077465
-0.18,0.17,-0.179605345398027,0.177411655745315,0.000394654601972876,0.00741165574531527,0.00742215555899519,0.208128730302,-0.0589626293506368,-0.181214102537107,0.282192969386658
-0.18,0.185,-0.178992289451061,0.192421304257282,0.00100771054893883,0.00742130425728189,0.00748940834976922,0.256407697944015,-0.0798475782179973,-0.184958857863318,0.326083746021317
-0.18,0.2,-0.178374401405269,0.207167381282017,0.00162559859473127,0.00716738128201697,0.00734941665936824,0.301870281340041,-0.100007099926491,-0.176063492724939,0.363491242550538
-0.18,0.215,-0.177830069568838,0.221646412902511,0.00216993043116219,0.0066464129025115,0.00699166665014538,0.344638115482462,-0.118358319041346,-0.151678886341171,0.394703968817813
-0.18,0.23,-0.177437290135471,0.235857939086002,0.00256270986452911,0.00585793908600209,0.00639397624214118,0.384948473199592,-0.133577412185868,-0.109230690011302,0.421853528654187
-0.18,0.245,-0.177272183727224,0.249804538604447,0.0027278162727755,0.00480453860444671,0.00552490477923716,0.423141631073747,-0.144146663286523,-0.0464893070935965,0.449432299516121
-0.18,0.26,-0.177407578885876,0.263491758225118,0.00259242111412362,0.00349175822511774,0.00434891052283573,0.459644218323917,-0.148409848517713,0.0383754743188694,0.484533143099281
-0.18,0.275,-0.177911723324877,0.276927950638757,0.00208827667512317,0.00192795063875655,0.00284216346070124,0.49494969549679,-0.144632482441036,0.14675724794382,0.536128289785587
-0.18,0.29,-0.17884717446427,0.290124030980541,0.00115282553572991,0.000124030980541256,0.00115947850345101,0.529597226089922,-0.131063327884257,0.279593934109416,0.613047446186742
-0.18,0.305,-0.180269907933627,0.303093166215916,-0.000269907933627161,-0.00190683378408389,0.00192584147134664,0.564150203134335,-0.10599376104602,0.437366458372477,0.721662270758943
-0.18,0.32,-0.182228667781886,0.315850414705145,-0.0022286677818861,-0.00414958529485491,0.00471020362630887,0.599175584343699,-0.0678120369085323,0.6201136551921,0.864965321631528
-0.18,0.335,-0.184764566620162,0.328412334800062,-0.00476456662016156,-0.00658766519993765,0.00813009396405892,0.635225006118377,-0.0150501399850149,0.82746108130745,1.04329249509197
-0.18,0.35,-0.187910929366205,0.340796581298616,-0.00791092936620527,-0.0092034187013844,0.0121361327955029,0.672818404706341,0.0535783547732517,1.05866087752525,1.25554019411087
-0.16,0.05,-0.156713653002587,0.0488845948828333,0.00328634699741259,-0.00111540511716668,0.00347047621556529,-0.11840528323991,0.0870469835290177,-0.194926161407488,0.244117363148559
-0.16,0.065,-0.158444883110036,0.0658059674167783,0.00155511688996432,0.000805967416778325,0.00175156273606189,-0.0673633871460098,0.0709603630065085,-0.211322685396056,0.232874539321619
-0.16,0.08,-0.159672116704713,0.0825596574177987,0.00032788329528699,0.00255965741779866,0.00258057233028256,-0.0158133993524032,0.0561018353107606,-0.2386167240907,0.24563288247247
-0.16,0.095,-0.160435255465108,0.0991259391934252,-0.000435255465108225,0.00412593919342524,0.0041488337575455,0.0356627830093525,0.0413261171038685,-0.274607383713325,0.279980451502676
-0.16,0.11,-0.160781627769579,0.115485589087531,-0.000781627769578533,0.00548558908753108,0.00554099536251533,0.0865189585146091,0.0256580207107782,-0.316707600310094,0.32931423724592
-0.16,0.125,-0.160765775937596,0.13162031811272,-0.000765775937596025,0.00662031811272022,0.00666445982058655,0.136265747647614,0.00834976312292487,-0.361992714578233,0.386881592529269
-0.16,0.14,-0.160449003084774,0.147513221830424,-0.000449003084773539,0.00751322183042395,0.00752662647162028,0.184490352571746,-0.0110686182057096,-0.407267351157075,0.447243686912566
-0.16,0.155,-0.159898671952797,0.163149228809026,0.000101328047202566,0.00814922880902633,0.00814985874448229,0.230873648743762,-0.032749539912124,-0.44914835869355,0.506074191420335
-0.16,0.17,-0.159187262426359,0.178515526721835,0.00081273757364108,0.00851552672183502,0.00855422338461501,0.275203415996772,-0.0565021072481136,-0.484160189576474,0.559770479606041
-0.16,0.185,-0.158391210133079,0.193601944300189,0.00160878986692114,0.00860194430018942,0.00875109425040488,0.317382750190907,-0.0817826836195615,-0.508837943908562,0.605260008066541
-0.16,0.2,-0.157589564072528,0.20840126820272,0.00241043592747219,0.00840126820271957,0.00874022361123991,0.357433035040377,-0.107702987169879,-0.51983253156851,0.639990958890513
-0.16,0.215,-0.15686251504715,0.222909476533401,0.00313748495285007,0.00790947653340134,0.00850903231053843,0.395491262401552,-0.133055563230279,-0.51401212000027,0.66206529760916
-0.16,0.23,-0.156289857159705,0.237125875110807,0.00371014284029491,0.00712587511080684,0.00803388175107202,0.431801923701574,-0.15635513340304,-0.488554280208918,0.670514910202444
-0.16,0.245,-0.1559494505209,0.2510531282939,0.00405054947909968,0.00605312829390037,0.00728335865003584,0.466704097688095,-0.175893125180242,-0.441023995703287,0.665776432893724
-0.16,0.26,-0.155915753879078,0.264697182649648,0.00408424612092201,0.00469718264964794,0.00622451534020281,0.500614694464203,-0.189801777641227,-0.369433854590163,0.650481133302919
-0.16,0.275,-0.156258490928804,0.278067088412454,0.00374150907119604,0.00306708841245371,0.00483796666582667,0.534009041381041,-0.19612368584786,-0.272284164296837,0.630692348932402
-0.16,0.29,-0.157041504229644,0.291174729788311,0.00295849577035584,0.00117472978831056,0.00318318822860942,0.567400098813147,-0.192882522904573,-0.148582237172255,0.61743575393332
-0.16,0.305,-0.158321837080755,0.304034480156085,0.00167816291924489,-0.000965519843915338,0.00193609383876991,0.601317573885749,-0.17815094050586,0.00215847074211058,0.627159603667152
-0.16,0.32,-0.160149067874605,0.316662801663559,-0.00014906787460478,-0.00333719833644072,0.00334052600169224,0.636288073323852,-0.150112226315512,0.179937460535233,0.678070091277845
-0.16,0.335,-0.162564905099325,0.329077810435013,-0.00256490509932461,-0.00592218956498669,0.00645376381750825,0.672817232870004,-0.107113087398948,0.384301716883077,0.782210684566111
-0.16,0.35,-0.165603035804252,0.341298828551678,-0.00560303580425203,-0.00870117144832232,0.0103491253155438,0.711374503169521,-0.0477058264914014,0.614392262360589,0.941183988759105
-0.14,0.05,-0.13752679866455,0.0487649404776783,0.0024732013354497,-0.00123505952232168,0.00276443427654695,-0.0182258589258108,0.0888303047960528,-0.312312278631492,0.325211082704238
-0.14,0.065,-0.139140240442397,0.0659066148763246,0.000859759557602868,0.000906614876324596,0.0012494546934013,0.020689909738749,0.0786439306430711,-0.346637973416019,0.356049480779186
-0.14,0.08,-0.140240096017539,0.0828690587362263,-0.000240096017538632,0.00286905873622632,0.00287908737789503,0.0605665808867585,0.0688341724563892,-0.393021756460514,0.403575554844168
-0.14,0.095,-0.140866687803929,0.0996306539638643,-0.000866687803929345,0.00463065396386428,0.00471106186358573,0.100911140048608,0.0580773525854851,-0.44908755483148,0.463936250976351
-0.14,0.11,-0.141067970776118,0.116170294753378,-0.00106797077611809,0.00617029475337837,0.00626203632392937,0.141261449773999,0.0452384197317932,-0.512030726744375,0.533084258773385
-0.14,0.125,-0.140899324266281,0.132467863854948,-0.000899324266280782,0.00746786385494792,0.00752181990557864,0.181205624083837,0.0294368964947431,-0.578671085601925,0.607096106608342
-0.14,0.14,-0.140423094703605,0.148504729223964,-0.000423094703604771,0.00850472922396382,0.00851524681387232,0.22040013787248,0.0101051536094376,-0.645526756074086,0.682193979515964
-0.14,0.155,-0.139707880768103,0.164264240405043,0.000292119231897502,0.00926424040504324,0.00926884480008594,0.258585420276983,-0.0129654609872796,-0.708906356523354,0.754712515276241
-0.14,0.17,-0.138827567361453,0.179732201332396,0.00117243263854706,0.00973220133239602,0.00980256808526324,0.295597786184346,-0.0395945053158172,-0.76501538395289,0.82110039118203
-0.14,0.185,-0.137860131317658,0.194897295216126,0.00213986868234191,0.00989729521612566,0.0101259809684204,0.331376790616264,-0.0692011551485239,-0.810071323061378,0.877969252687784
-0.14,0.2,-0.136886258083183,0.20975143805721,0.0031137419168174,0.00975143805720961,0.0102365000321468,0.365967424656375,-0.100813159292804,-0.840421093649142,0.922182965677608
-0.14,0.215,-0.135987823202188,0.224290040251919,0.00401217679781197,0.00929004025191942,0.0101194076179974,0.39951697902734,-0.133095857627668,-0.852654126784665,0.950982726095663
-0.14,0.23,-0.135246303508933,0.238512160613807,0.00475369649106687,0.00851216061380748,0.00974959017828118,0.432266821387534,-0.164399479232098,-0.843704664163946,0.96215440987805
-0.14,0.245,-0.134741189199434,0.252420543490912,0.00525881080056632,0.00742054349091219,0.00909502923231543,0.464539733311945,-0.192821527351536,-0.810937775623583,0.954263292124215
-0.14,0.26,-0.134548468529818,0.266021536954934,0.0054515314701816,0.00602153695493374,0.00812269060533596,0.496723766390391,-0.216279996770952,-0.752214967839129,0.927015448268599
-0.14,0.275,-0.134739251729234,0.279324897483826,0.00526074827076574,0.00432489748382597,0.00681030180050554,0.529253788756504,-0.232592567746891,-0.665936927650539,0.881870863550976
-0.14,0.29,-0.135378590335405,0.292343493426528,0.00462140966459541,0.00234349342652813,0.00518163957914833,0.562591974607052,-0.239556810825997,-0.551062706316366,0.823151842741411
-0.14,0.305,-0.136524533883816,0.305092925151015,0.00347546611618366,9.29251510155271e-05,0.00347670818568829,0.597208451555111,-0.235026786938996,-0.407106308076572,0.760026013560909
-0.14,0.32,-0.13822744921885,0.317591083633881,0.00177255078115024,-0.00240891636611849,0.00299078824571548,0.633563180313959,-0.216982142440091,-0.234113020402249,0.709435613773748
-0.14,0.335,-0.140529610542767,0.329857671133457,-0.000529610542766679,-0.00514232886654303,0.00516952933047984,0.672089922454257,-0.183586760684168,-0.0326188563459359,0.697480436952799
-0.14,0.35,-0.143465052226728,0.341913707554003,-0.00346505222672758,-0.00808629244599739,0.00879742646778841,0.713182900566475,-0.133235094628235,0.19640294951318,0.751640646217798
-0.12,0.05,-0.118312515326945,0.0487081703006843,0.00168748467305466,-0.00129182969931567,0.00212518904896209,0.0464584934548615,0.100359835251369,-0.411301043497264,0.425910638320423
-0.12,0.065,-0.119817327322879,0.0660724844672321,0.000182672677121437,0.00107248446723211,0.00108793025485132,0.0713542933048652,0.0958859388765823,-0.462615657366608,0.477807616059093
-0.12,0.08,-0.120799649227022,0.0832460060661647,-0.000799649227021804,0.00324600606616465,0.00334305164002208,0.0977833815532018,0.0909714307657429,-0.527112508315379,0.543771281656027
-0.12,0.095,-0.121300177038641,0.100205202685575,-0.0013001770386411,0.00520520268557501,0.00536512770861298,0.125371409345338,0.0841183683454823,-0.602248708225373,0.620887404591707
-0.12,0.11,-0.121367429129817,0.116927062678135,-0.00136742912981679,0.00692706267813528,0.00706074073818649,0.153768572354545,0.0740353336905815,-0.685011245374299,0.70595517966097
-0.12,0.125,-0.121057542759944,0.133389615605946,-0.00105754275994441,0.00838961560594625,0.00845600654592035,0.182666121322986,0.0597120317349855,-0.771974308835134,0.795541915816305
-0.12,0.14,-0.1204338135687,0.149572476349721,-0.000433813568699773,0.00957247634972097,0.00958230127257306,0.211811751420168,0.0404854501211891,-0.859379988716836,0.886032109711854
-0.12,0.155,-0.119565968613415,0.165457390202401,0.000434031386584571,0.0104573902024007,0.0104663935092183,0.241022744695356,0.0160924127803865,-0.943239584597935,0.973691254938468
-0.12,0.17,-0.118529179090144,0.181028753232729,0.00147082090985596,0.0110287532327286,0.0111263970815935,0.270195838478215,-0.0132959571108986,-1.01945088860596,1.0547483609071
-0.12,0.185,-0.117402836061383,0.1962740809768,0.00259716393861729,0.0112740809767998,0.0115693630937703,0.29931300727622,-0.0470611357381457,-1.0839252459287,1.12549442384496
-0.12,0.2,-0.116269129607389,0.211184399418463,0.00373087039261101,0.0111843994184629,0.0117902580225445,0.328442658455599,-0.0841470995821935,-1.1327171528919,1.18239294564293
-0.12,0.215,-0.115211487121102,0.225754535398822,0.00478851287889807,0.0107545353988221,0.0117724206192223,0.357736117430888,-0.123093008137261,-1.16214878686364,1.22220025482232
-0.12,0.23,-0.114312938099315,0.239983288943568,0.00568706190068483,0.00998328894356762,0.0114895052631948,0.387419669759959,-0.162086584103245,-1.16892223406057,1.24209728754057
-0.12,0.245,-0.11365447937648,0.25387347703382,0.00634552062351966,0.00887347703382027,0.0109089058412496,0.41778278706977,-0.199034472125841,-1.15021324295265,1.23984179072558
-0.12,0.26,-0.113313515416196,0.26743184644587,0.00668648458380361,0.00743184644586993,0.00999707045510998,0.44916344554747,-0.231644644478732,-1.10374193878686,1.21396393679604
-0.12,0.275,-0.113362442842019,0.280668861567524,0.0066375571579807,0.00566886156752405,0.00872886914194571,0.481931625009365,-0.257515255291616,-1.02781787045534,1.16405686335837
-0.12,0.29,-0.113867437588439,0.293598380731509,0.00613256241156065,0.00359838073150905,0.00711032106311538,0.516472133071167,-0.274224258891184,-0.921358782964499,1.09127467464389
-0.12,0.305,-0.114887488050038,0.306237240846265,0.00511251194996204,0.00123724084626538,0.00526008967130525,0.553167845373555,-0.279414557060012,-0.78388438648787,0.999283344737141
-0.12,0.32,-0.116473700226539,0.318604774382637,0.00352629977346114,-0.00139522561736326,0.00379228751753592,0.592384304177478,-0.270870306752617,-0.615487928655177,0.896176127113456
-0.12,0.335,-0.118668882917693,0.330722284863754,0.00133111708230654,-0.00427771513624621,0.00448003565540256,0.634456407333074,-0.246581158696965,-0.416789491935783,0.798161000978211
-0.12,0.35,-0.121507404319913,0.342612506894293,-0.00150740431991297,-0.00738749310570716,0.00753971631897137,0.679677670539444,-0.204792436113509,-0.188875540162929,0.734563161427727
-0.1,0.05,-0.0990682999836522,0.0486867180425649,0.000931700016347847,-0.00131328195743509,0.0016102094336412,0.07794702427654,0.11731214285289,-0.49089147314671,0.510699562003757
-0.1,0.065,-0.100474077676656,0.0662748931271469,-0.000474077676656193,0.0012748931271469,0.00136018459377768,0.0870116085287363,0.118085635381581,-0.55791376735827,0.576875914191705
-0.1,0.08,-0.101349213164719,0.0836607407515276,-0.00134921316471895,0.00366074075152761,0.00390146113831035,0.0982964648538937,0.117664280824803,-0.639172467865367,0.657307584179966
-0.1,0.095,-0.101734727572033,0.100818807155143,-0.00173472757203277,0.00581880715514307,0.00607188574150691,0.111575771548017,0.114387565298423,-0.731970552351497,0.749214625904358
-0.1,0.11,-0.101679636140699,0.117724166447511,-0.00167963614069913,0.00772416644751059,0.00790467740480224,0.126640445746753,0.106818226077236,-0.833101652671378,0.849423048065053
-0.1,0.125,-0.101240749507974,0.134352985320274,-0.00124074950797366,0.00935298532027373,0.00943492415140645,0.143310614402288,0.0938251228272758,-0.938911411823247,0.954419608164384
-0.1,0.14,-0.100482210777428,0.150683114798678,-0.000482210777427702,0.0106831147986782,0.0106939921935451,0.16144714739255,0.0746569421434653,-1.04538466870481,1.06042446439062
-0.1,0.155,-0.0994747581260927,0.166694684295031,0.000525241873907324,0.0116946842950311,0.0117064734137379,0.180961340023894,0.0490008836284566,-1.14825545257826,1.16347977791133
-0.1,0.17,-0.098294718789801,0.182370669853041,0.00170528121019905,0.0123706698530415,0.0124876521659921,0.201821914033749,0.017021237547532,-1.24313465709897,1.25955129818494
-0.1,0.185,-0.0970227580834215,0.197697407012901,0.00297724191657851,0.0126974070129014,0.0130417834010963,0.224058696171854,-0.0206258612569017,-1.32564849270079,1.34463922097504
-0.1,0.2,-0.0957424249324399,0.212665019653622,0.00425757506756008,0.0126650196536215,0.013361499477324,0.24776259913015,-0.0628033589006967,-1.39157964029894,1.41489441141757
-0.1,0.215,-0.0945385513004893,0.227267739599107,0.00546144869951075,0.0122677395991073,0.0134285091044722,0.273081849319125,-0.107929617544312,-1.43700262754264,1.46673669507783
-0.1,0.23,-0.093495575078897,0.241504097611371,0.00650442492110299,0.011504097611371,0.0132155894838716,0.300214734294844,-0.154037765436831,-1.45840539069445,1.4969737062117
-0.1,0.245,-0.0926958629076982,0.2553769741258,0.00730413709230178,0.0103769741257997,0.0126898388748894,0.329399437466496,-0.198853813976059,-1.45279021149032,1.50292239961439
-0.1,0.26,-0.0922181101182094,0.268893506979801,0.00778188988179063,0.0088935069798006,0.0118174564324171,0.360901755427811,-0.239887935986808,-1.41774905717608,1.48254218041184
-0.1,0.275,-0.092135889385638,0.282064862513134,0.00786411061436203,0.00706486251313423,0.0105714955462513,0.395001622650446,-0.274532575146531,-1.35151055246271,1.4346019344514
-0.1,0.29,-0.0925164084152362,0.294905884839377,0.0074835915847638,0.00490588483937665,0.0089482874934131,0.431979400126507,-0.300161003336492,-1.25295808556609,1.35893096283491
-0.1,0.305,-0.0934195214103785,0.307434644942528,0.00658047858962152,0.00243464494252754,0.00701642319594836,0.472102815185121,-0.314220497717325,-1.12162064341703,1.25686586534729
-0.1,0.32,-0.0948970209721737,0.319671915981924,0.00510297902782628,-0.000328084018075811,0.0051135148461065,0.515615298996091,-0.314315332283559,-0.957639653769626,1.13215223183307
-0.1,0.335,-0.0969922184835815,0.3316406034554,0.00300778151641853,-0.00335939654459974,0.00450913459483942,0.562726275313908,-0.298276094922245,-0.761716305703129,0.992907796390043
-0.1,0.35,-0.0997398037143594,0.343365158717312,0.000260196285640557,-0.00663484128268814,0.0066399413366026,0.613603737818408,-0.264213253349082,-0.535044429777786,0.855923101856106
-0.08,0.05,-0.0797917491632268,0.0486721445374583,0.000208250836773227,-0.00132785546254174,0.00134408650778836,0.0801144593725448,0.135410478903246,-0.550200365712998,0.572256488929161
-0.08,0.065,-0.0811084830087294,0.0664842277674458,-0.0011084830087294,0.00148422776744575,0.00185247581530739,0.0717131857990391,0.140684917608389,-0.631314786467959,0.650767192956146
-0.08,0.08,-0.0818872355277905,0.0840825172968457,-0.00188723552779049,0.00408251729684572,0.00449762219582739,0.0663228016345834,0.144102172793603,-0.72761537340989,0.744712085016351
-0.08,0.095,-0.0821693034845521,0.101439646756805,-0.0021693034845521,0.0064396467568052,0.00679521360668828,0.063894010392352,0.143858876542319,-0.836267986553424,0.850961384099225
-0.08,0.11,-0.0820041295833585,0.118528783862228,-0.00200412958335847,0.00852878386222755,0.00876108951874627,0.0643850835814392,0.138389920524413,-0.953893847772705,0.966039745509636
-0.08,0.125,-0.0814491084109528,0.135324239010346,-0.00144910841095285,0.0103242390103455,0.0104254413014239,0.0677691370467715,0.12645878551192,-1.07663453531291,1.08616837280256
-0.08,0.14,-0.0805691218877485,0.151802104301644,-0.000569121887748547,0.0118021043016444,0.0118158184511276,0.0740406945220888,0.107238035012889,-1.20024505052051,1.20732105727634
-0.08,0.155,-0.0794357932069355,0.167940896227599,0.000564206793064487,0.0129408962275992,0.0129531897414819,0.0832209200727268,0.0803734903411413,-1.32021170527303,1.32530105162297
-0.08,0.17,-0.0781264648042271,0.18372217153129,0.00187353519577295,0.01372217153129,0.0138494810611787,0.0953609708190149,0.0460264390466391,-1.43188923962823,1.43583663180525
-0.08,0.185,-0.0767229243042992,0.199131084065367,0.00327707569570081,0.0141310840653674,0.0145060939600512,0.110543068042724,0.00488975620810828,-1.53064961283063,1.53468978323355
-0.08,0.2,-0.0753099207675562,0.214156851421133,0.00469007923244378,0.0141568514211328,0.0149135269258023,0.128879080229854,-0.0418241059646599,-1.61203361498603,1.61777171489252
-0.08,0.215,-0.0739735301082458,0.228793103764323,0.00602646989175425,0.0137931037643228,0.0150521776102196,0.150506646786341,-0.0924229312003291,-1.67189601283264,1.68125945101343
-0.08,0.23,-0.0727994411573541,0.243038093642058,0.00720055884264588,0.0130380936420585,0.0148942919759716,0.17558310284549,-0.144799657787165,-1.70653545777021,1.72170923335
-0.08,0.245,-0.0718712410530682,0.25689475393554,0.00812875894693184,0.01189475393554,0.014407008475196,0.204277669365678,-0.196517651714312,-1.71280176676539,1.73616504985825
-0.08,0.26,-0.0712687794335467,0.270370600819614,0.00873122056645333,0.0103706008196142,0.0135566800485901,0.236762518513142,-0.244910094935827,-1.68817524813669,1.72226491863639
-0.08,0.275,-0.0710666851349143,0.283477488563758,0.00893331486508574,0.00847748856375835,0.0123155156947411,0.273203398912967,-0.287186480499989,-1.63081518894189,1.67835507846091
-0.08,0.29,-0.0713330974697066,0.296231232194403,0.00866690253029337,0.00623123219440327,0.0106744299206175,0.313750499666797,-0.320539191087788,-1.53957713261671,1.6036366082534
-0.08,0.305,-0.0721286580560708,0.308651121531723,0.00787134194392922,0.0036511215317232,0.00867690684735477,0.358530163181457,-0.34224379917293,-1.41400085479306,1.49839950390086
-0.08,0.32,-0.0735057904557425,0.320759355285167,0.00649420954425753,0.000759355285166879,0.0065384537968725,0.407637930336698,-0.349747901160821,-1.25427276887901,1.36447075568301
-0.08,0.335,-0.0755082757261176,0.332580426292437,0.00449172427388236,-0.00241957370756327,0.00510195294754033,0.461133247065079,-0.340744780873896,-1.06116774209977,1.20618472250213
-0.08,0.35,-0.0781711140241309,0.344140488957513,0.00182888597586905,-0.00585951104248719,0.00613829728587333,0.519035997615371,-0.313229770762022,-0.835975914541619,1.03266444359937
-0.06,0.05,-0.0604805871408549,0.048635389922701,-0.000480587140854888,-0.00136461007729896,0.00144676351316342,0.0583789121602046,0.15073502422326,-0.588466766692264,0.610266991813117
-0.06,0.065,-0.0617186156171197,0.0666702137466282,-0.00171861561711972,0.00167021374662821,0.00239650862690574,0.0311498721646958,0.159501130517708,-0.681746042376212,0.70085284909352
-0.06,0.08,-0.0624121919443572,0.0844798878411956,-0.00241219194435724,0.00447988784119563,0.00508803154924519,0.00780895225488393,0.16586691310041,-0.791023792076451,0.808271171377725
-0.06,0.095,-0.0626028383090381,0.102035158343778,-0.00260283830903812,0.00703515834377832,0.00750121458065494,-0.011492608233491,0.167913692312884,-0.91334990416729,0.928737864877055
-0.06,0.11,-0.0623403530657122,0.119307311332299,-0.00234035306571224,0.00930731133229931,0.00959704624916104,-0.0266063670827678,0.163973811644356,-1.04519984945622,1.0583335397048
-0.06,0.125,-0.0616826211212738,0.136268824442786,-0.00168262112127378,0.0112688244427857,0.0113937534710946,-0.0373856244269653,0.152727164762246,-1.18254279679126,1.19297198325033
-0.06,0.14,-0.060695148526946,0.152894052213861,-0.00069514852694598,0.012894052213861,0.0129127771593987,-0.0436848213764339,0.133287299591902,-1.32093971372416,1.32839551350829
-0.06,0.155,-0.0594503095759636,0.1691599164747,0.000549690424036395,0.0141599164747004,0.0141705819969672,-0.0453596347832,0.105270080684424,-1.45566799609962,1.46021368558923
-0.06,0.17,-0.0580263116809308,0.185046568937479,0.00197368831906919,0.0150465689374786,0.015175463168257,-0.0422679545555024,0.0688387906782352,-1.58186663328662,1.58397828210034
-0.06,0.185,-0.0565059021386778,0.200537991293969,0.00349409786132222,0.015537991293969,0.0159260131017136,-0.0342718499134056,0.0247212152484548,-1.69469378439636,1.69528239167969
-0.06,0.2,-0.0549748598614893,0.215622499050254,0.00502514013851072,0.0156224990502539,0.0164108046721316,-0.0212405165697,-0.0258034809773327,-1.78948724061749,1.78987208684624
-0.06,0.215,-0.0535203321011407,0.230293119243781,0.00647966789885929,0.0152931192437814,0.0166092020363419,-0.0030540849894,-0.0809476904582374,-1.8619177955573,1.86376125453241
-0.06,0.23,-0.0522290892743279,0.244547818981999,0.00777091072567208,0.0145478189819992,0.0164932134721946,0.0203919418623267,-0.138485138183135,-1.90812612428005,1.91334248532993
-0.06,0.245,-0.051185778428401,0.258389570797522,0.00881422157159899,0.0133895707975225,0.0160303184015511,0.049181934628573,-0.195842300762547,-1.92483529770914,1.93548965754982
-0.06,0.26,-0.0504712567524593,0.271826251290018,0.0095287432475407,0.0118262512900179,0.015187401603046,0.0833754277480471,-0.250204679570356,-1.90943331396953,1.92765139754681
-0.06,0.275,-0.0501610806534106,0.284870380310672,0.00983891934658936,0.00987038031067236,0.0139365971953701,0.123002818446694,-0.29863033846857,-1.86002268720167,1.88793979112403
-0.06,0.29,-0.0503242139805538,0.297538717876481,0.00967578601944624,0.00753871787648078,0.0122659325905241,0.168061801668321,-0.338163142954533,-1.77543684806812,1.81522744701998
-0.06,0.305,-0.051022002418679,0.30985174415279,0.00897799758132098,0.00485174415279041,0.0102050899993259,0.218514798135672,-0.365938897270362,-1.65522555139857,1.70928297785036
-0.06,0.32,-0.0523074419430246,0.321833053329231,0.00769255805697538,0.001833053329231,0.00790794119652781,0.274287543836359,-0.379278884719308,-1.49961341722305,1.57101278029228
-0.06,0.335,-0.0542247493996432,0.333508695034132,0.0057752506003568,-0.00149130496586847,0.00596468859188353,0.335268904748008,-0.375766945041867,-1.30943703031126,1.40297174550697
-0.06,0.35,-0.0568092250203747,0.344906496575496,0.00319077497962533,-0.0050935034245036,0.00601039284124032,0.401311894215628,-0.353307931399531,-1.08606662164295,1.21056720313585
-0.04,0.05,-0.041132693140034,0.0485470444369186,-0.001132693140034,-0.00145295556308139,0.00184230117455568,0.019546962592907,0.16003780327146,-0.60505377974429,0.626169434796412
-0.04,0.065,-0.042302651358686,0.0668022037051081,-0.00230265135868604,0.00180220370510814,0.00292406249494846,-0.0275099802571215,0.171066005528084,-0.708297845348538,0.7291868016573
-0.04,0.08,-0.0429226032624744,0.0848210087396952,-0.00292260326247437,0.00482100873969521,0.0056377065459319,-0.0697376125016707,0.179293770804194,-0.82818605409255,0.850244080948396
-0.04,0.095,-0.0430342457732804,0.102572359947147,-0.0030342457732804,0.00757235994714672,0.00815765178110845,-0.106766208100506,0.182721523319464,-0.961677149733902,0.98469943883214
-0.04,0.11,-0.042687659184728,0.120025703769348,-0.00268765918472801,0.0100257037693476,0.0103797036549202,-0.138240164219359,0.179610749061923,-1.10513262481367,1.12815318170214
-0.04,0.125,-0.0419411216393058,0.137151725918522,-0.00194112163930583,0.0121517259185222,0.0123057870945935,-0.163823964190965,0.16858505258334,-1.25438732882081,1.27625002547428
-0.04,0.14,-0.0408606435803848,0.153923081541845,-0.000860643580384846,0.0139230815418454,0.0139496561603981,-0.183208303410834,0.148720307110524,-1.40485152736104,1.42456848547761
-0.04,0.155,-0.0395192098883307,0.170315131739577,0.00048079011166928,0.0153151317395769,0.0153226766373266,-0.196116176944515,0.119616478529656,-1.5516407899679,1.56860207720857
-0.04,0.17,-0.0379957347164035,0.186306651382553,0.00200426528359654,0.0163066513825529,0.0164293626972912,-0.202308699343586,0.081444658350283,-1.6897273917449,1.7038059207518
-0.04,0.185,-0.0363737532561174,0.201880471088588,0.00362624674388264,0.0168804710885879,0.0172655718011357,-0.201590409489501,0.0349646110924723,-1.81410465766134,1.82568314159824
-0.04,0.2,-0.0347398940168753,0.217024017169267,0.00526010598312468,0.0170240171692666,0.0178181333347011,-0.193813818208237,-0.0184894477849858,-1.91995420246685,1.92989168448535
-0.04,0.215,-0.0331821926041457,0.231729717485472,0.00681780739585429,0.0167297174854718,0.0180656011477799,-0.178882974731005,-0.0770543739119688,-2.00280555441921,2.01235753658482
-0.04,0.23,-0.0317883213337973,0.245995248383347,0.00821167866620271,0.0159952483833469,0.0179799787920323,-0.156755871473292,-0.138411713957887,-2.05867828621113,2.06938444749546
-0.04,0.245,-0.0306438167249612,0.259823607568881,0.00935618327503883,0.0148236075688806,0.017529332754908,-0.127445563386411,-0.199883874737988,-2.08419841798335,2.09775368798671
-0.04,0.26,-0.0298303878177126,0.273223008988621,0.0101696121822874,0.0132230089886211,0.0166813961841113,-0.0910199465931826,-0.258545625546724,-2.0766832647322,2.09481088781233
-0.04,0.275,-0.0294243823100552,0.286206607349541,0.0105756176899448,0.0112066073495408,0.0154088201303882,-0.047600215015231,-0.311342902935201,-2.03419172821168,2.05854122875657
-0.04,0.29,-0.029495475341418,0.298792070567932,0.010504524658582,0.00879207056793185,0.0136983773920217,0.00264191747654656,-0.355210952754627,-1.95553989761419,1.98764038128508
-0.04,0.305,-0.0301056288528038,0.311001027183396,0.00989437114719621,0.00600102718339585,0.011571988059721,0.0594880825022154,-0.387184685449569,-1.84028438690976,1.88159921676788
-0.04,0.32,-0.0313083499217526,0.32285842169193,0.00869165007824738,0.00285842169193018,0.00914960959011884,0.122678012932524,-0.404495537426048,-1.68867785636104,1.74084248774862
-0.04,0.335,-0.0331482562594268,0.334391813703774,0.00685174374057321,-0.000608186296225693,0.00687868322118419,0.191914973010086,-0.404650868638818,-1.50160247081261,1.56701522664206
-0.04,0.35,-0.0356609383630646,0.345630656605359,0.00433906163693543,-0.00436934339464146,0.00615780947979244,0.266871623591681,-0.385493741624608,-1.28048766486193,1.36365770132836
-0.02,0.05,-0.0217461268319558,0.0483776322926622,-0.0017461268319558,-0.00162236770733784,0.00238349237277752,-0.0284649648441706,0.161026950300753,-0.599449557943545,0.62135616945402
-0.02,0.065,-0.0228588914192421,0.0668494806898413,-0.00285889141924209,0.00184948068984128,0.00340497268257938,-0.0959160119873139,0.172932251466687,-0.71023974034171,0.737260763649307
-0.02,0.08,-0.0234170526495771,0.0850739626614348,-0.00341705264957715,0.00507396266143481,0.00611729890553149,-0.157559953098033,0.181798633189895,-0.838130144200304,0.871982050398346
-0.02,0.095,-0.0234624312885157,0.103018191246606,-0.0034624312885157,0.00801819124660563,0.00873383199373767,-0.21279843022473,0.185585219782459,-0.98001619590488,1.01989423744138
-0.02,0.11,-0.0230453144722665,0.120649832442647,-0.00304531447226652,0.0106498324426474,0.0110766814205095,-0.261059208480475,0.182519104599958,-1.13218132555645,1.17615826519548
-0.02,0.125,-0.0222242738493833,0.137937838164507,-0.00222427384938333,0.0129378381645074,0.0131276445156027,-0.301809628256962,0.171198949505982,-1.29036934312179,1.33623804095238
-0.02,0.14,-0.0210657005487176,0.154853219138525,-0.00106570054871757,0.0148532191385253,0.0148914014262121,-0.334569901087066,0.150687317049768,-1.4498891915713,1.49564346526456
-0.02,0.155,-0.0196430442693333,0.171369825371506,0.0003569557306667,0.0163698253715057,0.0163737167462751,-0.358925566190731,0.120584083936987,-1.60574833350004,1.64984358942196
-0.02,0.17,-0.018035761249364,0.187465097047601,0.001964238750636,0.0174650970476012,0.0175752055109358,-0.374538422678194,0.0810742794445954,-1.75280823688987,1.79428311187685
-0.02,0.185,-0.0163279953816094,0.203120746438232,0.00367200461839059,0.018120746438232,0.0184890526906107,-0.381155314990902,0.0329455346521025,-1.88595309458294,1.92445629354864
-0.02,0.2,-0.0146070364090057,0.21832333234643,0.00539296359099426,0.0183233323464299,0.0191004859773649,-0.378614273010567,-0.022427168364961,-2.000261392839,2.03600922732583
-0.02,0.215,-0.0129616167967485,0.233064692956177,0.00703838320325152,0.0180646929561767,0.0193874178197292,-0.366847686594085,-0.0831289042266933,-2.09116947962951,2.12485173178476
-0.02,0.23,-0.0114801225441524,0.247342210585151,0.00851987745584756,0.0173422105851507,0.0193220231819127,-0.345882394979205,-0.146781001949353,-2.1546169603864,2.18726644855285
-0.02,0.245,-0.0102488010169244,0.261158892113803,0.00975119898307558,0.0161588921138035,0.0188731469541536,-0.315836787962984,-0.210640250619152,-2.18716546922804,2.22000710199002
-0.02,0.26,-0.00935004990042302,0.274523260759381,0.010649950099577,0.0145232607593813,0.0180096235443295,-0.276915204475921,-0.271713628778474,-2.18608487121187,2.22038157938409
-0.02,0.275,-0.0088608653838756,0.287449067142895,0.0111391346161244,0.0124490671428949,0.0167050768547902,-0.229400070935894,-0.326880259560624,-2.1494038865944,2.18631931245361
-0.02,0.29,-0.00885151532733209,0.299954838974826,0.0111484846726679,0.00995483897482624,0.0149461543385391,-0.173642316398987,-0.373012391774985,-2.07592508204647,2.1164272104184
-0.02,0.305,-0.00938448613999316,0.312063297899343,0.0106155138600068,0.0070632978993426,0.0127506592663617,-0.110050657121657,-0.40708810700417,-1.96520682492721,2.01004579557731
-0.02,0.32,-0.0105137321483634,0.323800678487482,0.00948626785163662,0.0038006784874815,0.0102193167441957,-0.039080319592041,-0.426289936059119,-1.81751683999053,1.86733137888317
-0.02,0.335,-0.0122842358172554,0.335195987422573,0.00771576418274456,0.000195987422573207,0.00771825291070011,0.0387782670514196,-0.428085377754374,-1.63376335075355,1.68942307128596
-0.02,0.35,-0.0147318682324462,0.346280240696855,0.00526813176755378,-0.00371975930314533,0.00644901710291154,0.123010369362188,-0.41028718661242,-1.41541037541037,1.47884247520275
0,0.05,-0.00231915147738962,0.0480979024011515,-0.00231915147738962,-0.00190209759884849,0.00299940641638036,-0.0770170512226769,0.152584564684041,-0.571269449235536,0.596293273898899
0,0.065,-0.00338578250577506,0.0667815687731498,-0.00338578250577506,0.00178156877314981,0.00382589995554967,-0.164947958600105,0.163908648470054,-0.687035306440443,0.725326417784871
0,0.08,-0.00389420207217889,0.0852070888446459,-0.00389420207217889,0.00520708884464594,0.00650219839861861,-0.246088015073125,0.17212886922099,-0.8201531237958,0.873414894367154
0,0.095,-0.00388630391103509,0.103339862852799,-0.00388630391103509,0.00833986285279917,0.0092009059604164,-0.319609056012376,0.175205528413638,-0.967484952604436,1.03387768258911
0,0.11,-0.00341250607005147,0.121145852313848,-0.00341250607005147,0.0111458523138476,0.0116565527271247,-0.384721377858004,0.171370365622616,-1.12527492663787,1.2015302357573
0,0.125,-0.00253157216146511,0.13859235034318,-0.00253157216146511,0.0135923503431803,0.013826092921012,-0.440694762740443,0.159230523769297,-1.2892226064415,1.37176931298287
0,0.14,-0.00131014749296249,0.155648794626737,-0.00131014749296249,0.0156487946267365,0.0157035429035327,-0.486879002448981,0.137861027725901,-1.45458902784139,1.54013924386615
0,0.155,0.000178002974601264,0.172287589060614,0.000178002974601264,0.017287589060614,0.0172885054469039,-0.52272275162342,0.106878081033099,-1.6163316396885,1.70217597983311
0,0.17,0.00185305028152616,0.188484894980966,0.00185305028152616,0.0184848949809664,0.0185775439120251,-0.547789563571382,0.0664865050473072,-1.76926149362172,1.85339677844487
0,0.185,0.00363042650839298,0.204221350477952,0.00363042650839298,0.0192213504779524,0.0195611940031565,-0.561770108789604,0.0174965172248769,-1.90821369916814,1.9893639371377
0,0.2,0.00542237512991231,0.219482677223745,0.00542237512991231,0.0194826772237454,0.0202231764036745,-0.56448982738504,-0.0386924205497497,-2.02822063017398,2.10578344509784
0,0.215,0.00713966474117596,0.234260138777025,0.00713966474117596,0.0192601387770247,0.0205408801740977,-0.555911599651335,-0.100140071601811,-2.12467691611469,2.19861567078806
0,0.23,0.00869339040206504,0.248550822327102,0.00869339040206504,0.0185508223271019,0.0204867773379421,-0.5361333932024,-0.164442757990164,-2.19348595256477,2.26418377572527
0,0.245,0.00999677887372116,0.262357726629507,0.00999677887372116,0.0173577266295073,0.0200306330802295,-0.505381210518934,-0.228833681985752,-2.23117941942023,2.299270766002
0,0.26,0.0109669129260515,0.275689651406577,0.0109669129260515,0.0156896514065771,0.0191425792511747,-0.463997979581321,-0.29029866333206,-2.23500384663258,2.30120000200139
0,0.275,0.0115262959271666,0.288560896447536,0.0115262959271666,0.0135608964475359,0.0177975675377679,-0.412429256610397,-0.345698920972097,-2.20297122550997,2.2678975624616
0,0.29,0.0116041902139092,0.300990790558844,0.0116041902139092,0.0109907905588437,0.0159829505295159,-0.351206750225316,-0.391892653113337,-2.1338736776599,2.19793887644849
0,0.305,0.0111376800984488,0.313003080384551,0.0111376800984488,0.00800308038455064,0.0137148537584971,-0.280930687708532,-0.425848091127134,-2.02726482616804,2.09058752412317
0,0.32,0.0100724302350375,0.324625215827566,0.0100724302350375,0.00462521582756609,0.0110836127815467,-0.202251990808873,-0.444742215983213,-1.88341260306175,1.9458438903119
0,0.335,0.00836313082756227,0.335887572070268,0.00836313082756227,0.000887572070267739,0.00841009758676091,-0.115855083184005,-0.44604115332606,-1.70322954474123,1.76454302296497
0,0.35,0.00597364022163765,0.346822648049473,0.00597364022163765,-0.00317735195052662,0.00676608771115794,-0.0224419819534242,-0.427560153518594,-1.48818721926974,1.54859888787975
0.02,0.05,0.0171497458909552,0.0476791193356335,-0.00285025410904483,-0.00232088066436648,0.00367565443756035,-0.117208183889229,0.134888366276583,-0.520260881767244,0.550096663612868
0.02,0.065,0.0161180650481165,0.0665685439288458,-0.00388193495188346,0.00156854392884576,0.00418685431169671,-0.225209542249297,0.144190976317187,-0.638355728331466,0.69210854357955
0.02,0.08,0.0156471922716387,0.0851893136427436,-0.00435280772836133,0.00518931364274364,0.00677317585795964,-0.325462550902217,0.150502527590681,-0.7738446505321,0.852892641676192
0.02,0.095,0.015695211487913,0.103505205924799,-0.00430478851208702,0.00850520592479931,0.00953256166814763,-0.416917424883622,0.151827196627222,-0.923587349394387,1.02465272681544
0.02,0.11,0.016211649990776,0.121480569762505,-0.00378835000922395,0.0114805697625046,0.0120894614381337,-0.498575145960814,0.1464404440938,-1.08382875609329,1.20198158806025
0.02,0.125,0.0171376546711993,0.139081130531934,-0.00286234532880073,0.0140811305319341,0.0143691077607023,-0.569515726485239,0.1329911363888,-1.25027249941978,1.38032904697826
0.02,0.14,0.01840645413502,0.156274839885623,-0.00159354586497998,0.0162748398856226,0.01635266955963,-0.628925616002086,0.110592116334779,-1.41818678566231,1.55537145557124
0.02,0.155,0.0199441199649185,0.173032735220872,-5.58800350814528e-05,0.0180327352208715,0.0180328218014924,-0.67612261379896,0.0788916763676168,-1.58253885955502,1.72279381782222
0.02,0.17,0.0216706227199087,0.189329767924447,0.00167062271990865,0.0193297679244467,0.0194018274470537,-0.710576710007146,0.0381194133284582,-1.73815142992703,1.87825947785134
0.02,0.185,0.0235011585707789,0.205145557024877,0.0035011585707789,0.0201455570248765,0.020447532349413,-0.731925501944762,-0.0108981975606953,-1.87987213172309,2.01746708960122
0.02,0.2,0.025347702551672,0.220465025815592,0.005347702551672,0.0204650258155916,0.0211521914754474,-0.73998320741665,-0.0667546712896498,-2.00274560039906,2.13624668801183
0.02,0.215,0.0271207264562325,0.235278883709312,0.00712072645623246,0.0202788837093119,0.0214927399314347,-0.734742778179333,-0.127512153480053,-2.10217730171128,2.23066900011805
0.02,0.23,0.0287310055176701,0.24958392390738,0.00873100551767007,0.0195839239073803,0.0214420272586257,-0.716371149761687,-0.190778376156745,-2.17407896481943,2.29715262435531
0.02,0.245,0.0300914299443841,0.263383118703483,0.0100914299443841,0.0183831187034826,0.0209708371694776,-0.685198175140187,-0.2538061058446,-2.21498721160308,2.33255950451801
0.02,0.26,0.0311187362570089,0.276685507351975,0.0111187362570089,0.0166855073519747,0.0200507469074278,-0.641700219709736,-0.313607609468588,-2.22214949321841,2.33427309913272
0.02,0.275,0.0317350792152925,0.289505884820998,0.0117350792152925,0.0145058848209978,0.0186583166075947,-0.586479705582653,-0.367075896296932,-2.19357438617333,2.30025702827977
0.02,0.29,0.0318693776611726,0.301864312489041,0.0118693776611726,0.0118643124890415,0.0167822536299857,-0.52024204047889,-0.411104627032744,-2.12804624950696,2.22909540946301
0.02,0.305,0.0314583845860812,0.313785481882661,0.0114583845860812,0.00878548188266076,0.0144388112126,-0.443771381956227,-0.442699501814135,-2.02510688040499,2.12002040675431
0.02,0.32,0.0304474519859686,0.325297969810845,0.0104474519859686,0.0052979698108454,0.0117139974865862,-0.357906557702649,-0.459075426782167,-1.88500883569,1.97293949831809
0.02,0.335,0.0287909816423277,0.336433426593109,0.00879098164232767,0.00143342659310888,0.00890707977024871,-0.263518257522183,-0.457735560053407,-1.70864640822618,1.78848986110692
0.02,0.35,0.0264525721757626,0.347225739073281,0.00645257217576264,-0.00277426092671917,0.00702368929928901,-0.161488334194172,-0.436530196305742,-1.49747083464526,1.56818669520003
0.04,0.05,0.0366618377640725,0.0470933477784006,-0.00333816223592751,-0.00290665222159939,0.00442627995620489,-0.140369197734786,0.109419268199827,-0.446311719793255,0.480490990757178
0.04,0.065,0.0356538617358514,0.0661813377712229,-0.00434613826414865,0.0011813377712229,0.00450382911985067,-0.267555771018557,0.115369206024776,-0.564091905739124,0.634901525570328
0.04,0.08,0.0352082659482099,0.0849904733105269,-0.00479173405179012,0.00499047331052693,0.00691849254434567,-0.386094510203372,0.118614742012652,-0.699103210241432,0.807399847667773
0.04,0.095,0.0352831621764383,0.103483013442247,-0.00471683782356175,0.00848301344224678,0.00970618751699772,-0.494731104519053,0.117244141584775,-0.848233976196436,0.988954101204971
0.04,0.11,0.0358280990916812,0.121621801410804,-0.00417190090831879,0.0116218014108039,0.0123479158249882,-0.592273885202122,0.109613134375982,-1.00776972569263,1.17407471994662
0.04,0.125,0.0367842366029179,0.139371100804122,-0.00321576339708207,0.0143711008041222,0.0147264955963139,-0.677628608742574,0.0944431121252891,-1.173465893635,1.3583845790894
0.04,0.14,0.0380848056679517,0.156697478721802,-0.00191519433204829,0.0166974787218018,0.0168069558515079,-0.749832019073386,0.0709078748390012,-1.34065208505512,1.53777955117429
0.04,0.155,0.0396558668766482,0.173570699223548,-0.000344133123351825,0.0185706992235476,0.0185738875106441,-0.80808214645752,0.038701707454939,-1.50436406785202,1.70816332295325
0.04,0.17,0.0414173635395988,0.189964584763704,0.00141736353959878,0.0199645847637038,0.0200148336038673,-0.851763389867793,-0.00191741860735323,-1.65949702668629,1.86540673685553
0.04,0.185,0.0432844453546431,0.205857800628766,0.00328444535464309,0.0208578006287663,0.0211148153758682,-0.880464728436008,-0.0501139230439947,-1.80097138348916,2.00540220737382
0.04,0.2,0.0451690188848428,0.221234518338768,0.00516901888484278,0.0212345183387684,0.021854599637407,-0.893989889157893,-0.104491971584939,-1.92390106053039,2.12415831785389
0.04,0.215,0.0469814631574071,0.236084918809215,0.00698146315740707,0.0210849188092148,0.0222106872700827,-0.892358911648575,-0.163143393630257,-2.02375365641568,2.21790740971004
0.04,0.23,0.048632434814309,0.250405504667421,0.008632434814309,0.0204055046674211,0.0221563433705888,-0.875801216849587,-0.22372278758927,-2.09649269362809,2.2832106975624
0.04,0.245,0.0500346791186685,0.264199202711861,0.0100346791186685,0.0191992027118611,0.0216634293173028,-0.844740927138947,-0.283544184716846,-2.13869378739294,2.31705142078916
0.04,0.26,0.0511047619503104,0.277475251057171,0.0111047619503104,0.0174752510571707,0.0207050751624863,-0.799775711344875,-0.339692071406762,-2.14762900961965,2.31691037987095
0.04,0.275,0.0517646436916017,0.290248879497479,0.0117646436916017,0.0152488794974792,0.0192596772329908,-0.741650800667084,-0.389138844892853,-2.12131657204425,2.28082131796845
0.04,0.29,0.0519430282390509,0.302540804611533,0.0119430282390509,0.0125408046115333,0.0173178435096123,-0.671229999184807,-0.428860908903926,-2.05853579147475,2.20740654800635
0.04,0.305,0.0515764373492676,0.314376571809113,0.0115764373492676,0.00937657180911319,0.0148974494660319,-0.589465500349723,-0.455946498252278,-1.95880985579741,2.09589662273564
0.04,0.32,0.0506099806200215,0.325785783886174,0.0106099806200215,0.00578578388617418,0.0120849900262575,-0.497368158230733,-0.467689747557006,-1.82236088369884,1.94614287876498
0.04,0.335,0.0489978119306389,0.33680125937037,0.00899781193063892,0.00180125937037035,0.00917633667966117,-0.395979576145451,-0.461667242733666,-1.65004305773593,1.75864191118451
0.04,0.35,0.0467032823480052,0.347458163799316,0.00670328234800521,-0.00254183620068421,0.00716902542248157,-0.286347037016291,-0.435795078513086,-1.44326020268866,1.53461812068134
0.06,0.05,0.0562181433454799,0.0463137238456575,-0.00378185665452013,-0.00368627615434253,0.00528119982971792,-0.138537323396416,0.0788526989026213,-0.349461676927876,0.384102010246524
0.06,0.065,0.0552226262894673,0.0655920269238504,-0.00477737371053272,0.000592026923850381,0.00481391685103232,-0.283599335144196,0.0803087283845886,-0.464364308796221,0.550013280855198
0.06,0.08,0.0547900340827503,0.084581621182587,-0.00520996591724968,0.00458162118258698,0.00693793899653442,-0.419201411444042,0.0795091200409847,-0.596143832328967,0.733107307745267
0.06,0.095,0.0548785559172811,0.103243364644373,-0.00512144408271892,0.0082433646443732,0.00970475399752712,-0.543909471578523,0.07466153606997,-0.741747076244357,0.922832050614245
0.06,0.11,0.0554378371450935,0.121538714963301,-0.00456216285490647,0.011538714963301,0.0124078714096736,-0.65636312239595,0.0642337280381241,-0.897538054697749,1.11380076576253
0.06,0.125,0.0564091523808334,0.139430593265931,-0.00359084761916659,0.0144305932659307,0.0148706492336683,-0.755315915954943,0.0470460042638728,-1.05936913071963,1.30194137687588
0.06,0.14,0.0577258624688945,0.156884296557709,-0.00227413753110553,0.0168842965577087,0.0170367594265763,-0.839674032196253,0.0223525097132619,-1.22268228356886,1.48345104780828
0.06,0.155,0.0593141685469093,0.173868420875648,-0.000685831453090695,0.0188684208756477,0.0188808811002725,-0.908531018212249,-0.0100954179026146,-1.38263678969514,1.65451057218556
0.06,0.17,0.0610941590041379,0.190355751640693,0.00109415900413792,0.0203557516406932,0.0203851369576935,-0.961196339525939,-0.0500095727867675,-1.53425709846223,1.8112474701321
0.06,0.185,0.0629811256812585,0.206324074912272,0.00298112568125851,0.0213240749122721,0.0215314486552032,-0.9972158547806,-0.0965529368668191,-1.67259259928173,1.94979352829761
0.06,0.2,0.0648871059719684,0.221756864180937,0.00488710597196837,0.0217568641809365,0.022298989747721,-1.0163828954719,-0.148357259359694,-1.79287964242177,2.06637951030013
0.06,0.215,0.0667225897353166,0.236643802327168,0.00672258973531657,0.0216438023271677,0.0226637903256912,-1.01873934616753,-0.203569419357194,-1.89069580255451,2.15744082494622
0.06,0.23,0.0683983160746957,0.250981107061582,0.00839831607469571,0.0209811070615816,0.0225995258007783,-1.00456689717818,-0.259923354660024,-1.96209703311642,2.21971975724795
0.06,0.245,0.0698270770626741,0.264771640263838,0.00982707706267408,0.0197716402638376,0.0220791576451263,-0.974369365731739,-0.314832242133309,-2.0037299374023,2.25035544428158
0.06,0.26,0.0709254440570558,0.278024795310469,0.0109254440570558,0.0180247953104691,0.0210774422980628,-0.928847607354642,-0.365494159515641,-2.01291369745022,2.24695626338899
0.06,0.275,0.0716153381153165,0.290756171046626,0.0116153381153165,0.015756171046626,0.0195748053779255,-0.868868938601189,-0.40900377883513,-1.98768885349463,2.20765197491581
0.06,0.29,0.071825377888385,0.302987054274496,0.011825377888385,0.0129870542744961,0.0175642574830766,-0.795433204155207,-0.442462764790206,-1.92683283739042,2.13112544246995
0.06,0.305,0.0714919553970206,0.314743743786615,0.0114919553970206,0.00974374378661547,0.015066704411593,-0.709637593343595,-0.463082368070296,-1.82984457742024,2.01662633756989
0.06,0.32,0.0705600097175137,0.326056756508507,0.0105600097175137,0.00605675650850729,0.0121736643882328,-0.612642119999931,-0.468273031234287,-1.69690238141793,1.86397266892292
0.06,0.335,0.0689834891022362,0.336959960211722,0.0089834891022362,0.00195996021172234,0.00919480943149619,-0.505637342552234,-0.455717432966754,-1.52880055133033,1.67355243367813
0.06,0.35,0.0667255110267889,0.347489677246022,0.00672551102678895,-0.00251032275397781,0.00717873379507824,-0.389815496868768,-0.423425065918331,-1.3268707693177,1.44635473988881
0.08,0.05,0.0758194199195179,0.0453147070989193,-0.00418058008048205,-0.00468529290108072,0.00627926901623435,-0.104864752893437,0.04684778322952,-0.229915254467118,0.257006743455877
0.08,0.065,0.0748251763286305,0.064774101262525,-0.00517482367136954,-0.000225898737474972,0.00517975195056282,-0.266145032035645,0.0429213292633375,-0.339529302935605,0.433539459471392
0.08,0.08,0.07439338124001,0.0839353118992338,-0.00560661875999,0.0039353118992338,0.00684987982844392,-0.417265845967893,0.0373314059825549,-0.465496374035999,0.626254899318943
0.08,0.095,0.0744823500358986,0.102757924738162,-0.00551764996410137,0.00775792473816228,0.00951997150044779,-0.55664390316282,0.0284336096029002,-0.604849444799542,0.822505546369495
0.08,0.11,0.0750418988205048,0.121202143606991,-0.00495810117949524,0.0112021436069911,0.0122503383095229,-0.682779436833844,0.0148329616008265,-0.754065605465652,1.0173740259182
0.08,0.125,0.0760135169203946,0.13922967806901,-0.00398648307960538,0.0142296780690098,0.014777543276595,-0.794300668064155,-0.0045307803394146,-0.909134873236148,1.20727553702677
0.08,0.14,0.0773308204965598,0.156804680696978,-0.00266917950344019,0.0168046806969777,0.0170153405064065,-0.890006361863743,-0.0303085763159304,-1.06565725372781,1.38879435045208
0.08,0.155,0.0789203002857814,0.173894695293559,-0.00107969971421858,0.0188946952935589,0.0189255187963057,-0.96890388443072,-0.0626844638516988,-1.21896450965987,1.55843777198718
0.08,0.17,0.0807023593198118,0.190471571538471,0.000702359319811836,0.0204715715384705,0.0204836166208227,-1.03024031644999,-0.101340033651521,-1.36426076811218,1.7126268521804
0.08,0.185,0.082592617277202,0.206512298761757,0.00259261727720204,0.021512298761757,0.0216679639643677,-1.07352458174842,-0.145444651997066,-1.49677418522456,1.84776568771348
0.08,0.2,0.0845034387697883,0.22199971245108,0.00450343876978829,0.0219997124510801,0.0224559192348797,-1.09853917905468,-0.193672991006061,-1.61191066744934,1.96033885478709
0.08,0.215,0.0863456253003045,0.23692303218505,0.00634562530030447,0.02192303218505,0.0228229336553959,-1.10534089078821,-0.244249119908679,-1.70540031503531,2.04701540020612
0.08,0.23,0.0880301970782343,0.251278198643286,0.00803019707823432,0.0212781986432859,0.0227430385528939,-1.09425067719594,-0.295014158430183,-1.77342785244389,2.10474758321321
0.08,0.245,0.0894701827623713,0.265067989358399,0.00947018276237126,0.0200679893583995,0.0221902807202061,-1.06583377520287,-0.3435125923639,-1.8127397812938,2.13085695816544
0.08,0.26,0.0905823339547668,0.2783019071793,0.0105823339547668,0.0183019071792997,0.0211410879173687,-1.02087167079689,-0.387091023833137,-1.82072310044563,2.12310310299309
0.08,0.275,0.0912886867282783,0.290995849933486,0.0112886867282783,0.0159958499334856,0.0195780914070754,-0.960328067738996,-0.423002507624217,-1.79545289422087,2.07973245754438
0.08,0.29,0.0915179042095404,0.303171583491102,0.0115179042095404,0.0131715834911021,0.0174972206090917,-0.88531119846054,-0.448509729473083,-1.73570860585269,1.9995066890357
0.08,0.305,0.0912063508607919,0.314856051707138,0.0112063508607919,0.00985605170713832,0.0149239423366936,-0.797034793920442,-0.460981013027974,-1.64096104675444,1.88171181785554
0.08,0.32,0.0902988684298274,0.326080564580768,0.0102988684298274,0.00608056458076789,0.0119599312939408,-0.696779816280266,-0.457974344729573,-1.51133398215856,1.72615131952608
0.08,0.335,0.088749243638061,0.336879909964841,0.00874924363806098,0.00187990996484078,0.00894892874673043,-0.585858697214224,-0.437306068718874,-1.34754531765848,1.53312936051013
0.08,0.35,0.0865203765642705,0.347291434264047,0.00652037656427051,-0.00270856573595346,0.00706056930324101,-0.46558337893244,-0.397102431525463,-1.15083350155735,1.30343747156193
0.1,0.05,0.0954661585530142,0.0440723077269454,-0.00453384144698579,-0.00592769227305456,0.00746279129752648,-0.0339246791142974,0.0177618967358732,-0.0880538651627252,0.0960200716355669
0.1,0.065,0.0944621224426144,0.0637027050175192,-0.00553787755738561,-0.00129729498248082,0.00568779940857315,-0.209512768715553,0.00785630079913472,-0.19018044968212,0.283065519154091
0.1,0.08,0.0940190536136415,0.0830258561794583,-0.00598094638635854,0.00302585617945833,0.00670279981017347,-0.37437404142831,-0.00300142129101496,-0.307993956545259,0.484795431995149
0.1,0.095,0.0940954414515567,0.10200021287596,-0.00590455854844327,0.00700021287595964,0.00915788141224517,-0.526810144756284,-0.0162871082822884,-0.438638114105716,0.685713647218823
0.1,0.11,0.0946413451781693,0.120584866505077,-0.00535865482183071,0.0105848665050771,0.0118640035582358,-0.665214551859916,-0.0332407198520891,-0.578733208787525,0.882362090946439
0.1,0.125,0.0955985663466624,0.138740455503783,-0.00440143365333762,0.0137404555037827,0.0144281923904613,-0.788119848354406,-0.0547891667714643,-0.724441859219002,1.0719068370261
0.1,0.14,0.0969010985952649,0.156430122859432,-0.00309890140473509,0.0164301228594323,0.0167198124119952,-0.894242820994098,-0.0814793418686726,-0.871560858330407,1.2513950961008
0.1,0.155,0.098475867350274,0.173620484514107,-0.00152413264972605,0.018620484514107,0.0186827573948296,-0.982524634312152,-0.113426824332113,-1.0156357385096,1.4176878335418
0.1,0.17,0.100243755302069,0.190282563408792,0.000243755302069271,0.0202825634087918,0.0202840280782429,-1.05216354951132,-0.150284863885323,-1.15209261567709,1.56751533441806
0.1,0.185,0.102120890738718,0.206392641235375,0.00212089073871822,0.0213926412353754,0.021497517916054,-1.1026380729278,-0.191236819700774,-1.27638014863433,1.69756865095204
0.1,0.2,0.104020156769825,0.221932980733712,0.0040201567698251,0.0219329807337115,0.0222983699924306,-1.133719084758,-0.235013375320088,-1.38411336210453,1.80460224290713
0.1,0.215,0.105852862401676,0.236892376706491,0.00585286240167591,0.0218923767064908,0.0226612478948502,-1.14547030800019,-0.279933793365706,-1.47121077647077,1.88553630316576
0.1,0.23,0.107530502943084,0.251266502731201,0.0075305029430838,0.0212665027312012,0.0225604213832982,-1.13823736635409,-0.323968477256608,-1.53401684166128,1.93755136418133
0.1,0.245,0.108966529434128,0.26505803295268,0.00896652943412812,0.0200580329526795,0.0219709657508236,-1.11262649239695,-0.364818414432339,-1.56940298135581,1.95816983917376
0.1,0.26,0.110078045306888,0.278276532530264,0.0100780453068876,0.0182765325302637,0.0208709999410059,-1.06947464609791,-0.400005896584588,-1.57484245632656,1.94532079942741
0.1,0.275,0.110787353795247,0.290938125175863,0.0107873537952471,0.0159381251758627,0.0192455406789547,-1.00981326794994,-0.426970350251965,-1.54845647699021,1.89738582406886
0.1,0.29,0.111023291081532,0.303064960049426,0.0110232910815321,0.0130649600494257,0.0170940377723133,-0.934828123894291,-0.443163190475117,-1.48903127430869,1.8132252367125
0.1,0.305,0.110722296196705,0.314684511730609,0.0107222961967051,0.00968451173060875,0.0144484394724889,-0.845817683639285,-0.446136248339407,-1.39600788765006,1.69218535243611
0.1,0.32,0.109829187692475,0.325828755027724,0.0098291876924749,0.00582875502772384,0.0114274807314262,-0.744152254409916,-0.433619380669861,-1.26944807481389,1.53408844367268
0.1,0.335,0.108297636725268,0.33653326055803,0.00829763672526809,0.00153326055803016,0.00843810779519489,-0.631235719467731,-0.403584172013219,-1.10998088354214,1.33920794857849
0.1,0.35,0.106090344763694,0.346836257181942,0.00609034476369369,-0.00316374281805842,0.00686305820749521,-0.508471275361171,-0.354292004062163,-0.918734991901781,1.10823198737204
0.12,0.05,0.115158584151083,0.0425642842660801,-0.00484141584891662,-0.00743571573391988,0.00887294629183591,0.0781062815853035,-0.00367395276011647,0.0755554761054472,0.108732344172078
0.12,0.065,0.114133865778378,0.0623548457199199,-0.00586613422162191,-0.00264515428008011,0.0064349337115086,-0.109726874686627,-0.0198493833320589,-0.0171434335731914,0.112817935066658
0.12,0.08,0.113667653669217,0.0818295407344944,-0.0063323463307827,0.00182954073449437,0.00659134503361425,-0.286411172956962,-0.0361743841356671,-0.124751776556087,0.314488791733766
0.12,0.095,0.113718657908999,0.100945832616412,-0.00628134209100109,0.00594583261641229,0.00864917244403037,-0.450168657969588,-0.0539438627514453,-0.244544908817557,0.515136642980375
0.12,0.11,0.114237251047524,0.119661849233755,-0.00576274895247558,0.00966184923375546,0.0112499158265775,-0.599319713031119,-0.0742327539061941,-0.373311172122572,0.709973450992852
0.12,0.125,0.115165641126299,0.137937305666553,-0.00483435887370129,0.0129373056665534,0.0138110428147034,-0.732331789630766,-0.0978275244300734,-0.507414052778319,0.896306576292902
0.12,0.14,0.116438317083174,0.155734477189257,-0.00356168291682592,0.015734477189257,0.0161325558303469,-0.847865702060704,-0.125167197194203,-0.642878025180996,1.07138633457449
0.12,0.155,0.117982778768813,0.173019182776247,-0.0020172212311874,0.0180191827762473,0.01813174369495,-0.944816748724471,-0.156298667975325,-0.775494967570807,1.23229823661281
0.12,0.17,0.119720547364047,0.189761733528793,-0.000279452635953178,0.019761733528793,0.0197637093137589,-1.02234810896615,-0.190850299221645,-0.900946181973953,1.37601399651587
0.12,0.185,0.121568433722915,0.205937797653022,0.00156843372291514,0.0209377976530223,0.0209964605327203,-1.07991440029386,-0.228026502020295,-1.01493352751951,1.49947643899036
0.12,0.2,0.12344002365871,0.221529134577504,0.00344002365870957,0.0215291345775042,0.0218022337944709,-1.11727396355036,-0.266624393724852,-1.11331223462669,1.59969373281017
0.12,0.215,0.12524732244547,0.236524155908212,0.00524732244546984,0.0215241559082123,0.0221545408530116,-1.13448924077802,-0.305071822638708,-1.19221768543578,1.67383300214352
0.12,0.23,0.126902487844797,0.250918280031827,0.00690248784479681,0.0209182800318268,0.0220276820827225,-1.13191550412804,-0.341484316829899,-1.24817894482346,1.71930704992061
0.12,0.245,0.128319573139611,0.264714059382788,0.00831957313961131,0.0197140593827882,0.0213976502114938,-1.11017900614454,-0.373737041404711,-1.27821296980048,1.7338496487877
0.12,0.26,0.129416200269631,0.277921073757194,0.00941620026963148,0.0179210737571941,0.0202442513353445,-1.07014631638749,-0.39954681711802,-1.27989510156099,1.71557633351772
0.12,0.275,0.130115088150873,0.29055559789244,0.0101150881508727,0.0155555978924403,0.0185550972536179,-1.01288708488209,-0.416558755382891,-1.25140342254096,1.66302920293575
0.12,0.29,0.130345372347683,0.30264006551167,0.0103453723476833,0.0126400655116701,0.0163339519146936,-0.939632711532174,-0.422432116815575,-1.19153657502041,1.57520608766921
0.12,0.305,0.130043667764939,0.314202363491209,0.0100436677649388,0.0092023634912089,0.0136219953015997,-0.851733396098897,-0.414920540919315,-1.09970649348014,1.45157704076431
0.12,0.32,0.129154844462229,0.325274998096473,0.00915484446222919,0.00527499809647325,0.0105658308734053,-0.750615838378292,-0.391942704188771,-0.975908998508566,1.29209610581017
0.12,0.335,0.127632505812701,0.335894179416547,0.00763250581270053,0.000894179416547347,0.00768470570743502,-0.637743488188747,-0.351640593201799,-0.820676259021914,1.09723023023007
0.12,0.35,0.125439176345879,0.346098870512417,0.00543917634587912,-0.00390112948758281,0.00669353797333361,-0.514580800695267,-0.292423777318934,-0.635015687675778,0.868080874375195
0.14,0.05,0.134896659730142,0.0407703082774776,-0.00510334026985793,-0.00922969172252236,0.0105466246355292,0.233393182695398,-0.0126820524727785,0.260157217718023,0.349736143251561
0.14,0.065,0.13384059908282,0.0607095671417327,-0.00615940091718001,-0.0042904328582673,0.00750639952106585,0.0354316953352471,-0.0351216343989765,0.178536237509778,0.185375705846122
0.14,0.08,0.133339637300254,0.080324809211167,-0.0066603626997461,0.000324809211166954,0.00666827806227575,-0.15111054090991,-0.0568467613911781,0.0828627789392448,0.181472360204206
0.14,0.095,0.133352750593179,0.0995726605391476,-0.00664724940682079,0.00457266053914757,0.00806815648601071,-0.32441063891202,-0.0789669580262142,-0.0242868692459964,0.33476590915152
0.14,0.11,0.133830692474005,0.118410439585353,-0.00616930752599487,0.00841043958535254,0.0104305248846432,-0.482748619415452,-0.102389444105424,-0.139888281218926,0.51293305236545
0.14,0.125,0.134716167794559,0.136797090907729,-0.00528383220544093,0.0117970909077294,0.0129263388730331,-0.624556299216048,-0.127759430123259,-0.260526992534104,0.688674862771574
0.14,0.14,0.135944273294261,0.154694168692273,-0.00405572670573867,0.0146941686922733,0.0152436056321537,-0.74846357271923,-0.155409161983524,-0.382477813058871,0.854782169002403
0.14,0.155,0.137443216385095,0.172066830243593,-0.00255678361490529,0.0170668302435925,0.0172572835932267,-0.853339408383437,-0.185319797071166,-0.501802498869868,1.00715611497747
0.14,0.17,0.139135307879966,0.188884793685858,-0.000864692120033962,0.0188847936858578,0.0189045794721772,-0.938325081356686,-0.21709948691084,-0.614461312015373,1.14245003941643
0.14,0.185,0.140938206694331,0.205123211435795,0.00093820669433145,0.0201232114357954,0.0201450706201546,-1.00285759763623,-0.249979931969329,-0.716432691747843,1.25759795781285
0.14,0.2,0.142766376598286,0.220763411993898,0.00276637659828562,0.0207634119938985,0.0209468880054272,-1.04668191965899,-0.282832277006705,-0.803834424514518,1.34973003472257
0.14,0.215,0.144532698980072,0.235793467767421,0.00453269898007186,0.020793467767421,0.0212817682968009,-1.06985139110855,-0.314201681474604,-0.873039484892451,1.41619375257685
0.14,0.23,0.146150172864326,0.250208555618884,0.00615017286432554,0.0202085556188838,0.0211236915917319,-1.07271660232597,-0.342358418390788,-0.920780123499741,1.45460643312677
0.14,0.245,0.147533625957209,0.264011089032247,0.00753362595720929,0.0190110890322475,0.0204493771605684,-1.05590373773017,-0.365362100448064,-0.944234774208292,1.46291412565719
0.14,0.26,0.14860135889521,0.277210615093444,0.00860135889521017,0.0172106150934441,0.0192402870752725,-1.02028411117201,-0.381134745277714,-0.941093807640285,1.43944777489372
0.14,0.275,0.149276649798968,0.289823484261119,0.00927664979896793,0.0148234842611188,0.0174869070201774,-0.966937069894339,-0.387537956505971,-0.909601864225718,1.3829755511473
0.14,0.29,0.149489056626137,0.301872314802764,0.00948905662613683,0.0118723148027639,0.0151984885574178,-0.897108682737857,-0.382449524261995,-0.848576275892986,1.29275837708301
0.14,0.305,0.149175469895372,0.313385285365852,0.00917546989537169,0.00838528536585181,0.012429893743216,-0.812168649375539,-0.363835196368618,-0.75740272156627,1.16863176117564
0.14,0.32,0.148280886010089,0.324395297396208,0.00828088601008889,0.00439529739620842,0.00937505798985811,-0.713567672890522,-0.329812133246933,-0.636010606453602,1.01118292002763
0.14,0.335,0.14675889004758,0.334939053489735,0.00675889004758007,-6.09465102648921e-05,0.00675916482654406,-0.602797202139324,-0.278701522233344,-0.484831629085447,0.82226049277369
0.14,0.35,0.144571854338383,0.345056098268062,0.00457185433838292,-0.00494390173193821,0.00673379658338833,-0.481353018026998,-0.209068854908682,-0.30474554293674,0.606863908136579
0.16,0.05,0.15468009467584,0.0386720935773667,-0.00531990532416002,-0.0113279064226333,0.0125149053763088,0.432503838797621,-0.00473488445946994,0.464811647015067,0.634929903524263
0.16,0.065,0.153582311060557,0.0587480837006286,-0.00641768893944286,-0.00625191629937139,0.00895953060923355,0.226496962037076,-0.0331656367094915,0.395612878802587,0.457068365824419
0.16,0.08,0.153035313474962,0.0784924015073106,-0.00696468652503773,-0.00150759849268944,0.00712598846527285,0.0320283046290415,-0.0599860714537481,0.313267135137616,0.32056310935723
0.16,0.095,0.152998388248336,0.0978609901215347,-0.00700161175166358,0.00286099012153473,0.00756358589536424,-0.14906647681824,-0.0861228859985021,0.220189941977134,0.279502650214563
0.16,0.11,0.15342273455187,0.116810515748825,-0.00657726544812953,0.0068105157488248,0.00946802754221539,-0.315057208993535,-0.112319273229573,0.11920505997085,0.355087192057497
0.16,0.125,0.154251639790636,0.135299307958748,-0.00574836020936374,0.0102993079587483,0.0117948882794935,-0.464367132978966,-0.139083769520013,0.0134907501002572,0.484937659199136
0.16,0.14,0.155420914832348,0.153288348955984,-0.00457908516765228,0.0132883489559844,0.0140551854825408,-0.595618124911039,-0.166647026868506,-0.0934927149450557,0.625521347653184
0.16,0.155,0.156859600101986,0.170742271931766,-0.003140399898014,0.0157422719317661,0.0160524526815411,-0.707670658389928,-0.194929935879761,-0.19809171004349,0.760292212333075
0.16,0.17,0.158490938213979,0.187630322973906,-0.00150906178602124,0.017630322973906,0.0176947889402013,-0.799656166864801,-0.223525905048589,-0.2965601272383,0.881689891508383
0.16,0.185,0.160233591663131,0.203927238294245,0.000233591663131111,0.0189272382942454,0.0189286796822239,-0.87099987373219,-0.251699150571973,-0.385167368974243,0.985074132818125
0.16,0.2,0.162003066943895,0.219613989664713,0.00200306694389471,0.0196139896647129,0.0197160053699828,-0.921432783454566,-0.278399670350759,-0.46030768816134,1.06698679435135
0.16,0.215,0.163713290800373,0.234678355973465,0.0037132908003734,0.0196783559734647,0.0200256391255444,-0.950992262880124,-0.302294288244765,-0.518604893878188,1.12461538409107
0.16,0.23,0.165278272185359,0.249115287771326,0.00527827218535877,0.0191152877713263,0.019830642547415,-0.960011436250242,-0.321811914008101,-0.557006793925555,1.15563260078056
0.16,0.245,0.166613776123903,0.262927043732761,0.00661377612390286,0.0179270437327607,0.019108137837409,-0.949098363183739,-0.335200110770139,-0.572864583346508,1.15817370087906
0.16,0.26,0.167638934246014,0.276123092039794,0.00763893424601382,0.0161230920397935,0.0178411718600146,-0.919106605790084,-0.340589315292296,-0.563993623804097,1.13087946301699
0.16,0.275,0.168277721162142,0.288719784363358,0.00827772116214183,0.0137197843633579,0.0160235186714782,-0.871099237196135,-0.336060677579661,-0.528713519390327,1.07299687505485
0.16,0.29,0.168460235914935,0.300739823890149,0.00846023591493483,0.0107398238901489,0.0136718473121874,-0.80630858761646,-0.31971349629693,-0.465866924644664,0.984584229372092
0.16,0.305,0.16812374205573,0.312211560362139,0.00812374205573019,0.00721156036213949,0.0108628627831167,-0.726094054169136,-0.289728583675912,-0.374817942286491,0.866982156445424
0.16,0.32,0.167213436856993,0.323168153378836,0.00721343685699286,0.00316815337883564,0.00787850665555666,-0.631900138121104,-0.244424522715642,-0.255432169386798,0.724081281938074
0.16,0.335,0.165682938109405,0.33364664967105,0.00568293810940473,-0.00135335032895006,0.00584186123321959,-0.525216573090304,-0.18230458120557,-0.108041321342555,0.566359380516246
0.16,0.35,0.163494493825428,0.34368702070792,0.00349449382542788,-0.00631297929208036,0.00721562156977408,-0.407542006688621,-0.10209291529085,0.0666041068643371,0.425382638094483
0.18,0.05,0.174508356601603,0.0362534887312839,-0.00549164339839717,-0.0137465112687161,0.0148028618610084,0.674563206382353,0.0242016952884519,0.688407114450266,0.964130453008775
0.18,0.065,0.173358793781596,0.0564538750253203,-0.00664120621840389,-0.00854612497467966,0.0108232098805396,0.462488077864317,-0.00972285003109456,0.632666940577006,0.783751741241979
0.18,0.08,0.172754846256528,0.0763154501608722,-0.00724515374347165,-0.0036845498391278,0.00812823229758832,0.261924792610606,-0.0411372440834655,0.564705574958156,0.623853429319397
0.18,0.095,0.172656152892397,0.0957936297899115,-0.0073438471076028,0.000793629789911543,0.00738660534909515,0.0746933654027918,-0.0707936529394053,0.486769632307722,0.497530974419212
0.18,0.11,0.173014419907235,0.114844585749144,-0.00698558009276468,0.00484458574914387,0.00850107877349916,-0.0974923064472964,-0.0992800538430026,0.401474268708562,0.424904336039251
0.18,0.125,0.173773597918716,0.133426188641422,-0.00622640208128446,0.00842618864142169,0.0104770576928185,-0.253070510262617,-0.12697712556226,0.311753980386901,0.421140376097096
0.18,0.14,0.174870311332377,0.15149899804515,-0.00512968866762348,0.0114989980451498,0.0125912930975775,-0.390675040096081,-0.15402221461947,0.220797014104493,0.474449615092146
0.18,0.155,0.176234550439418,0.169027260762333,-0.00376544956058171,0.0140272607623332,0.0145238650120337,-0.509173409841222,-0.18028320672061,0.131965696094645,0.556036839961664
0.18,0.17,0.177790621735036,0.185979871967989,-0.00220937826496437,0.0159798719679886,0.0161318833504028,-0.607697785689783,-0.20534459251658,0.0487061543015752,0.643303689820377
0.18,0.185,0.179458335654153,0.202331251631384,-0.000541664345847324,0.0173312516313842,0.0173397140511001,-0.68566686597542,-0.228507218117744,-0.0255481627414715,0.723197242987331
0.18,0.2,0.181154394334928,0.218062089612852,0.00115439433492796,0.0180620896128517,0.018098942164204,-0.742797494392877,-0.248802225651175,-0.0874741685546025,0.788233591346336
0.18,0.215,0.182793927165816,0.23315991792323,0.00279392716581629,0.01815991792323,0.0183735856050564,-0.779105481598646,-0.265018628337633,-0.133952861467611,0.833784062110818
0.18,0.23,0.184292110109325,0.2476194773461,0.00429211010932513,0.0176194773461005,0.0181347233543917,-0.794895826505914,-0.275742939202572,-0.16215420699854,0.856855421857138
0.18,0.245,0.185565797840604,0.261442857535446,0.00556579784060433,0.0164428575354459,0.0173593107447689,-0.790743218164958,-0.279408404088882,-0.169609006306384,0.855642866318154
0.18,0.26,0.186535096107403,0.274639403456543,0.00653509610740331,0.0146394034565429,0.0160318312957827,-0.767464283596274,-0.274350767573854,-0.154264600499976,0.829505488623109
0.18,0.275,0.187124805967564,0.287225395489874,0.00712480596756357,0.0122253954898738,0.0141500231434177,-0.726083469300166,-0.258867178509142,-0.114522497494767,0.779316486530056
0.18,0.29,0.187265681007953,0.299223524061065,0.00726568100795313,0.0092235240610653,0.0117415295687735,-0.667794681001649,-0.231274835877865,-0.0492573057874592,0.708428162617976
0.18,0.305,0.18689545221149,0.310662191063536,0.00689545221148966,0.00566219106353616,0.00892231297595676,-0.59392085226278,-0.189966256331786,0.0421824186887632,0.624989909429396
0.18,0.32,0.185959591430502,0.321574678569167,0.0059595914305022,0.00157467856916749,0.00616411734271101,-0.505873481932217,-0.13345855266572,0.159989757290935,0.547099773066228
0.18,0.335,0.18441180144535,0.331998229885397,0.00441180144535031,-0.00300177011460306,0.00533616114956428,-0.405113920229573,-0.0604347699989694,0.303929008581547,0.510043341253489
0.18,0.35,0.182214236942835,0.341973088808666,0.00221423694283507,-0.00802691119133447,0.00832671294765145,-0.293117826888479,0.0302239522265862,0.473376327952611,0.557601246010571
0.2,0.05,0.194380686398833,0.0335005328331854,-0.00561931360116694,-0.0164994671668146,0.0174301205428148,0.957472456712413,0.0774922839841277,0.929679607982703,1.33684098063313
0.2,0.065,0.193169652843132,0.0538127408307851,-0.00683034715686762,-0.0111872591692149,0.0131075707132372,0.741146743734289,0.0387450716976254,0.888136611449653,1.15742467235932
0.2,0.08,0.192498259061277,0.0737795340902451,-0.00750174093872344,-0.00622046590975495,0.00974527132747686,0.536172048970932,0.00338700331298233,0.835293994663244,0.992588855342735
0.2,0.095,0.192326537128576,0.0933559553260854,-0.00767346287142401,-0.0016440446739146,0.00784760570677132,0.344328832403604,-0.0291721607657166,0.773225314624355,0.846937900893825
0.2,0.11,0.192606758121058,0.112497838539433,-0.00739324187894164,0.00249783853943258,0.0078037954131058,0.167292599229511,-0.0593777372283658,0.704334189349465,0.7263650913999
0.2,0.125,0.19328361097151,0.131162749678923,-0.00671638902848987,0.00616274967892344,0.00911533681150017,0.00659037952813034,-0.0874943553027876,0.631309668473632,0.637381190798278
0.2,0.14,0.194294625540342,0.149310973207992,-0.00570537445965844,0.00931097320799223,0.0109199596979509,-0.13644007874496,-0.113576427654436,0.557067431983145,0.58467306261355
0.2,0.155,0.19557084947261,0.166906505428838,-0.00442915052738989,0.0119065054288376,0.0127036312100603,-0.260686247309181,-0.137447154680817,0.484678854743376,0.567243563429255
0.2,0.17,0.197037774313762,0.183918010176998,-0.00296222568623827,0.0139180101769982,0.0142297501138718,-0.365289924502497,-0.158687902476229,0.417290938013825,0.576847568248855
0.2,0.185,0.198616490640276,0.200319690019499,-0.00138350935972361,0.015319690019499,0.0153820349902729,-0.44966790167857,-0.17663912836005,0.35804089372639,0.601331193434123
0.2,0.2,0.2002250362756,0.216092027244055,0.00022503627560044,0.0160920272440546,0.0160936006582968,-0.513523095002617,-0.190413222652236,0.309969651896536,0.629323709433201
0.2,0.215,0.201779887452539,0.231222353887893,0.00177988745253943,0.0162223538878927,0.0163197048076163,-0.556845656429763,-0.198918769040486,0.275938700670311,0.65252780056655
0.2,0.23,0.203197531582584,0.24570521858655,0.00319753158258414,0.0157052185865501,0.0160274171054772,-0.579904223725526,-0.200894893797757,0.258554443501453,0.665960254323462
0.2,0.245,0.204396053618521,0.259542529622806,0.00439605361852061,0.014542529622806,0.0151924473093409,-0.583228088190072,-0.194953666668057,0.260103673668185,0.667698211334729
0.2,0.26,0.205296666364361,0.272743466985153,0.0052966663643612,0.0127434669851532,0.0138003849720595,-0.567581585794382,-0.17962800514552,0.282502927054071,0.6589596094865
0.2,0.275,0.205825119015176,0.285324170339173,0.00582511901517649,0.0103241703391732,0.0118541344995421,-0.533932408555896,-0.153422263971978,0.327263442362976,0.644769692156337
0.2,0.29,0.20591292709157,0.297307223068127,0.00591292709157037,0.00730722306812714,0.00939990509301005,-0.483415760939209,-0.114862674518132,0.395472376617306,0.635048628971867
0.2,0.305,0.205498379732748,0.308720963740403,0.00549837973274761,0.00372096374040332,0.00663910768423633,-0.417296342216686,-0.062545014553807,0.487789876303388,0.644974009000019
0.2,0.32,0.204527295766648,0.319598664526864,0.00452729576664784,-0.000401335473136089,0.00454504973797921,-0.336930041296868,0.00482270747778267,0.604460712112322,0.692043124486126
0.2,0.335,0.202953516183696,0.329977620675484,0.00295351618369646,-0.00502237932451605,0.00582645277391684,-0.243727009442525,0.088384238853115,0.745338483937909,0.789147596573464
0.2,0.35,0.200739136296171,0.339898196108766,0.00073913629617145,-0.0101018038912344,0.0101288086328688,-0.139117469094687,0.189106835233312,0.909919948206969,0.93972824451624
