target_x,target_y,gaze_x,gaze_y,error_px_x,error_px_y,error_px_xy,error_deg_x,error_deg_y,error_deg_z,error_deg_xyz
-0.2,0.05,-0.198158386289574,0.0536335389498191,0.00184161371042618,0.00363353894981905,0.00407359133422608,-0.127879982936597,0.129819737020873,-0.310044920895627,0.359631383158676
-0.2,0.065,-0.20014514199984,0.0668630843748758,-0.000145141999839782,0.00186308437487578,0.00186872940470893,-0.0454012384351722,0.0700628268398114,-0.220335482535305,0.235622314867857
-0.2,0.08,-0.201608699019668,0.0802297289342831,-0.00160869901966773,0.00022972893428308,0.00162501935961599,0.0317971491561747,0.0202293941771664,-0.146710112663561,0.151473290064804
-0.2,0.095,-0.202583919935668,0.093747868626951,-0.00258391993566812,-0.00125213137304903,0.00287131941959037,0.102666950933668,-0.0205796761865341,-0.0886882796948115,0.137221156684793
-0.2,0.11,-0.203112504003791,0.107431302989589,-0.00311250400379079,-0.00256869701041145,0.00403557746857998,0.16618843943836,-0.0532982572370129,-0.045463502214925,0.180350377091151
-0.2,0.125,-0.203242823572466,0.121292923598138,-0.00324282357246636,-0.00370707640186183,0.00492527361385987,0.221397770828579,-0.0788593722224898,-0.0159014024450565,0.235560408971304
-0.2,0.14,-0.203029553113653,0.135344399716221,-0.00302955311365322,-0.00465560028377868,0.00555453022953031,0.26741495298221,-0.0981574763745138,0.00145027063011348,0.284864735779162
-0.2,0.155,-0.202533084367878,0.149595874571981,-0.0025330843678784,-0.00540412542801905,0.00596834047759945,0.303471096140462,-0.112010587428452,0.00833896985244893,0.323590628162963
-0.2,0.17,-0.201818732949027,0.164055686630063,-0.00181873294902688,-0.00594431336993703,0.00621632133821026,0.328933545612976,-0.121124429974528,0.00677209732809479,0.350591856410282
-0.2,0.185,-0.200955754570844,0.178730130154479,-0.000955754570843896,-0.00626986984552115,0.00634229727145176,0.343327502211376,-0.126060796842771,-0.00102992514380038,0.365741183410296
-0.2,0.2,-0.200016201799267,0.193623268059208,-1.62017992665313e-05,-0.00637673194079209,0.00637675252326899,0.346352858699651,-0.127212175755096,-0.0126905273203199,0.36919474738555
-0.2,0.215,-0.199073663457542,0.208736807677053,0.000926336542458127,-0.00626319232294745,0.00633132509543785,0.337895216683562,-0.124784341937226,-0.0257413160015002,0.36111958752411
-0.2,0.23,-0.198201937550275,0.224070046737274,0.00179806244972467,-0.00592995326272568,0.00619656148773018,0.318030384369749,-0.11878810147908,-0.0376907839458403,0.341577047227375
-0.2,0.245,-0.19747369355394,0.239619892737871,0.00252630644606026,-0.00538010726212863,0.0059437175581798,0.287022060174556,-0.109040733064899,-0.0460939813450725,0.31047775361884
-0.2,0.26,-0.196959180847105,0.255380954590523,0.00304081915289474,-0.00461904540947689,0.00553011406893393,0.245312841903257,-0.0951769825524509,-0.0486196569011216,0.267583724446239
-0.2,0.275,-0.196725036501181,0.271345701131512,0.00327496349881856,-0.00365429886848789,0.00490706492099155,0.193509120915544,-0.0766687885825999,-0.0431115883310782,0.212561858976245
-0.2,0.29,-0.196833238389106,0.287504677372285,0.00316676161089358,-0.00249532262771517,0.00403175075080499,0.132360788512088,-0.052852330257738,-0.0276412938487921,0.145178509260031
-0.2,0.305,-0.197340239087224,0.303846766501464,0.00265976091277578,-0.00115323349853627,0.00289901286911184,0.0627369575393196,-0.0229605449792454,-0.000549990185480143,0.0668087977727574
-0.2,0.32,-0.198296303775156,0.320359483832322,0.00170369622484415,0.000359483832321629,0.0017412091925581,-0.0144009324800493,0.0138409963789794,0.039521537678986,0.0442821868695172
-0.2,0.335,-0.199745062363101,0.337029288263065,0.000254937636898878,0.00202928826306517,0.00204523936333175,-0.0980272076156884,0.0584170356323803,0.0936156512828114,0.147600087055214
-0.2,0.35,-0.201723273755582,0.353841897242899,-0.00172327375558184,0.00384189724289893,0.00421068246982263,-0.187079893160796,0.111626458701839,0.162452858997606,0.271754342283781
-0.18,0.05,-0.179258004517421,0.0524866198252514,0.000741995482578611,0.0024866198252514,0.00259496347787409,0.0260769111195789,0.0371456117659655,-0.168552618302448,0.174556038195356
-0.18,0.065,-0.181168928644109,0.0658347066332674,-0.00116892864410861,0.000834706633267401,0.00143635975251265,0.107822874083123,-0.0148238912156692,-0.084096890294992,0.137542051635523
-0.18,0.08,-0.182548037615075,0.0793099972561359,-0.00254803761507533,-0.000690002743864118,0.00263981049970993,0.184459808950397,-0.0569703861738148,-0.0171900498264178,0.193820999000162
-0.18,0.095,-0.183430458890216,0.0929260650654676,-0.00343045889021631,-0.00207393493453241,0.00400864744148673,0.254931683651788,-0.0903594982326394,0.0326578162453323,0.272436552342155
-0.18,0.11,-0.183858338577957,0.106695935681092,-0.00385833857795685,-0.00330406431890753,0.00507972613490412,0.318207667532128,-0.116096652320125,0.0662991177845627,0.345152843877892
-0.18,0.125,-0.183880683153088,0.120631790400391,-0.00388068315308809,-0.00436820959960878,0.00584302634263924,0.373310407605638,-0.135285375790212,0.0849526787053783,0.406054726666159
-0.18,0.14,-0.183552986150011,0.134744666258128,-0.00355298615001094,-0.00525533374187184,0.00634367742879682,0.419345099898215,-0.148982885877407,0.0901940055252045,0.454072957639389
-0.18,0.155,-0.182936632533001,0.149044165694987,-0.0029366325330009,-0.00595583430501296,0.00664046481073791,0.455527974241484,-0.158155299789031,0.0839310036329977,0.48945347521483
-0.18,0.17,-0.182098085824769,0.163538189689737,-0.00209808582476925,-0.00646181031026326,0.00679389112467386,0.481212685929645,-0.163635077102892,0.0683651227171595,0.51285244820632
-0.18,0.185,-0.181107876607723,0.178232708190881,-0.00110787660772332,-0.00676729180911872,0.00685737770636166,0.495913106094972,-0.16608337122275,0.0459389002963081,0.525000767637392
-0.18,0.2,-0.180039424381516,0.193131580460125,-3.94243815161577e-05,-0.006868419539875,0.00686853268592315,0.499321123363679,-0.165959792614299,0.019271879193824,0.526533563427865
-0.18,0.215,-0.178967736710355,0.208236435654177,0.00103226328964497,-0.00676356434582283,0.00684188352423764,0.491318324316377,-0.163501670611187,-0.00891222182113385,0.517887773421211
-0.18,0.23,-0.177968038771508,0.223546620724578,0.00203196122849192,-0.00645337927542194,0.00676572025039018,0.471980782013546,-0.15871426986726,-0.0358634903563544,0.4992432723151
-0.18,0.245,-0.177114391767114,0.239059218777015,0.00288560823288569,-0.00594078122298462,0.00660451485069602,0.441576627801618,-0.151372633702209,-0.0588849354494538,0.470502148851372
-0.18,0.26,-0.176478359554618,0.254769136771346,0.00352164044538159,-0.00523086322865438,0.00630586088836694,0.400556558920447,-0.141034870880103,-0.0754086307942249,0.431304685496355
-0.18,0.275,-0.176127779201421,0.270669257341613,0.0038722207985793,-0.00433074265838661,0.00580942560724549,0.349537895237509,-0.127065868329266,-0.0830650347848353,0.381081107458032
-0.18,0.29,-0.176125683358796,0.286750645872046,0.00387431664120431,-0.00324935412795402,0.00505654345231646,0.289283200446231,-0.108669692428487,-0.0797422151632733,0.319144099636205
-0.18,0.305,-0.176529411353424,0.303002801197851,0.00347058864657587,-0.00199719880214888,0.00400422134865772,0.220674780209126,-0.0849284051777526,-0.0636325209476951,0.244866048297597
-0.18,0.32,-0.177389932878404,0.319413936577277,0.00261006712159551,-0.000586063422722688,0.00267505527320227,0.144686542147338,-0.0548447159860539,-0.0332652105085926,0.158267901062806
-0.18,0.335,-0.17875139454118,0.335971276979682,0.00124860545882041,0.000971276979682412,0.00158189587617426,0.0623547468284851,-0.017385828408305,0.0124754531186377,0.0659243421729768
-0.18,0.35,-0.180650886551244,0.352661359195155,-0.00065088655124354,0.00266135919515498,0.00273979672023777,-0.0252509031029594,0.0284739964110377,0.0743461878786378,0.0835208564808233
-0.16,0.05,-0.160254743548378,0.051575132095693,-0.000254743548378372,0.001575132095693,0.00159559875730794,0.145672290176687,-0.0340086180515562,-0.0314905098045444,0.152868140227825
-0.16,0.065,-0.162097301335746,0.065049154280104,-0.00209730133574607,4.91542801040468e-05,0.00209787726909245,0.225081781907453,-0.0778070540618412,0.0479829817243945,0.242936619642987
-0.16,0.08,-0.16340015094924,0.078640062329071,-0.00340015094924004,-0.00135993767092898,0.00366202907503882,0.29964075242936,-0.111889635060037,0.108451913273673,0.337736611467802
-0.16,0.095,-0.164198654131866,0.0923605151460666,-0.00419865413186563,-0.00263948485393341,0.00495939278674075,0.368307582509866,-0.137495864010933,0.150410515149161,0.420927200260537
-0.16,0.11,-0.164535359480171,0.106222673612398,-0.00453535948017071,-0.00377732638760199,0.00590234531799425,0.430062169833047,-0.155911025094861,0.174752661678022,0.489695487190177
-0.16,0.125,-0.164459849435595,0.120237921563899,-0.00445984943559458,-0.00476207843610076,0.00652438870851125,0.483934459090866,-0.168418027083568,0.182778076589214,0.544028713799879
-0.16,0.14,-0.164028365131272,0.134416583039061,-0.00402836513127172,-0.00558341696093946,0.00688493068887061,0.529033965153594,-0.176245827295415,0.176183139662073,0.584793121904593
-0.16,0.155,-0.163303201014201,0.148767648094598,-0.00330320101420105,-0.00623235190540168,0.00705360526347929,0.564578854902041,-0.18051718263274,0.157035135688399,0.613187866188887
-0.16,0.17,-0.162351874067142,0.163298520407005,-0.00235187406714168,-0.00670147959299504,0.00710219264474166,0.589923015405264,-0.182198828629723,0.127729811198818,0.63049543484702
-0.16,0.185,-0.161246086629673,0.178014799862295,-0.00124608662967339,-0.00698520013770459,0.00709547411047627,0.604579512663036,-0.182057289178257,0.090933268450347,0.637914027573601
-0.16,0.2,-0.160060515820872,0.192920112198134,-6.05158208723455e-05,-0.00707988780186626,0.00708014642868285,0.60823897165557,-0.180623330540236,0.0495104110850034,0.636423506339018
-0.16,0.215,-0.158871475200749,0.208015995609355,0.00112852479925082,-0.0069840043906453,0.00707459437360736,0.600781664391752,-0.178167580553579,0.00644324875655677,0.626679922841924
-0.16,0.23,-0.157755503870737,0.223301851107411,0.00224449612926252,-0.00669814889258875,0.00706420281854665,0.582282486180879,-0.174689077850825,-0.0352567894732241,0.608946384620079
-0.16,0.245,-0.156787943962336,0.23877495965467,0.00321205603766411,-0.00622504034533017,0.00700488624390738,0.553008467224687,-0.169917563533081,-0.0726378625431142,0.583069066440129
-0.16,0.26,-0.156041568323826,0.254430565017336,0.00395843167617417,-0.00556943498266381,0.00683284621230849,0.513408982364686,-0.163329288236876,-0.102893269092919,0.548502107609749
-0.16,0.275,-0.155585316415699,0.270262017341358,0.00441468358430129,-0.00473798265864211,0.00647594864271581,0.46409931620109,-0.154175095826466,-0.123439083099529,0.504377820241956
-0.16,0.29,-0.155483188158848,0.286260968967609,0.00451681184115243,-0.0037390310323905,0.00586361170862754,0.405838664984059,-0.141518673693224,-0.131980096075685,0.449613545306121
-0.16,0.305,-0.155793333965373,0.302417611351582,0.00420666603462685,-0.00258238864841817,0.00493606829960468,0.339503970398424,-0.124282221338353,-0.126561273291009,0.383050021353258
-0.16,0.32,-0.156567365444477,0.318720940355201,0.0034326345555234,-0.00127905964479887,0.00366319171853266,0.266061157907262,-0.101296436236519,-0.105603072691185,0.303647381847981
-0.16,0.335,-0.157849897053657,0.335159036578388,0.00215010294634305,0.000159036578387631,0.00215597664948818,0.186535383112606,-0.0713516640433059,-0.0679201665156832,0.210949539946039
-0.16,0.35,-0.159678315371444,0.35171934790722,0.000321684628556473,0.00171934790722035,0.00174918215927116,0.101981792081187,-0.0332472819975452,-0.0127241996841514,0.108016556085403
-0.14,0.05,-0.141143516547538,0.0508799219280145,-0.00114351654753811,0.000879921928014463,0.00144287653452891,0.229892338707876,-0.0860467544415353,0.0985491022185912,0.264511967898409
-0.14,0.065,-0.142925429153174,0.0644868151025069,-0.00292542915317368,-0.000513184897493066,0.00297010007731279,0.305227012079879,-0.121533647225758,0.17340126345291,0.37148679373996
-0.14,0.08,-0.14416052686759,0.0781998872126034,-0.00416052686758989,-0.00180011278739661,0.00453325378324291,0.376057369071789,-0.147412499209652,0.227834778085843,0.463745026841972
-0.14,0.095,-0.144884375335282,0.0920307951662395,-0.00488437533528244,-0.00296920483376047,0.00571605631189389,0.4413815595599,-0.165099385993133,0.262343369059174,0.539353019657962
-0.14,0.11,-0.145139879727696,0.105990748317655,-0.00513987972769603,-0.00400925168234519,0.00651862429256115,0.500215393537508,-0.176062961093388,0.277857233030442,0.598683145926592
-0.14,0.125,-0.144977136842013,0.120090249540189,-0.00497713684201249,-0.00490975045981051,0.00699124743674029,0.551620349623694,-0.18176964474859,0.275751789330466,0.64293747811362
-0.14,0.14,-0.144453058537697,0.134338832346483,-0.00445305853769691,-0.00566116765351729,0.00720267655398921,0.594732736499045,-0.183624601951855,0.257839258314937,0.673729423119012
-0.14,0.155,-0.143630757693807,0.148744805560687,-0.00363075769380737,-0.00625519443931344,0.0072325554892278,0.628792567483308,-0.182911687280099,0.226341623875503,0.692873119245303
-0.14,0.17,-0.142578701262265,0.163315017942729,-0.00257870126226453,-0.00668498205727132,0.00716510190479131,0.653170549590398,-0.180735979957714,0.183844708901766,0.702212439773905
-0.14,0.185,-0.141369649725176,0.17805465517972,-0.00136964972517636,-0.00694534482028021,0.00707910693818569,0.667391556152653,-0.177972680610126,0.133234434860949,0.703451060730104
-0.14,0.2,-0.140079416956262,0.192967080617041,-7.94169562620792e-05,-0.0070329193829593,0.00703336776374921,0.671153068209488,-0.175225937334115,0.0776177289356806,0.697983600709025
-0.14,0.215,-0.13878549758804,0.208053729087106,0.00121450241196016,-0.00694627091289422,0.00705164489349665,0.664337333170263,-0.172800598084478,0.0202318138143069,0.686745303153957
-0.14,0.23,-0.137565619137738,0.223314060245495,0.00243438086226207,-0.0066859397545046,0.00711533559176325,0.647016385021325,-0.170688990298103,-0.0356533724195618,0.670105376321628
-0.14,0.245,-0.136496282031571,0.238745574283254,0.00350371796842915,-0.00625442571674584,0.00716895254891431,0.61944956366057,-0.168573696178303,-0.0868342778946657,0.64782676373005
-0.14,0.26,-0.135651351677712,0.254343889048836,0.0043486483222883,-0.00565611095116401,0.00713458711649233,0.582073698583286,-0.165846047801442,-0.13026887507605,0.619102908433862
-0.14,0.275,-0.135100762697837,0.270102873842696,0.00489923730216327,-0.00489712615730373,0.00692707519400911,0.535486638122622,-0.161638859301912,-0.163162729912613,0.582664622825002
-0.14,0.29,-0.134909386802521,0.286014831918725,0.00509061319747856,-0.00398516808127539,0.00646497543401048,0.480425243072245,-0.15487087854841,-0.183041699868556,0.536935542675491
-0.14,0.305,-0.13513610370053,0.302070721204742,0.00486389629947029,-0.00292927879525784,0.00567786592588694,0.417739282517151,-0.144299692159764,-0.187808123710428,0.480210110821719
-0.14,0.32,-0.135833100154844,0.31826040124866,0.00416689984515622,-0.00173959875134003,0.00451544661525599,0.348362844834762,-0.128579416825816,-0.175778697984025,0.410838425607071
-0.14,0.335,-0.137045407399186,0.334572893887843,0.00295459260081407,-0.000427106112156878,0.00298530351351869,0.273284896620964,-0.106319474653805,-0.145703627331561,0.327442062426908
-0.14,0.35,-0.13881067304708,0.350996645626594,0.00118932695292007,0.000996645626594128,0.00155170909192133,0.193520511559144,-0.0761410404201078,-0.0967678868835476,0.22937249317818
-0.12,0.05,-0.121919664605511,0.0503800851473219,-0.00191966460551066,0.000380085147321893,0.00195693048340126,0.278841336770021,-0.121818833479595,0.218834644671969,0.374808513722282
-0.12,0.065,-0.123648883441904,0.0641262343057326,-0.00364888344190381,-0.000873765694267434,0.00375204169234278,0.348287559581883,-0.149140406518175,0.289511893319963,0.476828620842627
-0.12,0.08,-0.124825025403992,0.0779675037354318,-0.00482502540399155,-0.00203249626456825,0.00523563856799222,0.413660860512392,-0.166956722446637,0.33843387252239,0.559937350156776
-0.12,0.095,-0.125483829986401,0.0919144666404091,-0.00548382998640096,-0.00308553335959094,0.00629228952233596,0.474026763378813,-0.176857403959951,0.366089614366178,0.624504107752178
-0.12,0.11,-0.125668511706732,0.105977299639633,-0.00566851170673152,-0.00402270036036709,0.00695083758684159,0.528464661705549,-0.180492019959832,0.373440071028854,0.671799765607658
-0.12,0.125,-0.125429616985319,0.120165546339313,-0.0054296169853186,-0.00483445366068724,0.00726998506219872,0.576094418292978,-0.179508647820692,0.361929566083317,0.703638662106804
-0.12,0.14,-0.124824646560319,0.134487876886202,-0.00482464656031886,-0.00551212311379837,0.0073253474766503,0.616104219716432,-0.175487374079915,0.333478336291311,0.722215296827409
-0.12,0.155,-0.123917433903567,0.148951854073128,-0.00391743390356741,-0.00604814592687233,0.00720599455603193,0.647778287664414,-0.169872347516207,0.290454416082449,0.729961847995143
-0.12,0.17,-0.122777283986988,0.16356371743242,-0.0027772839869876,-0.0064362825675805,0.00700992436721812,0.67052288328003,-0.163906545965711,0.235624434976952,0.729378057956431
-0.12,0.185,-0.121477891992367,0.17832819678852,-0.00147789199236695,-0.00667180321148036,0.00683352931023363,0.683888998072798,-0.158573619571959,0.172084428911766,0.722820679387409
-0.12,0.2,-0.120096076806471,0.193248365795827,-9.60768064710331e-05,-0.00675163420417331,0.00675231776353162,0.687590225084731,-0.154550957470948,0.103173366463333,0.712262306254575
-0.12,0.215,-0.118710377781037,0.208325544141958,0.00128962221896289,-0.00667445585804233,0.00679790309349863,0.681514566479469,-0.152177475677955,0.0323735607504756,0.699052356967255
-0.12,0.23,-0.117399573798202,0.22355925436585,0.00260042620179836,-0.00644074563415049,0.00694589236562359,0.665729325087617,-0.151438583675831,-0.0367966923769267,0.683731470086689
-0.12,0.245,-0.116241189806261,0.23894723597081,0.00375881019373861,-0.00605276402919024,0.00712492852354411,0.64047871014627,-0.151969460188423,-0.100892196438732,0.665951892457656
-0.12,0.26,-0.115310057073258,0.254485515942223,0.0046899429267423,-0.00551448405777671,0.00723913662528714,0.606174328904112,-0.153076313269093,-0.156645462584408,0.644532277255202
-0.12,0.275,-0.114676989153142,0.270168531306019,0.00532301084685796,-0.00483146869398139,0.00718870880038201,0.563379237764654,-0.15377388188429,-0.201061069292449,0.617634050128788
-0.12,0.29,-0.114407626624454,0.28598929634549,0.00559237337554591,-0.00401070365451008,0.00688188809672282,0.512786670810452,-0.152836233028583,-0.231494953968696,0.583011089412872
-0.12,0.305,-0.114561491049634,0.301939604791832,0.00543850895036552,-0.00306039520816814,0.00624046460076366,0.455194872075907,-0.148857043138442,-0.245715146362448,0.538273959074694
-0.12,0.32,-0.11519127378245,0.318010255897957,0.00480872621755024,-0.00198974410204307,0.00520412619245251,0.39147962486255,-0.140315107121899,-0.241942005854296,0.481125680439383
-0.12,0.335,-0.116342369798238,0.334191292862918,0.00365763020176163,-0.000808707137081588,0.00374596662110136,0.322566083609605,-0.125640803181788,-0.218867602084231,0.40955858090089
-0.12,0.35,-0.118052652165188,0.35047224254851,0.00194734783481229,0.000472242548510166,0.00200379056150375,0.249401387555534,-0.103279610714425,-0.175655312224958,0.322060230260979
-0.1,0.05,-0.102579022105292,0.0500530899984703,-0.00257902210529151,5.30899984703126e-05,0.00257956848475086,0.293894348969726,-0.144471408132471,0.326595966715536,0.462506176348715
-0.1,0.065,-0.10426370116813,0.0639442413805287,-0.00426370116812982,-0.0010557586194713,0.00439246786143047,0.355638890983206,-0.164091812578004,0.393623378676215,0.55528994363107
-0.1,0.08,-0.105389939046514,0.0779191431315432,-0.00538993904651372,-0.00208085686845676,0.00577766460017686,0.413821515178669,-0.17429973856284,0.437674218653207,0.627049672209967
-0.1,0.095,-0.105993619462178,0.0919872103391481,-0.00599361946217819,-0.00301278966085193,0.00670823194276536,0.467603702826043,-0.176848797375586,0.459229669492863,0.678841660533381
-0.1,0.11,-0.106118217946995,0.106157512765476,-0.00611821794699532,-0.00384248723452436,0.00722476982293681,0.516157312460956,-0.173560121624641,0.459275731752385,0.712377864843385
-0.1,0.125,-0.105814663066985,0.12043856314324,-0.0058146630669849,-0.00456143685676041,0.0073903323863525,0.558688817362561,-0.166254593661809,0.439317401902659,0.729918330871232
-0.1,0.14,-0.105140958120871,0.134838101523209,-0.00514095812087131,-0.00516189847679131,0.00728523481332299,0.594464817093852,-0.156679142243751,0.401372302386249,0.734196072907639
-0.1,0.155,-0.104161553180282,0.14936288521025,-0.00416155318028187,-0.00563711478974996,0.00700682438948857,0.622837527143453,-0.146431145226176,0.347941706089424,0.728312596840181
-0.1,0.17,-0.102946471603611,0.164018494603588,-0.00294647160361074,-0.00598150539641217,0.00666784085879322,0.64326878372758,-0.136885629002622,0.281958357782045,0.715569405811505
-0.1,0.185,-0.101570210841381,0.178809165323258,-0.00157021084138076,-0.00619083467674227,0.00638686120728674,0.655351049295476,-0.129130213980855,0.206712209791926,0.699210708631779
-0.1,0.2,-0.10011045312133,0.193737656161983,-0.000110453121329521,-0.00626234383801663,0.00626331782983718,0.658823995277274,-0.12391253401647,0.12575699178656,0.682073081057544
-0.1,0.215,-0.0986466356805686,0.208805160744223,0.00135336431943137,-0.0061948392557771,0.00634094853992894,0.653585478875502,-0.121604130188709,0.0428022031485891,0.666182085442134
-0.1,0.23,-0.0972584411490094,0.224011268298862,0.00274155885099062,-0.00598873170113839,0.00658642940610958,0.639696099291087,-0.122183634840233,-0.038403547721102,0.652395103467558
-0.1,0.245,-0.0960242750377563,0.239353976005563,0.00397572496224372,-0.0056460239944372,0.00690535849331288,0.617376984329951,-0.125240542664745,-0.114191126894377,0.640221377731841
-0.1,0.26,-0.0950197983870568,0.25482975210827,0.00498020161294323,-0.0051702478917303,0.00717870958929974,0.587000968091838,-0.129999191760248,-0.181084480010922,0.62790561490451
-0.1,0.275,-0.0943165792416236,0.270433645864282,0.00568342075837641,-0.00456635413571789,0.00729060090867219,0.549077800091484,-0.135360951290931,-0.235902844375777,0.612750151537642
-0.1,0.29,-0.0939809173836842,0.28615943764829,0.00601908261631576,-0.00384056235171008,0.00713997722121068,0.504234450385543,-0.139961237111912,-0.275846235419066,0.591553702489095
-0.1,0.305,-0.0940728836815662,0.301999820441666,0.00592711631843382,-0.00300017955833423,0.00664317583949808,0.453191861380168,-0.142236998060957,-0.298560389210429,0.561030344746427
-0.1,0.32,-0.0946456001297701,0.317946602685307,0.00535439987022993,-0.00205339731469294,0.00573463499294475,0.396739649150891,-0.140499827541321,-0.302179099841665,0.518127965448233
-0.1,0.335,-0.0957447707197133,0.333990922065704,0.00425522928028671,-0.00100907793429623,0.00437323844596803,0.33571026268403,-0.133009865684538,-0.285343660924136,0.460233797730188
-0.1,0.35,-0.0974084582766578,0.350123460274167,0.00259154172334225,0.000123460274167236,0.00259448086196857,0.27095397761291,-0.118046108214164,-0.247200718444032,0.385304679876379
-0.08,0.05,-0.0831179774046485,0.0498749309952679,-0.0031179774046485,-0.000125069004732054,0.00312048479436181,0.277786752334185,-0.157253126036228,0.419145441085083,0.526857553893436
-0.08,0.065,-0.0847664438199509,0.0639161103594553,-0.00476644381995092,-0.00108388964054473,0.00488812882825612,0.33010506752469,-0.169967795899375,0.483117395836278,0.609314634948626
-0.08,0.08,-0.0858520488731242,0.0780294023371914,-0.00585204887312424,-0.00197059766280863,0.00617492762403751,0.37944359922182,-0.173348777942005,0.523044726025243,0.66903521216837
-0.08,0.095,-0.0864107913364582,0.0922229981619738,-0.00641079133645817,-0.00277700183802623,0.00698641429976838,0.425087757322953,-0.169297145918069,0.539398942108667,0.707332098836949
-0.08,0.11,-0.0864863585499551,0.106504795139526,-0.00648635854995508,-0.00349520486047436,0.00736812759493611,0.466330322493075,-0.159788809658619,0.533185518045093,0.726147566163204
-0.08,0.125,-0.086129991386795,0.120882211635695,-0.00612999138679501,-0.0041177883643051,0.00738464456933355,0.502492359722755,-0.146800992214938,0.505960661513186,0.728046994259747
-0.08,0.14,-0.0854001055007551,0.135361998345995,-0.00540010550075508,-0.00463800165400538,0.00711844075355284,0.532945327957533,-0.132231937788275,0.459826064352477,0.716214141791182
-0.08,0.155,-0.0843616581811408,0.149950054207288,-0.00436165818114077,-0.00504994579271223,0.00667278162376412,0.557133252896799,-0.117818278320935,0.397399280395515,0.69441392473843
-0.08,0.17,-0.0830852647667299,0.164651256037051,-0.00308526476672986,-0.00534874396294921,0.00617478102138127,0.57459367128736,-0.105055242252406,0.321758966712066,0.666879557589309
-0.08,0.185,-0.0816460846149779,0.179469311049419,-0.00164608461497789,-0.0055306889505812,0.00577045187379185,0.584976003136832,-0.0951252060636581,0.236366108657883,0.638058675829926
-0.08,0.2,-0.0801225128294835,0.194406640673803,-0.000122512829483462,-0.00559335932619751,0.00559470088077537,0.588056084261459,-0.0888398653040695,0.144964342596268,0.612144349752693
-0.08,0.215,-0.0785947284205906,0.209464302648217,0.00140527157940945,-0.00553569735178264,0.00571128123825375,0.583745798397231,-0.0866005024544978,0.0514643486445352,0.592376999197639
-0.08,0.23,-0.0771431607962717,0.224641956182147,0.00285683920372829,-0.00535804381785271,0.00607208068045777,0.572097083303373,-0.0883795099553196,-0.0401812305377535,0.580278743342602
-0.08,0.245,-0.0758469430482357,0.239937872379671,0.00415305695176428,-0.00506212762032943,0.00654774908568583,0.553299994146023,-0.0937246225862377,-0.126104979460132,0.575178609277174
-0.08,0.26,-0.0747824216017279,0.25534898923225,0.00521757839827208,-0.00465101076775018,0.0069896370080172,0.527674967086807,-0.10178543280645,-0.202646457145444,0.574342662547966
-0.08,0.275,-0.074021787315516,0.270871007722529,0.00597821268448397,-0.00412899227747063,0.00726550783691939,0.49565986064347,-0.1113599384291,-0.266461491413772,0.573658616965919
-0.08,0.29,-0.0736318835760068,0.286498523168679,0.00636811642399318,-0.00350147683132074,0.00726727230739344,0.457792722318144,-0.120957331237529,-0.314613215621691,0.568497123557444
-0.08,0.305,-0.0736732335476844,0.30222518405891,0.00632676645231559,-0.00277481594108975,0.00690851483671214,0.414691488603347,-0.128872153416482,-0.34464073671475,0.554397599287455
-0.08,0.32,-0.0741993129918407,0.318043869569753,0.00580068700815933,-0.00195613043024714,0.00612163507788298,0.367031953397934,-0.133264420529801,-0.354603260925205,0.527463077524842
-0.08,0.335,-0.0752560787693876,0.333946876581858,0.00474392123061237,-0.00105312341814193,0.0048594091797351,0.315525338921539,-0.132240349198105,-0.3430994655965,0.484522849602766
-0.08,0.35,-0.0768817477603573,0.349926107411488,0.00311825223964274,-7.38925885121477e-05,0.00311912762558283,0.260896677369875,-0.123928860667788,-0.309263654328701,0.423166941818691
-0.06,0.05,-0.0635335271643918,0.0498203120374484,-0.00353352716439184,-0.000179687962551606,0.00353809298710209,0.234619990332351,-0.163288395271634,0.494012247936511,0.570754268338053
-0.06,0.065,-0.0651542502338441,0.064015751618394,-0.00515425023384405,-0.000984248381605962,0.00524738414353051,0.275970920843053,-0.170214963423112,0.555581185887779,0.6432790093211
-0.06,0.08,-0.0662086749433983,0.0782714440494569,-0.00620867494339833,-0.00172855595054308,0.00644480800543664,0.314984313367233,-0.16786976888263,0.592226471443752,0.691471889290179
-0.06,0.095,-0.0667328864004463,0.0925943009126944,-0.00673288640044631,-0.00240569908730565,0.00714976554720349,0.351095072449725,-0.158277919713589,0.604409627613308,0.716684968995088
-0.06,0.11,-0.0667707338572091,0.106990991270781,-0.00677073385720914,-0.00300900872921886,0.00740924898337702,0.383743060418382,-0.143545886867421,0.593150376159213,0.720901090887948
-0.06,0.125,-0.0663736987176646,0.121467785045231,-0.00637369871766459,-0.00353221495476891,0.00728701432894518,0.412389786453989,-0.125783105073482,0.560045690072189,0.706784433234341
-0.06,0.14,-0.0656005155437901,0.136030393028674,-0.00560051554379006,-0.00396960697132578,0.00686465977766067,0.436536113382391,-0.107016059630229,0.507265589526523,0.677746228034559
-0.06,0.155,-0.0645165349327976,0.150683810617165,-0.00451653493279758,-0.00431618938283493,0.00624728569761923,0.455740066425389,-0.0890996207043998,0.437523067606096,0.638019115389991
-0.06,0.17,-0.063192832089152,0.165432173023039,-0.003192832089152,-0.00456782697696137,0.00557307994209439,0.469633695902985,-0.0736312356024016,0.354017229183438,0.592712998561992
-0.06,0.185,-0.0617050812086186,0.180278629745237,-0.00170508120861861,-0.00472137025476269,0.00501982459957937,0.47793789739529,-0.0618739607105143,0.260350758995353,0.547757084564479
-0.06,0.2,-0.060132232366177,0.195225245516715,-0.000132232366176978,-0.0047747544832851,0.00477658515828158,0.480474151343087,-0.0546940907995771,0.160424992571848,0.509494595113102
-0.06,0.215,-0.0585550423749537,0.210272933676217,0.00144495762504625,-0.00472706632378267,0.00494298073712811,0.477172311760241,-0.0525182837305065,0.0583178880200652,0.483584480242484
-0.06,0.23,-0.0570545225170405,0.225421426110192,0.00294547748295945,-0.00457857388980776,0.00544418740190402,0.468073848033729,-0.0553136405355523,-0.0418481843643213,0.473186294395725
-0.06,0.245,-0.0557103728419602,0.240669281612049,0.00428962715803982,-0.00433071838795068,0.00609557404275651,0.453330277154697,-0.0625923347157579,-0.136040925275123,0.477424960324405
-0.06,0.26,-0.0545994737555949,0.256013932140808,0.00540052624440508,-0.00398606785919178,0.00671225898595919,0.433196905336453,-0.0734403215439233,-0.220446747948426,0.491580401006279
-0.06,0.275,-0.0537945011314172,0.271451764021692,0.00620549886858281,-0.00354823597830756,0.00714830013120173,0.408022353930694,-0.0865676577641538,-0.291586052585273,0.50892074980124
-0.06,0.29,-0.0533627213676554,0.286978229096589,0.00663727863234462,-0.00302177090341071,0.0072927749887185,0.378234647631699,-0.100376277924659,-0.346408927189336,0.522625950835319
-0.06,0.305,-0.0533650091756884,0.302587979232359,0.00663499082431163,-0.0024120207676408,0.00705981213788511,0.344324853857523,-0.113039899313216,-0.382366908476801,0.526824479233818
-0.06,0.32,-0.0538551147798178,0.31827501668717,0.00614488522018217,-0.00172498331283014,0.00638241191077132,0.306829367653505,-0.122590169780355,-0.397458548944839,0.516863347866171
-0.06,0.335,-0.0548791906216536,0.334032852503506,0.00512080937834641,-0.000967147496494514,0.00521133984396875,0.266311923845377,-0.1270032364716,-0.39024864566945,0.489231358891484
-0.06,0.35,-0.0564755719725325,0.349854665474143,0.00352442802746747,-0.00014533452585716,0.00352742328693401,0.223346317309875,-0.124281523262756,-0.359862874714216,0.44139747016498
-0.04,0.05,-0.0438233227642278,0.0498628560273914,-0.00382332276422784,-0.000137143972608611,0.0038257816755123,0.169769260954935,-0.165338796422275,0.549079447398234,0.598038465458756
-0.04,0.065,-0.0454248817723362,0.0642159322537667,-0.00542488177233616,-0.000784067746233269,0.0054812502656336,0.198887940690303,-0.167883025142504,0.608943419681884,0.662237188454433
-0.04,0.08,-0.0464577194649222,0.078617227432786,-0.00645771946492224,-0.001382772567214,0.00660410483413726,0.226358368690223,-0.161198720855659,0.643224993803787,0.700690837879995
-0.04,0.095,-0.0469579789702767,0.0930723287037287,-0.00695797897027667,-0.00192767129627133,0.0072200684191551,0.251786283358785,-0.147405338095192,0.652376889335323,0.714651588754277
-0.04,0.11,-0.0469696210557197,0.107586632045642,-0.00696962105571974,-0.00241336795435781,0.0073756330266258,0.274780562302535,-0.128708906045488,0.637428320904881,0.705968490518186
-0.04,0.125,-0.046544294391898,0.122165215399684,-0.00654429439189799,-0.00283478460031614,0.00713188564252239,0.294964924715747,-0.107319897404428,0.600005852472087,0.677151554240031
-0.04,0.14,-0.045740956449228,0.136812708893026,-0.00574095644922802,-0.00318729110697374,0.00656638451147408,0.311990375704852,-0.0853629904482587,0.542330055553772,0.63146714882636
-0.04,0.155,-0.044625233652745,0.151533167905234,-0.004625233652745,-0.00346683209476648,0.00578028642160471,0.325547747423307,-0.0647837433040797,0.467185149443362,0.573099442922531
-0.04,0.17,-0.0432685244352333,0.166329955284982,-0.00326852443523326,-0.00367004471501781,0.00491451729002422,0.335379592707581,-0.04725812312529,0.377860583721271,0.507437784572736
-0.04,0.185,-0.0417468654412768,0.181205639057544,-0.00174686544127685,-0.00379436094245639,0.00417716576539235,0.341290650966753,-0.0341112486150352,0.278065669969783,0.441547695539631
-0.04,0.2,-0.040139597899223,0.196161911528579,-0.000139597899222996,-0.00383808847142078,0.00384062634057527,0.343156144699694,-0.0262514819837269,0.171820656071409,0.384666314606739
-0.04,0.215,-0.0385278861942791,0.211199534636946,0.00147211380572088,-0.00380046536305439,0.00407561725788502,0.340927285666675,-0.0241251005067039,0.0633297920289649,0.347598141142421
-0.04,0.23,-0.036993152281373,0.22631831496865,0.003006847718627,-0.00368168503134969,0.00475351847299206,0.334633561910433,-0.0276952460661952,-0.0431563396363616,0.33854017560875
-0.04,0.245,-0.0356154964577965,0.241517109974477,0.00438450354220346,-0.00348289002552288,0.0055994994634772,0.324381619718569,-0.0364468580263308,-0.143480897080465,0.356565543519612
-0.04,0.26,-0.0344721761234513,0.256793864987552,0.00552782387654868,-0.00320613501244774,0.00639031599595708,0.310350827082327,-0.0494170866755164,-0.233714701717024,0.391641217613969
-0.04,0.275,-0.033636209513508,0.272145678649003,0.00636379048649197,-0.00285432135099681,0.0069745953094586,0.292785854109936,-0.0652485444995402,-0.310276085149694,0.43157045606018
-0.04,0.29,-0.03317516149136,0.287568892717503,0.00682483850864002,-0.00243110728249682,0.00724490878396856,0.271986832363042,-0.0822609565190099,-0.370030144696015,0.466548188972862
-0.04,0.305,-0.033150154613039,0.303059200891041,0.00684984538696096,-0.00194079910895922,0.00711948614765189,0.248297799277028,-0.0985355234287463,-0.41036284198548,0.489653109686036
-0.04,0.32,-0.0336151323621995,0.31861177053759,0.00638486763780052,-0.00138822946241032,0.00653404283675402,0.222094204143854,-0.112005730528032,-0.42922763213216,0.496093758191276
-0.04,0.335,-0.0346163845946636,0.334221370986148,0.00538361540533636,-0.000778629013852311,0.00543963031591188,0.19377024948717,-0.120548422666866,-0.425164539311962,0.482540250716068
-0.04,0.35,-0.0361923293845546,0.349882502292704,0.00380767061544537,-0.000117497707296105,0.00380948306558068,0.163726758875608,-0.122069633772248,-0.397293581996785,0.446710922396728
-0.02,0.05,-0.0239857074259388,0.049975337197342,-0.00398570742593884,-2.46628026580042e-05,0.00398578372958431,0.0896888645161824,-0.165576870268934,0.582711235683135,0.61238529260529
-0.02,0.065,-0.0255767584990691,0.0644885210271699,-0.00557675849906905,-0.000511478972830104,0.00560016482762662,0.105668489149691,-0.16537390865242,0.64160085956201,0.670947961140609
-0.02,0.08,-0.0265977013705399,0.0790377651894829,-0.00659770137053992,-0.000962234810517076,0.00666750022162693,0.120721609962547,-0.155965972689378,0.674494109907043,0.702742902486329
-0.02,0.095,-0.0270847092069588,0.0936272994960574,-0.00708470920695881,-0.00137270050394264,0.00721646805720716,0.134640267219097,-0.139532140594732,0.681837375123496,0.708876460227187
-0.02,0.11,-0.0270818035641682,0.108261213832391,-0.00708180356416821,-0.00173878616760853,0.00729214091046877,0.14721830879389,-0.118341507043739,0.664665080446237,0.690987263900517
-0.02,0.125,-0.0266407260592492,0.122943362072295,-0.00664072605924917,-0.00205663792770513,0.00695190636873558,0.158257543866715,-0.0946686826254143,0.624621720619808,0.651279103478956
-0.02,0.14,-0.0258205592798813,0.137677263579987,-0.00582055927988134,-0.00232273642001279,0.00626689834028498,0.16757429228484,-0.070700798192718,0.563959101669947,0.592564548756675
-0.02,0.155,-0.0246870854545317,0.152466006736886,-0.00468708545453173,-0.00253399326311413,0.0053282165792684,0.175005986155731,-0.0484411969807489,0.485505833399084,0.518354503859786
-0.02,0.17,-0.0233118863712025,0.16731215922142,-0.00331188637120245,-0.00268784077858036,0.00426533461603612,0.180417433051455,-0.0296159709573884,0.392607951040759,0.433092890960942
-0.02,0.185,-0.0217712049205363,0.182217689917143,-0.00177120492053633,-0.00278231008285701,0.00329824442206758,0.183706326482663,-0.0155899431615006,0.289041763755101,0.342836043318843
-0.02,0.2,-0.0201446054257642,0.197183906929416,-0.0001446054257642,-0.00281609307058386,0.00281980334621954,0.184807611692119,-0.00729847777560494,0.178902399474636,0.257319453104568
-0.02,0.215,-0.0185134851252442,0.212211415452947,0.00148651487475578,-0.0027885845470535,0.0031600522541464,0.183696376364312,-0.00520056390169188,0.0664737514791215,0.195423133768803
-0.02,0.23,-0.0169595009032389,0.227300098089198,0.00304049909676109,-0.00269990191080172,0.00406621508104967,0.18038904144735,-0.00925702764667934,-0.043912667813679,0.185887739081893
-0.02,0.245,-0.0155629822372953,0.242449118859963,0.00443701776270475,-0.00255088114003668,0.00511801926697744,0.174942752583436,-0.0189356508469856,-0.148021366186549,0.229943300336786
-0.02,0.26,-0.0144014025276218,0.25765695060048,0.00559859747237816,-0.00234304939951988,0.00606911642220757,0.167453018075166,-0.0332426723366647,-0.241850161891778,0.296035951022277
-0.02,0.275,-0.013547976231893,0.27292142400009,0.00645202376810697,-0.00207857599991026,0.00677857572736487,0.158049775504278,-0.0507779181462187,-0.321752948846762,0.362054588128072
-0.02,0.29,-0.0130704392966936,0.288239795194709,0.00692956070330644,-0.00176020480529071,0.00714962464031346,0.146892181954788,-0.0698089358921457,-0.384541213994795,0.41752043940176
-0.02,0.305,-0.0130300563205093,0.30360882790251,0.00696994367949075,-0.00139117209749048,0.00710742391447908,0.134162505993142,-0.0883582159205705,-0.427559621552761,0.456744006053985
-0.02,0.32,-0.013480881491006,0.319024885430412,0.006519118508994,-0.000975114569587571,0.00659164278144152,0.120059531907486,-0.104296984942771,-0.448733307681724,0.476083015629174
-0.02,0.335,-0.0144692833010117,0.334484027755133,0.00553071669898828,-0.000515972244867463,0.00555473262740353,0.104791885109251,-0.115439161520212,-0.446586846541151,0.473020741140128
-0.02,0.35,-0.0160337271118442,0.349982109036415,0.00396627288815582,-1.78909635845659e-05,0.00396631323900394,0.0885716438201122,-0.119629769718502,-0.42023689272237,0.445820890825375
0,0.05,-0.00401974290888979,0.0501299315330994,-0.00401974290888979,0.00012993153309937,0.00402184227150485,0.0016234643747033,-0.165398528564798,0.593857203166917,0.616465208067413
0,0.065,-0.00560898520674111,0.0648047528805619,-0.00560898520674111,-0.000195247119438136,0.00561238242523525,0.00397683343979693,-0.164233086263415,0.652522459621736,0.672888613533193
0,0.08,-0.00662778123346666,0.0795034017122416,-0.00662778123346666,-0.000496598287758387,0.00664635944996187,0.00614235729964454,-0.153866185514411,0.685037981054727,0.702136551316014
0,0.095,-0.00711230640758251,0.0942287301195251,-0.00711230640758251,-0.000771269880474879,0.00715400305170937,0.00810672006609497,-0.136498499934011,0.691847186436075,0.705234973614488
0,0.11,-0.00710659219751092,0.108983501407229,-0.00710659219751092,-0.00101649859277092,0.00717892206747143,0.00985736268160633,-0.114422076925815,0.673985788240742,0.68370459181957
0,0.125,-0.00666239824961994,0.123770325382839,-0.00666239824961994,-0.00122967461716136,0.00677492805132495,0.011382786958573,-0.0899349749330544,0.633104282496568,0.639564810900059
0,0.14,-0.00583883346297491,0.138591591859712,-0.00583883346297491,-0.00140840814028839,0.00600629583836712,0.0126728633755865,-0.0652472570639487,0.571465428647455,0.57532019191081
0,0.155,-0.00470171436911568,0.153449405303512,-0.00470171436911568,-0.00155059469648841,0.00495080416917563,0.0137191268152687,-0.0423835841220847,0.491913709576123,0.493928325960906
0,0.17,-0.00332266437438098,0.168345523873526,-0.00332266437438098,-0.00165447612647368,0.00371179064574659,0.0145150462010935,-0.0230886421356338,0.397815618475016,0.398750147371378
0,0.185,-0.00177797420643365,0.18328130611689,-0.00177797420643365,-0.00171869388310988,0.00247287301384092,0.0150562488210131,-0.00874209637548189,0.292971863311328,0.293489038822118
0,0.2,-0.000147260750076303,0.198257668396656,-0.000147260750076303,-0.00174233160334356,0.00174854372107842,0.0153406851429126,-0.000289545591985182,0.18150498708984,0.182152432704928
0,0.215,0.00148802322463248,0.213275055588749,0.00148802322463248,-0.00172494441125132,0.00227807952867164,0.0153687222668496,0.00180499646538578,0.0677281663651266,0.0694734535396139
0,0.23,0.00304616428947315,0.228333426886123,0.00304616428947315,-0.00166657311387711,0.00347225903733571,0.0151431568121582,-0.00241882161603751,-0.0439972241389573,0.046593151307103
0,0.245,0.00444677739802884,0.243432257541412,0.00444677739802884,-0.00156774245858829,0.00471504460679649,0.0146691473278522,-0.0124228596936343,-0.149406575581094,0.150638140004108
0,0.26,0.00561233648430899,0.258570556448494,0.00561233648430899,-0.00142944355150584,0.00579151359145841,0.0139540672142972,-0.027202374410861,-0.244470594851761,0.246375019929938
0,0.275,0.00646957902992047,0.273746898372212,0.00646957902992047,-0.00125310162778794,0.00658981915639204,0.0130072908246432,-0.0453418308100193,-0.325519162249282,0.328919584926989
0,0.29,0.00695072703545505,0.288959468824709,0.00695072703545505,-0.00104053117529102,0.00702817981046004,0.0118399226574125,-0.065089944633733,-0.389343702725574,0.3949253359897
0,0.305,0.00699448088510204,0.3042061188663,0.00699448088510204,-0.00079388113369952,0.00703938989590021,0.0104644897653836,-0.0844479519797567,-0.433273335890615,0.441551481332752
0,0.32,0.00654675902363733,0.319484426723179,0.00654675902363733,-0.000515573276820641,0.00656702897186759,0.00889461243907248,-0.101264500521198,-0.455222432586371,0.466435716761427
0,0.335,0.00556117344557061,0.334791762963454,0.00556117344557061,-0.000208237036545933,0.00556507077718776,0.00714467195191985,-0.113330665264179,-0.453709552156281,0.467705525331695
0,0.35,0.00399924696873391,0.350125356108728,0.00399924696873391,0.000125356108727603,0.00400121112551221,0.00522949160669166,-0.118469314605051,-0.427849807752774,0.443980596901273
0.02,0.05,0.0160747750643579,0.0502984799678616,-0.0039252249356421,0.000298479967861615,0.00393655700918978,-0.086753548740345,-0.165297658820695,0.582121872659419,0.611325538672587
0.02,0.065,0.014478633523331,0.0651355073061152,-0.00552136647666901,0.000135507306115168,0.00552302906018925,-0.0980600369262491,-0.165009773787638,0.64131896039533,0.66943192575528
0.02,0.08,0.0134522243337224,0.0799841061100632,-0.00654777566627759,-1.58938899368355e-05,0.00654779495644406,-0.108814824426839,-0.15550392214792,0.67447950108482,0.700678850640626
0.02,0.095,0.0129593975132234,0.0948457432361827,-0.0070406024867766,-0.000154256763817334,0.00704229213580268,-0.118836069147437,-0.138963116094769,0.682047661750555,0.706136023192514
0.02,0.11,0.0129561625860798,0.109721847783638,-0.0070438374139202,-0.000278152216361627,0.00704932721394098,-0.127942199037777,-0.117660891167964,0.665056677434109,0.687400424464899
0.02,0.125,0.0133908168898746,0.124613777998575,-0.00660918311012536,-0.000386222001424824,0.00662045835403795,-0.135957476898154,-0.0938766417221816,0.625151038084549,0.646618525537412
0.02,0.14,0.0142043242767026,0.139522787004548,-0.00579567572329741,-0.000477212995452309,0.00581528927334208,-0.142717953933715,-0.0698024186796387,0.564583835185986,0.586514026160545
0.02,0.155,0.0153309557524763,0.154449988858093,-0.00466904424752368,-0.000550011141907475,0.00470132815718668,-0.148077501146998,-0.0474463839609438,0.486186294482903,0.510447785778664
0.02,0.17,0.0166991884847951,0.169396326590449,-0.00330081151520489,-0.000603673409551198,0.00335555930424548,-0.151913556873135,-0.028539094467681,0.393308362937775,0.422592577564681
0.02,0.185,0.0182328428844007,0.184362543927983,-0.0017671571155993,-0.000637456072016762,0.00187861505236285,-0.154132207749329,-0.0144492373682331,0.28973144235501,0.32849676133814
0.02,0.2,0.0198524206519691,0.199349162319651,-0.000147579348030887,-0.000650837680348765,0.00066735998541041,-0.154672243408291,-0.00611522017443867,0.179556740877572,0.237068770982524
0.02,0.215,0.0214765914838295,0.214356464611959,0.00147659148382949,-0.000643535388041183,0.00161073281638485,-0.153507874322761,-0.00399808206271342,0.0670749603327373,0.167570052393428
0.02,0.23,0.0230237644617393,0.229384486384109,0.00302376446173927,-0.000615513615891378,0.00308577519132957,-0.150649902107285,-0.00805959734532057,-0.0433751567295526,0.156976972039356
0.02,0.245,0.0244136732464641,0.244433015453892,0.00441367324646412,-0.000566984546107957,0.00444994190996673,-0.146145248661784,-0.0177673596301001,-0.147550799147402,0.208435599207962
0.02,0.26,0.0255689030377217,0.259501599546504,0.00556890303772173,-0.000498400453496362,0.00559116124392703,-0.140074880182976,-0.0321263244766786,-0.241442704829058,0.280976530543785
0.02,0.275,0.0264162919447335,0.274589561595067,0.00641629194473353,-0.000410438404933461,0.00642940603821976,-0.132550291386935,-0.0497340513076469,-0.321398228273919,0.351198324196121
0.02,0.29,0.0268881493756663,0.289696021702051,0.00688814937566634,-0.000303978297949092,0.0068948534884446,-0.123708819757319,-0.0688550066105322,-0.384223108018591,0.409478930386695
0.02,0.305,0.026923248039119,0.30481992438234,0.00692324803911895,-0.000180075617660008,0.00692558955174504,-0.11370813342235,-0.0875079935955404,-0.427257238904482,0.450707204554347
0.02,0.32,0.0264675625454185,0.31996006954073,0.00646756254541853,-3.99304592701433e-05,0.00646768580873237,-0.102720272270575,-0.103560173518843,-0.448422080331689,0.471550401465762
0.02,0.335,0.0254747445929018,0.335115145489977,0.00547474459290181,0.000115145489977431,0.00547595533595461,-0.090925615432363,-0.114821248575854,-0.446239664470267,0.469662069948735
0.02,0.35,0.0239063406277639,0.35028376241713,0.0039063406277639,0.000283762417130018,0.00391663353014989,-0.0785071131106064,-0.119132085549811,-0.419825214702635,0.443407276415373
0.04,0.05,0.0362973131440498,0.050452758527783,-0.00370268685595018,0.000452758527783009,0.00373026543796906,-0.167742576932192,-0.16481951490284,0.547791284534591,0.596138861346778
0.04,0.065,0.0346855897393617,0.0654515942592117,-0.00531441026063828,0.000451594259211707,0.00533356295484833,-0.192286683597087,-0.167204834628274,0.608269558731586,0.659490927400142
0.04,0.08,0.0336418392359817,0.0804497733890895,-0.00635816076401835,0.00044977338908947,0.00637404929402303,-0.215554688941452,-0.160335967272444,0.64308656874283,0.696948900932964
0.04,0.095,0.033129964820977,0.0954473829919694,-0.00687003517902304,0.000447382991969419,0.00688458676338077,-0.237176948386926,-0.146339988382684,0.65269071662024,0.709704099276849
0.04,0.11,0.0331060677653952,0.110444523303894,-0.00689393223460477,0.000444523303894107,0.00690824888253367,-0.256785355057527,-0.12743152593523,0.638108917410976,0.69954741223373
0.04,0.125,0.0335185770701509,0.12544130607322,-0.00648142292984906,0.000441306073220016,0.00649642934586639,-0.274024503546717,-0.105830311290822,0.600967749349179,0.668922119194388
0.04,0.14,0.0343086278334151,0.140437852359367,-0.00569137216658488,0.000437852359367247,0.00570818989060285,-0.288563597360332,-0.0836705423559286,0.543490313878393,0.621011437996943
0.04,0.155,0.0354106996680002,0.155434289807574,-0.00458930033199979,0.000434289807574123,0.00460980316003365,-0.300108482711968,-0.0629070994686568,0.468465951720623,0.559897532689404
0.04,0.17,0.036753511553739,0.170430749529976,-0.00324648844626101,0.000430749529975849,0.00327494005888362,-0.308413090608501,-0.0452245884717028,0.37919175605443,0.490868372886529
0.04,0.185,0.0382611528947855,0.185427362716438,-0.00173884710521447,0.000427362716437757,0.00179059435571371,-0.313289533975439,-0.0319556077435177,0.279386979044298,0.420986192604979
0.04,0.2,0.0398544138915374,0.20042425715681,-0.000145586108462605,0.000424257156809493,0.000448541469745397,-0.314616143235363,-0.0240144168859052,0.173083731021984,0.359886667685103
0.04,0.215,0.0414522634041499,0.215421553816937,0.00145226340414987,0.000421553816937259,0.00151220918381266,-0.312342836672592,-0.0218512762565382,0.0644995433566917,0.319681063103728
0.04,0.23,0.0429734107847659,0.230419363716411,0.00297341078476592,0.000419363716411186,0.00300283826097985,-0.306493408289268,-0.0254311871075324,-0.0421008971022752,0.310415327960012
0.04,0.245,0.0443378814220824,0.245417785201074,0.00433788142208237,0.000417785201074133,0.00435795361451725,-0.297164549181603,-0.0342387569910467,-0.142546465024409,0.331359114094565
0.04,0.26,0.0454685345705836,0.260416901793673,0.00546853457058365,0.000416901793672736,0.00548440310838254,-0.284521678087083,-0.0473086912232964,-0.232894154407175,0.370716689900464
0.04,0.275,0.0462924566681738,0.275416780692566,0.0062924566681738,0.000416780692565899,0.00630624429169538,-0.268791907599747,-0.0632792576871892,-0.309549513350605,0.414819246054695
0.04,0.29,0.0467421731820885,0.29041747195781,0.00674217318208853,0.000417471957809695,0.00675508564363408,-0.250254678202676,-0.0804642603098176,-0.369366386204934,0.453359130019334
0.04,0.305,0.0467566358925773,0.305419008386731,0.00675663589257733,0.000419008386731007,0.00676961569167816,-0.229230741582354,-0.0969378022314605,-0.409721379319006,0.479391927100033
0.04,0.32,0.0462819587348011,0.3204214060161,0.00628195873480114,0.000421406016100273,0.00629607723714932,-0.206070241683211,-0.110625532263698,-0.428560713609546,0.488230151155624
0.04,0.335,0.0452718921494252,0.335424665180974,0.00527189214942519,0.000424665180974393,0.00528896845813085,-0.18114063707196,-0.119396157737239,-0.424419385643459,0.476655534063542
0.04,0.35,0.0436880416873847,0.350428771996791,0.00368804168738465,0.000428771996791366,0.00371288256118066,-0.154815130653612,-0.121147679443435,-0.396414550902662,0.442481586252346
0.06,0.05,0.0566466085735749,0.0505647493333663,-0.00335339142642507,0.000564749333366338,0.00340061404283975,-0.234022882453772,-0.162599270729285,0.49181341357647,0.568408581863798
0.06,0.065,0.0550106801291611,0.0657240410026279,-0.00498931987083892,0.000724041002627851,0.00504158190918629,-0.270956314513799,-0.169313647127788,0.554302352080134,0.639796675854985
0.06,0.08,0.0539399355608738,0.080870526665554,-0.00606006443912624,0.000870526665553956,0.00612227063121216,-0.305919973231889,-0.166718562478343,0.591752927254704,0.686701740752376
0.06,0.095,0.0533983591324263,0.0960029318128458,-0.00660164086757373,0.00100293181284578,0.00667738978685816,-0.33837101734117,-0.15684996648291,0.604620483665534,0.710400768494111
0.06,0.11,0.0533421943179742,0.111120045915017,-0.00665780568202576,0.00112004591501735,0.0067513612961655,-0.367769868181052,-0.14182655327368,0.593921482340449,0.712824472272508
0.06,0.125,0.0537200756441847,0.126220751672209,-0.00627992435581533,0.00122075167220873,0.00639747485809542,-0.393596439467694,-0.123770910429199,0.561252971627968,0.696597639110759
0.06,0.14,0.0544734065996082,0.141304054254259,-0.00552659340039179,0.00130405425425931,0.00567836174537215,-0.415367397642429,-0.104723040621191,0.508788664733487,0.665107407215564
0.06,0.155,0.0555369946104981,0.156369109213936,-0.00446300538950194,0.00136910921393607,0.00466828417584105,-0.432653560956331,-0.0865510486669283,0.439248968699723,0.62259429682496
0.06,0.17,0.0568399393532829,0.171415247626355,-0.00316006064671713,0.00141524762635509,0.0034625004165825,-0.445096408387686,-0.0708646485440768,0.355844019515654,0.574247627575645
0.06,0.185,0.0583067543005211,0.186441997087147,-0.00169324569947893,0.00144199708714735,0.00222405858694085,-0.452422623457617,-0.0589375259565575,0.26219082460219,0.526218430982045
0.06,0.2,0.0598586850196439,0.201449097319432,-0.000141314980356055,0.00144909731943213,0.00145597148490567,-0.454455649544436,-0.051644371983531,0.162207798227123,0.485293577464496
0.06,0.215,0.061415173007817,0.216436509424638,0.00141517300781705,0.00143650942463783,0.00201650042626508,-0.451123401381825,-0.0494175403320951,0.0599920137583391,0.457771310813682
0.06,0.23,0.0628954023903236,0.231404418161004,0.00289540239032361,0.00140441816100417,0.00321803439584633,-0.442461536857308,-0.0522268313893679,-0.0403138547922009,0.447354531744295
0.06,0.245,0.06421986018014,0.246353227079773,0.00421986018013999,0.00135322707977292,0.0044315283446416,-0.428612031179387,-0.0595840241829775,-0.134656932731074,0.45320204061648
0.06,0.26,0.065311839619708,0.261283546780911,0.00531183961970805,0.00128354678091097,0.00546471705436677,-0.4098171619158,-0.070571692602099,-0.219203694855647,0.470087193455126
0.06,0.275,0.0660988206896484,0.276196176968015,0.00609882068964837,0.00119617696801472,0.00621501835422004,-0.38640936629578,-0.0838938211930623,-0.290456076341252,0.490628754543861
0.06,0.29,0.0665136715537162,0.291092083366109,0.00651367155371621,0.00109208336610933,0.00660458652666648,-0.358797731234437,-0.0979440328125424,-0.345347874855479,0.507538850322468
0.06,0.305,0.0664956283143391,0.305972370777917,0.00649562831433911,0.000972370777917397,0.00656800518634019,-0.327452085916206,-0.110886053558808,-0.381317038487842,0.514708704918647
0.06,0.32,0.0659910264249174,0.320838253742889,0.00599102642491744,0.000838253742888539,0.00604938566810926,-0.292885765287448,-0.120740474840197,-0.396351560104907,0.507401789088247
0.06,0.335,0.0649537736854165,0.335691026221332,0.00495377368541647,0.000691026221331853,0.00500173879414877,-0.255638108606001,-0.125471939349768,-0.389008838253518,0.482102994882144
0.06,0.35,0.063345570279271,0.350532031686793,0.00334557027927096,0.000532031686793305,0.00338760951251665,-0.216257653573222,-0.123071491400919,-0.358410258493059,0.436317313554154
0.08,0.05,0.0771206890390052,0.0506069063433751,-0.00287931096099484,0.000606906343375069,0.00294257827758819,-0.279021457666272,-0.15648060847204,0.415734824306715,0.524572703245681
0.08,0.065,0.0754520253669062,0.0659243732916813,-0.00454797463309384,0.000924373291681324,0.00464096318081051,-0.327127978993232,-0.168958119486567,0.480931020508986,0.605687727838934
0.08,0.08,0.0743447520968177,0.081217013273246,-0.00565524790318234,0.00121701327324603,0.00578471694672308,-0.372616431193652,-0.172053028232527,0.521936036254364,0.663978470378293
0.08,0.095,0.0737629627456658,0.0964822206839479,-0.00623703725433422,0.00148222068394793,0.00641074191243697,-0.414791439584118,-0.1676798347173,0.53921365911545,0.70066108312991
0.08,0.11,0.0736630929881123,0.111717504604767,-0.00633690701188766,0.00171750460476705,0.00656553216005428,-0.452963200340325,-0.157829572084799,0.533765337072102,0.717633612883938
0.08,0.125,0.0739940554743816,0.126920548001913,-0.00600594452561842,0.00192054800191344,0.00630554313857733,-0.486468032664718,-0.144495724274479,0.507147462286941,0.717450650129035
0.08,0.14,0.0746976171219329,0.142089267434255,-0.00530238287806714,0.00208926743425519,0.00569914928717075,-0.51469015684131,-0.129593238231826,0.461466462250907,0.703319182169041
0.08,0.155,0.0757090294299397,0.157221870574781,-0.00429097057006027,0.00222187057478102,0.00483209450282184,-0.537083577610462,-0.11487509646272,0.39934929719961,0.679073130346056
0.08,0.17,0.0769579079520325,0.172316908652566,-0.00304209204796748,0.00231690865256629,0.00382392334293504,-0.553192796906446,-0.101851687403923,0.323888562933173,0.649079612749338
0.08,0.185,0.0783693409800703,0.187373320980267,-0.00163065901992968,0.0023733209802671,0.00287953144012251,-0.562671022003647,-0.0917185394041421,0.238563306257659,0.618002527007469
0.08,0.2,0.0798651914907364,0.202390468991615,-0.000134808509263579,0.0023904689916146,0.00239426718100566,-0.565294609100192,-0.0852977644449805,0.147138676942359,0.590327516502798
0.08,0.215,0.0813655420128975,0.217368157697198,0.0013655420128975,0.00236815769719784,0.002733656135615,-0.560972687184126,-0.0829977546904568,0.0535494261710934,0.569604420867836
0.08,0.23,0.0827902208397806,0.232306643212158,0.00279022083978059,0.00230664321215812,0.00362021204391967,-0.549751232704931,-0.0847943420697254,-0.0382262291475027,0.557566315558937
0.08,0.245,0.0840603415879319,0.247206625831668,0.00406034158793186,0.00220662583166759,0.004621208864753,-0.531811277661206,-0.0902349078226858,-0.124294934378479,0.553549625378003
0.08,0.26,0.085099786903845,0.262069229062087,0.00509978690384504,0.00206922906208656,0.00550359295151931,-0.507461384575556,-0.0984650227170156,-0.200971075217704,0.554620764592502
0.08,0.275,0.0858365716098415,0.276895965852732,0.00583657160984151,0.00189596585273183,0.00613679514661627,-0.477124955924309,-0.10827534962438,-0.26488711468621,0.556362643116912
0.08,0.29,0.0862040300137854,0.291688694036046,0.00620403001378536,0.00168869403604638,0.00642974929210527,-0.441323313493682,-0.118164976803249,-0.313085508943442,0.553853909745349
0.08,0.305,0.0861417854193667,0.30644956352075,0.00614178541936669,0.00144956352075037,0.0063105279128006,-0.400655743032793,-0.126416252525934,-0.343088039023281,0.542418374734878
0.08,0.32,0.0855964754768581,0.321180958098659,0.0055964754768581,0.0011809580986587,0.00571972025486052,-0.3557778255109,-0.131175656252448,-0.352940360382009,0.518028609199677
0.08,0.335,0.0845222232618109,0.335885434794908,0.0045222232618109,0.000885434794907491,0.00460809049452118,-0.307379375883941,-0.130535280152609,-0.34123155131313,0.477453485538633
0.08,0.35,0.0828808591944629,0.350565663514175,0.00288085919446293,0.000565663514175252,0.00293586868057662,-0.256163188121562,-0.122610036819184,-0.307090218993674,0.418279786403073
0.1,0.05,0.0977169035445809,0.0505524099541781,-0.00228309645541913,0.000552409954178101,0.00234897556015861,-0.297212590231094,-0.143698733976052,0.321601138020438,0.460882943116018
0.1,0.065,0.0960071001983985,0.0660248844975934,-0.0039928998016015,0.00102488449759336,0.00412233393346979,-0.354987486040806,-0.163090149113736,0.390155484248628,0.552121519939657
0.1,0.08,0.0948539231002568,0.0814606879467745,-0.00514607689974317,0.00146068794677445,0.00534936601252171,-0.409554584599541,-0.173009902536465,0.435559724182085,0.622401371182075
0.1,0.095,0.0942216035482918,0.096855925653425,-0.00577839645170822,0.00185592565342496,0.00606912889829793,-0.460091094363044,-0.175226875189172,0.458286134911791,0.672621476149632
0.1,0.11,0.0940668187844908,0.112206868198751,-0.00593318121550918,0.00220686819875138,0.00633031646781826,-0.505782701126597,-0.171579383525525,0.459316143190525,0.704438212982468
0.1,0.125,0.0943388304687207,0.127510039274994,-0.00566116953127932,0.00251003927499355,0.00619266805374674,-0.545847557047965,-0.163906771909383,0.440155080766597,0.720109926704279
0.1,0.14,0.0949798611432288,0.142762304481072,-0.00502013885677116,0.0027623044810719,0.00572993195312244,-0.579561585130296,-0.153974923065667,0.402826191635671,0.72240969136568
0.1,0.155,0.0959257187021629,0.157960957057033,-0.00407428129783707,0.00296095705703259,0.00503656974413102,-0.606283813181178,-0.143399767845424,0.349841780042981,0.71452042876951
0.1,0.17,0.09710666479273,0.173103796327127,-0.00289333520727005,0.00310379632712732,0.00424322286262664,-0.625480278844141,-0.133573544660961,0.284150861907744,0.699868040162541
0.1,0.185,0.0984485074597826,0.188189194588532,-0.00155149254021736,0.00318919458853151,0.00354656047824773,-0.636744992421617,-0.125598829971943,0.209064422998096,0.681859715512843
0.1,0.2,0.0998738826923453,0.203216148643127,-0.000126117307654743,0.0032161486431273,0.00321862046069114,-0.639816533790812,-0.12023514440014,0.128161215715991,0.663514810818877
0.1,0.215,0.101303675645176,0.218184312854621,0.00130367564517579,0.00318431285462101,0.0034408456146606,-0.634589093522935,-0.117862206252953,0.0451787272062506,0.647024252704003
0.1,0.23,0.102658521322733,0.233094011664955,0.002658521322733,0.00309401166495532,0.00407929452311373,-0.621117139736164,-0.118462706292896,-0.036104687795177,0.633346308915343
0.1,0.245,0.103860318329301,0.2479462307403,0.00386031832930146,0.00294623074029976,0.00485616445135748,-0.599613352366198,-0.121625935663603,-0.111989691012638,0.621992388078201
0.1,0.26,0.104833688081836,0.262742587269337,0.00483368808183578,0.00274258726933685,0.00555754670717303,-0.57043997715515,-0.126571898342837,-0.178970861650707,0.611110728674465
0.1,0.275,0.105507316279399,0.277485281194682,0.00550731627939859,0.00248528119468183,0.0060421151278313,-0.534094235822143,-0.132193886380368,-0.233840105392375,0.59784305133479
0.1,0.29,0.10581512253463,0.292177030274833,0.00581512253463026,0.00217703027483274,0.0062092761985841,-0.491188847317199,-0.137116095100678,-0.273773155979138,0.578810761276841
0.1,0.305,0.105697217029941,0.306820992688697,0.00569721702994097,0.00182099268869723,0.00598116178167237,-0.442429008178234,-0.139761860735232,-0.296395294055721,0.550571800826573
0.1,0.32,0.10510061822159,0.32142068137775,0.00510061822159044,0.0014206813777502,0.00529477495456668,-0.388587329868221,-0.138427604758179,-0.29982418745081,0.509959385496637
0.1,0.335,0.103979721419543,0.335979874442695,0.00397972141954273,0.000979874442694761,0.00409857737521369,-0.330478237756644,-0.131357579803244,-0.282689556284487,0.45429631948112
0.1,0.35,0.102296522951656,0.350502525683084,0.00229652295165608,0.000502525683083621,0.0023508614866984,-0.26893320364087,-0.116814971726949,-0.244130993957305,0.381538052858547
0.12,0.05,0.118431963355188,0.0503754050271814,-0.00156803664481237,0.000375405027181364,0.00161234855223908,-0.284325365786888,-0.121104780047874,0.211832634334331,0.374674320711902
0.12,0.065,0.116672773307685,0.0659988868240786,-0.00332722669231481,0.00099888682407856,0.00347393326783487,-0.350067322178426,-0.148240468897666,0.284338076605353,0.4747333965875
0.12,0.08,0.115464516397436,0.0815740767527438,-0.00453548360256381,0.00157407675274379,0.00480086753958632,-0.412081523900199,-0.16580242700907,0.334893145841945,0.556289023092692
0.12,0.095,0.114771590629013,0.0970958437907577,-0.00522840937098717,0.00209584379075767,0.00563283461020151,-0.469445520463628,-0.175396612304774,0.363977155928083,0.619375632527014
0.12,0.11,0.114550963361076,0.112559272454542,-0.0054490366389244,0.00255927245454207,0.00602012257258258,-0.521248754065476,-0.178690963230762,0.372546149697736,0.665151356032075
0.12,0.125,0.11475231400932,0.127959777768982,-0.00524768599068,0.0029597777689816,0.00602482304292307,-0.566619025756167,-0.177353280416453,0.362044960433575,0.695409085597583
0.12,0.14,0.115318409418251,0.143293221453515,-0.00468159058174901,0.00329322145351491,0.0057238621504201,-0.604750270077963,-0.172983891961838,0.334400144742247,0.712373715270018
0.12,0.155,0.116185721325289,0.158556024168063,-0.00381427867471112,0.00355602416806311,0.00521478951561853,-0.63493024382269,-0.167046762612958,0.291991983696318,0.718545141815524
0.12,0.17,0.117285281587996,0.173745268286436,-0.00271471841200388,0.00374526828643595,0.00462566001710629,-0.656566561134616,-0.160803270343837,0.237605081664854,0.716519508922789
0.12,0.185,0.118543755771416,0.188858785733202,-0.00145624422858441,0.00385878573320164,0.00412442415229641,-0.669209460660279,-0.155253087659832,0.174358651253065,0.7087680641418
0.12,0.2,0.119884700564299,0.20389522586246,-0.000115299435700681,0.00389522586246022,0.00389693193159078,-0.672569790275871,-0.151086393673783,0.10561919877695,0.697379839406596
0.12,0.215,0.121229956985139,0.218854099342871,0.00122995698513856,0.00385409934287084,0.0040455995760837,-0.666530951960735,-0.148650988122047,0.0348998274220387,0.683801268000676
0.12,0.23,0.122501120877691,0.233735795347465,0.0025011208776908,0.00373579534746493,0.00449575049607532,-0.65115394122884,-0.147936823535423,-0.0342484251289021,0.668629035500435
0.12,0.245,0.123621026107882,0.248541570918611,0.00362102610788152,0.00354157091861074,0.00506503254140671,-0.62667510448285,-0.148579123471342,-0.0983470734010988,0.651516817223555
0.12,0.26,0.124515174784823,0.263273513140652,0.00451517478482255,0.003273513140652,0.00557697871786496,-0.59349677369734,-0.149879770082148,-0.154096191246256,0.63123056976049
0.12,0.275,0.125113053030196,0.277934476381643,0.00511305303019573,0.00293447638164268,0.00589529158939678,-0.552171452102314,-0.150845200647294,-0.198470071316461,0.605839397938288
0.12,0.29,0.125349279619446,0.292527998328877,0.00534927961944648,0.00252799832887723,0.00591655034609117,-0.503380665471556,-0.15023782251474,-0.228797624835784,0.572987423110373
0.12,0.305,0.125164547320472,0.307058199582888,0.00516454732047233,0.00205819958288822,0.00555956244217108,-0.447909909434424,-0.146637074036113,-0.242823972121683,0.530180351947767
0.12,0.32,0.124506331415144,0.321529672238605,0.00450633141514425,0.00152967223860528,0.00475887801699894,-0.386621289165738,-0.138505802707375,-0.238751247161572,0.47504034495037
0.12,0.335,0.123329355178707,0.335947363056169,0.00332935517870675,0.00094736305616927,0.00346151739359718,-0.320425462236117,-0.124257616719049,-0.215258249568386,0.405523405812899
0.12,0.35,0.121595816546706,0.350316456542739,0.00159581654670593,0.000316456542738819,0.00162689126685917,-0.250254367949699,-0.102321241899343,-0.171500033928047,0.320170913117608
0.14,0.05,0.139261991774753,0.0500512175781304,-0.000738008225247055,5.12175781304247e-05,0.000739783333714578,-0.237449175458502,-0.0854053672283569,0.0890880733936925,0.267606058755255
0.14,0.065,0.13744535574067,0.0658209394749816,-0.00255464425932969,0.000820939474981575,0.00268330932121311,-0.309355187006024,-0.120783356366779,0.166068504131434,0.371306452236786
0.14,0.08,0.136173079628451,0.0815310163074963,-0.00382692037154872,0.0015310163074963,0.00412181155124712,-0.377091984735015,-0.146476481353218,0.22241924036299,0.461654845159441
0.14,0.095,0.135409757459831,0.0971751428231407,-0.00459024254016946,0.00217514282314069,0.00507952486741051,-0.439666052548543,-0.163917467817376,0.258623820916403,0.535783115265506
0.14,0.11,0.135112694249548,0.112747279270035,-0.00488730575045175,0.00274727927003537,0.00560654090201479,-0.496099514500768,-0.174593687087482,0.275607383910151,0.59376785801444
0.14,0.125,0.135232053368319,0.128241791604101,-0.00476794663168152,0.00324179160410115,0.00576563334656167,-0.545458119838591,-0.179991650157402,0.274746030610474,0.63671901820171
0.14,0.14,0.135711230506804,0.143653593066271,-0.00428876949319563,0.00365359306627056,0.00563402929169398,-0.586880445178224,-0.181537139692803,0.257858788791422,0.666243608988129
0.14,0.155,0.136487462991162,0.158978280945388,-0.00351253700883757,0.00397828094538827,0.00530703641582502,-0.619606868825047,-0.180534203829798,0.227180676971171,0.684194338900525
0.14,0.17,0.137492669866196,0.174212261791606,-0.0025073301338043,0.00421226179160555,0.00490202547942207,-0.643006709010455,-0.178106697089949,0.185316557313955,0.692479376530015
0.14,0.185,0.138654503671599,0.189352858507542,-0.00134549632840125,0.00435285850754175,0.00455606601756601,-0.656601881516025,-0.175146213952307,0.135176838760101,0.6928786729342
0.14,0.2,0.139897580260349,0.204398393253949,-0.000102419739650516,0.00439839325394858,0.004399585550873,-0.660085542370519,-0.17227005894021,0.0798975078415678,0.686861818869344
0.14,0.215,0.141144840047475,0.219348241285587,0.0011448400474746,0.00434824128558653,0.00449642758331332,-0.65333444706448,-0.169792322497476,0.0227482721319629,0.67542438463416
0.14,0.23,0.142318984057963,0.234202852421833,0.00231898405796304,0.00420285242183283,0.00480017244906814,-0.636414154032822,-0.167710221025828,-0.0329663650390153,0.658969848769963
0.14,0.245,0.143343922261848,0.248963738813383,0.00334392226184817,0.00396373881338291,0.00518585012066507,-0.609576696886367,-0.165706705328083,-0.0840076530635603,0.637262845144646
0.14,0.26,0.144146170710593,0.263633429674588,0.00414617071059251,0.00363342967458846,0.00551294320318604,-0.573250881659411,-0.163169071137344,-0.12729918313837,0.60946640889332
0.14,0.275,0.144656137925195,0.278215395720996,0.00465613792519505,0.00321539572099583,0.00565847947959856,-0.528025891604458,-0.159222071909039,-0.16001430342979,0.574256343664799
0.14,0.29,0.144809249494959,0.292713947719109,0.0048092494949586,0.0027139477191091,0.00552217284470679,-0.474629319622082,-0.15277297465411,-0.179649979902005,0.529989330951928
0.14,0.305,0.144546871808643,0.30713411491017,0.00454687180864341,0.00213411491017013,0.00502279699908792,-0.413901076552385,-0.142565232906142,-0.184083891749755,0.474896954227732
0.14,0.32,0.143817009920207,0.321481509818486,0.00381700992020739,0.0014815098184861,0.00409443965314332,-0.346764798266658,-0.127237040841123,-0.171612924902021,0.407292013695127
0.14,0.335,0.142574769298832,0.335762186201305,0.00257476929883232,0.000762186201305248,0.00268521223512586,-0.274198397547525,-0.105380994820529,-0.140972634066083,0.325827385199662
0.14,0.35,0.140782585151895,0.349982496599058,0.00078258515189486,-1.75034009418096e-05,0.000782780869088426,-0.197205292434002,-0.0756013864107397,-0.0913385327637215,0.230104966756013
0.16,0.05,0.160202581317623,0.0495565461900694,0.000202581317622713,-0.000443453809930605,0.000487535098010106,-0.155040000961719,-0.0333922557732048,-0.0438704763607848,0.164551152992408
0.16,0.065,0.158320656453233,0.065467049562378,-0.00167934354676685,0.000467049562377975,0.00174308061826897,-0.231294873817681,-0.0771891971494231,0.0380304642019515,0.246783105524275
0.16,0.08,0.156975693217271,0.0813068637559886,-0.00302430678272869,0.0013068637559886,0.00329459017068518,-0.303023453604059,-0.111185971625923,0.100705394986838,0.33812341252684
0.16,0.095,0.156132511304176,0.0970685796285365,-0.00386748869582354,0.00206857962853652,0.00438594237216121,-0.369188962654053,-0.136638374592924,0.144638194729501,0.419394239687757
0.16,0.11,0.155748799708702,0.112745103010965,-0.00425120029129787,0.00274510301096476,0.00506046385794216,-0.428774117275274,-0.154850013487742,0.170717675627643,0.486797412267326
0.16,0.125,0.155775269022882,0.128329818041524,-0.0042247309771179,0.00332981804152355,0.00537922299395324,-0.48080973404755,-0.167123469004409,0.18024438430548,0.539998565529983
0.16,0.14,0.156156023634942,0.143816751957309,-0.00384397636505816,0.00381675195730907,0.00541698715142914,-0.524404398090271,-0.174707894890204,0.174921772810398,0.579761430083426
0.16,0.155,0.156829161783745,0.159200734110649,-0.00317083821625523,0.00420073411064903,0.00526311524308892,-0.558773751083095,-0.178745847777061,0.156830526787923,0.607270491104291
0.16,0.17,0.157727598685829,0.174477541537092,-0.0022724013141707,0.00447754153709218,0.00502117376208298,-0.583267808141465,-0.180222506758116,0.128385883819681,0.623833525614889
0.16,0.185,0.158780093982544,0.189644023433147,-0.00121990601745582,0.00464402343314707,0.00480157519352181,-0.597394691275938,-0.179920555431749,0.0922789568124823,0.630691085806529
0.16,0.2,0.159912450865544,0.204698197610957,-8.75491344558083e-05,0.00469819761095674,0.00469901326264819,-0.600839282733377,-0.178383811448314,0.0514043000892832,0.628868030756896
0.16,0.215,0.161048841837791,0.219639313295779,0.00104884183779053,0.00463931329577866,0.00475639538485694,-0.593475566424902,-0.175892192457271,0.00877706601146904,0.61905740958861
0.16,0.23,0.162113206512718,0.234467876485609,0.00211320651271833,0.00446787648560942,0.00494242471425279,-0.575371813524833,-0.172449836112297,-0.0325560212576236,0.601543754136142
0.16,0.245,0.163030661281024,0.249185636268898,0.0030306612810241,0.00418563626889779,0.0051676357046343,-0.546788248104181,-0.167787221178971,-0.069607116150291,0.576175223438577
0.16,0.26,0.163728859676755,0.263795532911023,0.00372885967675503,0.00379553291102336,0.00532075789409658,-0.508167346538519,-0.16137707203344,-0.09953425156918,0.542389044533711
0.16,0.275,0.164139246107254,0.278301610756314,0.00413924610725358,0.00330161075631424,0.00529471358268073,-0.460117428518904,-0.152462792411999,-0.119720327071706,0.499286976923988
0.16,0.29,0.164198153646422,0.292708901035315,0.00419815364642161,0.00270890103531496,0.00499626248891043,-0.403390628699603,-0.140097280811878,-0.127840225238983,0.445752591452786
0.16,0.305,0.163847708044269,0.307023281144681,0.00384770804426876,0.0020232811446812,0.00434724323961209,-0.33885665740345,-0.123189324366153,-0.121913196879664,0.380608465725741
0.16,0.32,0.163036513552064,0.321251317882123,0.003036513552064,0.00125131788212307,0.00328423674450994,-0.267473939066839,-0.100554405916525,-0.100338826688994,0.302855725271425
0.16,0.335,0.161720110288757,0.335400102418189,0.00172011028875663,0.00040010241818933,0.00176602982719074,-0.190259749692241,-0.0709667044755583,-0.0619161034520598,0.21229390223087
0.16,0.35,0.159861206253785,0.34947708446878,-0.000138793746214699,-0.000522915531220081,0.000541021586241704,-0.108260876448942,-0.0332092972084296,-0.00584624331460746,0.113390729549599
0.18,0.05,0.181248856651715,0.0488696251548007,0.00124885665171487,-0.00113037484519929,0.00168445546904387,-0.0368406803248726,0.0378583040076525,-0.184301029823752,0.191722170862874
0.18,0.065,0.17929404337415,0.0649148425701541,-0.000705956625850462,-8.5157429845939e-05,0.000711074219361197,-0.115694647720306,-0.0142423674644353,-0.0971193468628331,0.15172434718639
0.18,0.08,0.177868028528419,0.0808786741858762,-0.00213197147158098,0.000878674185876172,0.00230594247121656,-0.189752465309253,-0.0564289980481554,-0.0277131919431363,0.199895701430515
0.18,0.095,0.176935887397973,0.0967526841331568,-0.00306411260202658,0.00175268413315682,0.00352996993025688,-0.257959793532095,-0.0897825890163525,0.0243970660455057,0.274225324780033
0.18,0.11,0.176455737834433,0.112528800280715,-0.00354426216556653,0.00252880028071489,0.0043539206651029,-0.319285508795056,-0.115425883474767,0.0600588688966906,0.344780795791577
0.18,0.125,0.176378897647587,0.128199498474492,-0.00362110235241273,0.0031994984744923,0.00483209817107719,-0.372750139786977,-0.134481021450495,0.0804919467349759,0.404360537126576
0.18,0.14,0.176650254593681,0.143757988124695,-0.00334974540631901,0.00375798812469463,0.00503420987171782,-0.417455170466344,-0.148024350764644,0.087278917772491,0.451440684456687
0.18,0.155,0.177208856136844,0.15919839110943,-0.00279114386315578,0.00419839110942982,0.00504152476663276,-0.45261181349605,-0.157040773395308,0.0823410610427479,0.486107730850653
0.18,0.17,0.177988713939225,0.174515905404179,-0.00201128606077468,0.0045159054041789,0.0049435486482646,-0.477567730145641,-0.162380292210146,0.0678992105860743,0.50896984435695
0.18,0.185,0.178919804755952,0.18970694497038,-0.00108019524404835,0.00470694497038021,0.00482930147324147,-0.491830161752243,-0.164719497521388,0.0464207346695559,0.520755386262859
0.18,0.2,0.179929236142389,0.204769248173978,-7.07638576113472e-05,0.0047692481739775,0.00476977312547796,-0.495084060019337,-0.164530561780656,0.0205545909033378,0.5221138859002
0.18,0.215,0.180942533633351,0.219701948503331,0.000942533633350971,0.00470194850333083,0.00479548635468529,-0.487204056958504,-0.162059889671303,-0.00694261648147169,0.513498944324736
0.18,0.23,0.181884997023677,0.234505603347789,0.00188499702367723,0.00450560334778949,0.00488402245151308,-0.468259482787694,-0.157317928451141,-0.0332859167366546,0.495101354637548
0.18,0.245,0.18268306801709,0.249182179087108,0.00268306801709019,0.00418217908710788,0.00496885056134463,-0.438512091738537,-0.150080841761558,-0.0557424864585713,0.466824960794161
0.18,0.26,0.183265650651219,0.263734993315966,0.00326565065121863,0.00373499331596594,0.00496131527380743,-0.398406639289142,-0.139903872153094,-0.0717091968562964,0.428303638585515
0.18,0.275,0.183565329471007,0.27816861761524,0.00356532947100688,0.00316861761523995,0.00476987545208878,-0.348554928427516,-0.126145362966595,-0.0787832541906521,0.378959780723309
0.18,0.29,0.183519438070123,0.292488746448229,0.00351943807012345,0.00248874644822944,0.00431048758413812,-0.289714347886192,-0.107999668455397,-0.0748225786266048,0.318114774872182
0.18,0.305,0.183070941482189,0.306702039466928,0.00307094148218917,0.00170203946692832,0.0035110710522591,-0.222762230954275,-0.0845366301087764,-0.0579934028004404,0.245219860387719
0.18,0.32,0.182169108660677,0.320815945549923,0.00216910866067721,0.000815945549922814,0.00231749854849226,-0.148667541767119,-0.0547449827894522,-0.0268035589650987,0.160678246219202
0.18,0.335,0.180769964786257,0.334838517209883,0.000769964786257155,-0.000161482790116685,0.000786716253537382,-0.0684614370412922,-0.0175769889872638,0.0198790488866463,0.0734240847799408
0.18,0.35,0.178836525889734,0.348778223709014,-0.00116347411026649,-0.0012217762909863,0.00168713049598323,0.0167918277940113,0.028008232424488,0.0828223263266555,0.0890278939278228
0.2,0.05,0.202395541624335,0.0479703573458306,0.00239554162433508,-0.00202964265416938,0.00313975619715062,0.1162648238499,0.130830163303873,-0.329585590537653,0.373177162601887
0.2,0.065,0.200360508314069,0.0641437002792407,0.000360508314068947,-0.00085629972075929,0.000929093889919244,0.0364344250582365,0.0707903494070249,-0.236852292453925,0.249875665684379
0.2,0.08,0.198845409589393,0.0802253432925275,-0.00115459041060709,0.000225343292527491,0.00117637520194578,-0.0384170106890945,0.0207710847869535,-0.160430199001751,0.166268375903536
0.2,0.095,0.197815606354634,0.0962059063042183,-0.00218439364536582,0.0012059063042183,0.00249515242269245,-0.107240236102417,-0.0201407784071578,-0.0998488220824088,0.147905100027137
0.2,0.11,0.197229688533068,0.112076420833492,-0.00277031146693169,0.00207642083349235,0.00346210183292957,-0.16901259363587,-0.0528949661699284,-0.0543065023791115,0.185235958547433
0.2,0.125,0.197039637556616,0.127828532746167,-0.00296036244338437,0.00282853274616679,0.00409442832301879,-0.22276562464101,-0.0784415780164267,-0.0226679515457631,0.237258342633366
0.2,0.14,0.197191193652704,0.143454706146694,-0.00280880634729634,0.00345470614669408,0.00445245860807465,-0.267613331250646,-0.0976926566374881,-0.00347398282256383,0.284908732829352
0.2,0.155,0.197624434321037,0.158948419650916,-0.00237556567896308,0.00394841965091586,0.00460796376231474,-0.302779779454251,-0.111483532624375,0.00503585051534264,0.322691505824793
0.2,0.17,0.198274558704298,0.174304345723433,-0.00172544129570216,0.00430434572343347,0.0046372987580869,-0.327624613320076,-0.12053615524463,0.0048877473557325,0.349129086729777
0.2,0.185,0.199072859973476,0.189518503895477,-0.00092714002652421,0.00451850389547748,0.0046126419850481,-0.341665062379774,-0.125426669741495,-0.00167381814682469,0.363964437081522
0.2,0.2,0.199947855285238,0.204588379517117,-5.21447147621532e-05,0.00458837951711677,0.00458867580728627,-0.344593141538345,-0.126559346605258,-0.0122437903834779,0.367303789589015
0.2,0.215,0.200826531773493,0.21951300129142,0.000826531773493105,0.00451300129142013,0.00458806445344367,-0.336286981287895,-0.124148616793171,-0.0243219138850607,0.359296244584541
0.2,0.23,0.201635658522809,0.234292973011775,0.00163565852280936,0.00429297301177506,0.00459401742302616,-0.316815565809302,-0.118210440239213,-0.0353826694052613,0.339997181501078
0.2,0.245,0.202303109391685,0.248930457610548,0.00230310939168492,0.00393045761054822,0.00455552520554806,-0.286436568689912,-0.108563582719841,-0.0429462674748816,0.309316300309576
0.2,0.26,0.202759140800404,0.2634291143825,0.00275914080040407,0.00342911438250038,0.00440132745938374,-0.245587418246919,-0.0948406641436113,-0.0446471209159402,0.267023268718516
0.2,0.275,0.20293757188087,0.277793993032352,0.00293757188086995,0.0027939930323515,0.00405409985324813,-0.194870155557261,-0.0765081466184923,-0.0382964326053025,0.212825146200136
0.2,0.29,0.202776821654352,0.292031390583013,0.002776821654352,0.00203139058301299,0.00344053574328651,-0.135031021756803,-0.0528938250005597,-0.0219360158265956,0.146670835879827
0.2,0.305,0.20222076810178,0.30614867898044,0.00222076810178048,0.00114867898044047,0.00250025485940763,-0.0669359955690819,-0.023219926786394,0.00611884513642311,0.0711128217494942
0.2,0.32,0.201219406114362,0.320154112391254,0.00121940611436203,0.000154112391253902,0.00122910613898129,0.00845632823749023,0.013360341608458,0.047248869185327,0.0498243314948569
0.2,0.335,0.199729294038133,0.334056623583085,-0.000270705961866513,-0.000943376416915442,0.000981448308257899,0.0901230777538249,0.0577250334294572,0.102513096736694,0.148200188515484
0.2,0.35,0.197713790727612,0.347865618436961,-0.00228620927238804,-0.00213438156303902,0.00312767285594161,0.177005281072589,0.110746599115714,0.172643750893438,0.270927444593657
