target_x,target_y,gaze_x,gaze_y,error_px_x,error_px_y,error_px_xy,error_deg_x,error_deg_y,error_deg_z,error_deg_xyz
-0.2,0.05,-0.183763022344979,0.0343641831904932,0.0162369776550211,-0.0156358168095068,0.0225414775618217,-1.50883992020309,0.092844288559029,1.51080908852878,2.13735626570864
-0.2,0.065,-0.188312337475246,0.0520098394708676,0.0116876625247537,-0.0129901605291324,0.0174741444959449,-1.13653337964694,0.0281670910257405,1.4384820207231,1.83358090925779
-0.2,0.08,-0.192157697467182,0.0695557884728986,0.00784230253281781,-0.0104442115271014,0.0130607527899075,-0.787485875190153,-0.031332556161382,1.3499294909996,1.56319446451517
-0.2,0.095,-0.195323857009635,0.0869875015597897,0.00467614299036501,-0.00801249844021033,0.00927720025226969,-0.464698801770135,-0.0858985594604804,1.24718448032522,1.33374397570732
-0.2,0.11,-0.197843890405481,0.104290854521704,0.00215610959451916,-0.0057091454782964,0.00610271666357941,-0.171017117522688,-0.135652953613388,1.13263907332751,1.15350110074531
-0.2,0.125,-0.199759235830275,0.121452429839278,0.0002407641697251,-0.00354757016072206,0.00355573078714755,0.0909347546550449,-0.180572290180958,1.00900399458538,1.02907386058876
-0.2,0.14,-0.201119490089169,0.138459822588155,-0.00111949008916853,-0.00154017741184517,0.00190404950558137,0.318813685562029,-0.220469692022151,0.879254392850237,0.960915699322476
-0.2,0.155,-0.201981938319639,0.155301936578852,-0.00198193831963943,0.000301936578852254,0.00200480552685396,0.510612420130606,-0.25498413332184,0.746563679180752,0.939744154707527
-0.2,0.17,-0.202410817939952,0.171969256631919,-0.00241081793995209,0.00196925663191939,0.00311287886400248,0.664705358799558,-0.283578091123447,0.614228093247642,0.948444220334318
-0.2,0.185,-0.20247633194129,0.188454083139246,-0.00247633194129047,0.0034540831392465,0.0042500482604651,0.779883348465252,-0.305544169635604,0.485585379877451,0.968189415040845
-0.2,0.2,-0.202253443283815,0.204750716565319,-0.00225344328381478,0.00475071656531922,0.00525807136860735,0.855375899929177,-0.320020670289293,0.363931400913156,0.983133225418864
-0.2,0.215,-0.201820496875979,0.220855582061726,-0.00182049687597889,0.00585558206172647,0.00613205105629933,0.890859989020139,-0.326015439676411,0.252438676062059,0.98166513921054
-0.2,0.23,-0.201257727494403,0.236767287803457,-0.00125772749440294,0.00676728780345673,0.00688317242737615,0.886455383720947,-0.32243673055567,0.154080672968825,0.955787963251828
-0.2,0.245,-0.200645719481104,0.252486614672662,-0.000645719481103653,0.00748661467266199,0.00751440968441265,0.842707216335232,-0.308129332337323,0.0715652136074024,0.900131869390013
-0.2,0.26,-0.200063886363455,0.268016439096717,-6.38863634549042e-05,0.00801643909671682,0.0080166936612799,0.760557195858206,-0.281913903253601,0.00727966235962824,0.81116378166375
-0.2,0.275,-0.199589035531581,0.283361594814808,0.000410964468418942,0.00836159481480755,0.00837168798040869,0.64130538944928,-0.242627298620343,-0.0367502991354755,0.686656272312273
-0.2,0.29,-0.199294075222626,0.298528682673181,0.000705924777373801,0.00852868267318097,0.00855784773942184,0.486564852282999,-0.18916173850164,-0.0588874383384156,0.525354340279777
-0.2,0.305,-0.199246909348162,0.313525839988938,0.000753090651837623,0.00852583998893781,0.00855903575450274,0.298211538580802,-0.120500871801918,-0.0578953080417475,0.326806881967135
-0.2,0.32,-0.199509551523381,0.328362482407754,0.00049044847661911,0.00836248240775354,0.00837685213718169,0.0783319010453195,-0.0357511415979857,-0.0329369972280341,0.0921893620029828
-0.2,0.335,-0.200137474579059,0.343049031454911,-0.000137474579058522,0.00804903145491078,0.00805020537763047,-0.17082960478088,0.0658327174151536,0.0164382188541263,0.183812253589594
-0.2,0.35,-0.201179197307669,0.357596640320101,-0.00117919730766922,0.00759664032010143,0.00768761669462032,-0.446921187810884,0.184828750768808,0.0903183815749636,0.491995033137908
-0.18,0.05,-0.167985353865986,0.0350016158951958,0.0120146461340138,-0.0149983841048042,0.0192172643079294,-1.12002529282389,0.000380861387908181,1.24508570450649,1.6747820516886
-0.18,0.065,-0.172440581881126,0.0527476354183757,0.00755941811887434,-0.0122523645816243,0.0143967093509943,-0.747525472240835,-0.0595194193282949,1.16541402534138,1.38586448851128
-0.18,0.08,-0.176175769701645,0.0703764586966368,0.0038242302983551,-0.0096235413033632,0.0103555436647428,-0.398712198596003,-0.11501081761969,1.06871092427469,1.14646665872408
-0.18,0.095,-0.17921575773887,0.0878722170451082,0.000784242261130191,-0.0071277829548918,0.00717079673231564,-0.0767006505551739,-0.166489180353264,0.957148100278163,0.974554780741208
-0.18,0.11,-0.181593987709867,0.1052195779956,-0.00159398770986727,-0.00478042200439974,0.00503916970932287,0.215553212259877,-0.21421249395074,0.833293666947876,0.886986035663219
-0.18,0.125,-0.183352562751325,0.122404085737832,-0.00335256275132506,-0.00259591426216807,0.00424009998208767,0.475321720263782,-0.258270895309948,0.700068187446546,0.8847291184833
-0.18,0.14,-0.184542046711539,0.139412503164392,-0.00454204671153863,-0.000587496835607534,0.00457988437208274,0.70017122956327,-0.298563039853043,0.560684867541287,0.945392742653538
-0.18,0.155,-0.185220985637299,0.156233140157779,-0.00522098563729875,0.00123314015777855,0.005364636583554,0.888021336553954,-0.334780819530478,0.418575911981355,1.03725371498237
-0.18,0.17,-0.185455149946426,0.172856151941617,-0.00545514994642594,0.00285615194161719,0.00615761843991609,1.03719461180656,-0.366403946625637,0.277308094116,1.13444538773211
-0.18,0.185,-0.185316512838894,0.189273791915391,-0.00531651283889369,0.0042737919153913,0.00682133462763596,1.14645436105074,-0.392705265287156,0.140491444655169,1.21998733845319
-0.18,0.2,-0.184881997991858,0.205480605214731,-0.00488199799185773,0.00548060521473095,0.00733968241221915,1.21502860759192,-0.41276688620343,0.0116855194722118,1.28330682944133
-0.18,0.215,-0.184232045466921,0.221473552341544,-0.00423204546692091,0.00647355234154351,0.00773415081006242,1.24261932859052,-0.42550644138976,-0.105692091790486,1.31772754474112
-0.18,0.23,-0.183449057386423,0.237252056290329,-0.0034490573864232,0.00725205629032902,0.00803046183559458,1.2293968800856,-0.429712009652759,-0.208450553268777,1.31893803919308
-0.18,0.245,-0.182615792928659,0.252817971297587,-0.00261579292865858,0.00781797129758663,0.00824397039390054,1.17598042696543,-0.424083652530142,-0.29369994473188,1.28417506614279
-0.18,0.26,-0.181813784658203,0.268175476189285,-0.00181378465820331,0.00817547618928544,0.00837425971103756,1.08340597153716,-0.407279085968419,-0.35891172304359,1.2118238818083
-0.18,0.275,-0.181121844954136,0.283330899784426,-0.00112184495413564,0.00833089978442619,0.00840609465324249,0.953084173304631,-0.377960827283628,-0.401963441434191,1.10128823494417
-0.18,0.29,-0.180614722844105,0.298292489546052,-0.000614722844105117,0.00829248954605237,0.00831524305396135,0.786750541911632,-0.334842206701358,-0.42116679594803,0.953151687935253
-0.18,0.305,-0.180361959014988,0.313070137261913,-0.000361959014988228,0.00807013726191273,0.0080782504142075,0.586410741920311,-0.276729890633362,-0.415279148865481,0.770014731186925
-0.18,0.32,-0.180426971642575,0.327675076921015,-0.000426971642574742,0.00767507692101539,0.00768694416052739,0.354283699439491,-0.202560985030764,-0.38349961533118,0.56001994974964
-0.18,0.335,-0.180866389628813,0.342119570031336,-0.000866389628812886,0.00711957003133624,0.00717209233208941,0.0927449667622996,-0.11143331263061,-0.325451559663667,0.356283789615314
-0.18,0.35,-0.181729634449613,0.356416592594019,-0.00172963444961269,0.00641659259401929,0.00664562230697097,-0.195727561904986,-0.00262802058583827,-0.241153846346608,0.310598774690229
-0.16,0.05,-0.151903039577038,0.0358448805506092,0.0080969604229619,-0.0141551194493908,0.0163073043363252,-0.775507844562659,-0.0601852766129832,0.993073295102588,1.26146483607067
-0.16,0.065,-0.156267424365308,0.0536928270527109,0.00373257563469206,-0.0113071729472891,0.0119073204764382,-0.404752995125927,-0.114193095490005,0.906921005058623,0.999698011109225
-0.16,0.08,-0.159896680989572,0.0714055284403854,0.000103319010427844,-0.0085944715596146,0.0085950925653503,-0.0579656213849489,-0.164592259402947,0.802934458543138,0.821684818762647
-0.16,0.095,-0.162815745950366,0.0889657345864383,-0.00281574595036638,-0.00603426541356172,0.00665888762018942,0.261647494103917,-0.211949542528645,0.68341802077232,0.76187319386963
-0.16,0.11,-0.165058423461404,0.106356870347812,-0.00505842346140448,-0.00364312965218755,0.0062337822850606,0.551039557779017,-0.256678097485677,0.551111157573961,0.820526205792404
-0.16,0.125,-0.166667460550946,0.123563415918153,-0.00666746055094573,-0.00143658408184663,0.00682046948696589,0.807397335309513,-0.299000217761348,0.409141139217249,0.953262304107421
-0.16,0.14,-0.1676943505504,0.140571286611786,-0.0076943505503997,0.000571286611786417,0.00771552971514222,1.02821147788112,-0.338917124650375,0.260957644906153,1.11365236863603
-0.16,0.155,-0.16819884654364,0.157368194551363,-0.00819884654363974,0.00236819455136256,0.0085340160580618,1.21134008220986,-0.376188280957458,0.110251466864262,1.27321817117212
-0.16,0.17,-0.168248182545282,0.173943973935887,-0.00824818254528158,0.00394397393588659,0.00914261700538968,1.35506218386176,-0.410322189935697,-0.0391392455658318,1.41640102689163
-0.16,0.185,-0.167916018369968,0.190290852492711,-0.00791601836996767,0.00529085249271143,0.00952136896319518,1.45811838946719,-0.440579866557591,-0.183330734463482,1.5342655157975
-0.16,0.2,-0.167281142496464,0.206403653850367,-0.0072811424964643,0.00640365385036691,0.00969648486252298,1.51973661135076,-0.465991242883589,-0.318498228845815,1.62122289924052
-0.16,0.215,-0.166425984234739,0.222279919364165,-0.00642598423473891,0.00727991936416504,0.00971032951726449,1.53964180358524,-0.485383789431657,-0.440977996854606,1.67354564278788
-0.16,0.23,-0.165434999842026,0.23791994266004,-0.00543499984202551,0.00791994266004009,0.00960545235900633,1.51804961552507,-0.497421710087203,-0.547361675848203,1.68870193554085
-0.16,0.245,-0.164393005740458,0.253326715616911,-0.00439300574045802,0.00832671561691112,0.009414493741068,1.45564487455744,-0.500653303103763,-0.634578360358641,1.66506472515689
-0.16,0.26,-0.163383534575935,0.268505790034359,-0.00338353457593522,0.00850579003435853,0.00915405758858562,1.35354667836042,-0.493563553151669,-0.699960920651818,1.60181334579754
-0.16,0.275,-0.162487286374949,0.283465064302883,-0.00248728637494902,0.00846506430288341,0.00882291942403182,1.21326255227125,-0.474628777952652,-0.741294257769069,1.49897425948622
-0.16,0.29,-0.161780738028077,0.298214508474316,-0.00178073802807667,0.00821450847431567,0.0084053065023973,1.03663454796729,-0.442370199695807,-0.756844514697549,1.35764591833802
-0.16,0.305,-0.161334960982287,0.31276584394165,-0.0013349609822873,0.00776584394164982,0.00787974954870323,0.825780324410937,-0.395403619221801,-0.745369527001507,1.18062789127346
-0.16,0.32,-0.161214680973129,0.327132195241671,-0.00121468097312868,0.007132195241671,0.00723489176365447,0.583032171134309,-0.332482879009316,-0.706111895259193,0.974211605162927
-0.16,0.335,-0.161477596625722,0.341327731372973,-0.00147759662572214,0.0063277313729731,0.00649795938097904,0.310876655216732,-0.252535434955231,-0.638776909787837,0.753964577539228
-0.16,0.35,-0.162173957542822,0.355367312597486,-0.00217395754282201,0.00536731259748578,0.00579086659465769,0.0118971514151118,-0.154689040718792,-0.543498129832335,0.565210623872669
-0.14,0.05,-0.135494490887405,0.0368660380351143,0.00450550911259529,-0.0131339619648857,0.013885264464847,-0.478972983615545,-0.0917134098487756,0.755698333595016,0.899401495741904
-0.14,0.065,-0.139771264964063,0.0548167464313358,0.000228735035936539,-0.0101832535686642,0.0101858221543662,-0.112169527539702,-0.138849597651212,0.664171092536885,0.687742781049409
-0.14,0.08,-0.143298942826849,0.0726136669613266,-0.00329894282684856,-0.00738633303867343,0.00808955743740128,0.230546965022527,-0.183187931157256,0.55403321514098,0.627428449012759
-0.14,0.095,-0.146102573604796,0.090238137797005,-0.00610257360479563,-0.00476186220299496,0.0077405901740281,0.545906537959237,-0.225482230983028,0.427712329063699,0.729247009047994
-0.14,0.11,-0.148216322488572,0.107672317299137,-0.00821632248857157,-0.0023276827008627,0.00853967575450628,0.830797842238805,-0.266317705449077,0.288110338565549,0.91879041786893
-0.14,0.125,-0.14968355958267,0.124899605714458,-0.00968355958266998,-0.000100394285542496,0.00968407998746856,1.08234546239892,-0.306065695735446,0.138553073061248,1.13330787502036
-0.14,0.14,-0.15055666699012,0.141905063902507,-0.0105566669901196,0.00190506390250687,0.0107271844587905,1.29798418058275,-0.344846058223901,-0.0172805344355508,1.34315411278479
-0.14,0.155,-0.150896544290824,0.158675809314506,-0.0108965442908236,0.00367580931450637,0.0114998370248666,1.47552634738809,-0.382500264737923,-0.175447366847215,1.53440768483628
-0.14,0.17,-0.150771809635171,0.17520136875482,-0.0107718096351707,0.00520136875481952,0.0119618610483474,1.6132187420159,-0.418577695643124,-0.33184331114031,1.69941569333314
-0.14,0.185,-0.150257712664004,0.191473968511058,-0.0102577126640043,0.00647396851105764,0.0121298366592234,1.70978583419627,-0.452336704202901,-0.482315659180457,1.83327336047067
-0.14,0.2,-0.149434794897366,0.207488745150513,-0.00943479489736554,0.00748874515051298,0.0120456074435741,1.76445718356061,-0.482760929506482,-0.622778854779888,1.93250479923118
-0.14,0.215,-0.148387351111898,0.223243864654119,-0.00838735111189845,0.00824386465411873,0.0117604831154886,1.77697773750369,-0.508590151302457,-0.749327410898785,1.99454433819776
-0.14,0.23,-0.147201759316765,0.238740543047209,-0.00720175931676462,0.00874054304720857,0.0113253004382538,1.74760091647859,-0.528363851481899,-0.858340065167182,2.01753452545812
-0.14,0.245,-0.145964755904951,0.253982967923225,-0.00596475590495078,0.00898296792322484,0.0107829506961375,1.67706547373835,-0.540474700839666,-0.946569993955121,2.00026563605476
-0.14,0.26,-0.144761735250411,0.268978126487975,-0.00476173525041068,0.00897812648797545,0.0101627200015099,1.56655808586407,-0.543228533153711,-1.01121708735406,1.94219531905165
-0.14,0.275,-0.143675149298048,0.283735551420322,-0.0036751492980481,0.00873555142032192,0.00947716101899888,1.41766436480543,-0.534907054990791,-1.04997971959268,1.84354235780261
-0.14,0.29,-0.142783073119138,0.298267000311632,-0.00278307311913828,0.0082670003116318,0.00872288886430352,1.23231144510292,-0.513829583888016,-1.06108499044331,1.70549947601666
-0.14,0.305,-0.142157988270034,0.31258608741554,-0.00215798827003361,0.00758608741553997,0.00788705494147318,1.01270546094775,-0.478410467410506,-1.0432978788041,1.53070531034256
-0.14,0.32,-0.141865818852542,0.326707887693616,-0.00186581885254236,0.00670788769361563,0.00696254531767389,0.761267123077474,-0.427209442168128,-0.99591100983148,1.32436866873408
-0.14,0.335,-0.141965237285755,0.340648532745803,-0.00196523728575546,0.00564853274580303,0.00598064208674391,0.48056827637059,-0.358972950187324,-0.918717699713656,1.0972175945485
-0.14,0.35,-0.142507239782883,0.354424816425249,-0.00250723978288295,0.00442481642524861,0.00508578919402101,0.173271838446962,-0.272665243921986,-0.811971557381787,0.873889054625376
-0.12,0.05,-0.118739211593893,0.0380350103267916,0.00126078840610697,-0.0119649896732084,0.0120312329079341,-0.233036394408746,-0.09794918727024,0.53375441301426,0.590590269222828
-0.12,0.065,-0.122931601633021,0.056088517053819,-0.00293160163302078,-0.00891148294618099,0.00938130142543159,0.1273779543241,-0.137437564901335,0.438206175790197,0.476592267729998
-0.12,0.08,-0.126362165517227,0.0739692733531506,-0.00636216551722704,-0.00603072664684945,0.00876623145699524,0.46375766811641,-0.174925414153884,0.323324819519728,0.591787231670188
-0.12,0.095,-0.129056087557997,0.0916571880425695,-0.00905608755799747,-0.0033428119574305,0.00965334727650761,0.772804069856379,-0.211365240435758,0.191648379217511,0.823797418982828
-0.12,0.11,-0.131047895729798,0.109133141215548,-0.0110478957297981,-0.00086685878445171,0.011081852020699,1.05137353448799,-0.247527288469296,0.0462277000012476,1.08112337271354
-0.12,0.125,-0.132381562641332,0.126379448225776,-0.0123815626413316,0.00137944822577613,0.0124581688401151,1.29655754267569,-0.283945689942908,-0.109426577672465,1.33181855192848
-0.12,0.14,-0.133110315335318,0.143380318132663,-0.0131103153353175,0.00338031813266312,0.0135390885538678,1.50575993988137,-0.320872770713536,-0.271419923357539,1.56335944070811
-0.12,0.155,-0.133296132812429,0.16012228449623,-0.013296132812429,0.00512228449623015,0.0142486822627944,1.67676731566375,-0.35824523567791,-0.435570198136119,1.76914056509194
-0.12,0.17,-0.133008928006487,0.176594585805691,-0.0130089280064874,0.0065945858056909,0.0145849501139562,1.80780860825195,-0.395665288895077,-0.597520095485511,1.94476639977456
-0.12,0.185,-0.132325430624004,0.192789474084263,-0.0123254306240044,0.00778947408426295,0.0145805399960547,1.89760058824473,-0.43239872122575,-0.75286010417665,2.08689636552235
-0.12,0.2,-0.131327807919848,0.208702433561214,-0.011327807919848,0.00870243356121382,0.0142846624796077,1.94537674097959,-0.467390709257492,-0.897255383500942,2.19285177265356
-0.12,0.215,-0.130102078834196,0.224332296160526,-0.0101020788341964,0.00933229616052648,0.0137529541699264,1.95089817908586,-0.499298664244499,-1.02656956231281,2.26048903870099
-0.12,0.23,-0.128736391988109,0.239681246965382,-0.0087363919881094,0.00968124696538152,0.0130403637899643,1.91444642864704,-0.526540110305772,-1.13697873924563,2.28817965024536
-0.12,0.245,-0.127319247266614,0.254754719775945,-0.00731924726661404,0.00975471977594479,0.0121953244506674,1.83679913414823,-0.547352425146841,-1.22506982798433,2.27484100077108
-0.12,0.26,-0.125937743542797,0.269561189893763,-0.00593774354279721,0.00956118989376344,0.0112549167284629,1.71919077666065,-0.559860468127482,-1.28791874431632,2.22000268213122
-0.12,0.275,-0.124675931131145,0.284111877488046,-0.00467593113114488,0.00911187748804594,0.0102416133153116,1.56326129692526,-0.562147726031661,-1.32314559977529,2.12391778727018
-0.12,0.29,-0.123613337441489,0.298420379789099,-0.0036133374414887,0.0084203797890991,0.00916291456135725,1.37099600805733,-0.552326641514644,-1.3289458349304,1.9877595663755
-0.12,0.305,-0.122823719459408,0.312502253462776,-0.00282371945940812,0.00750225346277617,0.00801605879501748,1.14466034509244,-0.528604205565547,-1.30409790528077,1.81400549047679
-0.12,0.32,-0.12237407886863,0.326374569676998,-0.00237407886863039,0.00637456967699783,0.00680230762619404,0.886732869347819,-0.4893396087432,-1.24794956529233,1.60726349756861
-0.12,0.335,-0.122323956945895,0.340055463718142,-0.00232395694589546,0.00505546371814153,0.00556403534243099,0.599839572000159,-0.433091638756332,-1.16038586530091,1.3762130256344
-0.12,0.35,-0.12272500856542,0.353563698778631,-0.00272500856542002,0.00356369877863098,0.0044861587874738,0.286691986925894,-0.358654471631495,-1.04178265052938,1.13849860089728
-0.1,0.05,-0.101618081282612,0.0393197892651398,-0.00161808128261187,-0.0106802107348602,0.010802087223225,-0.038962181077347,-0.0834072746624226,0.327895744539368,0.340574200183959
-0.1,0.065,-0.105729319805222,0.0574752726834887,-0.00572931980522201,-0.00752472731651126,0.00945762267265722,0.312453940129895,-0.114739392826598,0.229925478624384,0.404547894075354
-0.1,0.08,-0.109067351818725,0.0754387048490982,-0.00906735181872503,-0.00456129515090183,0.0101499892836484,0.640064320571912,-0.144828828812632,0.111984147323825,0.665735052150347
-0.1,0.095,-0.111657525017714,0.0931885615422411,-0.0116575250177142,-0.00181143845775894,0.0117974233977119,0.940581266482871,-0.174832300197855,-0.0232960421769051,0.956986650105579
-0.1,0.11,-0.113534735042008,0.11070444609866,-0.0135347350420081,0.000704446098659661,0.0135530548941292,1.21086651737809,-0.205712514536133,-0.172733522196227,1.24032750061481
-0.1,0.125,-0.114743536546967,0.12796759612316,-0.0147435365469673,0.00296759612315994,0.0150392319172873,1.44801272363237,-0.238175417147362,-0.332652549521198,1.50474457533174
-0.1,0.14,-0.115337954594222,0.144961381956111,-0.015337954594222,0.00496138195611109,0.0161204268569055,1.64942247306664,-0.272615998781704,-0.498963665665642,1.74473893211429
-0.1,0.155,-0.115380974168763,0.161671772332703,-0.0153809741687634,0.006671772332703,0.0167656467945495,1.81288060008437,-0.309077057479227,-0.667266801851618,1.95644616185006
-0.1,0.17,-0.114943704008909,0.178087742231275,-0.0149437040089089,0.00808774223127542,0.0169919352607476,1.93661567506632,-0.347224602774862,-0.832972467174586,2.13668373893207
-0.1,0.185,-0.114104231661383,0.19420159950772,-0.0141042316613831,0.00920159950772048,0.0168403914520549,2.01934711715913,-0.386342441790873,-0.99143480800607,2.28268601092849
-0.1,0.2,-0.112946207837551,0.210009210651173,-0.0129462078375512,0.0100092106511728,0.0163642474691818,2.0603152751992,-0.425347006780736,-1.13808920427382,2.39204874502724
-0.1,0.215,-0.111557217527574,0.225510111663818,-0.0115572175275741,0.0105101116638184,0.0156215147846039,2.05929298014419,-0.46282184313263,-1.26858660213807,2.46274995647224
-0.1,0.23,-0.110027010877036,0.240707497194693,-0.0100270108770359,0.0107074971946931,0.0146694050084711,2.0165783626438,-0.497069574286368,-1.37891706398733,2.49320266215384
-0.1,0.245,-0.10844567646497,0.255608088878849,-0.00844567646497045,0.0106080888788487,0.0135595354128565,1.93297000425098,-0.526177793165953,-1.46551599210377,2.48232492170912
-0.1,0.26,-0.106901842498851,0.270221891573124,-0.00690184249885131,0.0102218915731239,0.0123337949233661,1.80972660831248,-0.548094355562744,-1.52534802022496,2.4296273210276
-0.1,0.275,-0.105480987246127,0.284561853007381,-0.00548098724612708,0.00956185300738055,0.0110213544597277,1.64851422210733,-0.560707062429263,-1.55596545704546,2.33533189258537
-0.1,0.29,-0.104263929404102,0.29864344763971,-0.00426392940410238,0.00864344763971023,0.00963796042031618,1.45134456512708,-0.561922739143703,-1.55554017965428,2.200558722433
-0.1,0.305,-0.103325553586229,0.312484208740699,-0.00332555358622927,0.00748420874069877,0.00818979164138101,1.22050817699868,-0.549741191286826,-1.52286976728541,2.02766293938811
-0.1,0.32,-0.102733807532281,0.326103233807378,-0.00273380753228133,0.00610323380737823,0.00668753815174783,0.958505952229635,-0.522320341144069,-1.45736027046708,1.82091466845609
-0.1,0.335,-0.10254898818199,0.339520687419595,-0.00254898818198968,0.00452068741959488,0.00518979339642788,0.667982220115355,-0.478029884778337,-1.35898919107967,1.58799428805325
-0.1,0.35,-0.102823315362849,0.352757322992954,-0.00282331536284924,0.00275732299295356,0.00394638311946153,0.351661951217754,-0.415491920798945,-1.22825296962397,1.34349831529374
-0.08,0.05,-0.0841136313796831,0.04068668944623,-0.0041136313796831,-0.00931331055376999,0.010181341591307,0.103577951675869,-0.0531760928402237,0.138639685882696,0.18104441084041
-0.08,0.065,-0.0881469745429411,0.0589424227859447,-0.00814697454294108,-0.00605757721405534,0.01015221335018,0.443298364989681,-0.076167259349023,0.040076404557218,0.451577308558968
-0.08,0.08,-0.0913971831449331,0.0769865540828598,-0.0113971831449331,-0.00301344591714017,0.0117888353934846,0.759616794887562,-0.0986076020456763,-0.0789789922413951,0.770056972945838
-0.08,0.095,-0.0938898015244621,0.0947961374846243,-0.0138898015244621,-0.000203862515375658,0.0138912975029017,1.04930011320431,-0.121856012589027,-0.215819470369791,1.07818920577194
-0.08,0.11,-0.0956601005024987,0.112349515352308,-0.0156601005024987,0.00234951535230801,0.0158353708557486,1.30925718016765,-0.147068010603079,-0.367155558934058,1.36772636098083
-0.08,0.125,-0.0967531962112453,0.129626867668847,-0.0167531962112453,0.00462686766884715,0.0173803765125359,1.5366202161109,-0.175124152741745,-0.529172134596965,1.63464814179318
-0.08,0.14,-0.0972238617210088,0.146610750218877,-0.0172238617210088,0.00661075021887686,0.0184489411902367,1.72882411654206,-0.20656725547032,-0.697612717203337,1.87576134012745
-0.08,0.155,-0.0971360083727304,0.163286594677922,-0.0171360083727304,0.00828659467792164,0.019034453874657,1.88367936002233,-0.241553509114517,-0.867888577038348,2.08813534354996
-0.08,0.17,-0.0965618326469739,0.179643143234758,-0.0165618326469739,0.00964314323475807,0.0191646683267003,1.99943429663962,-0.27982182651516,-1.03520779021949,2.26900104355592
-0.08,0.185,-0.0955806458717935,0.195672792432996,-0.0155806458717935,0.010672792432996,0.0188855771450081,2.0748231221046,-0.320684506141558,-1.19471751160531,2.41576985306135
-0.08,0.2,-0.0942774258696357,0.211371825069258,-0.0142774258696357,0.0113718250692577,0.018252761294356,2.10909675555427,-0.3630406244987,-1.34165144415639,2.52609378188281
-0.08,0.215,-0.0927411498310692,0.226740515458033,-0.0127411498310692,0.0117405154580333,0.017325605393119,2.10203502101886,-0.40541169628872,-1.47147392998372,2.59794181524942
-0.08,0.23,-0.0910629836058313,0.241783101212739,-0.0110629836058313,0.0117831012127389,0.0161626445995864,2.05393986665829,-0.44599728870937,-1.58001238374466,2.62968353943913
-0.08,0.245,-0.0893344126568135,0.256507623391281,-0.00933441265681351,0.0115076233912812,0.0148174443060618,1.96561067335876,-0.482746679433744,-1.66357085348605,2.62017824454258
-0.08,0.26,-0.0876454027776401,0.270925645317906,-0.00764540277764009,0.010925645317906,0.0133349881606633,1.83830386798315,-0.513441497110238,-1.71901921216713,2.56887440811646
-0.08,0.275,-0.0860826742573071,0.28505186781651,-0.00608267425730712,0.0100518678165101,0.01174899879654,1.6736799396259,-0.535783693510639,-1.74385459655964,2.47593446215529
-0.08,0.29,-0.0847281621187159,0.298903664210636,-0.00472816211871593,0.0089036642106356,0.0100812079334083,1.47374149145306,-0.547483192659995,-1.73623394543455,2.34241848172209
-0.08,0.305,-0.0836577188936816,0.312500561816003,-0.00365771889368163,0.00750056181600306,0.00834489874479485,1.24076613019444,-0.546340089658708,-1.69497860789754,2.17059992536503
-0.08,0.32,-0.0829400971808373,0.325863697595997,-0.00294009718083732,0.00586369759599728,0.00655950614986158,0.977237830627476,-0.530317202948986,-1.61955375032601,1.96457694839258
-0.08,0.335,-0.0826362290867802,0.339015274355537,-0.00263622908678018,0.0040152743555367,0.0048033459117803,0.685779986059315,-0.497599963885497,-1.51002658254166,1.73156241350477
-0.08,0.35,-0.0827988006711231,0.3519780407116,-0.00279880067112315,0.00197804071160015,0.00342723361523941,0.369092752843026,-0.44664189176696,-1.36700818668753,1.48477378439822
-0.06,0.05,-0.0662103064672228,0.0421006418240171,-0.00621030646722281,-0.00789935817598295,0.0100482717921689,0.1966720143203,-0.0126490927808225,-0.0336217903053308,0.199925851518414
-0.06,0.065,-0.0701690575616527,0.0604539609131395,-0.0101690575616527,-0.00454603908686055,0.011138949819057,0.522014340680697,-0.0274782105495842,-0.130746780907741,0.538842170466523
-0.06,0.08,-0.07333629034485,0.0785759713651693,-0.01333629034485,-0.00142402863483065,0.0134121026582321,0.824524777636846,-0.0423570493873776,-0.248735954175771,0.862275383266211
-0.06,0.095,-0.0757377832838438,0.0964423329928413,-0.0157377832838438,0.00144233299284133,0.0158037383916424,1.10107026183117,-0.0588360142452838,-0.38482943594278,1.1678862605501
-0.06,0.11,-0.077409191938127,0.11403015799211,-0.017409191938127,0.00403015799210976,0.0178695869392639,1.34865079964594,-0.0782555336541352,-0.535656866122048,1.45328057039896
-0.06,0.125,-0.0783961728906942,0.131318602379745,-0.0183961728906942,0.0063186023797446,0.0194510645738897,1.56447904939854,-0.101666121737191,-0.697295153925249,1.7159170406256
-0.06,0.14,-0.078754194073158,0.148289443076975,-0.0187541940731581,0.00828944307697477,0.0205045034531461,1.7460582592812,-0.129757345493717,-0.865355718695828,1.95314268032277
-0.06,0.155,-0.078548007683381,0.164927611384354,-0.018548007683381,0.00992761138435422,0.02103772936468,1.89125426049573,-0.16280143138247,-1.0350984977948,2.1622513120684
-0.06,0.17,-0.077850781358099,0.181221653324882,-0.017850781358099,0.0112216533248823,0.0210849685425067,1.99835728282737,-0.200616495754012,-1.2015676133055,2.34055662422023
-0.06,0.185,-0.0767429052408847,0.197164089502665,-0.0167429052408847,0.0121640895026655,0.0206951672941801,2.06612986620533,-0.242553027258795,-1.35974152614012,2.48547587036287
-0.06,0.2,-0.0753105150571653,0.212751652058584,-0.0153105150571653,0.0127516520585838,0.0199252729351161,2.09383802891554,-0.287505414610552,-1.50468905602427,2.59462070152292
-0.06,0.215,-0.0736437920421773,0.227985383282014,-0.0136437920421773,0.0129853832820143,0.0188354251417641,2.08126401652566,-0.333948214084114,-1.63172200335633,2.6658919865978
-0.06,0.23,-0.0718351168034557,0.242870589177222,-0.0118351168034557,0.0128705891772222,0.0174849093655149,2.02870030201964,-0.37999475774065,-1.73653538856865,2.69757672785865
-0.06,0.245,-0.0699771645855126,0.25741665077087,-0.00997716458551261,0.01241665077087,0.0159284974034638,1.93692582959547,-0.423473879149471,-1.81532749250741,2.6884478262744
-0.06,0.26,-0.0681610321941091,0.271636705123978,-0.00816103219410907,0.0116367051239779,0.0142132104964254,1.80716667513825,-0.462019204437547,-1.86489373913819,2.63787240260425
-0.06,0.275,-0.0664744822273307,0.285547216006466,-0.00647448222733074,0.0105472160064662,0.0123758913052385,1.64104419136475,-0.493164757496347,-1.88269078033247,2.54594354594373
-0.06,0.29,-0.0650003787940861,0.299167460158863,-0.00500037879408612,0.00916746015886269,0.0104425147282003,1.44051425057735,-0.514440595834089,-1.86686959798166,2.4136681698449
-0.06,0.305,-0.0638153722163891,0.312518958532039,-0.00381537221638906,0.00751895853203938,0.00843159549291362,1.20780137180159,-0.523462762059578,-1.81627873657934,2.24328078507863
-0.06,0.32,-0.0629888704073525,0.325624882702224,-0.00298887040735255,0.00562488270222428,0.00636966653175264,0.945331352426888,-0.518012869481389,-1.73044070723978,2.03883602969672
-0.06,0.335,-0.062582313915322,0.338509465061844,-0.00258231391532196,0.00350946506184421,0.00435714243255492,0.65566559597037,-0.496103954072806,-1.60950598209459,1.8074282585652
-0.06,0.35,-0.062648752185328,0.351197437732074,-0.00264875218532798,0.0011974377320742,0.00290684455406111,0.341439716344464,-0.456030635224508,-1.45418980269488,1.56184635952689
-0.04,0.05,-0.0478947034854807,0.0435255230146335,-0.00789470348548071,-0.00647447698536655,0.0102100536412745,0.244230651644126,0.0328018297961874,-0.188603180400243,0.310315913688083
-0.04,0.065,-0.0517822414492255,0.0619728106635334,-0.0117822414492255,-0.00302718933646659,0.0121649122005325,0.552645414040885,0.0255756253573484,-0.282096949452224,0.62101008896326
-0.04,0.08,-0.0548715011018611,0.0801690262467881,-0.0148715011018611,0.000169026246788107,0.0148724616286195,0.838949545517975,0.0178128692268913,-0.396648555853906,0.928171619464949
-0.04,0.095,-0.0571885357161912,0.0980884789047206,-0.0171885357161912,0.00308847890472055,0.0174638043395958,1.10015503573048,0.00779136908885988,-0.529469275531503,1.22098154692976
-0.04,0.11,-0.0587693964255935,0.115707096876239,-0.0187693964255935,0.00570709687623908,0.0196178795219019,1.33339697401707,-0.00599745967865789,-0.677138359692282,1.49553562394787
-0.04,0.125,-0.059660258363294,0.133003059693915,-0.019660258363294,0.00800305969391482,0.0212267454730072,1.5360096092417,-0.0247612624836285,-0.835661111123206,1.7488583664602
-0.04,0.14,-0.0599172279693106,0.149957412732411,-0.0199172279693106,0.00995741273241052,0.022267600640955,1.70560118232607,-0.0493282496791899,-1.00055804854184,1.97813390498335
-0.04,0.155,-0.0596058072751104,0.166554632529493,-0.0196058072751104,0.0115546325294932,0.0227573551143448,1.84012337970239,-0.0800838542123389,-1.16698245456079,2.18057089352897
-0.04,0.17,-0.0588000107019579,0.182783111258874,-0.0188000107019579,0.012783111258874,0.0227342986663429,1.93793129918028,-0.116928117239751,-1.32986103950581,2.35341431540459
-0.04,0.185,-0.0575811524849978,0.19863553117025,-0.0175811524849978,0.0136355311702502,0.0222491490398085,1.99783027495443,-0.159257949760729,-1.48405021939276,2.49400802213178
-0.04,0.2,-0.0560363456661989,0.21410910527639,-0.0160363456661989,0.0141091052763902,0.0213595700805536,2.01910673720345,-0.20597644314048,-1.62449889675515,2.59987974846281
-0.04,0.215,-0.05425677482543,0.229205668307674,-0.01425677482543,0.0142056683076743,0.0201260189926045,2.00154141120193,-0.255529109721143,-1.74640791876135,2.66883710851756
-0.04,0.23,-0.0523358212417547,0.243931611400508,-0.0123358212417547,0.013931611400508,0.0186081240839396,1.94540445015778,-0.305964622260723,-1.84537664702211,2.69906926306881
-0.04,0.245,-0.0503671296500489,0.258297664271685,-0.0103671296500489,0.0132976642716849,0.0168613538087357,1.85143339955912,-0.355015588135086,-1.91752829267179,2.68925343877123
-0.04,0.26,-0.0484427086060118,0.272318538521127,-0.0084427086060118,0.0123185385211274,0.0149340456642708,1.72079604065985,-0.400193394225587,-1.95960767049065,2.63867135037803
-0.04,0.275,-0.04665115159951,0.286012454215356,-0.00665115159951002,0.0110124542153558,0.0128651453720886,1.55504105664111,-0.438890351110411,-1.96904749619351,2.54735044277511
-0.04,0.29,-0.0450760542632256,0.299400578188265,-0.00507605426322558,0.0094005781882647,0.0106835011656708,1.35603999568638,-0.468482292877942,-1.94400199180357,2.4162634561369
-0.04,0.305,-0.0437946859148785,0.312506406034187,-0.0037946859148785,0.00750640603418656,0.00841105063251017,1.12592419595501,-0.486425387878026,-1.88334902919623,2.2476579733747
-0.04,0.32,-0.0428769533846437,0.325355120457713,-0.00287695338464369,0.00535512045771314,0.00607899464500756,0.867020175771522,-0.490342030983067,-1.78666409834668,2.04567163065324
-0.04,0.335,-0.0423846739551324,0.337972956675231,-0.00238467395513237,0.00297295667523145,0.003811186333032,0.581786583592372,-0.478092118907259,-1.65417085133983,1.81758244487484
-0.04,0.35,-0.0423711544260626,0.350386601493845,-0.00237115442606259,0.000386601493844702,0.00240246415733496,0.272755209319609,-0.447827549999472,-1.4866738132705,1.57648366200219
-0.02,0.05,-0.0291557817764625,0.044924513754294,-0.00915578177646253,-0.00507548624570603,0.0104684717398747,0.25192194359719,0.0781838610737367,-0.326101960711787,0.419428964412793
-0.02,0.065,-0.0329755937050224,0.0634612022131278,-0.0129755937050224,-0.00153879778687224,0.0130665194534237,0.541115494020847,0.0776329622504285,-0.413662492572564,0.685532726324141
-0.02,0.08,-0.0359920563364319,0.0817271009067538,-0.0159920563364319,0.00172710090675379,0.0160850471994869,0.809049759692502,0.0761902763439054,-0.522271871352645,0.966000250441794
-0.02,0.095,-0.0382315404170007,0.0996952284318251,-0.0182315404170007,0.00469522843182507,0.0188264238771932,1.05292357342543,0.0719902750740201,-0.649137742579447,1.23906024567808
-0.02,0.11,-0.0397305038839863,0.117340390689634,-0.0197305038839863,0.00734039068963402,0.021051701094982,1.27004829187213,0.0633816528365193,-0.790821978967062,1.49752027028138
-0.02,0.125,-0.0405356171206452,0.134639851953222,-0.0205356171206452,0.0096398519532222,0.022685641190096,1.45791868852891,0.049020648611638,-0.943298443655535,1.73723144163149
-0.02,0.14,-0.040703565476668,0.151573984820839,-0.020703565476668,0.0115739848208392,0.0237190798320613,1.61428299480369,0.0279557503200721,-1.10204295916644,1.95488120058382
-0.02,0.155,-0.0403005046563323,0.168126865315077,-0.0203005046563323,0.0131268653150768,0.0241748853627465,1.73720821714519,-0.000303007288726671,-1.26215283699494,2.14743150354616
-0.02,0.17,-0.039401164622323,0.184286779431829,-0.019401164622323,0.0142867794318293,0.0240939256916804,1.82513686882584,-0.0357362195794277,-1.41849062944588,2.31197806611253
-0.02,0.185,-0.0380876205398508,0.20004661039063,-0.0180876205398508,0.0150466103906297,0.0235279089814849,1.87693164845516,-0.0777933665209854,-1.56584439344864,2.44575164658586
-0.02,0.2,-0.0364477725353803,0.215404081607298,-0.0164477725353803,0.0154040816072976,0.0225347498663707,1.89190534611968,-0.125399671490147,-1.69909503131174,2.54617785770865
-0.02,0.215,-0.0345735973909935,0.230361839003389,-0.0145735973909935,0.0153618390033888,0.0211748869768131,1.86983431096964,-0.176991650894879,-1.81338048088656,2.61096434237988
-0.02,0.23,-0.0325592521363787,0.244927366352369,-0.0125592521363787,0.0149273663523695,0.0195079747909153,1.81095500262548,-0.230578950765158,-1.90424675483232,2.63820204096068
-0.02,0.245,-0.0304991199645412,0.2591127384184,-0.0104991199645412,0.0141127384183998,0.0175897954989819,1.71594439604598,-0.283827858843006,-1.96777709785653,2.62647635578701
-0.02,0.26,-0.0284858917007964,0.272934227173931,-0.00848589170079643,0.0129342271739314,0.0154694728592965,1.58588608795267,-0.334160228765744,-2.00069258932407,2.5749921431943
-0.02,0.275,-0.0266087709913547,0.28641178537662,-0.00660877099135475,0.0114117853766204,0.0131872931073143,1.4222248142759,-0.378860642889129,-2.00042013154843,2.48372814117891
-0.02,0.29,-0.0249518793199778,0.299568438355839,-0.00495187931997779,0.00956843835583893,0.0107738628805602,1.2267126149185,-0.415184521768547,-1.96512652184192,2.35365741898596
-0.02,0.305,-0.023592919506546,0.312429618465142,-0.00359291950654603,0.0074296184651422,0.0082527753585143,1.0013500640489,-0.440460497066676,-1.89371990851565,2.18711300724001
-0.02,0.32,-0.0226021357268178,0.325022477162661,-0.00260213572681775,0.00502247716266108,0.00565653491019311,0.748325866109085,-0.452181536472372,-1.78582207760793,1.98847104400761
-0.02,0.335,-0.0220415866522516,0.337375207433976,-0.00204158665225163,0.00237520743397582,0.00313204189197175,0.469957727980892,-0.448080829939334,-1.64171656497948,1.7655357876017
-0.02,0.35,-0.0219647282394312,0.349516404725628,-0.00196472823943117,-0.000483595274372084,0.00202336883543592,0.168636880207271,-0.426190087523589,-1.46227844620885,1.53247337481761
0,0.05,-0.00998503756223978,0.0462604787965457,-0.00998503756223978,-0.0037395212034543,0.0106623165377147,0.226967344086734,0.119235770203397,-0.445974457177157,0.514418446646835
0,0.065,-0.0137407539327455,0.0648810710684618,-0.0137407539327455,-0.000118928931538198,0.0137412685997698,0.495018439232562,0.124106332977677,-0.525252766971459,0.732354701312424
0,0.08,-0.0166897887348498,0.0832113064322216,-0.0166897887348498,0.00321130643222156,0.0169959270713764,0.742765936769327,0.12787357541805,-0.625351631365993,0.97935739314314
0,0.095,-0.0188588735063614,0.101222989256928,-0.0188588735063614,0.00622298925692819,0.0198590711066954,0.967631457376319,0.128564619146787,-0.743500669169314,1.22706572468865
0,0.11,-0.0202848836197066,0.118889879741524,-0.0202848836197066,0.00888987974152436,0.0221473805512933,1.16713838429626,0.124418528044129,-0.876278711181289,1.46481166867903
0,0.125,-0.0210149594838252,0.136188401408001,-0.0210149594838252,0.0111884014080012,0.0238077476501533,1.33897615541684,0.11398383278199,-1.01967065708439,1.68694495468152
0,0.14,-0.0211063024422289,0.153098323812844,-0.0211063024422289,0.0130983238128441,0.0248403319118114,1.4810640195851,0.0962077788023576,-1.16915709379069,1.88945981756071
0,0.155,-0.0206256210569253,0.169603384779479,-0.0206256210569253,0.0146033847794793,0.0252720219017278,1.59161077455004,0.0705101869966562,-1.31983412306476,2.06896683891329
0,0.17,-0.0196482237026779,0.185691816625842,-0.0196482237026779,0.0156918166258418,0.025145293867631,1.66916698653575,0.0368355002864763,-1.46655808341242,2.22236069642964
0,0.185,-0.018256776424611,0.201356744071116,-0.018256776424611,0.0163567440711163,0.024512302258789,1.71266651440894,-0.00432193953274799,-1.604107389859,2.34673723254558
0,0.2,-0.0165397685436042,0.216596427982487,-0.0165397685436042,0.0165964279824873,0.0234308635191682,1.72145481872279,-0.0519222123311157,-1.72735191842127,2.43941511740966
0,0.215,-0.0145897497703768,0.231414338063178,-0.0145897497703768,0.0164143380631782,0.0219611314010575,1.69530245714459,-0.104414032204374,-1.83141949540796,2.49800689583529
0,0.23,-0.0125014197310673,0.245819048646046,-0.0125014197310673,0.0158190486460462,0.0201625344477894,1.63440324745871,-0.159796537382764,-1.91184925686158,2.52051601249215
0,0.245,-0.0103696610350315,0.259823963284519,-0.0103696610350315,0.0148239632845186,0.0180908749772422,1.53935769470295,-0.215704004816718,-1.96472289724197,2.5054513763985
0,0.26,-0.00828760981698493,0.273446885028066,-0.00828760981698493,0.013446885028066,0.0157956700850775,1.41114327574774,-0.269507068652896,-1.98676693814563,2.45196243101708
0,0.275,-0.00634485246540405,0.286709458702888,-0.00634485246540405,0.0117094587028883,0.0133179794234106,1.25107397080166,-0.318423019381038,-1.97542180011119,2.36001228963308
0,0.29,-0.00462582495763962,0.299636518304455,-0.00462582495763962,0.00963651830445528,0.0106892816208959,1.06075192836546,-0.359627590671462,-1.92887631243882,2.23063195649389
0,0.305,-0.00320847356658058,0.3122553762634,-0.00320847356658058,0.00725537626339998,0.00793314485881571,0.842014346956807,-0.390361236735075,-1.84606896037716,2.06635026983903
0,0.32,-0.00216321486559126,0.324595091710867,-0.00216321486559126,0.00459509171086742,0.00507881545106706,0.596878564383846,-0.408024100077195,-1.72665939270263,1.87200750059623
0,0.335,-0.00155221136256856,0.336685752275817,-0.00155221136256856,0.00168575227581672,0.0022915324238396,0.327488018461658,-0.410255439850723,-1.5709752963406,1.65641552762028
0,0.35,-0.00142895886291342,0.348557799026627,-0.00142895886291342,-0.00144220097337325,0.0020302381829474,0.0360612698362638,-0.394995000755528,-1.3799406425183,1.43585010970972
0.02,0.05,0.00962336251187238,0.0474963593875122,-0.0103766374881276,-0.00250364061248776,0.0106744003052403,0.177805263625453,0.152735202016929,-0.548115392807481,0.596134585001506
0.02,0.065,0.00592793142061982,0.0661944695594111,-0.0140720685793802,0.0011944695594111,0.0141226722553183,0.423263147766299,0.161517917573826,-0.616783785757012,0.765291235749813
0.02,0.08,0.00304074238552058,0.0845829119399483,-0.0169592576144794,0.00458291193994828,0.0175675695724707,0.649448631052138,0.169135046049175,-0.70581793541873,0.973956871645591
0.02,0.095,0.000934660544423604,0.102632368417906,-0.0190653394555764,0.00763236841790646,0.0205363145725569,0.854033938005227,0.173547896692109,-0.812494566788989,1.1915080459946
0.02,0.11,-0.000427615921878,0.120315644397141,-0.020427615921878,0.010315644397141,0.0228844928189381,1.03478246099843,0.172924800063097,-0.933443827967728,1.40431258322389
0.02,0.125,-0.00109366972080917,0.137608409607804,-0.0210936697208092,0.0126084096078036,0.0245746799598436,1.18960534476896,0.165740775133448,-1.06470471110665,1.60511541571529
0.02,0.14,-0.00112115193237044,0.154489910423773,-0.0211211519323704,0.0144899104237734,0.0256136792171537,1.31661777992091,0.150869350763903,-1.20181318283944,1.78909444612646
0.02,0.155,-0.000577219059707191,0.170943616099946,-0.0205772190597072,0.0159436160999459,0.0260311513109511,1.41419199710523,0.127659284298973,-1.33992059274182,1.95243231677965
0.02,0.17,0.000462383990878199,0.1869577618259,-0.0195376160091218,0.0169577618258998,0.0258705261922489,1.48100391470579,0.0959895565490354,-1.47393715604341,2.09178471992093
0.02,0.185,0.00191457556399318,0.202525754990885,-0.0180854244360068,0.0175257549908853,0.0251840160623967,1.51607064615437,0.056297466255078,-1.5986928229365,2.20410013852471
0.02,0.2,0.00369048056906835,0.217646417966265,-0.0163095194309316,0.0176464179662651,0.0240290759520224,1.51877661646014,0.00957677377886248,-1.70910601280284,2.28659384319617
0.02,0.215,0.00569720119786515,0.232324050383824,-0.0143027988021348,0.0173240503838245,0.0224653683538828,1.48888681348026,-0.042654596259415,-1.80034978172078,2.33679686436933
0.02,0.23,0.0078397338075107,0.246568305338686,-0.0121602661924893,0.0165683053386859,0.0205519054023739,1.42654662642094,-0.0984151223458868,-1.86800515705401,2.35264568397815
0.02,0.245,0.0100229404884036,0.260393886336926,-0.00997705951159641,0.015393886336926,0.018344303013528,1.33226868626885,-0.15534394527611,-1.90819259513319,2.33259984605666
0.02,0.26,0.0121534812951735,0.273820083288423,-0.0078465187048265,0.0138200832884234,0.0158922168964607,1.20690799556011,-0.210802396425757,-1.91767459865934,2.27579026286683
0.02,0.275,0.0141416183808953,0.286870175797663,-0.00585838161910474,0.0118701757976628,0.0132371337026746,1.05162735608659,-0.261985301109246,-1.89392520334491,2.18222013195474
0.02,0.29,0.0159028157372373,0.299570738922207,-0.0040971842627627,0.00957073892220736,0.0104108579089374,0.867855544700973,-0.306034334928894,-1.83516487247567,2.0530736387487
0.02,0.305,0.0173590759883431,0.31195089025814,-0.00264092401165694,0.00695089025814025,0.00743568120726374,0.657240907304174,-0.340146274485956,-1.74036205211652,1.89125617730704
0.02,0.32,0.0184399766015485,0.324041517420084,-0.00156002339845146,0.00404151742008368,0.00433215143555208,0.421602976228622,-0.361670166273035,-1.60920486760261,1.70244175094584
0.02,0.335,0.0190833895164945,0.335874522104031,-0.000916610483505498,0.000874522104030717,0.00126687161500702,0.162884468190793,-0.368189017886051,-1.44204806350349,1.49723902044085
0.02,0.35,0.0192358884221647,0.347482111626973,-0.000764111577835264,-0.00251788837302733,0.00263127884543013,-0.116894376797275,-0.357583346117655,-1.23984119488594,1.29568818642369
0.04,0.05,0.029672492959923,0.0485955689248857,-0.010327507040077,-0.00140443107511426,0.0104225634230542,0.113647480224117,0.176723031602756,-0.632444956895098,0.666437101695131
0.04,0.065,0.0260333210773235,0.0673639810011101,-0.0139666789226765,0.0023639810011101,0.0141653283160944,0.335600667030252,0.187746317364862,-0.688267168645838,0.788414859732564
0.04,0.08,0.0232021642720034,0.0858037757267012,-0.0167978357279966,0.00580377572670121,0.0177722001404048,0.539357992627438,0.197689822898969,-0.763777153550803,0.955701327441197
0.04,0.095,0.0211514440389718,0.10388461861499,-0.0188485559610282,0.00888461861498963,0.0208375744689691,0.722860351501347,0.204493555221275,-0.856322600403187,1.1391557594672
0.04,0.11,0.0198434257783938,0.121578464241548,-0.0201565742216062,0.011578464241548,0.0232453934908387,0.884129638875796,0.206297325341102,-0.962618039017581,1.32323660704602
0.04,0.125,0.0192301152485424,0.13886032681396,-0.0207698847514576,0.0138603268139603,0.024969917340244,1.0213169298986,0.201540372885377,-1.07879837003173,1.4992134453085
0.04,0.14,0.0192534812084551,0.15570901836875,-0.0207465187915449,0.0157090183687499,0.0260228995324819,1.13275054057533,0.189053632027368,-1.20050444341729,1.66140584598946
0.04,0.155,0.0198460276174011,0.172107815489625,-0.0201539723825989,0.0171078154896249,0.0264359594799509,1.21698148837103,0.16813742039481,-1.32299838988883,1.80552170579939
0.04,0.17,0.0209317184458504,0.188045016003546,-0.0190682815541496,0.0180450160035457,0.0262530372337477,1.2728238191396,0.138617916611254,-1.44130369703663,1.92795291803043
0.04,0.185,0.0224272351372128,0.203514351042711,-0.0175727648627872,0.0185143510427113,0.0255261289555536,1.29938745138922,0.1008771776623,-1.5503625773086,2.02549631549623
0.04,0.2,0.024243523471135,0.218515225170194,-0.015756476528865,0.0185152251701944,0.0243121392663762,1.2961016129296,0.0558535195195284,-1.64520134961741,2.09527461754695
0.04,0.215,0.0262875652832216,0.233052767423675,-0.0137124347167784,0.0180527674236745,0.0226700965484312,1.2627275620268,0.00501160327603342,-1.7210936308539,2.13475911195169
0.04,0.23,0.028464293964282,0.247137688259169,-0.011535706035718,0.017137688259169,0.020658481856394,1.19936003718792,-0.049715790480305,-1.77371125307195,2.14185012895457
0.04,0.245,0.0306785624306698,0.260785950047874,-0.00932143756933016,0.0157859500478742,0.0183326325788987,1.10641766735069,-0.106009905734604,-1.79925397762038,2.11499904248846
0.04,0.26,0.03283706990473,0.274018270994048,-0.00716293009526996,0.0140182709940481,0.0157422834815122,0.984623313871591,-0.161265810096843,-1.79455109869525,2.05337639997331
0.04,0.275,0.0348501593232042,0.286859492279263,-0.00514984067679576,0.0118594922792626,0.0129293625565326,0.834975910061489,-0.212702467639534,-1.75713060394989,1.95711713539044
0.04,0.29,0.0366334095607045,0.299337845544045,-0.00336659043929548,0.0093378455440451,0.00992619214958075,0.658715790797019,-0.257475424460327,-1.68525437227903,1.8277214381181
0.04,0.305,0.0381089644743538,0.311484161381233,-0.00189103552564623,0.00648416138123278,0.00675428487533112,0.457285691199853,-0.292784949615512,-1.57792052088108,1.66879095920301
0.04,0.32,0.0392065615902954,0.323331059615457,-0.000793438409704555,0.00333105961545654,0.00342425213319931,0.232289592174413,-0.315973610207072,-1.43483625408449,1.48750701934792
0.04,0.335,0.0398642448128445,0.334912159000013,-0.000135755187155473,-8.78409999869878e-05,0.000161695739332647,-0.0145485823881173,-0.324608800079937,-1.25636617072535,1.29773282500385
0.04,0.35,0.0400287656334068,0.346261338332881,2.87656334067576e-05,-0.00373866166711895,0.00373877232829841,-0.281424722196457,-0.316547450365878,-1.04346191079731,1.12616861618887
0.06,0.05,0.0501626288142921,0.0495223820981497,-0.0098373711857079,-0.000477617901850302,0.00984895886404061,0.0439698187206367,0.190616559354687,-0.698905911636201,0.725771681866614
0.06,0.065,0.0465754404356186,0.0683531261201423,-0.0134245595643813,0.00335312612014227,0.0138369886274147,0.242078058289477,0.20215262264362,-0.739804498240625,0.804231797468376
0.06,0.08,0.0437942547382149,0.0868367674840026,-0.0162057452617851,0.00683676748400264,0.0175888478622162,0.423082543405456,0.212835161006733,-0.799503602423271,0.929259158213221
0.06,0.095,0.0417910129107525,0.104942074298829,-0.0182089870892475,0.00994207429882921,0.0207463744345807,0.585200401343309,0.220627487040346,-0.875443752549749,1.07590509626242
0.06,0.11,0.0405275448924391,0.122640265851677,-0.0194724551075609,0.0126402658516766,0.0232153576047632,0.726720189016276,0.223683589311372,-0.964454402877744,1.22816392709939
0.06,0.125,0.0399554792017905,0.139905808876853,-0.0200445207982095,0.0149058088768534,0.024979310484942,0.846041413790216,0.220445567198815,-1.06280519597149,1.37623699583817
0.06,0.14,0.040016477240675,0.156717177528365,-0.019983522759325,0.016717177528365,0.0260538904271,0.941714046055766,0.209734219313918,-1.16628804148631,1.51366272229931
0.06,0.155,0.040642814634356,0.173057536640745,-0.019357185365644,0.0180575366407452,0.0264721599952055,1.01247608399765,0.190825786659025,-1.27032786238233,1.63567627538792
0.06,0.17,0.0417583118545332,0.188915308647231,-0.0182416881454668,0.0189153086472306,0.0262782816716859,1.05728717491609,0.16350838098245,-1.37011726651546,1.73840280450858
0.06,0.185,0.0432795937438758,0.204284588723935,-0.0167204062561242,0.0192845887239349,0.025523858399959,1.07535641877626,0.128112930400111,-1.46076805470787,1.81849532648604
0.06,0.2,0.0451176344412065,0.219165380502355,-0.0148823655587935,0.0191653805023554,0.0242651316589387,1.06616278531514,0.0855154441086189,-1.53747070950676,1.87300415375164
0.06,0.215,0.0471795233286314,0.233563635260798,-0.0128204766713686,0.0185636352607982,0.0225604338650004,1.02946703286963,0.0371098110707532,-1.59565209020959,1.89937238868519
0.06,0.23,0.0493703713847992,0.247491090052855,-0.0106296286152008,0.0174910900528545,0.0204677120297839,0.965314587477432,-0.0152471034668494,-1.63112163594742,1.89550790181459
0.06,0.245,0.0515952673354075,0.260964913467202,-0.00840473266459255,0.0159649134672021,0.0180421172033251,0.874029448332103,-0.0693139523245025,-1.64019744426431,1.85991486811861
0.06,0.26,0.0537611909671449,0.274007179975356,-0.00623880903285509,0.0140071799753559,0.015333748041834,0.756199767638579,-0.122561034988078,-1.61980549147143,1.79189587591035
0.06,0.275,0.0557787962705296,0.286644204366046,-0.00422120372947041,0.0116442043660456,0.0123857198516651,0.612656242679282,-0.172276971924224,-1.56754771533866,1.69187495179822
0.06,0.29,0.05756398971301,0.298905774804612,-0.00243601028698996,0.00890577480461174,0.00923292862469857,0.444444813941738,-0.21567850610387,-1.48173735748663,1.56196834242763
0.06,0.305,0.059039246400647,0.310824326844412,-0.000960753599352965,0.00582432684441209,0.00590303571640973,0.252795349250565,-0.250016445406853,-1.36140251091584,1.4070998606279
0.06,0.32,0.0601346276149262,0.322434100570874,0.000134627614926164,0.0024341005708739,0.00243782078583093,0.0390880421860804,-0.272671811067306,-1.20626098861364,1.2373370052208
0.06,0.335,0.0607884845064169,0.333770319718798,0.000788484506416914,-0.00122968028120166,0.00146076055903619,-0.195180857850269,-0.281237718867393,-1.01667120757554,1.0727740612028
0.06,0.35,0.0609478526070417,0.344868425691152,0.000947852607041666,-0.00513157430884817,0.00521837900615759,-0.448432572905436,-0.273584161072991,-0.79356471290362,0.951685789651543
0.08,0.05,0.0710912538487629,0.0502423079975733,-0.00890874615123713,0.000242307997573299,0.00891204079618526,-0.0220113269083342,0.195198428646256,-0.747471326447029,0.772857920712115
0.08,0.065,0.0675514935862164,0.0691267516077445,-0.0124485064137836,0.00412675160774451,0.0131147013220291,0.152475287527014,0.205570771527812,-0.771587848576425,0.812937236256507
0.08,0.08,0.0648139579697284,0.0876461707938126,-0.0151860420302716,0.00764617079381263,0.0170023469072163,0.310937981288057,0.215443018208995,-0.813431900579556,0.89709866808461
0.08,0.095,0.0628500761910239,0.105768566296095,-0.0171499238089761,0.0107685662960947,0.0202504791727769,0.451867360380303,0.222843675049303,-0.870556169334608,1.00585160076999
0.08,0.11,0.0616212446198213,0.123464547395386,-0.0183787553801787,0.0134645473953856,0.0227831667221006,0.573816576149026,0.225981272673835,-0.939932012186221,1.12420893651778
0.08,0.125,0.0610787527432041,0.140708149434089,-0.0189212472567959,0.015708149434089,0.0245918595554805,0.675432366953471,0.22333765602612,-1.01799815089202,1.24196184360345
0.08,0.14,0.0611640304845587,0.157477611102144,-0.0188359695154413,0.017477611102144,0.0256955373056183,0.755486153228148,0.21375494265785,-1.10073845462681,1.35209485149361
0.08,0.155,0.0618092383550526,0.173756070062353,-0.0181907616449474,0.018756070062353,0.0261284131436867,0.8129037723934,0.196509529907738,-1.18378681527174,1.44944534292888
0.08,0.17,0.0629382018388332,0.1895321364187,-0.0170617981611668,0.0195321364186998,0.0259347124443494,0.846792383326588,0.171367007038854,-1.26255469444999,1.52990438061777
0.08,0.185,0.0644676691393662,0.204800308187028,-0.0155323308606338,0.0198003081870282,0.0251655619103864,0.856463136566775,0.138613026751089,-1.3323747244546,1.59000859202196
0.08,0.2,0.0663088487578909,0.219561200844375,-0.0136911512421091,0.0195612008443755,0.0238765198638391,0.841448402400632,0.0990570180909242,-1.38865207761527,1.6267698277833
0.08,0.215,0.0683691629518415,0.23382157414817,-0.0116308370481585,0.0188215741481704,0.0221252801983589,0.801512656565845,0.0540078755506257,-1.4270144331352,1.63764836209845
0.08,0.23,0.0705541373347502,0.247594152235609,-0.00944586266524977,0.0175941522356095,0.0199694395109267,0.736656516230242,0.00522315408174614,-1.4434514050096,1.62062246194095
0.08,0.245,0.0727693372954505,0.260897246511946,-0.00723066270454952,0.0158972465119464,0.017464390336011,0.647113852562698,-0.0451644756570701,-1.43443525352409,1.57434322991108
0.08,0.26,0.0749222599265373,0.273754203511557,-0.00507774007346268,0.0137542035115574,0.0146615673954386,0.533342332782414,-0.0947379861333237,-1.39701644312052,1.49840322794907
0.08,0.275,0.0769240957260878,0.286192710363414,-0.00307590427391223,0.0111927103634141,0.0116076678269818,0.396008119562139,-0.140897324541479,-1.32888988500031,1.39381441286743
0.08,0.29,0.0786912866731723,0.298243997774032,-0.00130871332682773,0.0082439977740319,0.00834722887370769,0.235965744133047,-0.18096430627899,-1.22843019933464,1.26393569891117
0.08,0.305,0.0801468245840723,0.309941984098082,0.000146824584072253,0.00494198409808227,0.00494416467001111,0.0542343526589637,-0.21228440925422,-1.09469674360842,1.11642573930686
0.08,0.32,0.0812212540352118,0.321322403806902,0.00122125403521184,0.00132240380690224,0.00180005923431167,-0.148028411095043,-0.232319749573059,-0.927411202483808,0.967470234300043
0.08,0.335,0.0818533650668126,0.332421960164889,0.00185336506681261,-0.0025780398351109,0.00317509865394761,-0.369553644388758,-0.238728863435414,-0.726912074360161,0.849691568668564
0.08,0.35,0.0819905804104147,0.343277535768127,0.00199058041041467,-0.00672246423187295,0.00701098678640445,-0.608988425991481,-0.229430454555896,-0.494091308887507,0.817094102963687
0.1,0.05,0.0924531170838843,0.0507224382542572,-0.00754688291611572,0.000722438254257218,0.00758138237927447,-0.0758234517995137,0.192485798951626,-0.778161457387902,0.805199293895662
0.1,0.065,0.0889559251366044,0.0696513913134018,-0.0110440748633956,0.00465139131340175,0.0119836150947315,0.0757834673198168,0.200166831235824,-0.783905700882005,0.812606368845883
0.1,0.08,0.0862554512633106,0.0881980559179175,-0.0137445487366894,0.0081980559179175,0.0160037727054758,0.212409377645145,0.207810562257144,-0.806150053105577,0.859182585068313
0.1,0.095,0.0843225871348774,0.106329804477774,-0.0156774128651226,0.0113298044777738,0.0193428473511036,0.332806343798219,0.213547434074983,-0.842575692883867,0.930760666597729
0.1,0.11,0.0831183027706481,0.124016769222034,-0.0168816972293519,0.0140167692220337,0.0219422314445741,0.435780817401458,0.215676100979921,-0.890318505190808,1.01445306752714
0.1,0.125,0.0825935910348003,0.141232676242066,-0.0174064089651997,0.0162326762420658,0.0238009002149816,0.520216752750452,0.212750937007091,-0.946014971946521,1.10039537306094
0.1,0.14,0.0826897290426994,0.157955635377448,-0.0173102709573006,0.0179556353774475,0.0249409366789423,0.585098807884175,0.20366371542383,-1.00587503636048,1.18137782176843
0.1,0.155,0.0833388766195997,0.174168843806349,-0.0166611233804003,0.0191688438063486,0.0253975905386537,0.629534696351721,0.187713347024905,-1.06578009429563,1.25199832859132
0.1,0.17,0.0844650122697129,0.189861162360928,-0.0155349877302872,0.0198611623609276,0.0252151068628966,0.652775701319492,0.164657989393078,-1.12140205444822,1.30799282764904
0.1,0.185,0.0859851853167631,0.205027528459645,-0.0140148146832369,0.0200275284596448,0.0244441593598012,0.65423438741674,0.134744921822756,-1.16833739773519,1.3458359414478
0.1,0.2,0.0878110407976476,0.219669177851466,-0.0121889592023524,0.0196691778514655,0.0231397338746407,0.633498642743362,0.0987152371485772,-1.20224863159728,1.36255440077452
0.1,0.215,0.0898505539585799,0.233793658697978,-0.0101494460414201,0.0187936586979784,0.0213591400155484,0.590341361171671,0.0577824535060667,-1.21900470570371,1.3556916877498
0.1,0.23,0.0920098957866696,0.247414634586625,-0.00799010421333037,0.0174146345866251,0.0191601477845438,0.524725309553614,0.0135863414368129,-1.21481195190303,1.32339229961604
0.1,0.245,0.0941953420554655,0.260551486818039,-0.00580465794453452,0.0155514868180394,0.0165994818022944,0.436802997971485,-0.0318746851069586,-1.18632795474161,1.2646152751019
0.1,0.26,0.0963151364130668,0.27322873905867,-0.00368486358693321,0.0132287390586701,0.0137323616591135,0.326911653835789,-0.0763276096341043,-1.13075231474708,1.17955375929605
0.1,0.275,0.0982812237919932,0.285475337986942,-0.00171877620800685,0.0104753379869417,0.0106154084986813,0.195563665784095,-0.117319211146245,-1.04589032559893,1.0704806638037
0.1,0.29,0.100010782362401,0.297323830904559,1.07823624005132e-05,0.0073238309045594,0.00732383884161294,0.0434330850518951,-0.152314349228376,-0.930187866189545,0.943586606223673
0.1,0.305,0.101427499454647,0.308809484720514,0.0014274994546469,0.00380948472051423,0.00406816033716084,-0.128661066762837,-0.178791929621579,-0.782738027536497,0.813148290334488
0.1,0.32,0.102462556603055,0.319969390530125,0.00246255660305469,-3.0609469874987e-05,0.00246274683288687,-0.3197738386782,-0.194333159479433,-0.603261915535418,0.709895816577976
0.1,0.335,0.103055309409034,0.330841594255056,0.00305530940903434,-0.00415840574494392,0.00516016026151479,-0.528854872048474,-0.196697902263746,-0.392067518139553,0.687095435089374
0.1,0.35,0.103153666979039,0.341464287538542,0.00315366697903915,-0.00853571246145823,0.00909967046872442,-0.754769567450494,-0.183886336849739,-0.14999143203955,0.791200772304898
0.12,0.05,0.114240335373416,0.0509317622694706,-0.00575966462658442,0.000931762269470615,0.0058345451868622,-0.110137453506915,0.185500721211937,-0.791066561682093,0.819962533342573
0.12,0.065,0.110780529420451,0.069895591662147,-0.00921947057954903,0.00489559166214698,0.0104386519958112,0.0197749127077236,0.189190159808991,-0.777152146288804,0.800099884361778
0.12,0.08,0.108110260099357,0.0884606140703373,-0.0118897399006434,0.00846061407033732,0.0145927346769597,0.135691710561724,0.193393435321751,-0.778392546631909,0.813461328531206
0.12,0.095,0.106199863185352,0.106593719320929,-0.0138001368146484,0.0115937193209286,0.0180238204550391,0.236606894313524,0.196372738622166,-0.792610508091951,0.850170426443172
0.12,0.11,0.105009895495496,0.1242647009879,-0.014990104504504,0.0142647009878997,0.0206926297828512,0.321561385309945,0.1965458291669,-0.817124212568452,0.899855883131191
0.12,0.125,0.104491100011482,0.141447101995297,-0.0155088999885183,0.0164471019952968,0.0226060421767624,0.389659101009391,0.19256652237392,-0.848790193173529,0.953615155586611
0.12,0.14,0.10458468214233,0.158119012249161,-0.0154153178576701,0.0181190122491608,0.023789296533068,0.440083086491561,0.183399835236808,-0.884070836430971,1.00444796062027
0.12,0.155,0.105222915776153,0.174263775716889,-0.0147770842238474,0.0192637757168888,0.0242786999863929,0.472111226100242,0.168386271512879,-0.919124776046255,1.04693065482236
0.12,0.17,0.106330078569374,0.1898705658171,-0.013669921430626,0.0198705658171002,0.0241185849048238,0.485130964562407,0.147290106461327,-0.94991650275225,1.07676455818704
0.12,0.185,0.107823694676432,0.204934793043266,-0.0121763053235684,0.0199347930432661,0.0233593318613913,0.478652455190057,0.120327492020926,-0.972339717224986,1.09044362280829
0.12,0.2,0.109616041844787,0.219458317352609,-0.0103839581552129,0.0194583173526086,0.0220556727660718,0.452319571968546,0.0881716725887385,-0.982347575115899,1.08508487579722
0.12,0.215,0.111615860699543,0.233449449269454,-0.00838413930045672,0.0184494492694538,0.0202651417501979,0.405918291149106,0.05193442653474,-0.97608220969741,1.05841163047345
0.12,0.23,0.11373018934735,0.246922737004788,-0.00626981065265008,0.0169227370047885,0.0180468710128189,0.339382049503709,0.013124806816228,-0.949995894676707,1.00889589943727
0.12,0.245,0.115866237848744,0.259898550589886,-0.0041337621512559,0.014898550589886,0.015461397065031,0.252793824137471,-0.0264118982072344,-0.900956923628239,0.936133098965135
0.12,0.26,0.117933215530877,0.272402486886479,-0.00206678446912276,0.0124024868864787,0.0125735149823382,0.146384835809685,-0.064570554026959,-0.826334649050278,0.841688522563448
0.12,0.275,0.119844029631533,0.284464629841882,-0.000155970368466776,0.00946462984188245,0.0094659148950163,0.0205299434869979,-0.0990724890594739,-0.724059941743816,0.731099779948432
0.12,0.29,0.121516785738415,0.296118707600001,0.00151678573841547,0.00611870760000099,0.00630390527138301,-0.124260045280169,-0.12755588687149,-0.592659366678065,0.618837548080587
0.12,0.305,0.122876036911337,0.307401191566819,0.0028760369113367,0.00240119156681856,0.00374663972860105,-0.287348784884131,-0.147664606133849,-0.431263376140859,0.538854711310952
0.12,0.32,0.123853747854796,0.318350382062126,0.003853747854796,-0.00164961793787427,0.00419196992705117,-0.467987055753483,-0.157130455762885,-0.239590572811132,0.548732911887337
0.12,0.335,0.124389960242291,0.329005521521749,0.00438996024229066,-0.00599447847825096,0.0074300419349494,-0.66532714253228,-0.153844995089736,-0.0179114521884461,0.683121392696836
0.12,0.35,0.124433163895289,0.339405969748002,0.00443316389528864,-0.0105940302519984,0.0114841812552201,-0.878438360916865,-0.135918163176108,0.233004103616072,0.918932377475618
0.14,0.05,0.136442538415014,0.0508414428022245,-0.0035574615849856,0.000841442802224479,0.00365562018241278,-0.119050501542595,0.177974470538612,-0.78637144945481,0.815008705866432
0.14,0.065,0.133014603154585,0.069830194337914,-0.00698539684541499,0.00483019433791404,0.00849273492050415,-0.00930022353841922,0.176652580533778,-0.751836511268904,0.772372838737187
0.14,0.08,0.130367417320991,0.0884044459131773,-0.00963258267900874,0.00840444591317729,0.0127836364222181,0.0873665490834738,0.176461157228732,-0.731032280651077,0.757091797105989
0.14,0.095,0.128470750348632,0.106530754883041,-0.0115292496513681,0.0115307548830408,0.0163058856152109,0.17016065379255,0.175816017544375,-0.721932761394753,0.762273837130622
0.14,0.11,0.127284765319756,0.124178717653149,-0.0127152346802441,0.0141787176531487,0.0190450315636754,0.238333218016483,0.173275367229954,-0.722051142876714,0.779868141681939
0.14,0.125,0.126760006379231,0.141321821839115,-0.0132399936207691,0.0163218218391151,0.0210166433862742,0.291185622882368,0.167612464088499,-0.72847962023879,0.802231934202554
0.14,0.14,0.126837690293789,0.157938246716745,-0.0131623097062114,0.0179382467167449,0.0222492043020202,0.328079583290747,0.157883407853789,-0.73795126984672,0.822889482054889
0.14,0.155,0.127450319170649,0.174011569336853,-0.0125496808293505,0.0190115693368529,0.0227801285678667,0.348447155249579,0.143485179124965,-0.746922428678511,0.836605621732346
0.14,0.17,0.128522612721736,0.189531335271431,-0.0114773872782644,0.0195313352714306,0.0226539947077838,0.3518004432123,0.124199387731077,-0.751672294663523,0.839173919368596
0.14,0.185,0.129972737883273,0.204493458269367,-0.0100272621167267,0.0194934582693673,0.0219212431412342,0.337740735439121,0.100218027720541,-0.748414890328266,0.82719356290862
0.14,0.2,0.131713793209302,0.218900421849147,-0.00828620679069758,0.0189004218491466,0.0206370339209369,0.305966762531038,0.0721488148444298,-0.733417318743226,0.797955115484247
0.14,0.215,0.133655487124715,0.232761267408923,-0.0063445128752849,0.0177612674089234,0.0188604205572395,0.256281753920883,0.0409992694345614,-0.703117562184164,0.749495559700803
0.14,0.23,0.135705935202047,0.246091366750991,-0.00429406479795342,0.0160913667509908,0.0166544611562162,0.188598968328948,0.00814041728547753,-0.654235028444942,0.680929340692331
0.14,0.245,0.137773493462068,0.258911990724388,-0.00222650653793219,0.0139119907243883,0.0140890318077191,0.102945401287174,-0.024747395241802,-0.583867649204942,0.59339259206823
0.14,0.26,0.139768543488287,0.2712496983136,-0.000231456511712844,0.0112496983136003,0.0112520791084953,-0.000536570647558686,-0.0557427333048114,-0.489570502685243,0.492735541295142
0.14,0.275,0.14160515050073,0.283135581072306,0.00160515050073035,0.00813558107230572,0.00829241747104269,-0.121589769058811,-0.0827606024633764,-0.369412506713483,0.397617434078035
0.14,0.29,0.143202527250289,0.294604404811029,0.00320252725028874,0.00460440481102947,0.00560862946295023,-0.259845077195469,-0.103634121367644,-0.222009508194885,0.357138810487152
0.14,0.305,0.144486252474404,0.30569369395601,0.00448625247440393,0.000693693956009933,0.00453956744290688,-0.414826537716796,-0.116195293297081,-0.0465338666662566,0.433299778590301
0.14,0.32,0.145389211427611,0.31644280340996,0.00538921142761134,-0.00355719659004028,0.00645734058198039,-0.585958529845893,-0.118350384690316,0.157297798084744,0.618142795575791
0.14,0.335,0.145852245138064,0.326892018997211,0.0058522451380642,-0.00810798100278887,0.00999940643726323,-0.772574771757977,-0.108146297671169,0.389255786874292,0.871838364234094
0.14,0.35,0.145824512916617,0.337081721153493,0.00582451291661698,-0.0129182788465069,0.0141706343920075,-0.973928818934446,-0.0838253908620021,0.648643694828805,1.17317976888587
0.16,0.05,0.159047051213132,0.0504250468078864,-0.000952948786868413,0.000425046807886353,0.00104344438246049,-0.0982383578984693,0.174023806264912,-0.764377492739774,0.790074618365226
0.16,0.065,0.155645136237197,0.0694285708525774,-0.0043548637628035,0.00442857085257742,0.00621104485484345,-0.00687566138897306,0.166977459958881,-0.7085904811636,0.72803595266786
0.16,0.08,0.153013660844829,0.0880027988463989,-0.00698633915517066,0.00800279884639887,0.010623263348284,0.0722311465834009,0.161720367100433,-0.665070119340603,0.688254876694766
0.16,0.095,0.151121826145383,0.10611410766019,-0.00887817385461692,0.0111141076601902,0.0142248149399246,0.138481560123083,0.156835684342866,-0.631947996061813,0.665685983721785
0.16,0.11,0.149929427456686,0.123732038795329,-0.0100705725433139,0.0137320387953293,0.0170289553651003,0.191309434152277,0.151035509633984,-0.606940031286547,0.654058003459139
0.16,0.125,0.149386865250914,0.140830152011532,-0.0106131347490855,0.0158301520115322,0.0190586553017379,0.230187983357996,0.143225339803823,-0.587383137063814,0.646933846524914
0.16,0.14,0.149435452112522,0.157386823775836,-0.0105645478874775,0.0173868237758359,0.0203448104704561,0.254634912324118,0.132564105866719,-0.570291365125664,0.638473680143844
0.16,0.155,0.150008030991812,0.173385948035286,-0.00999196900818812,0.0183859480352864,0.0209256428770264,0.264217746081888,0.118515561323245,-0.552430133363496,0.623730590792727
0.16,0.17,0.151029902039436,0.188817498760255,-0.00897009796056435,0.0188174987602551,0.0208461247481234,0.258559389880489,0.100887095969614,-0.530405634602106,0.598635583205544
0.16,0.185,0.152420035566464,0.203677919117685,-0.0075799644335364,0.018677919117685,0.0201573937645832,0.237343891036412,0.0798527682981044,-0.500765176818721,0.559890028513459
0.16,0.2,0.154092529129112,0.217970311023204,-0.00590747087088771,0.017970311023204,0.0189164026802421,0.200322298320465,0.0559584400960417,-0.460103161413189,0.504932608820003
0.16,0.215,0.155958249400223,0.231704410355571,-0.00404175059977725,0.0167044103555706,0.0171864211876148,0.147318435157613,0.0301082499777106,-0.405166811471591,0.432169247714704
0.16,0.23,0.157926586274822,0.244896346402701,-0.00207341372517778,0.0148963464027012,0.0150399528132579,0.0782343292246569,0.00353312361078242,-0.332955704975954,0.342042310479144
0.16,0.245,0.159907239063598,0.257568197728607,-9.27609364015716e-05,0.0125681977286069,0.012568540039984,-0.00694501059673001,-0.022256585213411,-0.240809661812482,0.24193587776398
0.16,0.26,0.16181195364585,0.269747369183262,0.00181195364584978,0.00974736918326163,0.00991435232425734,-0.108147801833726,-0.0455310612523474,-0.12648050949709,0.172529320275645
0.16,0.275,0.163556134794658,0.28146582511952,0.00355613479465786,0.00646582511952015,0.00737922686695524,-0.225212998858653,-0.0644095289442582,0.0118154092474483,0.234540322728003
0.16,0.29,0.165060269049925,0.292759220797341,0.0050602690499246,0.00275922079734087,0.00576364661183379,-0.35788937270398,-0.0769328285298775,0.175365598676491,0.405903000072187
0.16,0.305,0.166251109043768,0.303665977281455,0.00625110904376774,-0.0013340227185446,0.00639186834115566,-0.505836349083733,-0.0811356566007421,0.364950717877316,0.629004298016621
0.16,0.32,0.167062587963034,0.314226344611124,0.00706258796303444,-0.00577365538887642,0.00912223904998661,-0.668626690512625,-0.075114492148988,0.580853523772851,0.888881601354129
0.16,0.335,0.16743645135057,0.324481494238435,0.00743645135056964,-0.0105185057615645,0.012881761220635,-0.845751000673324,-0.057087952293533,0.822885028798763,1.18141568104558
0.16,0.35,0.167322610585732,0.334472675236203,0.007322610585732,-0.0155273247637966,0.0171673655553404,-1.0366239227456,-0.0254472202109043,1.09042468279552,1.50478997336308
0.18,0.05,0.182039108088015,0.0496587279978589,0.00203910808801488,-0.000341272002141124,0.00206746907450949,-0.0449807619272906,0.177835571121883,-0.725518547506577,0.748354116486323
0.18,0.065,0.178657034371267,0.0686668055837407,-0.00134296562873312,0.00366680558374072,0.00390499934301027,0.0299066766379284,0.164658731042662,-0.648170367106058,0.669430227677906
0.18,0.08,0.176033663269221,0.0872317495924947,-0.00396633673077881,0.00723174959249467,0.00824803183980712,0.0932750442425132,0.153949483860813,-0.581621191770782,0.608841010661321
0.18,0.095,0.174137634261225,0.105319907919014,-0.00586236573877494,0.0103199079190138,0.0118687754849473,0.144683117705434,0.144464323701318,-0.52416329940292,0.562630299135296
0.18,0.11,0.172928407347213,0.122900907871302,-0.00707159265278709,0.0129009078713023,0.0147119287162079,0.183718858764231,0.135075218059435,-0.47371838328821,0.525746117157353
0.18,0.125,0.172356298268472,0.139948506349196,-0.00764370173152759,0.0149485063491961,0.0167894019617291,0.210000537207647,0.124825852762351,-0.427871037643066,0.49270360252753
0.18,0.14,0.17236280063331,0.156441381563251,-0.00763719936668972,0.0164413815632513,0.0181285918337576,0.223178006341977,0.112983891344846,-0.383919222479231,0.458223603433947
0.18,0.155,0.17288120837358,0.172363824306229,-0.00711879162642012,0.0173638243062286,0.0187664484854744,0.222934377250251,0.0990856544237576,-0.33894044005684,0.417611179754133
0.18,0.17,0.173837534753174,0.187706288938473,-0.00616246524682584,0.0177062889384729,0.0187480304536509,0.208988308555154,0.0829698879841741,-0.289871094920133,0.366859410260631
0.18,0.185,0.175151705262184,0.202465769791283,-0.00484829473781551,0.0174657697912832,0.0181261986160042,0.181097054985481,0.064797898276013,-0.233595368308155,0.302592002300958
0.18,0.2,0.17673898316772,0.216645977608298,-0.00326101683227993,0.0166459776082981,0.0169623937378064,0.139060320225057,0.0450582473495214,-0.167039055485866,0.221968750042935
0.18,0.215,0.17851157015943,0.230257302145546,-0.00148842984056966,0.0152573021455459,0.0153297322922084,0.0827248398862977,0.024555335198538,-0.0872633062737111,0.122724300775203
0.18,0.23,0.180380312092155,0.243316560125412,0.000380312092155201,0.0133165601254119,0.0133219897485754,0.0119894993830682,0.00438241934393929,0.00844685354514416,0.0153069602166316
0.18,0.245,0.182256432829493,0.255846541144066,0.00225643282949351,0.0108465411440656,0.0110787609372133,-0.073189314233924,-0.0141192003267674,0.12250394437272,0.143398935342398
0.18,0.26,0.184053218428447,0.267875376443448,0.00405321842844658,0.0078753764434481,0.00885720801125932,-0.172792505216444,-0.0294121093054498,0.256953318689275,0.311042710288177
0.18,0.275,0.185687579131405,0.279435765479258,0.00568757913140466,0.00443576547925839,0.00721280609492382,-0.286733618329043,-0.0398223884793415,0.413425115450372,0.50470185620798
0.18,0.29,0.187081427438012,0.290564102085893,0.00708142743801171,0.000564102085892582,0.00710385991719526,-0.414855149595318,-0.0436031190108106,0.593104404349603,0.725110942682697
0.18,0.305,0.188162825211887,0.301299545123497,0.0081628252118871,-0.00370045487650328,0.00896242610752561,-0.556926167205288,-0.0389979956705957,0.796719730996278,0.972868269028398
0.18,0.32,0.188866870001759,0.311683078007148,0.00886687000175873,-0.0083169219928525,0.0121569969590883,-0.712641506045811,-0.0243015898040147,1.02454907602322,1.24828319159089
0.18,0.335,0.189136308183667,0.321756597736398,0.00913630818366695,-0.0132434022636019,0.0160891215031311,-0.881622687728397,0.00208661805754584,1.27644125973181,1.55135819165531
0.18,0.35,0.188921879082326,0.331562067711608,0.00892187908232595,-0.0184379322883923,0.0204830972616688,-1.0634205999877,0.0416165761692619,1.55185012338881,1.88179500079877
0.2,0.05,0.205402091519609,0.048521359373442,0.00540209151960933,-0.001478640626558,0.00560080091493555,0.0419224299346488,0.193389120657832,-0.670368529135964,0.698968429890655
0.2,0.065,0.202033366522195,0.0675238255883341,0.00203336652219513,0.00252382558833414,0.00324102993104261,0.102289997727694,0.173962073297849,-0.571453145717452,0.606043041987705
0.2,0.08,0.199410286035579,0.0860703306422301,-0.00058971396442084,0.00607033064223012,0.00609890782565459,0.151782488956014,0.157679649897888,-0.481897649351436,0.529271322081719
0.2,0.095,0.197500943317474,0.104127342182125,-0.00249905668252559,0.00912734218212469,0.00946327953788054,0.19008918932281,0.143470913664589,-0.40015513809678,0.465664182781196
0.2,0.11,0.196264501692108,0.121664710350523,-0.00373549830789198,0.0116647103505226,0.0122482413092596,0.216924146361816,0.130367141163213,-0.324351925242875,0.411408040022781
0.2,0.125,0.195651254409592,0.138656509762968,-0.00434874559040835,0.0136565097629676,0.0143321961721198,0.232024428641894,0.117550153356048,-0.252317880899474,0.362378427624584
0.2,0.14,0.195602961330114,0.1550818200404,-0.00439703866988631,0.0150818200403998,0.0157097181641009,0.23514855705439,0.104397081804446,-0.18163138209626,0.314934601558088
0.2,0.155,0.196053474112865,0.170925403684588,-0.0039465258871349,0.0159254036845881,0.0164071188541718,0.22607547434249,0.090518564427233,-0.109677736726753,0.267082507300151
0.2,0.17,0.196929644991236,0.186178242406521,-0.00307035500876421,0.0161782424065207,0.0164670157358274,0.204604384510466,0.0757875932860617,-0.0337188997585445,0.220779840497871
0.2,0.185,0.198152496427642,0.200837898727229,-0.00184750357235751,0.0158378987272293,0.0159452910147117,0.170555720193997,0.0603567471888869,0.0490286486458938,0.187446073175515
0.2,0.2,0.199638611302747,0.214908678467198,-0.000361388697253228,0.014908678467198,0.0149130578832376,0.123773383560977,0.0446622987606488,0.141311726217026,0.193089644109983
0.2,0.215,0.20130168805609,0.228401581149993,0.00130168805609031,0.0134015811499926,0.0134646488671337,0.0641282671837449,0.0294146175913581,0.245758263708421,0.255685132641364
0.2,0.23,0.203054193550675,0.241334038134423,0.003054193550675,0.0113340381344226,0.0117383354304403,-0.0084770854716612,0.015575300472244,0.364799464124205,0.365230819731137
0.2,0.245,0.204809040092432,0.253729451379206,0.00480904009243184,0.00872945137920611,0.00996645313000268,-0.0941029598459902,0.00432243321828026,0.500600345361082,0.509388324718872
0.2,0.26,0.206481212356022,0.265616557723404,0.00648121235602155,0.00561655772340358,0.00857623660262302,-0.192766477448358,-0.00299377837843481,0.655002050128461,0.682789191771616
0.2,0.275,0.207989275238399,0.277028653310065,0.00798927523839892,0.00202865331006469,0.00824281220745265,-0.304435589312718,-0.00490216811421644,0.829478395587326,0.883603384969473
0.2,0.29,0.209256703853537,0.288002719369933,0.00925670385353658,-0.00199728063006727,0.00946972524138482,-0.429023532187053,0.000134605404489263,1.02510806939076,1.11128145709666
0.2,0.305,0.210212990918626,0.298578493639572,0.0102129909186262,-0.00642150636042782,0.0120640344595395,-0.566384196845294,0.0136648423845342,1.24256278180777,1.36566040730949
0.2,0.32,0.210794503114765,0.308797531146916,0.0107945031147655,-0.0112024688530836,0.0155568829107566,-0.716308785004005,0.037195110558511,1.482110662678,1.64660874925328
0.2,0.335,0.210945074587189,0.318702294328501,0.010945074587189,-0.0162977056714988,0.0196318584926118,-0.878524029041085,0.0721425817189969,1.74363334013478,1.9538772220467
0.2,0.35,0.210616341379114,0.328335306404815,0.0106163413791138,-0.0216646935951851,0.0241260368243758,-1.05269212822671,0.119794302714347,2.02665450920252,2.28703614837088
