target_x,target_y,gaze_x,gaze_y,error_px_x,error_px_y,error_px_xy,error_deg_x,error_deg_y,error_deg_z,error_deg_xyz
-0.2,0.05,-0.201108378801132,0.0504919770032296,-0.00110837880113213,0.000491977003229588,0.00121266027332714,0.0973540777879123,-0.0212247221624184,-0.0524270253866459,0.112591750866351
-0.2,0.065,-0.200167737858094,0.0656920422007772,-0.00016773785809357,0.000692042200777225,0.000712080330225743,-0.0666208130404023,0.0625726570934763,-0.157515736699682,0.182112342732228
-0.2,0.08,-0.199776466350912,0.0805636389709035,0.000223533649087559,0.000563638970903543,0.000606346585539661,-0.176413501214857,0.109375415892825,-0.211089148593324,0.296046497455639
-0.2,0.095,-0.199704600168272,0.0952067844378927,0.000295399831728355,0.000206784437892731,0.000360584060018954,-0.244105626747477,0.131520799455704,-0.230377438928475,0.360498919277406
-0.2,0.11,-0.19978122222036,0.109711882496256,0.000218777779640189,-0.000288117503743808,0.000361767069849999,-0.280480772362729,0.137967738936329,-0.228451489772653,0.387163033088546
-0.2,0.125,-0.199887915475643,0.12415889662111,0.000112084524357056,-0.00084110337889045,0.000848538646486581,-0.29487345503286,0.135080980937053,-0.214649767320403,0.388937436346865
-0.2,0.14,-0.199951854427247,0.138616450474652,4.81455727528168e-05,-0.00138354952534799,0.0013843869709248,-0.295093568043246,0.127271144344051,-0.19510092450029,0.375956162280953
-0.2,0.155,-0.199938456719711,0.153141064171752,6.15432802889559e-05,-0.0018589358282478,0.00185995429752778,-0.287414195507655,0.117515601724727,-0.173298714658726,0.355597647378465
-0.2,0.17,-0.199843722761771,0.167776636971253,0.000156277238229315,-0.0022233630287473,0.00222884852172348,-0.276607566216159,0.107773599738607,-0.15069198000643,0.332919328312423
-0.2,0.185,-0.199686475499193,0.182554190150487,0.000313524500806628,-0.00244580984951311,0.00246582307406297,-0.26600992719041,0.0993023258043372,-0.127261148785356,0.311155702523788
-0.2,0.2,-0.199500683732779,0.197491809849368,0.000499316267220801,-0.00250819015063192,0.00255740778258734,-0.257594611484651,0.0928777833458252,-0.102064336467389,0.292230355051487
-0.2,0.215,-0.199327950249203,0.212594696768836,0.00067204975079722,-0.0024053032311644,0.00249742557474623,-0.252035399474856,0.0889239010415847,-0.0737486025301343,0.277251346493496
-0.2,0.23,-0.199210129915681,0.227855242638409,0.000789870084319119,-0.00214475736159121,0.00228558064618206,-0.248749424849309,0.0875539879968456,-0.0410318329400384,0.266881466701685
-0.2,0.245,-0.199181970472845,0.243253101987964,0.000818029527154748,-0.00174689801203575,0.00192894400430689,-0.24591878165013,0.088529744114385,-0.00316508993510446,0.261388023931402
-0.2,0.26,-0.199263674664209,0.25875528911027,0.000736325335791349,-0.00124471088972981,0.00144619507644724,-0.240500042673861,0.091144328656411,0.0396170920282908,0.260225266947367
-0.2,0.275,-0.199453364882085,0.274316377152922,0.000546635117915417,-0.000683622847078007,0.00087530003380866,-0.228238453388515,0.0940374421837675,0.085659139251047,0.261291864778451
-0.2,0.29,-0.199719553431379,0.289878887373924,0.000280446568620848,-0.000121112626076392,0.000305480843992431,-0.203706757943258,0.0949517350145563,0.131471352411919,0.260378778700538
-0.2,0.305,-0.199993824715128,0.305373922699635,6.17528487217855e-06,0.000373922699635494,0.000373973688173311,-0.160387011588589,0.0904405221018394,0.171363499894985,0.251533362068752
-0.2,0.32,-0.200163963065007,0.320722027513894,-0.000163963065006767,0.000722027513894108,0.000740410438545081,-0.0908083964454122,0.0755359984045157,0.197154164959093,0.229829692394625
-0.2,0.335,-0.200067676224038,0.335834163550973,-6.76762240381101e-05,0.000834163550973321,0.000836904355988471,0.0132528035186134,0.04338444959454,0.197986999730157,0.203117558423647
-0.2,0.35,-0.199486866281881,0.35061260294071,0.000513133718118813,0.000612602940709507,0.000799117372878586,0.160510699138862,-0.0151493402027866,0.16028327913814,0.227341119082964
-0.18,0.05,-0.179064246363852,0.0518100007413399,0.000935753636148395,0.00181000074133991,0.00203758129928991,0.0196213066698694,0.0108229706911662,-0.0633870023960422,0.0672312796246097
-0.18,0.065,-0.178775260471608,0.066652990904804,0.00122473952839164,0.00165299090480399,0.00205727145602365,-0.0964959350685243,0.0664246968238863,-0.143273571784072,0.185070397373288
-0.18,0.08,-0.178891876397792,0.0812352889413245,0.00110812360220797,0.00123528894132453,0.00165948084843696,-0.165527643344424,0.0924501881861308,-0.17835068481247,0.26029890763505
-0.18,0.095,-0.179200848478821,0.095647554652731,0.000799151521178598,0.000647554652731003,0.00102857677500303,-0.199019241702009,0.0998098224849733,-0.185747153700442,0.289953175125584
-0.18,0.11,-0.179547813452487,0.109971837123973,0.000452186547513236,-2.81628760268604e-05,0.000453062712367774,-0.207197168717034,0.0961786391126948,-0.178129097995239,0.289674216379431
-0.18,0.125,-0.17983095111664,0.124280537892775,0.000169048883360307,-0.000719462107225066,0.000739055646550447,-0.198840191456482,0.0867796441455134,-0.164193978504044,0.272080741812297
-0.18,0.14,-0.179993970592478,0.13863544980082,6.02940752235381e-06,-0.00136455019917958,0.00136456351989789,-0.181225235206069,0.0750322108953494,-0.149260345246721,0.246477509926246
-0.18,0.155,-0.180018500531194,0.15308706346456,-1.85005311940586e-05,-0.00191293653543965,0.00191302599519043,-0.160139154483484,0.0630858077834236,-0.135905909574387,0.219305364545303
-0.18,0.17,-0.179916171461562,0.16767421923472,8.38285384375526e-05,-0.00232578076528017,0.00232729099856546,-0.139941003469431,0.0522478864380778,-0.124610571896221,0.194528036713324
-0.18,0.185,-0.179720731879581,0.182424069308814,0.000279268120419132,-0.00257593069118617,0.00259102481826734,-0.12365253667957,0.0433094870943444,-0.114370756546619,0.17391479142134
-0.18,0.2,-0.179480448449591,0.19735223202854,0.000519551550408801,-0.00264776797145982,0.00269826037368906,-0.113051672312995,0.0367710424301165,-0.103266623368495,0.157470001218978
-0.18,0.215,-0.179250860563604,0.212462990626861,0.000749139436395867,-0.00253700937313849,0.00264530271510768,-0.108746550185417,0.0329716991727701,-0.0889807813824257,0.14432787531993
-0.18,0.23,-0.179087772903309,0.2277494175151,0.000912227096691372,-0.00225058248490033,0.00242843155087355,-0.110216505265093,0.032126580909644,-0.0692809818380716,0.134088246625293
-0.18,0.245,-0.179040256383661,0.24319337900304,0.000959743616338771,-0.00180662099696034,0.00204572413481413,-0.115818634152235,0.0342772111650928,-0.0424854734556771,0.128038687515365
-0.18,0.26,-0.179143435574096,0.258765465130063,0.000856564425903927,-0.00123453486993703,0.00150259074961034,-0.122771324799941,0.0391611298168208,-0.00792639376726497,0.129109360830361
-0.18,0.275,-0.179410967096844,0.274424960924009,0.000589032903156372,-0.000575039075990755,0.000823182664976083,-0.12713570076785,0.0460081099982122,0.0335849123505483,0.139313274657435
-0.18,0.29,-0.179827307327571,0.290120001167622,0.000172692672429434,0.000120001167621883,0.000210292746763732,-0.123819970904288,0.0532723847530061,0.0793024384640364,0.156391253285925
-0.18,0.305,-0.180340048097547,0.305788018820374,-0.000340048097546924,0.000788018820373979,0.000858257752606336,-0.106629509166711,0.0583121760845283,0.124126425966549,0.17371688129003
-0.18,0.32,-0.180852685835424,0.321356515120498,-0.000852685835423556,0.00135651512049788,0.00160225041927638,-0.0683783752683296,0.0570282727577542,0.16025657489302,0.183330370014092
-0.18,0.335,-0.181218131746098,0.336744070288393,-0.00121813174609808,0.00174407028839273,0.00212735190358959,-0.00106865240563265,0.0434712506257697,0.176955697460123,0.182220302106353
-0.18,0.35,-0.181233062301569,0.351861407189659,-0.00123306230156897,0.00186140718965856,0.00223277391718534,0.10386433648424,0.00942191646197192,0.160458001859463,0.191372352526323
-0.16,0.05,-0.157750534247108,0.0524447351776071,0.00224946575289159,0.00244473517760707,0.00332217191940176,-0.016330066420478,0.0182445355836934,-0.0495832355524605,0.0552994722690501
-0.16,0.065,-0.157983948404548,0.0670442411980842,0.00201605159545212,0.0020442411980842,0.00287112976221379,-0.0925569845688235,0.0530642676136079,-0.107362087278022,0.151357996149423
-0.16,0.08,-0.158497158966351,0.0814394306426992,0.00150284103364898,0.00143943064269915,0.00208098336071205,-0.128476208158862,0.0647352899352723,-0.126968750555925,0.191879889136138
-0.16,0.095,-0.159091532100364,0.0957117741282582,0.0009084678996365,0.000711774128258208,0.00115409546153153,-0.134902582112276,0.0628272884679998,-0.125361951106314,0.194580651690435
-0.16,0.11,-0.159627555523908,0.109934893935976,0.000372444476091791,-6.51060640238232e-05,0.000378092167789763,-0.121345516163752,0.0537949537575239,-0.114752460440151,0.175461627090391
-0.16,0.125,-0.160018481729481,0.124173412487328,-1.84817294810874e-05,-0.000826587512672394,0.000826794104012932,-0.0958968528807851,0.0417671148167833,-0.103162991787231,0.146912603184979
-0.16,0.14,-0.160223010651526,0.138482006830352,-0.000223010651526204,-0.00151799316964847,0.00153428713538032,-0.0651946049697625,0.0292096266580417,-0.0950875187908718,0.118933511326738
-0.16,0.155,-0.160237262877114,0.152904845731751,-0.00023726287711448,-0.0020951542682487,0.00210854572647059,-0.0344567416552485,0.0174759851192146,-0.0921959366256287,0.0999638452957513
-0.16,0.17,-0.1600865104479,0.167475455184608,-8.65104478999443e-05,-0.00252454481539162,0.00252602663931253,-0.00756885696096085,0.00724939401766007,-0.0940319277857755,0.0946141997062681
-0.16,0.185,-0.159817148945381,0.18221692975549,0.0001828510546193,-0.00278307024451023,0.00278907054304003,0.0127999639505586,-0.0011228089779344,-0.0986633621901049,0.0994965391533485
-0.16,0.2,-0.159489228851975,0.197142316827086,0.000510771148024839,-0.00285768317291382,0.00290297094067602,0.0250831708344864,-0.00740005300104162,-0.103264512532535,0.106524593695516
-0.16,0.215,-0.159169591438413,0.212254974547385,0.000830408561586699,-0.00274502545261517,0.00286788129368382,0.0287317282179164,-0.0113201371001912,-0.104632455159175,0.109094509394011
-0.16,0.23,-0.158925384597683,0.227548748213016,0.00107461540231749,-0.00245125178698352,0.0026764591508349,0.0241748553495941,-0.0125657737179163,-0.0996589694031113,0.103316191252936
-0.16,0.245,-0.158817572386246,0.243007907142725,0.00118242761375367,-0.00199209285727538,0.0023165856370475,0.0128284853510017,-0.010820592703983,-0.0857878904116451,0.0874140657162063
-0.16,0.26,-0.158894061605163,0.258606900433952,0.00110593839483701,-0.00139309956604754,0.0017787147421935,-0.00286199087255862,-0.00590964622403773,-0.0614834667235543,0.0618330976302038
-0.16,0.275,-0.159182246535923,0.274310084727847,0.000817753464076532,-0.000689915272152689,0.00106990831885666,-0.0193698367179127,0.00198126117360363,-0.0267195977610548,0.0330613506424479
-0.16,0.29,-0.159681051857931,0.290071617213012,0.000318948142069356,7.16172130115489e-05,0.000326889801812531,-0.0320560773119289,0.0120156617040609,0.0165216984986871,0.0380122979236176
-0.16,0.305,-0.160352826599348,0.305835677762902,-0.000352826599348183,0.000835677762901596,0.000907107453731816,-0.0351871071129451,0.0223577355889027,0.063774465482282,0.0761917590570569
-0.16,0.32,-0.161115600913624,0.321537093367151,-0.00111560091362431,0.00153709336715069,0.00189926865340795,-0.0220194832143212,0.0297791612009074,0.10768036811156,0.113871515439259
-0.16,0.335,-0.161836192070511,0.337102313052152,-0.00183619207051106,0.00210231305215212,0.00279129387364657,0.0150412261453691,0.0292350907052288,0.137694942882981,0.141565661455874
-0.16,0.35,-0.162324426117666,0.352450557649239,-0.00232442611766612,0.00245055764923886,0.00337760115595839,0.0842115196546387,0.0134177769505786,0.139949316993134,0.163882416439643
-0.14,0.05,-0.13697801835297,0.0526447101671614,0.0030219816470298,0.00264471016716142,0.00401582680693178,-0.0259699148032288,0.0112678037997944,-0.0171140654738007,0.0330800717145711
-0.14,0.065,-0.137626131679453,0.0670984264123795,0.0023738683205469,0.00209842641237953,0.00316838195479462,-0.0704962036457645,0.0315777127447408,-0.0558855560558665,0.0953418278825485
-0.14,0.08,-0.138444914403604,0.0813944462087186,0.00155508559639633,0.00139444620871862,0.00208872483614503,-0.0810697032305981,0.0342464585555869,-0.0628751121537289,0.108159141584729
-0.14,0.095,-0.139248644298531,0.0956049982423819,0.000751355701469031,0.000604998242381902,0.000964654478772171,-0.0676003394140792,0.0275966909138234,-0.054820210540577,0.0913052051374601
-0.14,0.11,-0.139911216423783,0.109795112209364,8.87835762173605e-05,-0.000204887790636446,0.000223296955102008,-0.0387396299995452,0.0169363617995148,-0.0434430993069836,0.0606209741356266
-0.14,0.125,-0.14035958635089,0.124021432283166,-0.000359586350890076,-0.0009785677168343,0.0010425435819076,-0.00178143673279343,0.00536081788551225,-0.0360761339537326,0.0365157414288806
-0.14,0.14,-0.14056599057858,0.138331341695332,-0.00056599057857952,-0.00166865830466811,0.00176203458330949,0.0373594641114896,-0.00556439540081092,-0.0363934870046494,0.0524516743626711
-0.14,0.155,-0.140539382066978,0.152762559285541,-0.000539382066977859,-0.00223744071445857,0.00230153730469314,0.0740946732660654,-0.0152335647661438,-0.0451859199632318,0.0881127175447124
-0.14,0.17,-0.140316741785927,0.167343224766325,-0.000316741785927298,-0.00265677523367477,0.0026755896548649,0.105052303775773,-0.0235452262912771,-0.0611152145335983,0.123795959627284
-0.14,0.185,-0.139954901662411,0.182092349518936,4.50983375889849e-05,-0.00290765048106352,0.00290800020290271,0.127938779073051,-0.0305618161529858,-0.0813986990341098,0.154687163447864
-0.14,0.2,-0.139523264072502,0.19702041426039,0.000476735927498366,-0.00297958573961003,0.00301748377365234,0.141406741719186,-0.0362807815405542,-0.102400178967968,0.178319892417076
-0.14,0.215,-0.139097426114906,0.21212987243788,0.000902573885093991,-0.00287012756212032,0.00300869936033769,0.144960374324846,-0.0405094664752954,-0.120134023993904,0.192579193149401
-0.14,0.23,-0.138753353917556,0.227415374758934,0.00124664608244383,-0.00258462524106648,0.00286956688223685,0.138917836154472,-0.0428354204906311,-0.13071436608598,0.195497624109096
-0.14,0.245,-0.138561536495637,0.242863646518144,0.00143846350436294,-0.00213635348185566,0.00257549673904296,0.12443347938726,-0.0426860795926888,-0.130793025479254,0.185506435891763
-0.14,0.26,-0.138580559698795,0.258453086798184,0.00141944030120535,-0.00154691320181559,0.00209946450854433,0.103564741175911,-0.0394746646252175,-0.118024165349131,0.161906225366472
-0.14,0.275,-0.138849775277194,0.274153272120938,0.00115022472280643,-0.000846727879062273,0.00142827343815406,0.0793549454362123,-0.0328298263623868,-0.0915730100118065,0.125541337147455
-0.14,0.29,-0.139381114117749,0.28992459944289,0.000618885882250717,-7.54005571100974e-05,0.000623462091278821,0.0558973021362499,-0.0229036190426122,-0.0526573891096343,0.0801366696718413
-0.14,0.305,-0.14015047023299,0.305718277350385,-0.000150470232989641,0.000718277350385113,0.000733868954985981,0.0383483099140162,-0.0107467079738811,-0.00508387710607481,0.0401488539970416
-0.14,0.32,-0.141089324363682,0.321476777961368,-0.00108932436368225,0.00147677796136832,0.0018350751255725,0.0328690497417271,0.00126573608009747,0.0442768595984411,0.0551581095609935
-0.14,0.335,-0.142077289800766,0.337134725051205,-0.00207728980076641,0.00213472505120524,0.00297862115090378,0.0464868383217912,0.00897570848887123,0.0851341232106536,0.0974136063409955
-0.14,0.35,-0.14293603130009,0.352620056319427,-0.00293603130009015,0.00262005631942656,0.00393509528627658,0.0868828744225579,0.00596554272720326,0.103589832455024,0.135333231213633
-0.12,0.05,-0.116591772464736,0.0525875046629742,0.00340822753526424,0.00258750466297422,0.00427915824818932,-0.0221074580415982,-0.00271389246221475,0.0275942831421356,0.0354619431961163
-0.12,0.065,-0.117564693639841,0.0669781246815705,0.00243530636015862,0.00197812468157052,0.00313746622669751,-0.0429761605392495,0.00818162230513585,0.00479601560025111,0.0440101258652163
-0.12,0.08,-0.118614995629905,0.081249130579592,0.00138500437009467,0.00124913057959203,0.00186509096562427,-0.0357510683166605,0.00608388697913414,0.00780898437822382,0.0370962646700382
-0.12,0.095,-0.119568369569606,0.0954633509890479,0.000431630430394125,0.000463350989047859,0.000633244792709618,-0.00928136243267405,-0.0018263971324607,0.0201505299124861,0.0222603521530281
-0.12,0.11,-0.120310755905425,0.109677063247621,-0.000310755905424565,-0.000322936752379294,0.000448171148997262,0.0287603183564691,-0.0112994595173381,0.0306006193544696,0.0434882937481607
-0.12,0.125,-0.120781454001211,0.123938838534483,-0.000781454001211282,-0.00106116146551691,0.001317852044771,0.071966118766246,-0.0201949848747387,0.0325117342755952,0.0815105738549826
-0.12,0.14,-0.120964770698833,0.138288768901485,-0.000964770698832829,-0.00171123109851516,0.00196445778113244,0.115202717605285,-0.02777543643428,0.0230028532059439,0.120715689370032
-0.12,0.155,-0.120880840521509,0.152758220629166,-0.000880840521509441,-0.00224177937083379,0.00240862092738334,0.154544609975713,-0.0341161170100507,0.00211215420372508,0.158279572398439
-0.12,0.17,-0.120576480340323,0.16737010715017,-0.00057648034032258,-0.00262989284982973,0.00269233467168626,0.187148355684508,-0.039638642681349,-0.0280148095102499,0.193340616663202
-0.12,0.185,-0.120116869602079,0.182139529618921,-0.000116869602078542,-0.00286047038107913,0.00286285684324609,0.211098718986439,-0.0447692692063846,-0.063841475467878,0.225039453694071
-0.12,0.2,-0.119578506150828,0.197074536433127,0.000421493849171567,-0.002925463566873,0.0029556715220049,0.225264144571712,-0.0497150344198887,-0.101033932239883,0.251840181567456
-0.12,0.215,-0.119043400029506,0.212176734406019,0.000956599970494122,-0.00282326559398127,0.00298092470849362,0.229195845851879,-0.0543451075891977,-0.134943535149058,0.271466428888014
-0.12,0.23,-0.118594006185284,0.227441549177287,0.00140599381471634,-0.00255845082271344,0.00291933026895959,0.223092326384362,-0.0581650928271079,-0.161022560353005,0.281214842800378
-0.12,0.245,-0.118308124049568,0.242858060110628,0.0016918759504324,-0.00214193988937227,0.00272953305921281,0.207832673536864,-0.0603773340061964,-0.17523215572022,0.278471369622894
-0.12,0.26,-0.118253003754652,0.258408484779277,0.00174699624534844,-0.00159151522072315,0.0023632428100081,0.185062552429601,-0.0600266036364843,-0.174494962893373,0.261342594976845
-0.12,0.275,-0.118478192234537,0.274067513046403,0.00152180776546289,-0.000932486953596753,0.00178477751937078,0.157301766842133,-0.0562334610684789,-0.157218530400174,0.229398745845158
-0.12,0.29,-0.119007126617846,0.289801751433821,0.000992873382153633,-0.000198248566179268,0.00101247224504247,0.128035497045122,-0.0485145118801296,-0.123879022112445,0.184642324481407
-0.12,0.305,-0.119827971925169,0.305569516231763,0.000172028074830688,0.000569516231763156,0.000594930581472879,0.101754320983309,-0.0371806694388348,-0.0776199219788807,0.133271168346613
-0.12,0.32,-0.120884533409189,0.321321116084379,-0.000884533409189231,0.00132111608437901,0.00158988900882321,0.0839193299657102,-0.0237952854380958,-0.0247981720114211,0.0906841805521783
-0.12,0.335,-0.122068132256477,0.336999622249512,-0.00206813225647653,0.0019996222495122,0.00287674471773617,0.0808441932626495,-0.011668865155024,0.0245939906622199,0.085304230372075
-0.12,0.35,-0.123211091070059,0.352541979858006,-0.00321109107005885,0.00254197985800633,0.00409545692917427,0.0995008994022096,-0.00636979684539995,0.056690656612731,0.114694543170514
-0.1,0.05,-0.096466552932844,0.0523940551554415,0.003533447067156,0.00239405515544153,0.00426810827694067,-0.0144975016782849,-0.0187321449756149,0.0781251171627336,0.0816370373625221
-0.1,0.065,-0.0976893144664481,0.0667899265756584,0.00231068553355193,0.00178992657565841,0.00292285900809711,-0.0192622205300806,-0.0133320948309225,0.0683899798030026,0.0722908564299138
-0.1,0.08,-0.0989114379200597,0.0810967350255627,0.00108856207994029,0.00109673502556271,0.00154524920908569,-0.00125486811437276,-0.0170850110351499,0.0790798029386005,0.0809140816956158
-0.1,0.095,-0.0999685696106583,0.0953677241105467,3.1430389341669e-05,0.000367724110546724,0.000369064887047723,0.0318734522138882,-0.0238310817685948,0.0939813968221922,0.102060487536207
-0.1,0.11,-0.100757273925687,0.109650321947091,-0.000757273925687446,-0.000349678052909169,0.000834109428799617,0.0735291015374392,-0.0302709869905146,0.102367900448153,0.129622743506452
-0.1,0.125,-0.101227731885506,0.123985072885174,-0.00122773188550582,-0.00101492711482629,0.00159292266952834,0.118253539932406,-0.0351203922812066,0.0982460287837829,0.157701108216065
-0.1,0.14,-0.101374766119402,0.138404979617178,-0.00137476611940165,-0.00159502038282153,0.00210572360595374,0.161724885840107,-0.0383774572084043,0.079476169845284,0.184239677440562
-0.1,0.155,-0.101228018490503,0.15293538289366,-0.00122801849050343,-0.00206461710633998,0.00240222255605304,0.20068416604108,-0.0407140860982922,0.0468526231417514,0.210064249763392
-0.1,0.17,-0.100842343156729,0.16759435689105,-0.000842343156729396,-0.00240564310894954,0.00254885479408405,0.232803336478124,-0.0430022789706788,0.00323535651781354,0.236763884013356
-0.1,0.185,-0.100289358625401,0.182393455831164,-0.000289358625400572,-0.0026065441688361,0.0026225561801775,0.256526321932099,-0.0459764112117407,-0.0471953528314046,0.264852997851312
-0.1,0.2,-0.0996506693954637,0.197338554244216,0.000349330604536302,-0.00266144575578434,0.00268427371597014,0.270921259683994,-0.0500194904853302,-0.099530221500506,0.292927858478239
-0.1,0.215,-0.0990126692341562,0.212430508119498,0.000987330765843824,-0.00256949188050178,0.00275265518457113,0.275579099916298,-0.0550542391538326,-0.148585073660386,0.317887704849227
-0.1,0.23,-0.0984622786142567,0.227665431749451,0.00153772138574327,-0.00233456825054923,0.00279549565849148,0.270581159814583,-0.0605217274231426,-0.189274797348157,0.335711654370527
-0.1,0.245,-0.0980826387150992,0.243034514360042,0.0019173612849008,-0.00196548563995756,0.00274579826238488,0.25653946570172,-0.0654393958549541,-0.216983215721024,0.342311081384846
-0.1,0.26,-0.0979477961177736,0.258523451769035,0.00205220388222641,-0.00147654823096512,0.00252818817586653,0.234693861512395,-0.068540977249107,-0.22799680569955,0.334308143302326
-0.1,0.275,-0.0981157633299331,0.274111695023743,0.00188423667006694,-0.00088830497625654,0.00208313071113339,0.207034283680922,-0.0685066689522159,-0.220038064611003,0.309795645554442
-0.1,0.29,-0.0986199137418944,0.289771781610733,0.0013800862581056,-0.00022821838926719,0.00139882869323288,0.176409404197467,-0.0642890845958872,-0.192889128363268,0.269183419640473
-0.1,0.305,-0.0994592721323367,0.305468996360594,0.000540727867663349,0.000468996360593804,0.000715782238615897,0.146585638626458,-0.055529750190221,-0.149052961501098,0.216304746850066
-0.1,0.32,-0.100588688805016,0.321161515196753,-0.000588688805015697,0.0011615151967527,0.00130217973469037,0.122231921640036,-0.0430472746508811,-0.0943715077398124,0.160311287072499
-0.1,0.335,-0.101909991684839,0.336801045267656,-0.0019099916848388,0.00180104526765618,0.00262522995036626,0.108821739436802,-0.0293688660069301,-0.0385148021019743,0.119113795818508
-0.1,0.35,-0.103264960073858,0.352333831674105,-0.00326496007385785,0.00233383167410489,0.00401331964425226,0.11245958583688,-0.0192771892355254,0.00472916078313627,0.114197800988858
-0.08,0.05,-0.0765031425329767,0.0521407341044266,0.00349685746702327,0.00214073410442664,0.00410009202951979,-0.00970102392882075,-0.0337709309453916,0.128407060803571,0.133127633791517
-0.08,0.065,-0.0779132940370065,0.0665965636485344,0.00208670596299346,0.00159656364853442,0.0026274240730826,-0.00512382836871865,-0.0310761290430391,0.128990957839046,0.132780474871647
-0.08,0.08,-0.0792596477947777,0.0809873180059949,0.000740352205222256,0.000987318005994886,0.00123406573274651,0.0174466077500114,-0.0344548264525497,0.145351617217157,0.150394896196153
-0.08,0.095,-0.0803862703776126,0.0953564911714267,-0.000386270377612574,0.00035649117142672,0.000525633674650089,0.0516751454851464,-0.0386272599895009,0.16153935569597,0.173946464615888
-0.08,0.11,-0.081198769774041,0.109742646126192,-0.00119876977404099,-0.000257353873808097,0.00122608318947709,0.0921261676642162,-0.0411150615325737,0.16728541151855,0.195351285969446
-0.08,0.125,-0.0816565664837355,0.124178477459227,-0.00165656648373552,-0.000821522540773001,0.00184908404352912,0.134329864243842,-0.0413697342408543,0.157191295059911,0.210867543185855
-0.08,0.14,-0.0817633068259243,0.138690265592214,-0.00176330682592431,-0.00130973440778573,0.00219650977263683,0.174779416658851,-0.0400147262045388,0.129779133295082,0.221340703817895
-0.08,0.155,-0.0815564253722328,0.15329783245193,-0.00155642537223281,-0.00170216754806995,0.0023064765988478,0.210858924549013,-0.0382204203100288,0.0865032477598006,0.231095588150943
-0.08,0.17,-0.081097105622765,0.16801497139263,-0.00109710562276497,-0.00198502860737021,0.00226803424127164,0.240717639723455,-0.037227427504232,0.0308291403909591,0.245522690548498
-0.08,0.185,-0.0804617234869029,0.18285019372115,-0.00046172348690289,-0.00214980627885017,0.00219883051073551,0.263119694381993,-0.0380174077862755,-0.0325372737349867,0.26783596039487
-0.08,0.2,-0.0797353384271635,0.197807549544819,0.000264661572836539,-0.00219245045518113,0.00220836698638615,0.27730525646254,-0.0411134405230979,-0.0982350144481472,0.297050224651862
-0.08,0.215,-0.0790070947594378,0.212887268258306,0.000992905240562236,-0.00211273174169394,0.0023344156076194,0.282896376010347,-0.046483266218097,-0.160669961904012,0.328642946642864
-0.08,0.23,-0.0783667445412173,0.228086027536305,0.00163325545878268,-0.00191397246369504,0.0025161108849624,0.279869101252393,-0.0535224465851926,-0.214343245746094,0.356559677222983
-0.08,0.245,-0.0779011197078488,0.24339677982048,0.00209888029215124,-0.00160322017952022,0.0026411386606541,0.268595860726398,-0.0611078631576853,-0.254178929065778,0.374813735495171
-0.08,0.26,-0.0776893918345052,0.258808205289567,0.00231060816549476,-0.00119179471043335,0.00259986244372043,0.249943356630499,-0.0677274794807071,-0.275934555856697,0.378416559698945
-0.08,0.275,-0.0777963612672279,0.274303978005092,0.00220363873277214,-0.000696021994908258,0.0023109457548739,0.225396312332069,-0.071701529561398,-0.276740255103385,0.364047004675014
-0.08,0.29,-0.0782636829529179,0.289862092056485,0.00173631704708208,-0.000137907943514815,0.00174178514429085,0.197170313341094,-0.0715080180431065,-0.255758399499998,0.330760021542076
-0.08,0.305,-0.0790996452623936,0.30545447919002,0.000900354737606412,0.000454479190020313,0.00100855837098892,0.168279331791022,-0.066212075046032,-0.214903983356071,0.280866253615548
-0.08,0.32,-0.0802686350287532,0.321047064602701,-0.000268635028753239,0.00104706460270146,0.0010809759760992,0.142534206797862,-0.0559804182862128,-0.159532115504464,0.221134266717973
-0.08,0.335,-0.0816815760616128,0.336600280079179,-0.00168157606161276,0.00160028007917884,0.00232133461241711,0.124463732225969,-0.0426479229002604,-0.0989922235391264,0.164649764486981
-0.08,0.35,-0.0831883718431834,0.352069922687039,-0.00318837184318335,0.00206992268703893,0.00380135435611084,0.119165196781873,-0.0303006639797654,-0.0469674453057412,0.131622273568532
-0.06,0.05,-0.0566252181622696,0.0518697529382812,0.00337478183773035,0.00186975293828121,0.00385812499829721,-0.0111929091996999,-0.0462618671097208,0.173029993696642,0.179457088497127
-0.06,0.065,-0.058170623816566,0.0664274684423288,0.00182937618343401,0.00142746844232877,0.00232040586414535,-0.00299564513825559,-0.0445082827438352,0.181377113049875,0.18678235773139
-0.06,0.08,-0.0596036104658493,0.0809385852170299,0.000396389534150665,0.000938585217029941,0.00101885566809599,0.0189234965441081,-0.046465976239207,0.201728295380205,0.207873851713635
-0.06,0.095,-0.0607749854745534,0.0954367256034781,-0.00077498547455343,0.000436725603478127,0.000889568287711596,0.049642314517784,-0.0475726298028105,0.218369849677471,0.228938802917101
-0.06,0.11,-0.0615976087727,0.109951639472322,-0.00159760877270004,-4.83605276776489e-05,0.00159834055546539,0.0849421568635709,-0.0460191761195449,0.221428085473466,0.241585219101662
-0.06,0.125,-0.062038281338197,0.124508432590729,-0.002038281338197,-0.000491567409270866,0.00209671870585909,0.121361366019575,-0.0418535054949981,0.206008943773088,0.242734567225382
-0.06,0.14,-0.0621076228513649,0.1391271206791,-0.00210762285136487,-0.000872879320899522,0.00228122607219219,0.156191950653875,-0.0361998565655686,0.171187402394839,0.234545429765217
-0.06,0.155,-0.0618491006882956,0.153822601524338,-0.00184910068829559,-0.00117739847566189,0.00219213150288621,0.18741869842806,-0.0306209343388208,0.11895885790042,0.224086331625484
-0.06,0.17,-0.0613286200080929,0.168605023390556,-0.00132862000809292,-0.0013949766094439,0.00192644513724124,0.21361343140105,-0.0266413860010712,0.0532722626506599,0.22176216287709
-0.06,0.185,-0.0606258808548202,0.183480418552022,-0.000625880854820241,-0.00151958144797781,0.0016434277049718,0.233808832671824,-0.0254297190397803,-0.0207616061764109,0.236102443904867
-0.06,0.2,-0.059828113565414,0.198451399557756,0.000171886434586035,-0.00154860044224431,0.00155811048264042,0.247382183437438,-0.0276144231975679,-0.0974478587448844,0.267313890099946
-0.06,0.215,-0.0590260117299381,0.213517705108559,0.000973988270061885,-0.001482294891441,0.00177365478473412,0.253977281399913,-0.033200072957324,-0.170897776154184,0.307917168087109
-0.06,0.23,-0.0583109518024654,0.22867643533519,0.00168904819753463,-0.00132356466480987,0.00214585815829664,0.253483075083394,-0.0415548147908251,-0.235313194933441,0.348357783785526
-0.06,0.245,-0.0577721578747237,0.243921916439192,0.00222784212527628,-0.00107808356080799,0.00247498377757107,0.246072727590493,-0.0514581996939805,-0.28527305897923,0.380238060156016
-0.06,0.26,-0.0574924788569005,0.259245251332498,0.00250752114309952,-0.00075474866750172,0.00261864618346708,0.232290872293373,-0.0612185763701357,-0.316120035991424,0.397038123375608
-0.06,0.275,-0.0575418926399982,0.274633710838988,0.00245810736000179,-0.000366289161011557,0.00248524838653394,0.213163958054652,-0.0688819378395216,-0.324502121813005,0.394316922201729
-0.06,0.29,-0.0579685963355195,0.290070169800287,0.0020314036644805,7.01698002872342e-05,0.00203261522402474,0.190302229863098,-0.0725525882041216,-0.309062756442574,0.370133868494964
-0.06,0.305,-0.0587883432683477,0.305532779289898,0.00121165673165227,0.000532779289898394,0.00132361845223724,0.165963621165329,-0.0708303768575328,-0.271213291049775,0.325757273035012
-0.06,0.32,-0.059973284013921,0.32099499521141,2.67159860790345e-05,0.000994995211409749,0.000995353813797138,0.143058827353485,-0.063346540065241,-0.215882379218226,0.266615719993956
-0.06,0.335,-0.0614417662536128,0.336425977702532,-0.00144176625361275,0.00142597770253169,0.00202783193045531,0.125090079316542,-0.0513611964666952,-0.152128607425571,0.203540308571417
-0.06,0.35,-0.063050288065686,0.351791267756072,-0.00305028806568605,0.00179126775607197,0.00353735741162946,0.116029425153012,-0.0383797757863374,-0.0935242698003826,0.153891643602341
-0.04,0.05,-0.0367765767995372,0.0515981518732335,0.00322342320046284,0.00159815187323345,0.00359785304580408,-0.0196947658398434,-0.0555868377497428,0.207522868359467,0.215739602793949
-0.04,0.065,-0.0384132379637097,0.0662878821457636,0.0015867620362903,0.00128788214576356,0.00204363748771368,-0.0123702196721666,-0.0538791944047236,0.221264195636055,0.228065567050347
-0.04,0.08,-0.0399031290894032,0.0809451828068178,9.68709105968191e-05,0.000945182806817796,0.000950133944043588,0.00483266493727598,-0.0541981076219869,0.244227596567489,0.250215922650628
-0.04,0.095,-0.0411019568127731,0.0955937297838694,-0.00110195681277314,0.000593729783869401,0.00125172835450458,0.0284790624011098,-0.0525149585251459,0.260887231979006,0.267639974453816
-0.04,0.11,-0.0419278264917367,0.110254547197042,-0.00192782649173674,0.000254547197041544,0.0019445588851366,0.055608374014203,-0.0475181558731437,0.261674292195894,0.271705428618177
-0.04,0.125,-0.0423528485513041,0.124945428517022,-0.00235284855130413,-5.45714829780775e-05,0.00235348132606324,0.0837730271268394,-0.039696684486611,0.242078792661202,0.259221919037101
-0.04,0.14,-0.0423926146752317,0.139680575894499,-0.00239261467523169,-0.000319424105501342,0.00241384273375657,0.111038058141504,-0.030541736964315,0.201591836014583,0.23216715993638
-0.04,0.155,-0.0420948242058559,0.154470532614021,-0.00209482420585586,-0.000529467385978616,0.00216069992508323,0.135940324742707,-0.0218996552020262,0.142610186845167,0.198234889414825
-0.04,0.17,-0.0415285941578165,0.169322401879348,-0.00152859415781649,-0.000677598120651712,0.00167204644445704,0.157415881794071,-0.0154972180431411,0.0694339180765606,0.172745521483826
-0.04,0.185,-0.0407757533324431,0.184240264879052,-0.000775753332443108,-0.000759735120948068,0.00108581337567676,0.174712610935048,-0.0126342980337821,-0.0125409640416772,0.175617259488591
-0.04,0.2,-0.0399247692030388,0.199225657415609,7.52307969612347e-05,-0.000774342584391047,0.000777988503008128,0.187309659054075,-0.0140142155758524,-0.0973929643672553,0.211581537458243
-0.04,0.215,-0.0390670950252857,0.214277954284003,0.000932904974714346,-0.000722045715996711,0.00117968712285757,0.194864002506334,-0.0196711308079147,-0.179038788481749,0.265356263352833
-0.04,0.23,-0.0382949329490316,0.229394546976532,0.00170506705096842,-0.000605453023467706,0.00180937199379352,0.197197664080051,-0.0289610724138504,-0.251481081303896,0.320887310176288
-0.04,0.245,-0.0376989411960696,0.244570771147203,0.0023010588039304,-0.000429228852797225,0.00234074967205364,0.194328531206816,-0.0406042759559801,-0.309060467664298,0.367329715790588
-0.04,0.26,-0.0373644192719982,0.259799622978523,0.0026355807280018,-0.000200377021476572,0.00264318685010165,0.186536154548318,-0.0527907718422952,-0.34682138468252,0.397326450250228
-0.04,0.275,-0.0373649854864876,0.275071372252313,0.00263501451351242,7.13722523134619e-05,0.00263598093407775,0.174444395760201,-0.0633768223658526,-0.361054213033644,0.405965889047248
-0.04,0.29,-0.0377535662998355,0.290373213149366,0.00224643370016446,0.000373213149365781,0.00227722471971787,0.159097895389244,-0.070199066784842,-0.350008673529273,0.390828239904644
-0.04,0.305,-0.0385513908062204,0.305689081645454,0.00144860919377965,0.000689081645453893,0.00160415152351777,0.142010328851517,-0.071515850785598,-0.314707395073174,0.352594082873456
-0.04,0.32,-0.039736343265614,0.320999715399281,0.000263656734386025,0.000999715399280593,0.00103389832824406,0.125168874049474,-0.0665588637243856,-0.259744735551483,0.29591358816321
-0.04,0.335,-0.0412322590313001,0.336282955885544,-0.00123225903130006,0.001282955885544,0.00177888676550042,0.110989068963564,-0.0561551616179676,-0.193946363479455,0.230406681877643
-0.04,0.35,-0.0429004867494286,0.351514217421478,-0.00290048674942861,0.00151421742147853,0.00327195320613239,0.102224208267753,-0.0433710789421368,-0.130788797192406,0.17157089121394
-0.02,0.05,-0.0169187346771954,0.0513255341167109,0.00308126532280464,0.00132553411671094,0.003354286315162,-0.0336969425359193,-0.0616317844064053,0.228578447471118,0.239127895565533
-0.02,0.065,-0.0186085478505918,0.0661665747477386,0.00139145214940817,0.00116657474773862,0.00181577413963137,-0.030378197587329,-0.0597378501720175,0.245504523010278,0.254487765767007
-0.02,0.08,-0.020131277542644,0.0809864141856139,-0.000131277542643971,0.000986414185613849,0.000995111420285624,-0.0207185372483301,-0.058830468249149,0.269948251825533,0.27706044471132
-0.02,0.095,-0.0213455551001926,0.0957987502674277,-0.00134555510019257,0.000798750267427734,0.00156477490949022,-0.00661502829006705,-0.0552133527320817,0.286506379271275,0.29185332353322
-0.02,0.11,-0.0221725519219956,0.110615965938518,-0.00217255192199557,0.000615965938517676,0.00225818420222546,0.0102558322435872,-0.0478845183423386,0.285801984571465,0.289967348226568
-0.02,0.125,-0.0225874478899492,0.125448763838195,-0.00258744788994916,0.000448763838195421,0.00262607607766307,0.0284605857201702,-0.0376072394438363,0.263563632625085,0.267750309630985
-0.02,0.14,-0.0226086863796086,0.140305880922485,-0.00260868637960859,0.00030588092248468,0.00262655815962553,0.04681373040879,-0.0261006013876218,0.219538706758153,0.225986895022721
-0.02,0.155,-0.0222863678556125,0.155193940349106,-0.00228636785561247,0.00019394034910572,0.00229457857354879,0.0643637879336726,-0.0153869248388837,0.156368932047299,0.169796109091861
-0.02,0.17,-0.0216913932072014,0.17011745557428,-0.00169139320720135,0.000117455574279529,0.00169546654148533,0.0803638926877342,-0.00731866866768431,0.0785659297389242,0.112625607928009
-0.02,0.185,-0.0209067192562113,0.185078956740082,-0.000906719256211302,7.89567400817925e-05,0.000910150524028153,0.0942346528307763,-0.00327846595121995,-0.00830570889917712,0.094656774570048
-0.02,0.2,-0.0200214024900421,0.200079176574481,-2.14024900421266e-05,7.91765744812545e-05,8.20182694683871e-05,0.105529565272408,-0.00401902631207477,-0.0981937757451506,0.14420357238933
-0.02,0.215,-0.0191272021685549,0.21511722289904,0.000872797831445123,0.000117222899039954,0.000880634579513342,0.113913028556065,-0.00959797390450951,-0.184904582749179,0.21738919152551
-0.02,0.23,-0.0183166822283148,0.230190680329227,0.00168331777168517,0.000190680329227366,0.00169408314684533,0.119157898459179,-0.0193710046717948,-0.262326557754959,0.288771951564787
-0.02,0.245,-0.017681258410438,0.245295618385737,0.00231874158956201,0.000295618385737495,0.00233750995487733,0.121164328669478,-0.0320301343459525,-0.324659412034949,0.34800981338242
-0.02,0.26,-0.0173076396711546,0.260426524007465,0.00269236032884536,0.000426524007464651,0.00272593596206587,0.119995681176846,-0.0457007562763739,-0.366765922534248,0.388594059908005
-0.02,0.275,-0.0172716133940832,0.275576208689873,0.00272838660591682,0.000576208689872876,0.00278856771939132,0.115922179294915,-0.0581289324508544,-0.384713900071787,0.405983249607936
-0.02,0.29,-0.0176289678191813,0.290735752429769,0.00237103218081872,0.000735752429768644,0.00248256424698102,0.109460134451981,-0.0669902184840648,-0.376504414937625,0.397775590488814
-0.02,0.305,-0.018404265702157,0.305894534405868,0.00159573429784296,0.000894534405867536,0.00182936047639418,0.101394828389829,-0.070332848173737,-0.342912101457554,0.364440362581631
-0.02,0.32,-0.0195788837270054,0.32104036833659,0.000421116272994626,0.00104036833659041,0.00112236589005581,0.0927784042703359,-0.067139341623219,-0.288316472244956,0.310229184294823
-0.02,0.335,-0.0210799872680017,0.336159720199237,-0.00107998726800174,0.00115972019923713,0.00158471557055658,0.0848993195048355,-0.0579647991403034,-0.221392632017717,0.244095473172233
-0.02,0.35,-0.0227718458303554,0.351237951186271,-0.00277184583035539,0.00123795118627057,0.00303572931053598,0.0792254275844467,-0.0455995907000891,-0.155554770989672,0.18042534391461
0,0.05,0.002970992629794,0.0510407183569881,0.002970992629794,0.0010407183569881,0.00314799807891655,-0.050124509724153,-0.064433347311749,0.234215183406815,0.248034213235475
0,0.065,0.0012625538023823,0.0660423216304303,0.0012625538023823,0.00104232163043028,0.00163721607772854,-0.0525044929666251,-0.0625414095594658,0.252225290871177,0.265114828801428
0,0.08,-0.000272320822437028,0.0810324998629066,-0.000272320822437028,0.00103249986290657,0.00106780831483692,-0.0519293228705659,-0.0612192828900478,0.277179351169354,0.288570656707524
0,0.095,-0.00149314586356447,0.0960149795950486,-0.00149314586356447,0.00101497959504859,0.00180545510834379,-0.0487332299000264,-0.0568902103097654,0.293720417128549,0.303122617889447
0,0.11,-0.00232188491541774,0.110993554313162,-0.00232188491541774,0.000993554313162059,0.00252552959468848,-0.043295146819482,-0.0486637109359307,0.292535596907716,0.299699694283141
0,0.125,-0.0027344520239526,0.125971947656784,-0.0027344520239526,0.000971947656783684,0.00290205274225431,-0.036033758812455,-0.037403561745378,0.269429982611717,0.274390447415838
0,0.14,-0.00274995465007102,0.140953603119692,-0.00274995465007102,0.000953603119691782,0.00291060294223261,-0.0273962954658365,-0.0249151207967602,0.224232275904929,0.227269666982731
0,0.155,-0.0024190492594092,0.155941438467215,-0.0024190492594092,0.000941438467215089,0.00259578614431168,-0.0178423341603527,-0.0132907914657018,0.159662002695021,0.161204734031359
0,0.17,-0.00181304677516083,0.17093760449756,-0.00181304677516083,0.000937604497559835,0.00204113713472797,-0.00782486446343763,-0.00443697597489777,0.0802984800510677,0.0808007564309731
0,0.185,-0.0010151557303372,0.185943281786731,-0.0010151557303372,0.000943281786731115,0.00138575671963556,0.00222876608828882,0.000224063807106356,-0.00823900755668067,0.00853808219905394
0,0.2,-0.000114555587232515,0.200958539273388,-0.000114555587232515,0.000958539273387848,0.00096536030641056,0.0119337119233222,-8.82561807264645e-05,-0.0998548550284454,0.100565480854645
0,0.215,0.000796927190102621,0.215982268216321,0.000796927190102621,0.000982268216321358,0.00126488884694269,0.0209607954410394,-0.00544961794935232,-0.188317467981749,0.189558842589061
0,0.23,0.00162661546238518,0.231012197649975,0.00162661546238518,0.00101219764997526,0.00191583452967264,0.0290454352987219,-0.0152241879877728,-0.267474770341839,0.269477828111144
0,0.245,0.00228283009288191,0.246044991902243,0.00228283009288191,0.00104499190224294,0.00251064161295884,0.035992556615641,-0.0281010426631419,-0.331475612447606,0.334606533985489
0,0.26,0.00267837172758739,0.261076425223006,0.00267837172758739,0.00107642522300616,0.00288658385844987,0.0416780321161778,-0.0421879391003652,-0.375116794130984,0.379776273437781
0,0.275,0.00273670966879504,0.276101620242353,0.00273670966879504,0.00110162024235327,0.00295010965383301,0.0460470783799708,-0.0551952018527812,-0.394385156471911,0.400882964201445
0,0.29,0.0024010935042294,0.291115325062285,0.0024010935042294,0.00111532506228534,0.00264748937875385,0.0491096334453097,-0.0647426559169245,-0.387191384128563,0.395627548881759
0,0.305,0.00164586473354297,0.30611219109161,0.00164586473354297,0.00111219109161037,0.00198641379006942,0.0509322790469558,-0.068803721617708,-0.354220386921512,0.364418138067936
0,0.32,0.000488529639427665,0.321087004407238,0.000488529639427665,0.00108700440723758,0.00119173813816343,0.051626029431073,-0.0662711714032368,-0.299775062088897,0.311323692301632
0,0.335,-0.000999108033810148,0.336034822808448,-0.000999108033810148,0.0010348228084481,0.00143842799893092,0.0513293936487155,-0.0576022249536089,-0.232479255651045,0.244947787628806
0,0.35,-0.00268218970919662,0.350950980208643,-0.00268218970919662,0.000950980208642621,0.00284578723613523,0.0501864885828171,-0.0454893417176596,-0.165731113107657,0.179038520381206
0.02,0.05,0.0229008098703294,0.050727554403983,0.0029008098703294,0.000727554403983005,0.00299065767257898,-0.0650981160387477,-0.0639520557416249,0.223871486319985,0.241756404766394
0.02,0.065,0.0212070387325253,0.0658894115639926,0.00120703873252528,0.000889411563992637,0.00149933166176803,-0.0733897061500041,-0.0624055458274524,0.240906389883961,0.259454244207499
0.02,0.08,0.0196796638346034,0.0810496988342386,-0.000320336165396562,0.00104969883423855,0.00109748936280164,-0.0821314158095424,-0.0616287686222165,0.265458067700108,0.284625766385337
0.02,0.095,0.0184603066479342,0.0962022178327412,-0.00153969335206577,0.00120221783274121,0.00195345420620923,-0.0900957256292765,-0.0579483140180587,0.282136616903546,0.301788879907923
0.02,0.11,0.0176284785842975,0.111342179777785,-0.00237152141570247,0.00134217977778495,0.00272498814328252,-0.096361963258369,-0.0503837821331633,0.281560978894183,0.301829337504698
0.02,0.125,0.0172098690219308,0.126466307165194,-0.0027901309780692,0.00146630716519372,0.0031519656688295,-0.100329308934029,-0.0397231508032613,0.259445731775046,0.280991360947975
0.02,0.14,0.0171868969064576,0.141572710135187,-0.00281310309354241,0.00157271013518651,0.00322288165842561,-0.101700034770805,-0.0277152064670772,0.215521201770038,0.23991769893179
0.02,0.155,0.0175101897252104,0.156660554875659,-0.00248981027478963,0.00166055487565886,0.0029927575410518,-0.100434085969395,-0.0164166662112225,0.152414129543867,0.183266494685826
0.02,0.17,0.0181093802878306,0.171729586551825,-0.00189061971216935,0.00172958655182529,0.0025624036638083,-0.0966827054416148,-0.00771723349793991,0.0746263160990842,0.122377260852234
0.02,0.185,0.0189018464402031,0.186779603019115,-0.00109815355979688,0.00177960301911528,0.00209115473997951,-0.0907139271170269,-0.00303703099238566,-0.0122811802897976,0.0915918626678654
0.02,0.2,0.0197986968383658,0.201809989543328,-0.000201303161634216,0.00180998954332803,0.00182114939251033,-0.082844740171137,-0.00316386073318391,-0.102253713539012,0.131640003583053
0.02,0.215,0.0207082109234983,0.216819415387513,0.000708210923498331,0.00181941538751315,0.00195239213901357,-0.0733929619389871,-0.00818582538389886,-0.189090214082091,0.20299922849526
0.02,0.23,0.021537779788888,0.231805762615225,0.00153777978888804,0.00180576261522458,0.00237182320202313,-0.062656918351162,-0.0174828599226612,-0.266667883508935,0.27448760264177
0.02,0.245,0.0221958968855781,0.246766311811472,0.00219589688557809,0.00176631181147202,0.00281812358626039,-0.0509243619306486,-0.029763903155844,-0.329172219799277,0.334415681958376
0.02,0.26,0.0225957515035696,0.26169815685426,0.00259575150356962,0.00169815685425995,0.0031018804893087,-0.0385054431573228,-0.0431633446454631,-0.371449520060771,0.375926849802268
0.02,0.275,0.0226614789818727,0.276598771519664,0.00266147898187269,0.00159877151966425,0.00310476098001757,-0.0257796303116674,-0.0554281845557343,-0.389549796833562,0.394317804443446
0.02,0.29,0.022337274017643,0.291466614983354,0.00233727401764298,0.00146661498335368,0.00275931320131414,-0.0132443910518345,-0.0642273726187862,-0.381456663867019,0.387053388319887
0.02,0.305,0.0215986472741095,0.30630165014504,0.00159864727410947,0.0013016501450395,0.00206154461681016,-0.00155453315736533,-0.0675964033379582,-0.347930312858307,0.354439830652295
0.02,0.32,0.0204644011053424,0.321105663104009,0.000464401105342405,0.00110566310400886,0.0011992327906665,0.008455178987316,-0.06450144545683,-0.293342529423126,0.300469587468479
0.02,0.335,0.0190076455775703,0.335882311378617,-0.000992354422429731,0.000882311378616552,0.00132787072734965,0.0157664705559144,-0.0554813354891026,-0.226371845934741,0.233604470015372
0.02,0.35,0.017364444904465,0.350636882699849,-0.00263555509553504,0.000636882699848601,0.00271141480319171,0.0191906349052815,-0.0433150553189816,-0.160451748625843,0.167299904393961
0.04,0.05,0.0428650942460655,0.0503702139782963,0.00286509424606554,0.000370213978296341,0.00288891388389545,-0.0747406487768387,-0.0599935624243165,0.198431029094972,0.220364074383165
0.04,0.065,0.0412203342256366,0.0656825730131893,0.00122033422563658,0.000682573013189275,0.00139825660756326,-0.0876715334267805,-0.0590177283898666,0.212400276574013,0.237241117726869
0.04,0.08,0.039721327972939,0.081004772389834,-0.000278672027061,0.00100477238983396,0.00104270113361352,-0.104645268988815,-0.0596373302337979,0.235582850286911,0.264587692906826
0.04,0.095,0.0385127358444495,0.0963207843038204,-0.00148726415555048,0.00132078430382043,0.00198907663140556,-0.122900200272163,-0.0578715113839899,0.252482271222125,0.286707237203526
0.04,0.11,0.0376776977894779,0.111617211820024,-0.00232230221052214,0.00161721182002358,0.00282992254802495,-0.140226058413195,-0.0524525722059763,0.253524178482225,0.294430500511529
0.04,0.125,0.0372457475793248,0.126883632502549,-0.00275425242067524,0.00188363250254867,0.00333676157395958,-0.154994532567865,-0.0439184021328268,0.234173019980231,0.284234586464014
0.04,0.14,0.0372029545495465,0.14211258359895,-0.00279704545045346,0.00211258359894997,0.00350520651523628,-0.166139269794558,-0.0338180917043093,0.193887560389399,0.2575624547203
0.04,0.155,0.0375030423582266,0.157299182984145,-0.00249695764177345,0.00229918298414522,0.00339426573199473,-0.173086199852319,-0.0240646168093391,0.135035586419917,0.220845213542741
0.04,0.17,0.0380779547018881,0.172440465122122,-0.0019220452981119,0.00244046512212159,0.00310646553824214,-0.175646558630373,-0.0164568247885383,0.061897763802057,0.186959634199299
0.04,0.185,0.0388465440221511,0.187534582446239,-0.00115345597784886,0.00253458244623916,0.00278470265371709,-0.173894311620852,-0.0123672297195516,-0.0201373102133416,0.175492778554443
0.04,0.2,0.039720695051896,0.202580059956809,-0.000279304948104041,0.00258005995680946,0.00259513403021251,-0.168053754681954,-0.0125673126258893,-0.105143934981692,0.198633553028432
0.04,0.215,0.0406090562640399,0.217575283621513,0.000609056264039867,0.0025752836215126,0.00264632485987591,-0.158420563589962,-0.0171505827472608,-0.187024827805649,0.245702251078565
0.04,0.23,0.0414193568361794,0.232518352513284,0.00141935683617941,0.00251835251328381,0.00289079110445083,-0.145331166795722,-0.025520366967272,-0.259760939680483,0.298744682217588
0.04,0.245,0.0420607719778444,0.247407341857073,0.00206077197784437,0.00240734185707259,0.00316892347043634,-0.129183422121296,-0.0364299802930258,-0.317665226064924,0.344858021364384
0.04,0.26,0.0424478060825043,0.262240928268587,0.00244780608250432,0.00224092826858688,0.00331866149561791,-0.110499356905039,-0.0480871062052563,-0.355750014568418,0.375607582163308
0.04,0.275,0.0425066854516479,0.277019241219952,0.00250668545164794,0.00201924121995212,0.00321882075578264,-0.0900112933442596,-0.0583500404818824,-0.370271174272922,0.385497163745495
0.04,0.29,0.042184440146045,0.291744747575334,0.00218444014604498,0.00174474757533413,0.00279569720343376,-0.0687483691079776,-0.0650429698285655,-0.359444912562602,0.371696187606792
0.04,0.305,0.0414599698702665,0.306422963802223,0.0014599698702665,0.00142296380222345,0.0020387098872876,-0.048102099649697,-0.0664002193985968,-0.324266674810336,0.334472712215536
0.04,0.32,0.0403557219110828,0.321062827696337,0.000355721911082796,0.00106282769633659,0.00112077686901744,-0.0298564253357259,-0.0616229701350448,-0.269317240582479,0.277886170991104
0.04,0.335,0.0389483776054465,0.335676638358281,-0.0010516223945535,0.000676638358281301,0.00125049955162889,-0.0161772757084195,-0.051508636905597,-0.203430982180422,0.210473414596034
0.04,0.35,0.0373772154761887,0.350279568417672,-0.00262278452381134,0.000279568417672155,0.00263764234848169,-0.00956597536693959,-0.0391042441621734,-0.140124599351836,0.145792882575032
0.06,0.05,0.0628444021819582,0.0499582894106401,0.00284440218195819,-4.17105893599223e-05,0.00284470798958229,-0.0759816185776009,-0.0522849046216016,0.160179304798348,0.184836027138446
0.06,0.065,0.0612861713655942,0.0654017465888919,0.00128617136559425,0.00040174658889186,0.001347455789019,-0.0908253374530147,-0.0517208498281596,0.168895476263355,0.198620264930265
0.06,0.08,0.0598397572783061,0.0808693349790865,-0.000160242721693876,0.000869334979086506,0.000883980223601861,-0.113637262523348,-0.0542261176399416,0.189585283766568,0.227588548030074
0.06,0.095,0.0586545630359476,0.0963353585044947,-0.00134543696405243,0.0013353585044947,0.00189562205087537,-0.14017550404894,-0.0553151427091303,0.206585417230813,0.25570799770647
0.06,0.11,0.0578193011006188,0.111777785681912,-0.00218069889938119,0.00177778568191245,0.00281353329828798,-0.166964526757165,-0.0532467285517938,0.210020393573685,0.273534413050461
0.06,0.125,0.0573694032500685,0.127178830540577,-0.00263059674993153,0.00217883054057702,0.00341574908113894,-0.191342195562276,-0.0481412329373237,0.194963616503248,0.277381282979878
0.06,0.14,0.0572965806448764,0.142525075013157,-0.00270341935512358,0.00252507501315696,0.00369925398313315,-0.211440006080471,-0.0412064298361912,0.160445915465015,0.268603555366569
0.06,0.155,0.0575594127839311,0.157807101707185,-0.00244058721606894,0.00280710170718468,0.00371971584314155,-0.226097250504722,-0.034100033480034,0.108421739280399,0.253057615211944
0.06,0.17,0.0580935605994758,0.173018723778243,-0.00190643940052417,0.00301872377824308,0.00357032273572028,-0.234724943137284,-0.0284491314119422,0.0428116533270738,0.240287482596327
0.06,0.185,0.0588203658162527,0.188156001878084,-0.00117963418374732,0.00315600187808429,0.00336925580238972,-0.237147852936376,-0.0255256268400525,-0.0312853527184234,0.240560844867812
0.06,0.2,0.0596531710776008,0.203216296955871,-0.000346828922399226,0.00321629695587056,0.00323494303037238,-0.233458752488494,-0.0260553504751199,-0.108169588952442,0.258616789728677
0.06,0.215,0.0605014869424883,0.218197604368435,0.000501486942488319,0.0031976043684355,0.0032366901072738,-0.22391601411841,-0.0301279537993153,-0.18193318155968,0.290079191375881
0.06,0.23,0.0612738795435592,0.233098348587916,0.00127387954355921,0.00309834858791588,0.00335000493488278,-0.208904703382437,-0.0371796156355246,-0.246747295345264,0.325435110893643
0.06,0.245,0.0618809069982547,0.247917704658704,0.00188090699825468,0.00291770465870392,0.00347142789230973,-0.188965395655283,-0.0460376299369844,-0.297151281116823,0.355143170866508
0.06,0.26,0.0622394412374401,0.26265638049179,0.00223944123744012,0.00265638049179029,0.00347439985797711,-0.164878351707127,-0.0550360459059943,-0.32844181351131,0.371602403275562
0.06,0.275,0.0622792677312743,0.277317675517223,0.00227926773127431,0.00231767551722253,0.00325064319696288,-0.137777755016166,-0.0622243898459741,-0.337217841998225,0.369555044477995
0.06,0.29,0.0619521011094497,0.291908557256191,0.00195210110944968,0.00190855725619068,0.0027300713436965,-0.109264665635802,-0.0656902653869601,-0.322075985065424,0.346391806690702
0.06,0.305,0.0612423380467384,0.306440487705974,0.0012423380467384,0.0014404877059743,0.00190221151648203,-0.0814894622801105,-0.0640011658165161,-0.284390946811692,0.302679872767053
0.06,0.32,0.0601782620058351,0.320929789447199,0.000178262005835095,0.000929789447199403,0.000946723697204059,-0.0571837198824426,-0.0567480012950392,-0.229075523570185,0.242829152356229
0.06,0.335,0.0588422186200987,0.335397450657948,-0.00115778137990133,0.00039745065794769,0.0012241016089971,-0.0396345180391053,-0.0451535094152241,-0.165205773452028,0.175791655827396
0.06,0.35,0.0573785537155016,0.34986839718097,-0.00262144628449842,-0.000131602819030324,0.0026247475925291,-0.0326069109789378,-0.0327026212069604,-0.106418046133213,0.1160063671469
0.08,0.05,0.0828049482557433,0.0494919902123667,0.00280494825574329,-0.000508009787633323,0.00285058040786935,-0.0673110501840758,-0.0406975198929584,0.112692473549941,0.137428775196093
0.08,0.065,0.0813758246654013,0.0650370803229918,0.00137582466540129,3.70803229917671e-05,0.00137632425695391,-0.0799625265154378,-0.0397592345038348,0.1138230281471,0.144673754472653
0.08,0.08,0.0800114888153153,0.0806245762587668,1.14888153153192e-05,0.000624576258766829,0.000624681915771954,-0.104947624248054,-0.0440431779467846,0.130657955014677,0.173278185158101
0.08,0.095,0.0788675364312037,0.0962193589112793,-0.00113246356879629,0.00121935891127933,0.00166412436108818,-0.136623497557355,-0.0483816574575799,0.14732579862102,0.206668096496858
0.08,0.11,0.0780399174730177,0.111790780995167,-0.00196008252698228,0.0017907809951675,0.00265496140936819,-0.170291163395699,-0.0503911654777435,0.153566877167963,0.234779072281882
0.08,0.125,0.0775717582060528,0.127313470625669,-0.00242824179394717,0.002313470625669,0.00335387902967669,-0.202257521412615,-0.0496190856524882,0.143949638493143,0.253163507096462
0.08,0.14,0.0774622161005982,0.142767619093919,-0.00253778389940176,0.00276761909391898,0.00375500500253831,-0.229819858603287,-0.0467952060531721,0.116945244066605,0.262074929316347
0.08,0.155,0.0776764084628987,0.158138695259396,-0.00232359153710129,0.00313869525939553,0.00390518700738399,-0.25117362564231,-0.0432085448968052,0.0739582050919362,0.265377298520639
0.08,0.17,0.0781551719461608,0.173416669840418,-0.00184482805383922,0.00341666984041761,0.00388291428525682,-0.265261350210754,-0.0402267692457498,0.0184178613823199,0.26892587690671
0.08,0.185,0.0788235311865154,0.188594960458722,-0.00117646881348455,0.0035949604587221,0.00378256785383648,-0.271594974967629,-0.038959786868939,-0.0449863916672676,0.278038886774099
0.08,0.2,0.0795972476966974,0.203669385052811,-0.000402752303302638,0.00366938505281089,0.00369142195957162,-0.270090761315647,-0.0400518107450817,-0.110889558249219,0.294702990309639
0.08,0.215,0.0803875214985741,0.218637413297276,0.000387521498574062,0.00363741329727602,0.0036579978686513,-0.2609527315027,-0.043576920322271,-0.173675107041416,0.316478393453118
0.08,0.23,0.0811045891859306,0.233497930135761,0.00110458918593064,0.00349793013576055,0.00366819199393063,-0.244628095464776,-0.0490161039512001,-0.227806649492685,0.33784861078658
0.08,0.245,0.0816613736459525,0.248251591300707,0.00166137364595245,0.0032515913007074,0.0036514392201297,-0.22183968369424,-0.0553065470079238,-0.268159053758412,0.352393713017242
0.08,0.26,0.0819783499265048,0.262901692568836,0.00197834992650477,0.00290169256883555,0.00351193510699398,-0.193681057723249,-0.0609692192265997,-0.29043266670976,0.354374282416687
0.08,0.275,0.0819903915420537,0.2774553341888,0.00199039154205372,0.00245533418880012,0.00316074745422182,-0.161744832502254,-0.0643301872530952,-0.291697302988236,0.339687236118632
0.08,0.29,0.0816556835755747,0.29192457733461,0.00165568357557473,0.00192457733461021,0.00253875678616981,-0.128247651661648,-0.0638490546592184,-0.271059192182323,0.306590071418796
0.08,0.305,0.0809660616655082,0.306327284160187,0.000966061665508167,0.00132728416018701,0.00164163284063391,-0.0961177079553275,-0.0585547050615489,-0.230391842044364,0.256413295051034
0.08,0.32,0.0799576071988064,0.320687408476406,-4.23928011936414e-05,0.000687408476406137,0.000688714427776891,-0.0690213818246848,-0.0485700698026199,-0.175037170945805,0.194322027155425
0.08,0.335,0.0787201774912766,0.335034637927402,-0.00127982250872336,3.4637927401715e-05,0.00128029115432765,-0.0513207157974073,-0.0356930264310863,-0.114375622001728,0.130344153072806
0.08,0.35,0.0774048226626964,0.349403441505444,-0.00259517733730363,-0.000596558494555532,0.00266286076419342,-0.0479682039047909,-0.0239976020836785,-0.0621823176558647,0.0821186658044604
0.1,0.05,0.102697745027718,0.0489876289209302,0.00269774502771783,-0.00101237107906982,0.00288144467868347,-0.0494336028406968,-0.025594136831139,0.0606611817841594,0.0823317743733212
0.1,0.065,0.101446971354636,0.0645943928082696,0.00144697135463617,-0.000405607191730384,0.00150274525290252,-0.0545402639732497,-0.0226637151991694,0.0517044024350731,0.0784960545189742
0.1,0.08,0.100201101918084,0.080266668803876,0.000201101918084201,0.000266668803876047,0.00033399735390842,-0.0768480386654115,-0.0278214522909455,0.0630320296687075,0.103211888368609
0.1,0.095,0.0991231033339932,0.0959602575482978,-0.000876896666006821,0.000960257548297816,0.00130040083125043,-0.109416239424616,-0.0350636131700967,0.0785448955984949,0.139178592345357
0.1,0.11,0.098317516958259,0.111636006826328,-0.00168248304174097,0.00163600682632831,0.0023467568092026,-0.146384753016889,-0.0412175018308316,0.0875445033906784,0.175474905651472
0.1,0.125,0.0978366642423264,0.127260811923085,-0.00216333575767357,0.00226081192308458,0.00312910404940303,-0.183049551774197,-0.0451191293773981,0.0840117645511339,0.206399847121094
0.1,0.14,0.0976887310352311,0.142808089875662,-0.00231126896476894,0.00280808987566172,0.00363694005687445,-0.215855507365476,-0.0468936210556104,0.0657555420564601,0.230470116688033
0.1,0.155,0.0978469542604167,0.15825764374751,-0.00215304573958332,0.0032576437475102,0.00390484938793165,-0.242307628618172,-0.0473505207601395,0.0335156529736876,0.249155484631578
0.1,0.17,0.0982588548980793,0.173594986044993,-0.00174114510192076,0.00359498604499292,0.00399443499504454,-0.260819285720652,-0.0475074037624278,-0.00988985059576939,0.2652952847422
0.1,0.185,0.0988545343142639,0.188810332952343,-0.00114546568573612,0.0038103329523429,0.00397878484526483,-0.270530936390216,-0.0482451468634776,-0.0603018050788477,0.281337961302082
0.1,0.2,0.0995534548614567,0.203897570823642,-0.000446545138543287,0.00389757082364239,0.00392306779014397,-0.27114013633856,-0.0500854060762779,-0.112808933324609,0.297912028666884
0.1,0.215,0.100269722310253,0.218853504731408,0.000269722310253462,0.00385350473140822,0.00386293267345342,-0.262780475052246,-0.0530731447044156,-0.162203493650083,0.313337764728004
0.1,0.23,0.10091646810015,0.233677620735323,0.000916468100149719,0.00367762073532285,0.00379009340933289,-0.245974074264848,-0.0567482045150602,-0.203358639567474,0.324158326283803
0.1,0.245,0.101410288660315,0.248372448837139,0.00141028866031541,0.00337244883713872,0.00365545144469634,-0.221662948255423,-0.0601984186853207,-0.231602453698032,0.326187516881653
0.1,0.26,0.101676707899522,0.262944441907727,0.00167670789952247,0.00294444190772702,0.00338837535233336,-0.191304144914409,-0.0621971629246009,-0.243156601574988,0.315580651504826
0.1,0.275,0.101657280490224,0.277405134646463,0.00165728049022394,0.00240513464646347,0.00292083058236794,-0.156997614301778,-0.0614341203049883,-0.235676280921668,0.289768684285029
0.1,0.29,0.101318365874599,0.291772258695091,0.00131836587459856,0.00177225869509129,0.00220884346698283,-0.121608311734662,-0.0568453695513729,-0.208883207598283,0.248298748339852
0.1,0.305,0.100660980296227,0.30607049055452,0.000660980296227021,0.00107049055451996,0.00125811167203743,-0.0888466694226288,-0.0480381793580047,-0.165239687723021,0.193663593505766
0.1,0.32,0.0997306946532064,0.320331597216361,-0.000269305346793591,0.000331597216360613,0.000427179217319527,-0.0632827883825709,-0.0357920612164537,-0.110583059942353,0.132341995929328
0.1,0.335,0.098626443367033,0.334593893613773,-0.00137355663296704,-0.000406106386227401,0.00143233383710028,-0.0502855394458385,-0.0226078491160311,-0.0546335426580583,0.077618137208468
0.1,0.35,0.0975073790731809,0.348901091809992,-0.00249262092681915,-0.00109890819000763,0.00272410688022379,-0.055893077078717,-0.0132766999762213,-0.0113037489452346,0.0585498237924094
0.12,0.05,0.122457616590088,0.0484834636094927,0.00245761659008847,-0.00151653639050731,0.00288786459648146,-0.0257740823879347,-0.0082643811533527,0.009655474947469,0.0287372847243568
0.12,0.065,0.121442438037824,0.0641011758538683,0.00144243803782404,-0.000898824146131738,0.00169956239621589,-0.0169307037032576,-0.000738256468051627,-0.0120579908360452,0.0207987715343599
0.12,0.08,0.12035969853191,0.0798129456788141,0.000359698531910146,-0.000187054321185931,0.000405428603989215,-0.0306743934113,-0.0049128723847081,-0.00820027146488256,0.0321294133853525
0.12,0.095,0.119380666314079,0.0955659354260473,-0.000619333685921403,0.00056593542604727,0.000838961930585826,-0.0588915823792773,-0.013818779014722,0.00490411822004089,0.0606896024778497
0.12,0.11,0.118619527426428,0.111312726669675,-0.00138047257357207,0.0013127266696753,0.00190498184654382,-0.0946457686593021,-0.0233715014319843,0.0160918122136547,0.0988078814921836
0.12,0.125,0.118139001499949,0.127012480095153,-0.0018609985000508,0.0020124800951527,0.0027410566485531,-0.132265522023968,-0.03157843339844,0.0187053193074225,0.137263482962264
0.12,0.14,0.117957651294509,0.1426316042873,-0.0020423487054909,0.00263160428730036,0.00333114535254137,-0.167349208897803,-0.0378489838304707,0.00981871664367747,0.171856721244012
0.12,0.155,0.118058299160091,0.158143825071341,-0.00194170083990922,0.00314382507134131,0.00369511004313787,-0.196688289665279,-0.0424116293833842,-0.0105837887972664,0.201487190711488
0.12,0.17,0.11839669350946,0.173529701384845,-0.00160330649053961,0.00352970138484549,0.00387677489271515,-0.218127374398596,-0.0458466989602134,-0.0404013464395511,0.226525510488568
0.12,0.185,0.118909594976139,0.188775781321495,-0.00109040502386071,0.00377578132149486,0.00393007731524587,-0.230393460471032,-0.0487388906253279,-0.0761221941678456,0.247490019535881
0.12,0.2,0.119521763919406,0.203873688939802,-0.000478236080594073,0.00387368893980211,0.00390309822463222,-0.232933800972096,-0.0514450776414599,-0.113413217170965,0.264135255199172
0.12,0.215,0.120151815818251,0.21881944736453,0.000151815818251275,0.00381944736453044,0.00382246336975121,-0.225798878108268,-0.053966994583893,-0.147603054529229,0.275107936948909
0.12,0.23,0.120717392488282,0.233613269289118,0.000717392488281947,0.00361326928911776,0.0036837978959119,-0.209594389735339,-0.0559181243939877,-0.174100930704266,0.278150913829774
0.12,0.245,0.121140397831113,0.248259902041184,0.00114039783111314,0.00325990204118426,0.00345361673196735,-0.185507362294804,-0.0565788402381173,-0.188809346647227,0.270671853473458
0.12,0.26,0.121353054441538,0.262769441841133,0.00135305444153755,0.00276944184113292,0.00308229856327745,-0.155391634095292,-0.0550398665030321,-0.188582883651164,0.250478643362252
0.12,0.275,0.12130524499057,0.277158381350716,0.00130524499057039,0.00215838135071628,0.00252235495926503,-0.121882409230425,-0.0504369505372168,-0.171759934658256,0.216565783660314
0.12,0.29,0.120973112757884,0.291450570266746,0.000973112757883685,0.00145057026674583,0.00174674054693966,-0.0885023973270722,-0.0422766123240662,-0.138757818701304,0.169922746260169
0.12,0.305,0.120368385456955,0.305677775885022,0.000368385456954945,0.000677775885022491,0.000771419467743669,-0.0597246523839858,-0.0308446493776808,-0.0926865549083742,0.114495538425706
0.12,0.32,0.119547541122269,0.319879626311907,-0.000452458877731043,-0.000120373688093367,0.000468197459222959,-0.0409681151141181,-0.0176796384230602,-0.0399135405241284,0.0598669116823495
0.12,0.335,0.1186198814432,0.334102873723194,-0.00138011855679973,-0.000897126276806381,0.0016460749640765,-0.0385170994631602,-0.00608827581893121,0.00949361165281433,0.0401343092668635
0.12,0.35,0.117753840863453,0.348400082685033,-0.00224615913654749,-0.00159991731496689,0.00275771033312541,-0.0593705546499214,-0.00168206786840929,0.0415068178325147,0.0724603942634849
0.14,0.05,0.142002264618198,0.0480458567499222,0.00200226461819825,-0.00195414325007776,0.00279780975820605,-0.00279037821983593,0.00859395766707765,-0.0341581670147161,0.0353330260892028
0.14,0.065,0.1412890739624,0.0636130483864155,0.00128907396240008,-0.00138695161358454,0.00189350111142365,0.0272018464597421,0.0243999663732281,-0.0714407681785915,0.0802438983426772
0.14,0.08,0.140423566900709,0.0793087107591679,0.000423566900709105,-0.00069128924083206,0.00081073407099152,0.0287266260566069,0.024113299118639,-0.0773164059969026,0.0859331033960888
0.14,0.095,0.139586059943762,0.0950718939229878,-0.000413940056237933,7.18939229877869e-05,0.00042013700898735,0.0109257140454838,0.0157764217090977,-0.0683122973498127,0.0709565875871068
0.14,0.11,0.138901188189229,0.11084729395775,-0.00109881181077089,0.000847293957750461,0.0013875497995856,-0.0182955204776327,0.0044839969558352,-0.0560567577530733,0.0591370670405518
0.14,0.125,0.138443010134675,0.126586524791111,-0.00155698986532525,0.00158652479111088,0.00222289863771045,-0.0523685080657563,-0.00684893058528636,-0.0478674816169551,0.0712787832355647
0.14,0.14,0.138241595882456,0.142248972688265,-0.00175840411754352,0.00224897268826496,0.00285479652394978,-0.0860811076758967,-0.0168253265349812,-0.0474492006024736,0.0997220028867637
0.14,0.155,0.138290697570554,0.157802103760009,-0.00170930242944611,0.00280210376000856,0.00328230106437,-0.115519493857029,-0.025006744607153,-0.0556401643207887,0.130636618199149
0.14,0.17,0.138555843994615,0.173221241093693,-0.00144415600538546,0.00322124109369271,0.00353015307764203,-0.137949430024458,-0.0314598958451242,-0.0711457399053615,0.158371407034505
0.14,0.185,0.138982186490479,0.188488971700809,-0.0010178135095212,0.0034889717008092,0.00363440062035149,-0.15166660429175,-0.0364125956647151,-0.091209926980661,0.180687337184896
0.14,0.2,0.139501646133168,0.203594441649791,-0.000498353866831863,0.0035944416497905,0.00362882451357667,-0.15585192860262,-0.0400179107200731,-0.112200183222079,0.196163644771895
0.14,0.215,0.140039285903755,0.218532818650237,3.92859037548487e-05,0.00353281865023714,0.00353303707844924,-0.150464966355069,-0.0422211388609256,-0.130110639437913,0.203349828048332
0.14,0.23,0.140519211848816,0.233305136066287,0.000519211848816259,0.0033051360662868,0.00334566964307909,-0.136197203148245,-0.04272309291983,-0.141013962051984,0.20064874645486
0.14,0.245,0.140870547631605,0.24791859907146,0.000870547631604643,0.00291859907146019,0.00304566474169774,-0.114489721742882,-0.0410349621116484,-0.141504381153212,0.186588545077709
0.14,0.26,0.141034032297447,0.262387272405429,0.00103403229744664,0.00238727240542885,0.00260159419008516,-0.0876016996867587,-0.0366225644578221,-0.129169637344486,0.160312451151347
0.14,0.275,0.140969555704474,0.276732929626766,0.000969555704474268,0.00173292962676624,0.00198571985823851,-0.0587019951023757,-0.0291383132532497,-0.103109644538487,0.122174342564979
0.14,0.29,0.140664556373336,0.290985769230801,0.000664556373336456,0.000985769230800904,0.00118885497422348,-0.0319495674926489,-0.0187361683326193,-0.0644913074337289,0.0743703460885755
0.14,0.305,0.140142808981499,0.305184716907734,0.000142808981499293,0.000184716907733584,0.000233483920644491,-0.0125308850066568,-0.0064590351461079,-0.017101631752893,0.0221632134276443
0.14,0.32,0.139472875959957,0.319377130921342,-0.000527124040043431,-0.000622869078657884,0.000815981398525622,-0.00663231695624387,0.0053175697318377,0.0321565674304415,0.0332612242046033
0.14,0.335,0.138775490297551,0.333617878759714,-0.00122450970244944,-0.00138212124028586,0.00184653273305462,-0.0213391585289061,0.0124036071611178,0.0728860169546797,0.0769518129454523
0.14,0.35,0.138229390060799,0.347967912891277,-0.00177060993920111,-0.00203208710872316,0.00269526206040092,-0.0644658167632509,0.00828793877935873,0.0909841928180568,0.11181528863293
0.16,0.05,0.161231475923068,0.047775660532397,0.00123147592306758,-0.00222433946760303,0.00254248284482544,0.00993945370273793,0.020392804893778,-0.0643318282038378,0.068214689768231
0.16,0.065,0.160896896095524,0.0632204815386053,0.000896896095524041,-0.00177951846139474,0.00199276405041113,0.0687582009485217,0.0492790340649451,-0.120096134917495,0.146898627764602
0.16,0.08,0.160313226466253,0.0788344025197064,0.000313226466253286,-0.0011655974802936,0.00120695000113025,0.0927919087008427,0.0568672354837584,-0.138236316198739,0.175936136800305
0.16,0.095,0.159670489763711,0.0945489372817814,-0.000329510236289215,-0.000451062718218598,0.000558600547427341,0.0920478634067004,0.0523614986014808,-0.13544173683847,0.171927374060488
0.16,0.11,0.159104411848585,0.110301405709694,-0.000895588151414786,0.00030140570969428,0.000944946315295672,0.0752711218250195,0.0419432877045058,-0.12378365920202,0.150822374288802
0.16,0.125,0.158701136351322,0.126036261486165,-0.00129886364867811,0.00103626148616515,0.00166159099828045,0.0498304848098436,0.0295206554909551,-0.111236979185107,0.125412192931897
0.16,0.14,0.158503193923164,0.141706105196526,-0.00149680607683646,0.00170610519652631,0.00226963066891259,0.0216814989026896,0.0173650957570928,-0.102304058095749,0.106008289557504
0.16,0.155,0.158516496965838,0.157272235849997,-0.0014835030341622,0.00227223584999681,0.00271363907150143,-0.00459827112728756,0.00664751658821488,-0.0986893246492271,0.09901979000711
0.16,0.17,0.158717890190387,0.172704724937971,-0.0012821098096133,0.00270472493797141,0.00299321608875656,-0.0257175320844894,-0.00212534509152436,-0.0999742499954483,0.103250966555936
0.16,0.185,0.159062737267997,0.18798212926268,-0.00093726273200271,0.00298212926268049,0.00312594887484368,-0.0395491363155761,-0.00877568474957165,-0.104252541377453,0.111846963218857
0.16,0.2,0.159492166132802,0.203091052795258,-0.000507833867198484,0.00309105279525806,0.00313249143969245,-0.0450086134477096,-0.0132208086181437,-0.108704229813759,0.118394170603194
0.16,0.215,0.159939864446947,0.218025793497111,-6.01355530527869e-05,0.00302579349711052,0.00302639101437624,-0.0419619211836806,-0.015338469958664,-0.110109683216916,0.118828527255196
0.16,0.23,0.160338600696748,0.232788258729579,0.000338600696747675,0.00278825872957938,0.00280874298840489,-0.031181051445458,-0.0149275983051552,-0.105323432426334,0.11085179480949
0.16,0.245,0.160626827874665,0.247388218158988,0.000626827874665142,0.00238821815898832,0.00246910898086309,-0.0143512831413422,-0.0117605112766198,-0.0917367452560519,0.0935943445469275
0.16,0.26,0.160755729581174,0.26184382270846,0.000755729581174328,0.00184382270846012,0.00199268898227875,0.00588176621425173,-0.00572286805093192,-0.0677541530813562,0.0682493384887356
0.16,0.275,0.16069688779546,0.276182197875125,0.000696887795459969,0.00118219787512525,0.00137231352664459,0.0258493449261012,0.00296335208537259,-0.0332940068448525,0.0422547164405144
0.16,0.29,0.160450457067172,0.290439859512773,0.000450457067172463,0.000439859512772922,0.000629593488167127,0.0408106711596317,0.0134413239525651,0.00969820312845883,0.0440481022179026
0.16,0.305,0.160053439058213,0.30466272029359,5.34390582133948e-05,-0.000337279706410287,0.000341486944551244,0.0449455364372148,0.0238565219791084,0.056755517422647,0.0762261405343174
0.16,0.32,0.159587484210582,0.318905549805529,-0.000412515789418116,-0.00109445019447107,0.00116961126221366,0.0314076802524475,0.0309434180096334,0.10045933892026,0.109708796146975
0.16,0.335,0.159185680458531,0.333230891408018,-0.000814319541469016,-0.00176910859198171,0.0019475270282699,-0.00755323240174939,0.0295748927856233,0.130121830943853,0.133654122984354
0.16,0.35,0.159038030548397,0.347707583439352,-0.000961969451603456,-0.00229241656064827,0.00248607299035099,-0.0804037248878713,0.0122821823300067,0.131623333969142,0.154726622054892
0.18,0.05,0.18002642930492,0.0478147778558269,2.64293049197228e-05,-0.0021852221441731,0.00218538196376355,-0.000125903247340975,0.0202108434309871,-0.0744645731985905,0.0771587169712743
0.18,0.065,0.180158508462825,0.0630556316048468,0.000158508462824669,-0.00194436839515316,0.0019508186458145,0.0953209922865735,0.068076818215817,-0.15166598756417,0.191632854088329
0.18,0.08,0.179932899511234,0.0785128211828805,-6.71004887664584e-05,-0.00148717881711946,0.00148869181151827,0.149312454932257,0.088586926030233,-0.184818321849252,0.253573992564908
0.18,0.095,0.179550017977893,0.0941108978539346,-0.00044998202210661,-0.000889102146065357,0.000996487052779501,0.172541675591227,0.0921811661384671,-0.190716590816754,0.2732049718486
0.18,0.11,0.179157269863507,0.109780401226905,-0.000842730136493344,-0.000219598773095464,0.000870871806926326,0.174444555549014,0.0861866653779512,-0.181834704052805,0.266313783977489
0.18,0.125,0.178853527870456,0.125459180462614,-0.00114647212954376,0.000459180462614062,0.00123500811376568,0.163069294749115,0.075554439679686,-0.166781380440666,0.24518602906141
0.18,0.14,0.178694620847133,0.141093521595842,-0.00130537915286714,0.0010935215958417,0.00170288115067151,0.145019783406294,0.0634763910495038,-0.1508538544195,0.218670833069322
0.18,0.155,0.178699759763921,0.15663892068439,-0.00130024023607932,0.00163892068438998,0.00209205298241725,0.125465726813113,0.0518997909807243,-0.136644807119102,0.19263196820553
0.18,0.17,0.178858600439189,0.172060454267352,-0.0011413995608109,0.00206045426735207,0.00235547548178042,0.108204804234825,0.0419454565750467,-0.124660943449955,0.170317565650162
0.18,0.185,0.179138565626959,0.187332814244927,-0.000861434373041307,0.0023328142449266,0.00248678336016419,0.0957546588314179,0.034230619544235,-0.113920259618994,0.152704058090208
0.18,0.2,0.179492121627828,0.202440160133456,-0.000507878372171618,0.0024401601334561,0.00249245299209999,0.0894488778538516,0.0290964507489778,-0.10250924788267,0.139125341358283
0.18,0.215,0.179863881228606,0.217375970629954,-0.00013611877139396,0.00237597062995371,0.00237986654128512,0.0895134426660536,0.0267411896151344,-0.0880977070824164,0.128409347532606
0.18,0.23,0.180197601445495,0.232143039145996,0.000197601445495015,0.00214303914599551,0.00215212990140718,0.0951084295376832,0.0272612123526287,-0.0684224825006892,0.120293094128382
0.18,0.245,0.180443272471613,0.246753666886802,0.000443272471613014,0.0017536668868024,0.00180882227815701,0.104331973867025,0.0306035162555277,-0.0417579296091262,0.116470877624422
0.18,0.26,0.180564494407861,0.261229993912409,0.000564494407860619,0.00122999391240869,0.00135334362268729,0.114196387417642,0.0364342524528703,-0.00738804610933012,0.120095204553673
0.18,0.275,0.180546207327444,0.275604313183518,0.000546207327443607,0.000604313183518446,0.000814577723932644,0.120596332228814,0.0439296064813268,0.0339158654397426,0.132753830401088
0.18,0.29,0.180402631824405,0.28991916921102,0.000402631824404906,-8.08307889803017e-05,0.000410665316858876,0.118293565907016,0.0514975684149038,0.0794236996284663,0.151504140947542
0.18,0.305,0.180185081619661,0.304227068398173,0.000185081619661298,-0.000772931601827009,0.000794782024859216,0.100941204019523,0.0564412065726576,0.124007840156348,0.169566216781972
0.18,0.32,0.179989217413589,0.318589716082633,-1.07825864110733e-05,-0.00141028391736725,0.00141032513689377,0.0611638550573679,0.0545745986776948,0.159773770228753,0.179574742196156
0.18,0.335,0.179961378201507,0.333076819534186,-3.86217984932047e-05,-0.00192318046581375,0.00192356823310389,-0.00929892384429088,0.0398003150665437,0.175799335390404,0.180488139018362
0.18,0.35,0.180303854883205,0.347764620870211,0.000303854883204641,-0.00223537912978877,0.00225593609039408,-0.119386303145652,0.00365193528451631,0.158018644258989,0.19808169280321
0.2,0.05,0.198248907101188,0.0483529889743757,-0.00175109289881198,-0.00164701102562426,0.0024039491797452,-0.0480879272428813,-0.00157982319463895,-0.0585263113123945,0.0757645995174681
0.2,0.065,0.198948631833095,0.0632992589374072,-0.00105136816690474,-0.00170074106259283,0.00199947372685164,0.0915350580325232,0.0722073397196139,-0.1600933345068,0.198046665120896
0.2,0.08,0.19917027618706,0.0785162708548819,-0.000829723812940414,-0.00148372914511807,0.00169996875907564,0.18278880189452,0.111681456267081,-0.211155859661701,0.300784804498797
0.2,0.095,0.199125492783558,0.0939221164887591,-0.000874507216442472,-0.00107788351124088,0.00138801863655174,0.236855494583684,0.128582192625226,-0.228542820424694,0.353364007972066
0.2,0.11,0.198974028133339,0.109441170517872,-0.00102597186666067,-0.000558829482127876,0.0011682930545349,0.263695336144766,0.131428143553784,-0.225074769606583,0.370766393894599
0.2,0.125,0.198828131890786,0.125005338223353,-0.00117186810921391,5.33822335324619e-06,0.00117188026778385,0.271895160255131,0.126247093877239,-0.209953930140046,0.365986905652177
0.2,0.14,0.198757729570624,0.140555237838538,-0.00124227042937577,0.00055523783853817,0.00136070749136102,0.268589728561091,0.117178692381906,-0.189251107939416,0.348837563897407
0.2,0.155,0.19879641199816,0.15604114740758,-0.00120358800184031,0.00104114740758021,0.00159141823619215,0.259445651436124,0.106970959587975,-0.166449091007682,0.326282729925246
0.2,0.17,0.198948088830357,0.171423637150854,-0.00105191116964326,0.0014236371508537,0.00177010164852504,0.24869383744778,0.0973811281603114,-0.143007193062734,0.302957059693157
0.2,0.185,0.199194055350613,0.18667390515884,-0.000805944649386523,0.00167390515883964,0.00185782271992371,0.239191672721123,0.089484868016497,-0.118919242836937,0.281712875286276
0.2,0.2,0.199500237803118,0.201773909462796,-0.0004997621968822,0.00177390946279599,0.00184296419814105,0.232493980327541,0.0838952433044456,-0.0932480912081349,0.264172657333122
0.2,0.215,0.199824481536484,0.216716420566779,-0.000175518463516194,0.00171642056677862,0.001725371349332,0.228914054997774,0.0808924663275184,-0.0646315606879052,0.251242065476553
0.2,0.23,0.2001238689764,0.231505096502803,0.000123868976400272,0.00150509650280345,0.00151018509000242,0.227562804979926,0.0804664307834153,-0.0317644457154238,0.24345173212803
0.2,0.245,0.200362136042207,0.246154617175936,0.000362136042207084,0.00115461717593646,0.00121007575631978,0.226363767900171,0.0822753959436922,0.00613434545370736,0.240930512648491
0.2,0.26,0.20051725345861,0.260690831584259,0.000517253458609812,0.000690831584258755,0.000863017623373517,0.222051930374626,0.0855257971516848,0.0488625094489331,0.242918412195346
0.2,0.275,0.200589150909407,0.275150803124998,0.000589150909406963,0.000150803124997767,0.0006081450292193,0.210172195853929,0.088779900529086,0.094783814061283,0.247059281614236
0.2,0.29,0.200607427162116,0.289582612387295,0.000607427162116148,-0.000417387612704601,0.000737007582400427,0.18509705857001,0.0896996207237818,0.14039823102694,0.249035547587181
0.2,0.305,0.200638774129406,0.304044806478313,0.000638774129406161,-0.000955193521686604,0.00114909836492385,0.140081999380222,0.0847356419754431,0.179955295456638,0.243283975752789
0.2,0.32,0.200793812709951,0.318605462894144,0.000793812709950575,-0.00139453710585641,0.0016046408813468,0.0673723333294318,0.0687702153456871,0.205140540916849,0.226607771891144
0.2,0.335,0.20123313157521,0.333340941774507,0.00123313157520982,-0.00165905822549339,0.0020671448128655,-0.0416311389167842,0.0347191001970204,0.204867510436064,0.211918181562463
0.2,0.35,0.202172536518882,0.348334503973157,0.00217253651888211,-0.00166549602684285,0.00273747912162005,-0.196145567857494,-0.0269066393357993,0.165206758528172,0.257857395318755
