target_x,target_y,gaze_x,gaze_y,error_px_x,error_px_y,error_px_xy,error_deg_x,error_deg_y,error_deg_z,error_deg_xyz
-0.2,0.05,-0.200850495336931,0.0505912318163214,-0.000850495336930768,0.000591231816321425,0.00103580759737111,0.0763828640642661,-0.0117071906457106,-0.0592507295955279,0.0973758259259712
-0.2,0.065,-0.200470191464816,0.0658564914794448,-0.000470191464816277,0.000856491479444749,0.000977065846270112,-0.0395963722294266,0.0465723129659872,-0.131898270039706,0.145375438110947
-0.2,0.08,-0.200454346074736,0.0808451076363232,-0.000454346074735573,0.000845107636323159,0.000959498448461142,-0.114707117266579,0.0767962289649423,-0.162783269292354,0.213433429838906
-0.2,0.095,-0.200617384906969,0.0956363109967643,-0.000617384906969193,0.000636310996764297,0.000886597884024394,-0.158541463455152,0.0887832144942391,-0.166065590855488,0.246161996431075
-0.2,0.11,-0.200821692490181,0.110302554036197,-0.000821692490180687,0.000302554036197174,0.000875624059307725,-0.179653189404881,0.0896980225723291,-0.152576783209515,0.252191953028771
-0.2,0.125,-0.20097383544589,0.124908371883586,-0.00097383544589047,-9.1628116413861e-05,0.000978136589332104,-0.185443842495447,0.0846363368282463,-0.130165412683951,0.241859152713328
-0.2,0.14,-0.201019784475872,0.139509373645386,-0.00101978447587231,-0.000490626354613798,0.00113166894323021,-0.182105697275844,0.0771114350048483,-0.104109592396726,0.223489438109953
-0.2,0.155,-0.200939203349922,0.154151507073047,-0.00093920334992182,-0.00084849292695343,0.00126571844404448,-0.174612808938319,0.0694569211665032,-0.0775655005865091,0.2032986649908
-0.2,0.17,-0.200739051858378,0.168870648986711,-0.000739051858378262,-0.00112935101328888,0.00134967824335617,-0.166748153310168,0.0631526598789903,-0.0520253024580147,0.185741399237187
-0.2,0.185,-0.200446818521954,0.183692481505545,-0.000446818521953593,-0.00130751849445544,0.00138175663736557,-0.161151338845157,0.0590768992796172,-0.0277646649453693,0.173869876221495
-0.2,0.2,-0.20010365551897,0.198632545881396,-0.000103655518970486,-0.00136745411860396,0.00137137713015056,-0.159369668337828,0.0576856931436024,-0.00426918834897521,0.169542258224033
-0.2,0.215,-0.199757567813059,0.213696341755489,0.000242432186940717,-0.00130365824451128,0.00132600836488579,-0.1618966957407,0.0591201376180491,0.019360843713086,0.173437585320205
-0.2,0.23,-0.199456672220428,0.228879366144503,0.000543327779572257,-0.001120633855497,0.00124540166779276,-0.1681870760684,0.0632417772852182,0.044019303000079,0.18499768571455
-0.2,0.245,-0.199242453693048,0.244167052592451,0.000757546306952427,-0.000832947407548766,0.00112591198187046,-0.176643626323785,0.0695963629759189,0.0702035090459511,0.202423318228083
-0.2,0.26,-0.199142945539311,0.259534652017822,0.000857054460688594,-0.000465347982177788,0.000975238992813124,-0.184580545974421,0.0773059088228904,0.0976108223906587,0.222652456813054
-0.2,0.275,-0.199165847921733,0.274947162839622,0.000834152078267161,-5.28371603785299e-05,0.000835823818274097,-0.188173836961018,0.0848887969428499,0.124714380852864,0.241183049670681
-0.2,0.29,-0.199291734675564,0.29035944423047,0.000708265324435547,0.000359444230469602,0.000794254319859625,-0.182414576863088,0.0900074665219889,0.148318443616716,0.251743688211688
-0.2,0.305,-0.199467619005187,0.30571662201162,0.000532380994812898,0.000716622011620392,0.000892735476598095,-0.161082033276013,0.0891425548521775,0.163103778244589,0.245960874756017
-0.2,0.32,-0.199601192608019,0.320954827938623,0.000398807391981448,0.000954827938623296,0.00103476747546232,-0.116751902677968,0.0771903951856211,0.161182558037338,0.213469514486146
-0.2,0.335,-0.199555984985024,0.336002220148189,0.000444015014975735,0.0010022201481889,0.00109617268665101,-0.0408514947466008,0.0469765366778585,0.131688912416635,0.145662694961957
-0.2,0.35,-0.199147512152128,0.350780141312416,0.000852487847871758,0.000780141312416403,0.00115557604600814,0.0762294590959613,-0.0113292447641655,0.0604358478253255,0.0979376141049883
-0.18,0.05,-0.179407930533083,0.0515011228174929,0.000592069466916839,0.00150112281749294,0.001613665382554,0.0471618621076303,0.00639648143077678,-0.0803513359765764,0.093388946538196
-0.18,0.065,-0.179550753380438,0.0664557349220011,0.000449246619561805,0.00145573492200113,0.00152347848305164,-0.0297575085337079,0.0415308145479776,-0.130275136747776,0.139935481063594
-0.18,0.08,-0.179936515886914,0.0811924615104373,6.34841130860153e-05,0.00119246151043728,0.0011941501942757,-0.0718148059817307,0.0547105337163955,-0.144279409450522,0.170197468101462
-0.18,0.095,-0.180393055759981,0.0957830443497706,-0.000393055759980887,0.000783044349770556,0.000876157111574029,-0.0881239491559615,0.0545927541265046,-0.136326177778652,0.171263095278776
-0.18,0.11,-0.180796689045122,0.110292868446364,-0.000796689045122354,0.000292868446363656,0.000848814091243441,-0.0867418745783787,0.047288252554252,-0.116829377211139,0.153001467073258
-0.18,0.125,-0.181068351034766,0.124779782620747,-0.00106835103476553,-0.000220217379253054,0.00109081145373968,-0.0745727309496873,0.036950364789284,-0.093053005931568,0.124841057915019
-0.18,0.14,-0.181168523800164,0.13929316022399,-0.00116852380016401,-0.000706839776010243,0.00136567578161874,-0.0573296145478897,0.026271058410949,-0.0695753396902643,0.0939019865643402
-0.18,0.155,-0.181091147071889,0.153873329500666,-0.00109114707188852,-0.00112667049933433,0.0015684349991508,-0.039546957814799,0.0168951599526315,-0.0487846428265894,0.065033453944633
-0.18,0.17,-0.180856896345995,0.168551396645649,-0.000856896345995402,-0.00144860335435133,0.00168306952501024,-0.0246311529683346,0.00975697914998101,-0.0313752839481246,0.041064593683545
-0.18,0.185,-0.180506255481058,0.183349378705197,-0.00050625548105836,-0.00165062129480255,0.00172651245896381,-0.0149316924636413,0.00534057597790192,-0.0168207958541236,0.0231174473502686
-0.18,0.2,-0.180092711560195,0.198280488738969,-9.27115601945291e-05,-0.00171951126103098,0.00172200882988621,-0.01181242038891,0.00386433128058234,-0.00381201965210018,0.0129999164025064
-0.18,0.215,-0.179676207501305,0.213349395095998,0.000323792498694901,-0.00165060490400196,0.0016820636525787,-0.0157038148886894,0.00539077609649466,0.00933822352870955,0.0190492176059124
-0.18,0.23,-0.17931678570729,0.228552316611878,0.000683214292709705,-0.00144768338812219,0.00160080259932565,-0.0261227400600487,0.00986270352792696,0.0243108404107599,0.0370227967243099
-0.18,0.245,-0.179068228366119,0.243876902456866,0.000931771633880592,-0.00112309754313378,0.0014592965665339,-0.0416547276586751,0.0170660577437976,0.0423966687052619,0.0618372424266304
-0.18,0.26,-0.178971499550789,0.259301949952838,0.00102850044921102,-0.000698050047162196,0.00124301530254877,-0.0599036070179231,0.0265192701894366,0.0640932723510402,0.0916496763598822
-0.18,0.275,-0.179047921209501,0.274797100525087,0.000952078790498787,-0.000202899474912907,0.00097345889499124,-0.0774218878933433,0.0372881558315429,0.0886691795806281,0.123477870888584
-0.18,0.29,-0.179292216787957,0.290322693668584,0.00070778321204297,0.000322693668583923,0.000777874205121892,-0.0896407648674571,0.0477254943489603,0.113693980263331,0.152445152088534
-0.18,0.305,-0.17966574848816,0.305829937859544,0.000334251511839578,0.000829937859544494,0.000894718348907823,-0.0908198951752363,0.0551346332460501,0.134545886313116,0.17143715639671
-0.18,0.32,-0.18009037409632,0.321261482006923,-9.03740963199839e-05,0.00126148200692271,0.00126471511854464,-0.074034409446244,0.0553557638333556,0.143919820938038,0.171050550890984
-0.18,0.335,-0.180443306753039,0.336552364394558,-0.000443306753039358,0.00155236439455797,0.00161442128664783,-0.0312113650983174,0.042270420605327,0.131366626900459,0.141485471357754
-0.18,0.35,-0.18055317477814,0.351631208773856,-0.00055317477814032,0.00163120877385556,0.00172245301795838,0.0467775914549189,0.00721291700225216,0.0828973953534998,0.0954575795741327
-0.16,0.05,-0.158514957471128,0.0518692920551025,0.00148504252887197,0.00186929205510254,0.00238738436365574,0.0463393149728197,0.00813985319962052,-0.0795690819581507,0.0924382495404254
-0.16,0.065,-0.159075470282284,0.0666097464695754,0.000924529717716449,0.00160974646957543,0.00185635096230519,0.00148755394633331,0.0263704825343634,-0.109682510967882,0.112817873098065
-0.16,0.08,-0.159772109545457,0.0811815446270279,0.000227890454542828,0.00118154462702792,0.00120332113956761,-0.0141971166329294,0.0279311584743407,-0.109641722517533,0.114030782442857
-0.16,0.095,-0.160444766704928,0.0956488809224623,-0.000444766704927879,0.00064888092246225,0.000786679015449035,-0.00919801303658403,0.0203743997204542,-0.0931511788439717,0.0957959491235733
-0.16,0.11,-0.160982515895041,0.110069913052381,-0.00098251589504085,6.99130523805908e-05,0.000985000161878715,0.00905224928572242,0.00880104208550421,-0.0701627642984951,0.0712896605979231
-0.16,0.125,-0.161319517609705,0.124495602325209,-0.00131951760970457,-0.000504397674790782,0.00141263715675853,0.0342529480493276,-0.00354224565490957,-0.0473267492035563,0.0585289111885942
-0.16,0.14,-0.161429514788356,0.138968888719364,-0.00142951478835554,-0.0010311112806357,0.00176258418328923,0.0612570251769099,-0.0147537694339638,-0.0285098266495494,0.0691585688413116
-0.16,0.155,-0.161319261427575,0.153524315331186,-0.00131926142757541,-0.00147568466881411,0.00197941808521124,0.0860389018255547,-0.0238491817022029,-0.0153405222869927,0.0905914423575491
-0.16,0.17,-0.161021418897126,0.168188096700545,-0.00102141889712637,-0.00181190329945534,0.00207997358877078,0.105621472910852,-0.0304143010303282,-0.0077447034101091,0.110185795004622
-0.16,0.185,-0.160587467223041,0.182978508726118,-0.000587467223040584,-0.00202149127388183,0.00210512344258654,0.117982364758008,-0.0343384255873577,-0.00444286136424163,0.122958166397926
-0.16,0.2,-0.160081013634053,0.197906398815844,-8.10136340534233e-05,-0.00209360118415636,0.00209516804271243,0.121963109832963,-0.0356270080312593,-0.00339563957710398,0.127105550056298
-0.16,0.215,-0.15957160623678,0.212975598362121,0.000428393763219889,-0.00202440163787902,0.00206923251661406,0.117203535732699,-0.0342912358791457,-0.00220146373614163,0.122136848401261
-0.16,0.23,-0.159128884029802,0.228183071679693,0.000871115970197789,-0.00181692832030718,0.00201496192387546,0.104117262928988,-0.0303119972278581,0.00153452910722954,0.108450817918935
-0.16,0.245,-0.158816722818281,0.243518740213323,0.00118327718171856,-0.00148125978667681,0.00189585744305885,0.0839140932112255,-0.0236771143465029,0.00983209469819672,0.087743104419996
-0.16,0.26,-0.158687036299673,0.25896504526433,0.00131296370032666,-0.0010349547356705,0.00167182684009507,0.0586636125782021,-0.014492763765406,0.0239398423798339,0.0649967395258836
-0.16,0.275,-0.158773062678441,0.274496417078011,0.00122693732155915,-0.000503582921988988,0.00132626202175653,0.0313842641875203,-0.00317143271967456,0.0438923030549996,0.0540514986799741
-0.16,0.29,-0.159082243381608,0.290078869993085,0.000917756618392232,7.88699930850401e-05,0.000921139341474448,0.00613581187009567,0.00930124235854923,0.0680161082386766,0.0689228035513298
-0.16,0.305,-0.159589074776012,0.305669926433792,0.000410925223987724,0.000669926433791643,0.000785914096070397,-0.0119081867709581,0.0210196408686021,0.0923985269311416,0.0955045554162062
-0.16,0.32,-0.160228479003728,0.321218992783587,-0.000228479003728022,0.00121899278358717,0.00124022016657614,-0.0164277002185582,0.0287312757557569,0.110346248244716,0.11520266713382
-0.16,0.335,-0.160890228506169,0.336668192601178,-0.000890228506168628,0.00166819260117823,0.00189086576673782,2.37589856665909e-05,0.0273285278773654,0.111871109405866,0.115160751063551
-0.16,0.35,-0.161414764421964,0.351953541536639,-0.00141476442196414,0.00195354153663936,0.00241202879440334,0.0459410799421349,0.00925190818358813,0.0832418317377189,0.095526882581261
-0.14,0.05,-0.138023036329355,0.0518960399594183,0.00197696367064498,0.00189603995941828,0.00273922486896585,0.0606021927381174,0.00134283484930884,-0.0617414496758002,0.0865241989366867
-0.14,0.065,-0.138913089741177,0.0665048718620157,0.00108691025882257,0.00150487186201567,0.00185634404995956,0.0406421683446532,0.00798552097108722,-0.07495761295258,0.0856399410172742
-0.14,0.08,-0.139846328843778,0.0809859350773108,0.000153671156221669,0.000985935077310804,0.000997839065644538,0.0445604325868037,0.00246839522115128,-0.0635550663399565,0.0776593362622684
-0.14,0.095,-0.140673552276174,0.0953957292664581,-0.000673552276173772,0.000395729266458145,0.000781200563920925,0.0646403108743806,-0.00869287369685618,-0.0409374285208365,0.0770052582031432
-0.14,0.11,-0.141295538344113,0.109785026326493,-0.0012955383441129,-0.00021497367350698,0.00131325293883847,0.0941841107822204,-0.0213507984999057,-0.0165664579941429,0.0979844538273456
-0.14,0.125,-0.141658587316277,0.124197779699817,-0.00165858731627704,-0.00080222030018319,0.00184240855831194,0.127582047468247,-0.0331152346845867,0.00353379471928769,0.131857093038308
-0.14,0.14,-0.141748480648342,0.138670440626497,-0.00174848064834231,-0.00132955937350333,0.00219656839303904,0.16031979046287,-0.0428279907248058,0.0162029267651284,0.166731000286908
-0.14,0.155,-0.141583352161537,0.153231779777762,-0.00158335216153696,-0.00176822022223827,0.0023735220289216,0.188929060187695,-0.0501210650138055,0.0205466957953764,0.196541383752196
-0.14,0.17,-0.14120616759729,0.167903183183839,-0.00120616759728983,-0.00209681681616129,0.00241898347106563,0.210895163451078,-0.0550605000983814,0.0173611140589778,0.218654739129361
-0.14,0.185,-0.140677484516239,0.182699268228381,-0.000677484516239103,-0.00230073177161931,0.00239840612796963,0.224543664147265,-0.0578764815532565,0.00861243523429669,0.232042650955475
-0.14,0.2,-0.140068926902843,0.197628585122749,-6.89269028426706e-05,-0.00237141487725089,0.00237241637112508,0.228932659855782,-0.0587769086830768,-0.00301136373439373,0.236376892489398
-0.14,0.215,-0.139457445070261,0.2126941571105,0.000542554929738627,-0.00230584288949995,0.00236881347573868,0.223775702320264,-0.0578392223458233,-0.0144842557469865,0.231583262064627
-0.14,0.23,-0.138920074958388,0.227893674093902,0.00107992504161242,-0.00210632590609755,0.00236703335806643,0.2094132263577,-0.0549755204352816,-0.022787363266711,0.217705140430327
-0.14,0.245,-0.138528692414649,0.243219271576167,0.00147130758535109,-0.0017807284238327,0.00230992201819831,0.186838973866022,-0.0499688674724455,-0.02525358655457,0.195047353852675
-0.14,0.26,-0.138344257977658,0.258656964959187,0.00165574202234212,-0.00134303504081332,0.00213195327467606,0.157775013628918,-0.0425826604258414,-0.0199495655317195,0.16463365909924
-0.14,0.275,-0.138410265819822,0.274185926439924,0.00158973418017791,-0.000814073560075831,0.00178604885846957,0.124777636702652,-0.0327478174911457,-0.0061213912090337,0.129148583678903
-0.14,0.29,-0.138745466854491,0.289777853041665,0.00125453314550936,-0.000222146958334515,0.00127404971813461,0.091349308187601,-0.020832862249926,0.0152891417858883,0.0949339990376278
-0.14,0.305,-0.139336299512285,0.305396661864625,0.000663700487714664,0.000396661864625267,0.000773200473512967,0.062030494262814,-0.00799963558950407,0.0410730406762415,0.0748249413856919
-0.14,0.32,-0.140129699431679,0.320998667631461,-0.000129699431678648,0.000998667631460809,0.0010070546066154,0.0424494680663305,0.00335590056446191,0.0651611980885106,0.0778408766446746
-0.14,0.335,-0.141026983994918,0.336533273571345,-0.00102698399491763,0.00153327357134542,0.00184543327443809,0.0393164492396752,0.00907952363195847,0.0780544166230927,0.0878675958350606
-0.14,0.35,-0.141879306589369,0.351944076188396,-0.00187930658936938,0.00194407618839552,0.00270392778807676,0.0603577815840882,0.00264909157824268,0.0663221431638182,0.0897145907983487
-0.12,0.05,-0.117810011002215,0.0517255603677498,0.00218998899778544,0.0017255603677498,0.00278811950840887,0.078935790687468,-0.00854095912700986,-0.0320803193811877,0.08563267653743
-0.12,0.065,-0.118956072299031,0.0662721769032572,0.00104392770096931,0.00127217690325716,0.00164566677004552,0.0768386618317592,-0.00916309682356282,-0.0312304790857145,0.0834475065571956
-0.12,0.08,-0.120065687208617,0.0807244972186262,-6.56872086174376e-05,0.000724497218626233,0.000727468919729976,0.0938063504872528,-0.0181685210308031,-0.0109211054968576,0.0961717175923435
-0.12,0.095,-0.120999485697826,0.095131159578821,-0.000999485697826208,0.000131159578820969,0.00100805480767448,0.123008625958565,-0.029996915609063,0.0157706126302893,0.127591755054108
-0.12,0.11,-0.121668892287384,0.109535450273848,-0.00166889228738368,-0.000464549726151509,0.00173234174312004,0.158575115459882,-0.0413817406013114,0.0398823381632275,0.168668720100595
-0.12,0.125,-0.122031219872919,0.123974320698659,-0.0020312198729187,-0.00102567930134068,0.00227549383680522,0.195653385195255,-0.0507220317116587,0.056009304411497,0.20973808176741
-0.12,0.14,-0.122083025445275,0.138477854037213,-0.00208302544527536,-0.00152214596278689,0.00257990762193011,0.230404870333563,-0.0575388571008948,0.0616728681018898,0.245358429667445
-0.12,0.155,-0.121852383283162,0.153069262869142,-0.00185238328316237,-0.00193073713085844,0.00267564379098094,0.25994232911581,-0.062019985118083,0.0566695144894348,0.273181383460436
-0.12,0.17,-0.1213909366377,0.167765366500007,-0.0013909366376996,-0.00223463349999313,0.00263216481425207,0.282223193352805,-0.0646576116901105,0.0424542966192082,0.292631322765143
-0.12,0.185,-0.120766524232661,0.182577373160656,-0.000766524232661065,-0.00242262683934374,0.00254099984296837,0.295922392119081,-0.0659794870570521,0.021599873682016,0.303957441259038
-0.12,0.2,-0.120056863620172,0.197511714203537,-5.68636201722957e-05,-0.00248828579646258,0.00248893545038366,0.300312921203936,-0.0663677767715146,-0.00265087341805563,0.307570783295504
-0.12,0.215,-0.119344317652432,0.212570669762859,0.000655682347567538,-0.00242933023714101,0.00251626007042183,0.295180926441485,-0.0659564088854409,-0.0267484348282786,0.30364077749036
-0.12,0.23,-0.118711332334166,0.227752592079421,0.0012886676658339,-0.00224740792057881,0.00259065758340352,0.280794380781873,-0.0645985479320646,-0.0471508692914201,0.29196206191645
-0.12,0.245,-0.118235868667152,0.243051655543873,0.00176413133284828,-0.00194834445612713,0.00262834652952352,0.257932273943606,-0.0619007832676663,-0.060637394178611,0.272098874735685
-0.12,0.26,-0.1179861510809,0.258457206122412,0.00201384891909959,-0.00154279387758842,0.00253688793952017,0.227967467635607,-0.0573271839583523,-0.0646701506644019,0.243798872822716
-0.12,0.275,-0.118014320944446,0.273952905692755,0.00198567905555365,-0.00104709430724485,0.00224484471621736,0.192984268842093,-0.0503813447805899,-0.0578385798379153,0.207669344039394
-0.12,0.29,-0.118349021452634,0.289515933608867,0.00165097854736648,-0.000484066391133436,0.00172047971068807,0.155904175596491,-0.0408754977167931,-0.0403963361813619,0.16615896487062
-0.12,0.305,-0.11898739592377,0.305116499864903,0.00101260407623024,0.000116499864902808,0.00101928368657625,0.120591817647915,-0.0292922886117797,-0.0148730930546105,0.124986558262916
-0.12,0.32,-0.119887295602386,0.320717845677735,0.000112704397614322,0.000717845677735335,0.000726639317877108,0.0919178298686543,-0.0172389650836264,0.0132793794586404,0.0944585269027757
-0.12,0.335,-0.120960557794275,0.336276782799781,-0.000960557794274564,0.00127678279978123,0.00159776268386729,0.0757645383090844,-0.00798937927246211,0.0350601277182135,0.0838648272955985
-0.12,0.35,-0.122068009729996,0.351744689221549,-0.00206800972999618,0.00174468922154876,0.0027056616054391,0.0789709143702752,-0.00711065187005999,0.0373647455170626,0.0876532508975335
-0.1,0.05,-0.0977769227306443,0.0514569605252948,0.00222307726935572,0.00145696052529479,0.00265797037564254,0.0930735483061744,-0.0181296419378067,0.00412298508216052,0.0949124353157645
-0.1,0.065,-0.099117933263884,0.0659983596835698,0.000882066736116044,0.000998359683569788,0.00133220260649046,0.102266139752585,-0.0227112086017609,0.0163565436028891,0.106026893109543
-0.1,0.08,-0.10035577105305,0.0804723362501547,-0.000355771053050097,0.000472336250154692,0.000591332880363143,0.126226149106751,-0.0325917368976841,0.0434053554752005,0.137401950364652
-0.1,0.095,-0.101359780298082,0.0949195246520756,-0.00135978029808242,-8.0475347924408e-05,0.001362159587081,0.159112893398389,-0.0430679142788648,0.0725246138990219,0.180087768621898
-0.1,0.11,-0.102050872902768,0.109375710578281,-0.00205087290276783,-0.000624289421719465,0.0021437856575176,0.195956535760113,-0.0516634505358134,0.0952389068936024,0.223916478241284
-0.1,0.125,-0.102396129589748,0.123870984511631,-0.00239612958974793,-0.00112901548836912,0.00264879462847593,0.232706058765743,-0.0574808546551879,0.106733200370482,0.262389509744919
-0.1,0.14,-0.102401530183408,0.138429352315331,-0.00240153018340795,-0.00157064768466883,0.00286954375662317,0.266216718943797,-0.0606392097341762,0.105164491100069,0.292588809477498
-0.1,0.155,-0.102103627002029,0.153068867170917,-0.00210362700202932,-0.001931132829083,0.00285561211778297,0.294180094328518,-0.0618069820491824,0.0909577141796753,0.314063024986797
-0.1,0.17,-0.101561182302761,0.167802219050307,-0.00156118230276094,-0.00219778094969326,0.00269583591586888,0.315010998977081,-0.0618371447645765,0.0661495888557669,0.327767940830435
-0.1,0.185,-0.100847684142523,0.1826376006376,-0.000847684142522689,-0.00236239936239957,0.00250988030649876,0.327714992036476,-0.0615037926038616,0.033828888913612,0.335148543947354
-0.1,0.2,-0.100045264490367,0.197579596724859,-4.52644903665747e-05,-0.00242040327514119,0.00242082648870222,0.331764985849093,-0.0613305885171932,-0.00230638152247042,0.337394569110632
-0.1,0.215,-0.0992399976640904,0.212629840439282,0.00076000233590956,-0.00237015956071825,0.0024890279013808,0.327013899696994,-0.061496706878668,-0.0382880281576628,0.334942126549277
-0.1,0.23,-0.098518040848684,0.227787246894757,0.00148195915131596,-0.00221275310524251,0.00266317089780763,0.313662539582916,-0.0618077793572518,-0.0701558048677981,0.327301876867287
-0.1,0.245,-0.0979617675167839,0.243047755066762,0.00203823248321615,-0.00195224493323788,0.00282234865581672,0.292289645975131,-0.0617268451822828,-0.0942349091622892,0.313247351267704
-0.1,0.26,-0.0976450448302816,0.258403648476361,0.00235495516971837,-0.00159635152363892,0.00284502232652181,0.263937225534013,-0.0604700189087955,-0.107473085605058,0.291324782991257
-0.1,0.275,-0.0976271174646644,0.273842645571254,0.00237288253533563,-0.00115735442874626,0.00264008348357385,0.230232109937367,-0.0571791061512982,-0.10788025343123,0.260604184138397
-0.1,0.29,-0.0979450767999368,0.2893470180809,0.00205492320006323,-0.00065298191910021,0.0021561759540515,0.193517012219693,-0.0511852973180169,-0.0950839243629113,0.221607271032879
-0.1,0.305,-0.0986054400334042,0.30489299181434,0.00139455996659582,-0.000107008185659646,0.0013986594482682,0.156962874303311,-0.0423735088923662,-0.0709802959879193,0.177400918051876
-0.1,0.32,-0.0995757540976774,0.320450612078574,0.000424245902322595,0.000450612078573859,0.000618898885920929,0.124639092915331,-0.0316482746132583,-0.0404331352267211,0.134801200203273
-0.1,0.335,-0.10077724550174,0.335984137736874,-0.000777245501740076,0.000984137736873752,0.00125404850588571,0.101527605889169,-0.0214941790576236,-0.0119575625120476,0.104464543344714
-0.1,0.35,-0.10207932990904,0.35145289882341,-0.00207932990903967,0.00145289882340974,0.00253663711667481,0.0934778497630567,-0.0166222401691677,0.0016739867474972,0.0949589993678814
-0.08,0.05,-0.0778453586109227,0.0511536920268493,0.00215464138907731,0.00115369202684926,0.00244407135909338,0.0977086361565428,-0.0257196691611021,0.0417937854706596,0.109339851344637
-0.08,0.065,-0.0793308674471461,0.0657352451753801,0.000669132552853918,0.000735245175380095,0.000994144778796584,0.112344003680242,-0.0319462279496691,0.0629263172500209,0.132670516352397
-0.08,0.08,-0.0806590729671809,0.0802704735139661,-0.000659072967180901,0.000270473513966057,0.000712413572179661,0.13797282875297,-0.0410362639366419,0.0948720382395593,0.17239838310062
-0.08,0.095,-0.0817067952472928,0.0947919100085241,-0.00170679524729284,-0.000208089991475868,0.00171943347086587,0.169829734558814,-0.0490259858971666,0.125202962675294,0.216613766374612
-0.08,0.11,-0.0824031074014241,0.109327907661998,-0.00240310740142406,-0.000672092338001806,0.00249532228250778,0.203899561966754,-0.0541193276136001,0.145893577895108,0.25649362357305
-0.08,0.125,-0.0827234461699919,0.123901948831127,-0.00272344616999194,-0.00109805116887315,0.00293647329466956,0.236955508448855,-0.0560189689957994,0.15266367519706,0.287388950305513
-0.08,0.14,-0.0826817427209575,0.138532381143812,-0.00268174272095754,-0.00146761885618821,0.00305706544392624,0.26654176579904,-0.0553464287614709,0.144236364174114,0.308078070487462
-0.08,0.155,-0.0823215347532936,0.153232628190338,-0.0023215347532936,-0.00176737180966174,0.00291772629359524,0.290903304070916,-0.0531654844202574,0.121583958182713,0.319740872045186
-0.08,0.17,-0.0817072272895706,0.168011807679398,-0.00170722728957062,-0.00198819232060179,0.00262059797030269,0.308876122687526,-0.0506180953955194,0.0872351147591212,0.324925989950171
-0.08,0.185,-0.0809165224002206,0.18287558570951,-0.000916522400220582,-0.00212441429048998,0.00231368740061058,0.319760230310217,-0.0486701519017318,0.0446989693486554,0.326517495658565
-0.08,0.2,-0.0800345763056095,0.197827033696537,-3.45763056094791e-05,-0.00217296630346286,0.00217324137566324,0.323202054698502,-0.0479526943590199,-0.00197081929323895,0.326746388703996
-0.08,0.215,-0.0791498140548952,0.212867253849733,0.000850185945104755,-0.00213274615026654,0.00229595781379589,0.319111473306224,-0.0486786061954962,-0.0484885688716355,0.326424828430274
-0.08,0.23,-0.07835074475036,0.227995601514615,0.00164925524963998,-0.002004398485385,0.00259569955246726,0.307631344486901,-0.0506177838356471,-0.0905768608759201,0.32465928894623
-0.08,0.245,-0.0777227686371331,0.243209441738089,0.00227723136286694,-0.00179055826191132,0.00289687444831903,0.289166007962054,-0.0531240775415056,-0.124206155287278,0.319165443301404
-0.08,0.26,-0.0773439678871105,0.258503503674811,0.00265603211288948,-0.00149649632518881,0.00304860752410076,0.264462336411946,-0.0552204040938819,-0.145905250776825,0.307047534173771
-0.08,0.275,-0.0772792251284788,0.273869005710671,0.00272077487152123,-0.00113099428932889,0.00294648332491394,0.234725568235282,-0.055758738857258,-0.15319387627202,0.285786043046552
-0.08,0.29,-0.0775726015175755,0.289292786783066,0.00242739848242447,-0.000707213216933955,0.0025283223541872,0.201744943989807,-0.0536747509751434,-0.145154018284917,0.254267175324104
-0.08,0.305,-0.0782385342943939,0.304756678793257,0.00176146570560609,-0.00024332120674328,0.0017781919586134,0.168002729136302,-0.0483513244862476,-0.123117474070608,0.213824070349061
-0.08,0.32,-0.0792528752507922,0.32023729256984,0.00074712474920785,0.000237292569840397,0.000783902515993126,0.136744674320772,-0.0400937165272884,-0.0914145444375498,0.169302249983706
-0.08,0.335,-0.0805449382082932,0.335706285082407,-0.000544938208293183,0.00070628508240736,0.00089207413844868,0.111998831559922,-0.0307074705086278,-0.0581113534424959,0.129860015528289
-0.08,0.35,-0.0819915165575018,0.35113105917632,-0.00199151655750179,0.0011310591763202,0.00229029104245332,0.0985401996720948,-0.024165316026985,-0.0356640230356151,0.107545615361021
-0.06,0.05,-0.0579550929220112,0.0508517297672476,0.00204490707798882,0.000851729767247622,0.00221519492461148,0.0904590008491194,-0.0308278637715085,0.0763528925312887,0.122323169930267
-0.06,0.065,-0.0595434830056956,0.0655080737531792,0.000456516994304351,0.000508073753179211,0.0006830422422942,0.105635842981245,-0.0372924976252557,0.104122033939327,0.152941405588467
-0.06,0.08,-0.0609327822458613,0.0801343262599189,-0.000932782245861269,0.000134326259918882,0.000942404510970628,0.128524407133615,-0.0447888452910674,0.139456669472059,0.194866013339234
-0.06,0.095,-0.062005881600678,0.0947548679360319,-0.00200588160067802,-0.000245132063968062,0.00202080447463971,0.155502572979478,-0.0499553252341807,0.170207682595341,0.235896838776628
-0.06,0.11,-0.0626984886669695,0.109390745829214,-0.00269848866696952,-0.000609254170785972,0.00276641134511537,0.183546525082607,-0.0515474858106259,0.18873652957659,0.268268669880546
-0.06,0.125,-0.0629927963607602,0.124059149923124,-0.00299279636076019,-0.00094085007687561,0.0031372008102983,0.210259062224569,-0.0497497692263001,0.191216305259408,0.288526886278168
-0.06,0.14,-0.0629090874641657,0.138773248882627,-0.00290908746416574,-0.00122675111737305,0.00315716774627866,0.233851338625363,-0.0455803591721593,0.176842815543769,0.296711300554773
-0.06,0.155,-0.0624963626431127,0.153542418632084,-0.00249636264311274,-0.00145758136791649,0.00289073864090584,0.253080225303672,-0.0404079361828841,0.147036732961636,0.295469788746679
-0.06,0.17,-0.0618232838134963,0.168372802564618,-0.00182328381349631,-0.00162719743538225,0.00244379527748791,0.267152654546752,-0.0355908583321724,0.104719066792236,0.289142716326423
-0.06,0.185,-0.0609705413608883,0.183268057649127,-0.000970541360888321,-0.00173194235087321,0.00198533998094613,0.27561590696733,-0.0322339009984949,0.0537222482487039,0.282647120128266
-0.06,0.2,-0.0600252304620323,0.198230091465035,-2.52304620323415e-05,-0.0017699085349655,0.00177008835891266,0.278256511641078,-0.0310434230406994,-0.00163809727501741,0.279987892146099
-0.06,0.215,-0.0590771235284618,0.213259596300175,0.000922876471538204,-0.001740403699825,0.00196995076590339,0.275029073066366,-0.0322554019304316,-0.0568501870431552,0.282689773186678
-0.06,0.23,-0.0582160789626643,0.228356238808986,0.0017839210373357,-0.00164376119101375,0.00242576279148062,0.266030123534246,-0.0356149915533814,-0.10741073166591,0.289098074790074
-0.06,0.245,-0.0575294409246984,0.243518453627442,0.00247055907530156,-0.00148154637255843,0.00288073632923875,0.251522448042985,-0.0403992561057539,-0.149028880757502,0.295136310316551
-0.06,0.26,-0.057098285376992,0.258742893127284,0.00290171462300805,-0.00125710687271635,0.00316231963008318,0.232004477923038,-0.0454911051751532,-0.17791113574488,0.295885256837407
-0.06,0.275,-0.0569917541027958,0.274023675607087,0.00300824589720416,-0.000976324392913203,0.00316271287002836,0.208309762636678,-0.0495254679173605,-0.191186071399276,0.287050545077124
-0.06,0.29,-0.0572593658046508,0.289351626881603,0.00274063419534919,-0.000648373118396689,0.00281628540694595,0.181715398441526,-0.0511330076644674,-0.187488543098636,0.26605854900145
-0.06,0.305,-0.0579218916991003,0.304713711480468,0.00207810830089969,-0.000286288519531747,0.00209773573804802,0.154037012884637,-0.0493003788946218,-0.167678741725577,0.23296816069731
-0.06,0.32,-0.0589619059512509,0.320092800269395,0.00103809404874905,9.28002693953989e-05,0.00104223372812822,0.127691631207186,-0.0438519654578402,-0.13563451604862,0.191376340102767
-0.06,0.335,-0.0603153039967253,0.335467836204706,-0.000315303996725302,0.000467836204705668,0.00056416958867379,0.105717289434831,-0.0360428972473846,-0.0990356513623238,0.149275947737742
-0.06,0.35,-0.0618648766006311,0.350814364299428,-0.00186487660063109,0.000814364299427578,0.00203493340130913,0.0917473126067926,-0.0292450521424295,-0.0700599947566973,0.119085055388273
-0.04,0.05,-0.0380619529184195,0.050566664360363,0.00193804708158046,0.000566664360362984,0.00201919166691232,0.0715977957383599,-0.0337149293689382,0.103961092279606,0.130655489449175
-0.04,0.065,-0.0397186384376236,0.0653226505006973,0.000281361562376431,0.000322650500697325,0.000428097739287584,0.0835225841643526,-0.0397801019884352,0.136323529558573,0.164750119861612
-0.04,0.08,-0.04114658093732,0.0800609578034373,-0.00114658093732001,6.09578034373448e-05,0.00114820020015045,0.100296934382555,-0.0456047817385037,0.173850955824116,0.20582388481973
-0.04,0.095,-0.0422331606048181,0.0947977995940883,-0.00223316060481807,-0.000202200405911679,0.00224229598649738,0.119492044643418,-0.0482738024021478,0.204613811934968,0.241817302045197
-0.04,0.11,-0.0429189927452284,0.10954706480669,-0.00291899274522842,-0.000452935193310133,0.00295392432808205,0.139097619601742,-0.0469495886586446,0.221272694803021,0.265544993059872
-0.04,0.125,-0.0431912454819026,0.124319967382285,-0.00319124548190262,-0.000680032617714654,0.00326289627277972,0.157540246895596,-0.0421683907755064,0.220347056652618,0.274135133301736
-0.04,0.14,-0.0430748336104403,0.139124955324382,-0.00307483361044029,-0.000875044675618497,0.00319692116202786,0.173667948892029,-0.035233517933938,0.201389649781139,0.268253387200749
-0.04,0.155,-0.042622673699213,0.153967900503874,-0.00262267369921297,-0.00103209949612573,0.00281844756957557,0.186702596158892,-0.0277279542136473,0.166154583543166,0.251464005361289
-0.04,0.17,-0.0419063871210817,0.168852522780895,-0.00190638712108165,-0.00114747721910452,0.00222508782383749,0.196168574377466,-0.0211577214746384,0.117848342695358,0.229821803677843
-0.04,0.185,-0.0410086258697597,0.183780942414919,-0.00100862586975972,-0.00121905758508103,0.00158222234243236,0.201811596544047,-0.0167190673033892,0.0605313076771857,0.211356423075467
-0.04,0.2,-0.0400176252318508,0.198754220502707,-1.76252318507903e-05,-0.00124577949729315,0.00124590417154522,0.203524181000139,-0.0151662166923802,-0.00130345614384162,0.204092747106395
-0.04,0.215,-0.0390238359755603,0.213772748811956,0.000976164024439702,-0.00122725118804373,0.00156813318349082,0.201293267534087,-0.0167494369833159,-0.0629960885693436,0.211584690476365
-0.04,0.23,-0.0381177969157266,0.228836388112076,0.00188220308427335,-0.00116361188792447,0.00221284456665335,0.195180893571391,-0.0211984371056239,-0.119895340520868,0.230043297491908
-0.04,0.245,-0.0373879978539329,0.243944318210773,0.00261200214606708,-0.00105568178922655,0.00281727159698237,0.185341874363486,-0.0277413935428709,-0.16753325010442,0.251373599559719
-0.04,0.26,-0.036917483481192,0.259094636659361,0.00308251651880796,-0.000905363340638954,0.00321272327897951,0.172074588814206,-0.0351689774754053,-0.201888839273823,0.267592516100744
-0.04,0.275,-0.0367783608660245,0.274283807489727,0.00322163913397548,-0.000716192510272606,0.00330028641504535,0.155894044355376,-0.0419680389201417,-0.219805717424341,0.272725068897472
-0.04,0.29,-0.0370240655807877,0.289506099295171,0.00297593441921232,-0.000493900704829353,0.00301664110786873,0.137611922142816,-0.046554928020817,-0.219585754063899,0.263291526289362
-0.04,0.305,-0.037679993190136,0.304753153925617,0.00232000680986405,-0.000246846074382551,0.00233310192281727,0.118407323706481,-0.0476315744937958,-0.201732525066204,0.238715636892889
-0.04,0.32,-0.0387336732738046,0.320013792723307,0.00126632672619542,1.37927233068713e-05,0.00126640183855403,0.0998745795762052,-0.0446713234407392,-0.169777762587721,0.201977696047571
-0.04,0.335,-0.0401258743104915,0.335274107333137,-0.000125874310491547,0.000274107333137208,0.000301627538731653,0.0840399259072139,-0.0385235000564092,-0.131102425542789,0.160420173290759
-0.04,0.35,-0.0417438250149207,0.350517813930302,-0.00174382501492068,0.000517813930302202,0.00181908134757029,0.0733454630359821,-0.0321148879555556,-0.0976655124876396,0.126291257667415
-0.02,0.05,-0.0181359603272368,0.0502998226030447,0.00186403967276322,0.000299822603044703,0.00188799827725867,0.0435801692335701,-0.0349424687115536,0.121716487786557,0.133922062540934
-0.02,0.065,-0.0198314915615178,0.065171407217021,0.000168508438482151,0.000171407217020997,0.000240365404928779,0.0496744163426936,-0.0405553349962766,0.156814835492528,0.169420177022378
-0.02,0.08,-0.0212806032986085,0.0800350878657737,-0.00128060329860846,3.50878657737475e-05,0.00128108390308029,0.0580635366711094,-0.0451768429801156,0.195594402085862,0.208972581860349
-0.02,0.095,-0.0223734294551677,0.0948989143909015,-0.00237342945516766,-0.00010108560909855,0.00237558112448813,0.0675445032405797,-0.0461674333317907,0.226268031747519,0.240605484316671
-0.02,0.11,-0.0230535977248195,0.109769745512892,-0.00305359772481947,-0.000230254487108283,0.00306226651254527,0.0771319465136706,-0.0429393532303576,0.241686752194041,0.257304727281595
-0.02,0.125,-0.0233113210969385,0.124653073142488,-0.00331132109693855,-0.000346926857511559,0.00332944524680811,0.0860664881500434,-0.0362429864153567,0.238588207385822,0.256213654089562
-0.02,0.14,-0.023174330153444,0.139552983104665,-0.00317433015344402,-0.000447016895334801,0.00320565064031917,0.0938050296660522,-0.0275529679123105,0.216747990527789,0.237777884114367
-0.02,0.155,-0.0226978926913924,0.154472262513315,-0.00269789269139241,-0.000527737486684637,0.00274902379566289,0.0999941049120814,-0.0185787323775094,0.178126164250001,0.205116955998443
-0.02,0.17,-0.0219553668128624,0.169412628876214,-0.00195536681286244,-0.000587371123785874,0.00204168171121292,0.10443090121528,-0.0109113141555876,0.126102930053791,0.164093989163321
-0.02,0.185,-0.0210305033424745,0.184375024949663,-0.00103050334247451,-0.000624975050337262,0.0012052099204683,0.107019374422877,-0.00579802466907534,0.0648743704291976,0.125281498171682
-0.02,0.2,-0.0200121128615512,0.199359905735516,-1.21128615512473e-05,-0.000640094264483748,0.000640208863450007,0.107730175518504,-0.00401895665666139,-0.000963874024698617,0.107809439344784
-0.02,0.215,-0.0189909277662113,0.214367445023859,0.00100907223378867,-0.000632554976141203,0.0011909460822574,0.106572491325466,-0.0058319372343367,-0.0666685271914393,0.125842783988946
-0.02,0.23,-0.0180577701816415,0.229397608635827,0.00194222981835846,-0.000602391364173421,0.0020335024029864,0.103583496837834,-0.0109585480501071,-0.127504910942573,0.164642496215578
-0.02,0.245,-0.0173017098481591,0.244450075064329,0.00269829015184092,-0.000549924935670604,0.00275375873641719,0.0988374689290805,-0.0186006060450802,-0.178902430807958,0.205233897289134
-0.02,0.26,-0.0168068968079934,0.259524022669512,0.00319310319200659,-0.000475977330487598,0.00322838387028879,0.0924725581265686,-0.0274973699177891,-0.216704258407268,0.237208969773982
-0.02,0.275,-0.0166471814190737,0.274617836318257,0.00335281858092631,-0.000382163681743153,0.00337452833981999,0.0847296089436065,-0.0360505244550791,-0.237580004150679,0.254800141905225
-0.02,0.29,-0.0168783547232666,0.289728806403287,0.00312164527673339,-0.000271193596713321,0.00313340313407806,0.0759950721594414,-0.0425500450359015,-0.239625154105128,0.254962897449081
-0.02,0.305,-0.0175286272541254,0.304852894463017,0.00247137274587458,-0.000147105536983216,0.00247574701616761,0.0668394962977387,-0.0455268548613165,-0.223119932753874,0.237324245914726
-0.02,0.32,-0.0185885648231267,0.319984622036062,0.00141143517687334,-1.53779639379958e-05,0.00141151894790341,0.0580443827413811,-0.0442407365087462,-0.19137747259831,0.204821324152818
-0.02,0.335,-0.0200019293726441,0.335117108268541,-1.92937264409387e-06,0.000117108268541166,0.000117124160784655,0.0506129718322117,-0.0392920376362002,-0.151588315176889,0.164573913670013
-0.02,0.35,-0.0216586722626804,0.350242246187327,-0.00165867226268043,0.000242246187327128,0.00167626874046495,0.0457639325367968,-0.0333331209795438,-0.115569951796395,0.128692871589122
0,0.05,0.00184013565746169,0.0500435600087453,0.00184013565746169,4.35600087452803e-05,0.00184065116527381,0.0104111379904663,-0.0350136937928382,0.127797607807389,0.132915714012593
0,0.065,0.000132073570945024,0.0650384998691498,0.000132073570945024,3.84998691497773e-05,0.000137570593030343,0.00937290045158195,-0.0404870141431781,0.163900447407803,0.169087039679286
0,0.08,-0.00132376644271842,0.0800339690501713,-0.00132376644271842,3.39690501713341e-05,0.00132420220934604,0.00823896382526205,-0.0447130480527244,0.203160493925623,0.20818590530687
0,0.095,-0.00241843219476565,0.0950298604203845,-0.00241843219476565,2.98604203844977e-05,0.00241861653128075,0.00704736520131542,-0.0451473150612554,0.23384401122758,0.238266759778175
0,0.11,-0.0030965562820353,0.11002607610231,-0.0030965562820353,2.60761023100908e-05,0.00309666607352552,0.00584169908661648,-0.0412872179890068,0.248869858683688,0.252339194939709
0,0.125,-0.00334936815284831,0.125022527151769,-0.00334936815284831,2.25271517686754e-05,0.00334944390845425,0.00466935573836459,-0.0339553644966687,0.245051622242853,0.247437188758973
0,0.14,-0.0032055354486787,0.14001913377146,-0.0032055354486787,1.91337714599837e-05,0.00320559255270317,0.00357916159491843,-0.0246835723761618,0.222241559420233,0.223636900739538
0,0.155,-0.00272110225869032,0.155015826522003,-0.00272110225869032,1.58265220030207e-05,0.00272114828354654,0.00261890998085306,-0.0152229925602975,0.182470148096287,0.183122859536246
0,0.17,-0.00196999067626963,0.170012548657848,-0.00196999067626963,1.25486578476108e-05,0.00197003064275738,0.00183313766765728,-0.00719232282715559,0.129176785461525,0.129389871776194
0,0.185,-0.00103629549236411,0.185009259291683,-0.00103629549236411,9.25929168316131e-06,0.00103633685738598,0.00126133711150793,-0.00185523562109526,0.0666037309787024,0.066641506226158
0,0.2,-8.99089944934661e-06,0.200005936661323,-8.99089944934661e-06,5.93666132348014e-06,1.07740531174654e-05,0.000936619258864032,-1.09932373954637e-08,-0.000618446614852179,0.00112237792740734
0,0.215,0.00102112801291428,0.215002580610108,0.00102112801291428,2.58061010766086e-06,0.00102113127378745,0.000884740527805839,-0.00188692442311223,-0.0677179669532757,0.0677500319631492
0,0.23,0.00196317544887085,0.22999921341742,0.00196317544887085,-7.86582580264428e-07,0.00196317560645028,0.00112338812774395,-0.0072351846155904,-0.129931489770518,0.130137654855799
0,0.245,0.00272791515598406,0.244995878545955,0.00272791515598406,-4.12145404474207e-06,0.00272791826941919,0.00166169268777255,-0.0152385067735325,-0.182653009100873,0.183295181874561
0,0.26,0.00323084864173953,0.259992637316183,0.00323084864173953,-7.3626838166807e-06,0.00323085703102801,0.00250004484712971,-0.02461989146937,-0.221678704476286,0.223055822918743
0,0.275,0.0033975560931669,0.274989564063259,0.0033975560931669,-1.04359367406326e-05,0.00339757212064603,0.00363039736878449,-0.0337534845372617,-0.243617861394772,0.245972016323737
0,0.29,0.003171464797402,0.289986740617599,0.003171464797402,-1.32593824008487e-05,0.00317149251494967,0.00503725927467626,-0.0408877007599146,-0.246494205102741,0.249913325426615
0,0.305,0.00252342336209121,0.304984250974202,0.00252342336209121,-1.57490257976511e-05,0.0025234725075105,0.0066995250640573,-0.0444964956555187,-0.230509942087486,0.234861091705905
0,0.32,0.00146184918356404,0.319982176857336,0.00146184918356404,-1.78231426643527e-05,0.00146195783109544,0.00859311821328594,-0.0437677677593815,-0.198901244885942,0.203841134758259
0,0.335,4.19805892930836e-05,0.334980594459649,4.19805892930836e-05,-1.94055403505977e-05,4.6248728346769e-05,0.0106942304835127,-0.0392172967679896,-0.158790622225529,0.163911082488749
0,0.35,-0.00162703503306397,0.349979572314571,-0.00162703503306397,-2.04276854288421e-05,0.00162716326444197,0.0129827436906281,-0.0334034014800369,-0.121943352155267,0.12710045878673
0.02,0.05,0.0218718060802482,0.0497859385503314,0.0018718060802482,-0.000214061449668568,0.00188400645070242,-0.0230938278041279,-0.0341388913042223,0.121550065328064,0.12834801927848
0.02,0.065,0.0201764747887252,0.0649041733482575,0.000176474788725178,-9.58266517425421e-05,0.000200813590774586,-0.0312632001094662,-0.0399112889849839,0.156973196327191,0.164957272743397
0.02,0.08,0.0187273288509946,0.0800313884833592,-0.00127267114900545,3.13884833591516e-05,0.0012730581645779,-0.0419153413438311,-0.0446655156542298,0.196003636854391,0.205351832057747
0.02,0.095,0.0176342837909043,0.095159319291307,-0.0023657162090957,0.000159319291306997,0.00237107482348422,-0.0537727085761894,-0.0457684404044664,0.226868114446939,0.237603612316021
0.02,0.11,0.0169537492689887,0.110280911171177,-0.00304625073101134,0.000280911171177178,0.00305917547752319,-0.065764040625949,-0.0426355061557525,0.242426003012667,0.254780629807765
0.02,0.125,0.0166955421842754,0.125390494559548,-0.00330445781572462,0.000390494559547927,0.00332745059421475,-0.077036194149507,-0.0360183866760336,0.239419770746779,0.254074461125418
0.02,0.14,0.0168319582867769,0.140483824547496,-0.00316804171322307,0.000483824547495876,0.00320477370331838,-0.0869491506055733,-0.0273920624666257,0.217628032449428,0.23595024701136
0.02,0.155,0.0173077555360076,0.155557975775454,-0.00269224446399244,0.000557975775453551,0.00274945762285781,-0.0950543386240919,-0.0184659945635369,0.179013400967445,0.203524351189785
0.02,0.17,0.0180496029266525,0.170611117836022,-0.00195039707334747,0.000611117836021552,0.00204389670806184,-0.101060156458332,-0.0108312607679116,0.12695904605052,0.162631757560616
0.02,0.185,0.0189737788324072,0.18564222651724,-0.0010262211675928,0.000642226517239913,0.00121061339174058,-0.104791729712854,-0.0057353523422345,0.0656648896599475,0.123798564532168
0.02,0.2,0.0199915036627767,0.20065080314523,-8.49633722330283e-06,0.000650803145229722,0.000650858603374889,-0.106153574978787,-0.00395866939473021,-0.000268636711632978,0.106227717388067
0.02,0.215,0.0210120765974733,0.215636672824062,0.00101207659747326,0.000636672824062073,0.00119568027668446,-0.105103433074102,-0.00575942072555907,-0.0660926932636144,0.124290597921383
0.02,0.23,0.0219447058566386,0.230599912779559,0.0019447058566386,0.000599912779558925,0.00203513542839846,-0.101643156844019,-0.0108596036524079,-0.127066573289739,0.163080330905277
0.02,0.245,0.0227003489155449,0.245540929240363,0.00270034891554487,0.000540929240362836,0.00275399504515964,-0.0958287835386499,-0.0184614770928722,-0.17861349243429,0.203535758865086
0.02,0.26,0.0231948784266624,0.260460663771526,0.0031948784266624,0.000460663771525677,0.00322791872133563,-0.0877976212136826,-0.0273047736014801,-0.216570481119685,0.235280309489828
0.02,0.275,0.023354461988239,0.275360877238079,0.00335446198823902,0.000360877238079454,0.00337381795767115,-0.0778064045416033,-0.0357916550619364,-0.237601096370566,0.252565364704737
0.02,0.29,0.0231233233415703,0.290244440124528,0.00312332334157034,0.000244440124527567,0.00313287402722758,-0.0662721672753876,-0.042212458336355,-0.239794718634876,0.252340051921147
0.02,0.305,0.0224732672492929,0.30511555669519,0.00247326724929292,0.0001155566951897,0.00247596531401959,-0.0538070440959613,-0.0450980930438797,-0.223425090365551,0.234196249670475
0.02,0.32,0.0214137494973492,0.319979867633914,0.00141374949734924,-2.01323660863062e-05,0.00141389283661084,-0.0412398456177495,-0.0437075242279144,-0.191798004544885,0.200991513538876
0.02,0.335,0.0200010435401034,0.334844406244832,1.04354010338481e-06,-0.000155593755168465,0.000155597254549595,-0.0296204057706233,-0.0386388703003427,-0.152095196784247,0.159697514486773
0.02,0.35,0.0183452557684126,0.349717418117691,-0.0016547442315874,-0.000282581882308619,0.00167869919645566,-0.0202064930172662,-0.0325400630699893,-0.116123165424198,0.122277362126157
0.04,0.05,0.0419530744934267,0.04951507360849,0.00195307449342666,-0.00048492639150996,0.00201237510967928,-0.0521022794693992,-0.0321523266281086,0.103517019091287,0.120267194967835
0.04,0.065,0.0402967938937873,0.0647487277771356,0.000296793893787284,-0.000251272222864363,0.000388875745415699,-0.0660988201272309,-0.0385417261479402,0.136537978020683,0.156515664881312
0.04,0.08,0.0388687861849714,0.0800011904839261,-0.00113121381502862,1.1904839260779e-06,0.0011312144414582,-0.0851220998861746,-0.0446354955904535,0.174575381087024,0.19928548134862
0.04,0.095,0.0377817718855943,0.0952560317874454,-0.00221822811440572,0.000256031787445377,0.00223295504740298,-0.106673464588231,-0.0475318705762482,0.205728015226387,0.236564161527716
0.04,0.11,0.037095211742007,0.110499166377518,-0.00290478825799305,0.000499166377518401,0.00294736524649035,-0.128660630667303,-0.0464000739919011,0.222673698253028,0.261323973312858
0.04,0.125,0.0368219983204194,0.125719203264138,-0.00317800167958061,0.000719203264137769,0.00325836584971111,-0.149419497388811,-0.0417792061751661,0.221941957472417,0.270795231227968
0.04,0.14,0.0369372699994771,0.140907536769925,-0.00306273000052286,0.000907536769924777,0.0031943603498773,-0.167703419212659,-0.0349734095167827,0.203091872091123,0.265695335306552
0.04,0.155,0.03738816189051,0.156058158585054,-0.00261183810949002,0.00105815858505393,0.00281804859810964,-0.182640670264072,-0.0275657574285582,0.16788277213367,0.249604104789565
0.04,0.17,0.0381031066559527,0.171167237584422,-0.00189689334404732,0.00116723758442169,0.00222725120657227,-0.193667764324987,-0.0210623233882656,0.119527039939924,0.228555478935007
0.04,0.185,0.0389995102917255,0.186232572904964,-0.00100048970827448,0.00123257290496373,0.00158751869986274,-0.200452101737769,-0.0166596461221588,0.0620925586651786,0.210509203099081
0.04,0.2,0.0399891988521129,0.201253059237434,-1.08011478870889e-05,0.00125305923743407,0.00125310578855679,-0.20282036713015,-0.0151124988570917,8.17041052023673e-05,0.203382740305899
0.04,0.215,0.0409817839049692,0.216228301270992,0.000981783904969242,0.0012283012709921,0.00157245783675667,-0.200708259020734,-0.0166718710250991,-0.0618348579439315,0.21067832396327
0.04,0.23,0.0418867864498974,0.231158476747002,0.00188678644989742,0.00115847674700159,0.00221405317932065,-0.194142641339106,-0.0210682951359946,-0.11899414629257,0.228680813622215
0.04,0.245,0.0426157703359269,0.246044484070378,0.00261577033592694,0.00104448407037772,0.00281659394013197,-0.183260116555986,-0.0275308495767159,-0.166916113663088,0.249405904537686
0.04,0.26,0.0430857357728693,0.260888337647221,0.00308573577286927,0.000888337647221182,0.00321106042226483,-0.168357990527397,-0.0348511772619497,-0.201567729450226,0.264931485756487
0.04,0.275,0.0432246116637892,0.27569371065219,0.00322461166378925,0.000693710652190149,0.00329838670431588,-0.149966502148398,-0.0415170884177571,-0.219780655351685,0.269290345824788
0.04,0.29,0.0429789928268241,0.290466487411008,0.00297899282682405,0.000466487411008076,0.00301529580089552,-0.12892667808302,-0.0459456202324112,-0.219844624480859,0.258968842578494
0.04,0.305,0.0423235160350512,0.305215185714884,0.00232351603505124,0.000215185714884297,0.00233345916120906,-0.106457312391075,-0.0468385812520551,-0.202250242131349,0.233307196005046
0.04,0.32,0.0412706976239956,0.31995114322693,0.00127069762399559,-4.88567730700384e-05,0.00127163651878312,-0.0841975094817533,-0.0436675221097359,-0.170514480083148,0.195118676201277
0.04,0.335,0.0398798435511561,0.334688421376697,-0.000120156448843861,-0.000311578623303221,0.000333944322752009,-0.0642170442658749,-0.0372770842437591,-0.13200053259345,0.151451522759998
0.04,0.35,0.0382638450587093,0.349443447657707,-0.00173615494129073,-0.000556552342293404,0.00182317977442722,-0.0489937337439523,-0.0305849000057484,-0.0986451974694845,0.114309673133546
0.06,0.05,0.0620661981855268,0.0492234774714224,0.00206619818552684,-0.000776522528577572,0.00220729748318229,-0.0725595212418085,-0.0285899997378222,0.0754136832298996,0.108487323425546
0.06,0.065,0.0604784286938868,0.0645564812234559,0.000478428693886757,-0.000443518776544083,0.000652382495382385,-0.0898048139449851,-0.0355539498495101,0.104193092865397,0.142074624416247
0.06,0.08,0.0590890397559966,0.0799207955782934,-0.000910960244003389,-7.92044217066135e-05,0.000914397018024771,-0.11492047118838,-0.0434630324975094,0.140313292828916,0.186503621282452
0.06,0.095,0.0580152961372623,0.0952918198441312,-0.00198470386273775,0.000291819844131153,0.00200604293179255,-0.144222252441295,-0.0489771307323722,0.171669090129396,0.229497634759627
0.06,0.11,0.057321607794581,0.110648309374041,-0.00267839220541898,0.000648309374041089,0.0027557376236715,-0.174610886219439,-0.0508630149775306,0.190649061484443,0.263482817026602
0.06,0.125,0.0570258752139309,0.125972897759016,-0.00297412478606907,0.000972897759015851,0.00312920889245324,-0.203603711273726,-0.049310096964773,0.193442459623677,0.285142262573626
0.06,0.14,0.0571078967331063,0.141252260630905,-0.00289210326689371,0.00125226063090503,0.00315157389158051,-0.229321126856657,-0.0453381965579718,0.179255286522308,0.294578309091351
0.06,0.155,0.0575187496458739,0.156476888229753,-0.00248125035412607,0.00147688822975311,0.00288752526621569,-0.250429118645539,-0.0403162578664862,0.149516361248468,0.294440957046568
0.06,0.17,0.05818985273871,0.17164052823957,-0.00181014726129001,0.00164052823956953,0.00244294208125793,-0.266048478597828,-0.0356026670770257,0.107155467855996,0.28901870922564
0.06,0.185,0.059040601556083,0.186739444140595,-0.000959398443916987,0.00173944414059451,0.00198648213997482,-0.275649209572574,-0.0323024983392729,0.0560158910050663,0.283132268226455
0.06,0.2,0.0599839913223562,0.201771682920001,-1.60086776437658e-05,0.00177168292000135,0.00177175524460474,-0.278952617352638,-0.0311227881409611,0.000426583504958306,0.280684039807136
0.06,0.215,0.0609303411061155,0.216736544548671,0.000930341106115496,0.00173654454867098,0.00197005622844808,-0.275862442969841,-0.0323005019839771,-0.0550852260426204,0.283157121018862
0.06,0.23,0.0617898800883989,0.231634393386608,0.00178988008839887,0.00163439338660801,0.0024238218732066,-0.266440247516028,-0.0355820034698861,-0.105999427194816,0.288950757032496
0.06,0.245,0.0624753427225009,0.24646686249381,0.00247534272250093,0.00146686249380987,0.00287732639260554,-0.250930541307768,-0.0402457369095899,-0.148007741993441,0.29409579645234
0.06,0.26,0.062905719346705,0.261237398852085,0.00290571934670501,0.00123739885208488,0.00315822115136936,-0.229830155408903,-0.0451761058937563,-0.177299150462153,0.29376514204728
0.06,0.275,0.0630119224687843,0.275952008127139,0.00301192246878429,0.000952008127139192,0.00315879667470173,-0.203986627142057,-0.0490094684903709,-0.190984679500533,0.283703691039733
0.06,0.29,0.0627444812256574,0.290620005397062,0.00274448122565736,0.000620005397062195,0.00281364245958366,-0.174704219675544,-0.0503774058836986,-0.187681156116257,0.261311657068607
0.06,0.305,0.0620826774413833,0.305254576915205,0.00208267744138335,0.000254576915204641,0.00209817890814921,-0.143835028677855,-0.0482661384748159,-0.168229293286,0.226537629482564
0.06,0.32,0.0610440127474664,0.319873006927761,0.00104401274746643,-0.000126993072238679,0.00105170806656079,-0.113836624697389,-0.0424969489187634,-0.136484590450196,0.182737077592998
0.06,0.335,0.0596927125515772,0.334496508007465,-0.000307287448422844,-0.000503491992535493,0.000589855713294008,-0.0877855404260005,-0.0343173726780414,-0.100099807118018,0.137491685688326
0.06,0.35,0.0581461772104423,0.349149688521093,-0.0018538227895577,-0.000850311478907489,0.00203953145262468,-0.0693452696204861,-0.027084833729798,-0.0712189605997182,0.103026685120458
0.08,0.05,0.0821807333237777,0.0489127266592512,0.00218073332377774,-0.00108727334074882,0.00243675217183402,-0.0819316743077187,-0.0229194883290216,0.0400451101995379,0.0940303942066527
0.08,0.065,0.0806960786654696,0.0643201235427305,0.000696078665469585,-0.000679876457269468,0.00097301464823054,-0.0986359398705048,-0.0298362646036054,0.0625668817239388,0.120556506959471
0.08,0.08,0.0793677693606891,0.0797751908895365,-0.000632230639310866,-0.000224809110463464,0.000671010221554635,-0.126465054043907,-0.0394935875558091,0.0955985330486529,0.163377632979425
0.08,0.095,0.0783192019499976,0.0952451699175151,-0.00168079805000243,0.000245169917515053,0.00169858481488159,-0.160602249812454,-0.0479588272809185,0.126773148466417,0.210153782842398
0.08,0.11,0.077621466820506,0.110701507413312,-0.00237853317949405,0.000701507413311875,0.00247982514240129,-0.196966095814589,-0.053452813086701,0.148103690556307,0.252165921418639
0.08,0.125,0.0772992564440729,0.126120544608818,-0.00270074355592714,0.00112054460881844,0.00292397605585854,-0.232251821891435,-0.0556861958133862,0.155333391036729,0.284904353769131
0.08,0.14,0.0773387505395253,0.141483780074431,-0.00266124946047475,0.00148378007443106,0.00304694141725038,-0.263918635979012,-0.0552834744484395,0.147200258986729,0.307209132861829
0.08,0.155,0.0776965163140292,0.156777659180708,-0.00230348368597079,0.00177765918070755,0.00290965792736662,-0.290124784970936,-0.0533091165077023,0.12468809093592,0.320252462591233
0.08,0.17,0.078308255739493,0.171992957732919,-0.00169174426050698,0.00199295773291852,0.0026141689249469,-0.309622931373007,-0.0509051270248914,0.0903371829792043,0.326525323337273
0.08,0.185,0.0790963793610243,0.187123930811492,-0.000903620638975724,0.00212393081149154,0.00230816211544726,-0.321637580650928,-0.0490376231020155,0.0476704915224473,0.328828518109047
0.08,0.2,0.0799758484729756,0.202167459336807,-2.41515270244074e-05,0.0021674593368074,0.00216759389023202,-0.325751008804718,-0.048338336703292,0.000758366983143607,0.32931928006103
0.08,0.215,0.0808583562960567,0.217122427255981,0.000858356296056684,0.00212242725598061,0.00228942634472252,-0.321822830600385,-0.0490213130943497,-0.0460942255844061,0.328782599435101
0.08,0.23,0.0816555066814292,0.231989500001206,0.00165550668142914,0.00198950000120612,0.00258820644985204,-0.309961141000104,-0.0508579997587539,-0.0885887896366757,0.326359781066855
0.08,0.245,0.0822820010330859,0.24677136636354,0.00228200103308588,0.00177136636354019,0.0028888176662584,-0.290551725174712,-0.0532040949464214,-0.122673770456604,0.319843868689197
0.08,0.26,0.0826598440518432,0.261473380371242,0.00265984405184318,0.00147338037124223,0.00304066112851916,-0.264338854812795,-0.0550845142025378,-0.14485557813455,0.306419151119917
0.08,0.275,0.0827242266430039,0.276104431164297,0.00272422664300392,0.00110443116429715,0.00293958823632208,-0.232539748598134,-0.0553530510377877,-0.152631192628123,0.283610895654564
0.08,0.29,0.082431156161285,0.290677806457004,0.00243115616128498,0.00067780645700416,0.0025238743775613,-0.196967551446444,-0.0529463288706817,-0.1450588571425,0.2502832429676
0.08,0.305,0.0817662749933979,0.305211815636145,0.00176627499339788,0.000211815636145474,0.00177893035727045,-0.160136369970923,-0.0472461375486637,-0.12344433701808,0.207640087716655
0.08,0.32,0.0807538456681995,0.319730000508892,0.000753845668199471,-0.000269999491107842,0.000800739044047185,-0.125326579759062,-0.0385528066299734,-0.092087738788663,0.160228707974589
0.08,0.335,0.0794647328557517,0.334260865946392,-0.000535267144248258,-0.000739134053607982,0.00091259523607931,-0.0965977759742222,-0.0286606762295801,-0.059018453666079,0.11677220250753
0.08,0.35,0.0780224190078629,0.348837178685229,-0.00197758099213713,-0.0011628213147708,0.00229411856505878,-0.078747541375872,-0.0215218361788829,-0.0366465343688328,0.0894837125615656
0.1,0.05,0.102252079013592,0.0485987370225537,0.00225207901359187,-0.0014012629774463,0.00265243243371487,-0.0798434985933961,-0.0148957446684874,0.00116655093185428,0.0812294861713017
0.1,0.065,0.10091218439959,0.0640457952659367,0.00091218439959026,-0.000954204734063269,0.0013200708516457,-0.0911146431154373,-0.0203800691339106,0.0152049286727823,0.0945960744224385
0.1,0.08,0.0996742444859324,0.0795617871977643,-0.000325755514067577,-0.00043821280223566,0.000546028492835915,-0.117247558983095,-0.0309971490892731,0.0436731266849993,0.128899815140267
0.1,0.095,0.0986692008355475,0.0951058433605221,-0.0013307991644525,0.000105843360522107,0.00133500158542007,-0.152363787338162,-0.0420867121171556,0.0739064644685323,0.174494137591116
0.1,0.11,0.0979763573302162,0.110641972846838,-0.00202364266978378,0.000641972846837813,0.00212303056761947,-0.191439046583891,-0.05119673103779,0.097481156932973,0.220845308228271
0.1,0.125,0.0976288027618542,0.126139907188466,-0.0023711972381458,0.00113990718846635,0.00263096270222661,-0.230354213336345,-0.0574419296697644,0.109614400976056,0.261492016082369
0.1,0.14,0.0976207007077175,0.141575487607793,-0.00237929929228255,0.00157548760779308,0.00285363388061009,-0.26588738633036,-0.0609465430878441,0.108483883557545,0.293563493720827
0.1,0.155,0.0979156318075703,0.156930531958084,-0.0020843681924297,0.00193053195808429,0.0028410463570307,-0.295649298000285,-0.0623806249998644,0.0945299493004233,0.31660072037727
0.1,0.17,0.098454966734094,0.17219224552256,-0.00154503326590598,0.00219224552256003,0.00268198960175848,-0.317975583747385,-0.0625974080865306,0.0698039041018219,0.331511385902555
0.1,0.185,0.0991653551563329,0.187352356576296,-0.000834644843667087,0.00235235657629573,0.00249603955840084,-0.33179906552418,-0.0623711607159865,0.0374109471514866,0.339677344664553
0.1,0.2,0.099964807242964,0.202406229045077,-3.51927570360048e-05,0.00240622904507659,0.00240648639047014,-0.336530209923172,-0.0622261836192617,0.00106843817196082,0.342237008402779
0.1,0.215,0.100767390786592,0.217352208008991,0.000767390786592173,0.00235220800899105,0.00247422131930598,-0.331972568181092,-0.0623429006242738,-0.0352332067172548,0.339608804075919
0.1,0.23,0.101487084089035,0.232191386698505,0.00148708408903526,0.00219138669850455,0.00264831923118126,-0.318292357252978,-0.0625287613373115,-0.067509353557089,0.331327163710019
0.1,0.245,0.102041636355661,0.246927863848889,0.002041636355661,0.00192786384888888,0.0028080131817015,-0.296049135083319,-0.0622490499216388,-0.0920594694921968,0.31622023076514
0.1,0.26,0.102357287489662,0.261569421073447,0.00235728748966216,0.00156942107344676,0.0028319404680707,-0.266280654992993,-0.0607222777905759,-0.105804734637232,0.292894880347003
0.1,0.275,0.102374887621933,0.276128429994569,0.00237488762193307,0.00112842999456902,0.00262934316312153,-0.230622773927539,-0.0570922607757828,-0.106727572323611,0.260455911060584
0.1,0.29,0.102057439659703,0.290622731628935,0.00205743965970308,0.00062273162893467,0.00214961685772017,-0.191437626316489,-0.0506908385720351,-0.0944262166984884,0.219395294158562
0.1,0.305,0.101398541144912,0.305076234068676,0.00139854114491189,7.62340686764618e-05,0.00140061735218383,-0.151921900383345,-0.0414006474399883,-0.0707641910563234,0.172632183286643
0.1,0.32,0.100430810010455,0.319519046376512,0.00043081001045514,-0.000480953623487934,0.000645688510858395,-0.116172032512844,-0.0301187328460887,-0.0405668748159682,0.126683689077125
0.1,0.335,0.0992332712098528,0.333987084321423,-0.00076672879014722,-0.00101291567857698,0.00127038230842045,-0.0891927473690378,-0.0193139110789326,-0.0123023717894338,0.0920854142669342
0.1,0.35,0.0979368879887566,0.348521212570774,-0.0020631120112434,-0.00147878742922564,0.00253835447323114,-0.0768466105470386,-0.0136691768109819,0.00131595974637206,0.0780639522390878
0.12,0.05,0.122219626170242,0.048317860126317,0.00221962617024177,-0.00168213987368304,0.00278501972888102,-0.0685588463805183,-0.00500215646968515,-0.0367116727056873,0.077929999584775
0.12,0.065,0.121074986047411,0.0637591235034842,0.00107498604741146,-0.00124087649651583,0.00164175804603928,-0.0685665078979471,-0.00676780199701684,-0.0335953601520213,0.0766538860653867
0.12,0.08,0.119965294723791,0.079296401493968,-3.47052762091904e-05,-0.000703598506032022,0.000704453911826209,-0.0876854260748522,-0.016698036646652,-0.0114917907170804,0.0899978960456253
0.12,0.095,0.119030288060761,0.0948808066478451,-0.000969711939239143,-0.000119193352154878,0.000977009877279066,-0.119063923472006,-0.0292902028581972,0.0166231420821248,0.123735478580303
0.12,0.11,0.118358818089732,0.110468838628153,-0.00164118191026835,0.000468838628152779,0.0017068355872316,-0.156791596264768,-0.0413115474115161,0.0418539097563586,0.167457512024324
0.12,0.125,0.117993787880797,0.126023363546581,-0.00200621211920349,0.00102336354658056,0.00225214564709054,-0.19596018522798,-0.0511792012918885,0.0588385124516215,0.210906912203586
0.12,0.14,0.117938820249996,0.141514143899066,-0.00206117975000447,0.00151414389906551,0.00255755619858212,-0.232664000747885,-0.0584227250395285,0.0651260983687315,0.248570427938557
0.12,0.155,0.118166003710592,0.156917838344409,-0.00183399628940787,0.00191783834440895,0.00265361005139171,-0.263942767736505,-0.0632331320271658,0.0605332732548792,0.27808028083592
0.12,0.17,0.118623853738057,0.172217522895319,-0.00137614626194255,0.00221752289531912,0.00260982496070579,-0.287680503515385,-0.0661035215555306,0.0465328672216574,0.298823121269262
0.12,0.185,0.119244692759184,0.187401908456688,-0.000755307240815694,0.00240190845668792,0.00251786680790258,-0.302483389552405,-0.0675619531297106,0.0257163192620424,0.311002226717945
0.12,0.2,0.119950967215439,0.202464507175098,-4.90327845608653e-05,0.00246450717509772,0.00246499489453222,-0.307564489271748,-0.067991211368313,0.00134789790933328,0.314993312023439
0.12,0.215,0.120660477008685,0.217403007662536,0.000660477008684768,0.00240300766253559,0.00249212273076708,-0.302661850346587,-0.0675265093955609,-0.0229985916528783,0.310955298524141
0.12,0.23,0.121290931305913,0.23221905236658,0.00129093130591268,0.00221905236657999,0.00256723529155581,-0.288008984923068,-0.0660229930748463,-0.0437544572612845,0.298701967889584
0.12,0.245,0.121764511264197,0.246918487887696,0.00176451126419673,0.00191848788769594,0.00260654863309956,-0.264364631744484,-0.0630897382758328,-0.0576703489263174,0.277839871164987
0.12,0.26,0.122013120374161,0.261512015756745,0.00201312037416145,0.00151201575674548,0.00251770635490132,-0.233094957469972,-0.0581933733621666,-0.0621783681930777,0.248165214429828
0.12,0.275,0.12198473713199,0.276016048518215,0.00198473713198953,0.00101604851821507,0.00222969416612796,-0.196289256550715,-0.050839334751383,-0.0558361562747452,0.210313661487062
0.12,0.29,0.121650845923563,0.290453509183707,0.0016508459235629,0.000453509183707124,0.00171200550321866,-0.156882649044268,-0.0408396675697907,-0.038862706122004,0.166704449701322
0.12,0.305,0.121014464925945,0.30485431971971,0.00101446492594484,-0.000145680280290272,0.00102487161636847,-0.11875792999311,-0.0286728123618144,-0.0137482209292088,0.122941431101177
0.12,0.32,0.120117974066113,0.319255402494138,0.000117974066113025,-0.000744597505862421,0.000753885486006846,-0.0868035865990214,-0.0159349939108283,0.014102544411734,0.0893737660416984
0.12,0.335,0.119049880181599,0.333700142805222,-0.000950119818401235,-0.00129985719477788,0.00161007962415981,-0.0669143144964948,-0.00587849705726187,0.0357466229904174,0.0760914194802742
0.12,0.35,0.117949861467365,0.348237394332717,-0.00205013853263494,-0.00176260566728276,0.00270367282438757,-0.0659310918090029,-0.00403350391864809,0.0381525764868232,0.0762810459569004
0.14,0.05,0.142004624187831,0.0481339463935219,0.00200462418783123,-0.00186605360647807,0.00273873587567108,-0.0532584599770765,0.00507315382780278,-0.0685677754489032,0.0869697748161566
0.14,0.065,0.141116363899144,0.0635123388007126,0.00111636389914377,-0.00148766119928745,0.00185994736462537,-0.0354553144433995,0.0102956273056424,-0.079000377236042,0.0872017220847357
0.14,0.08,0.140183111442178,0.0790204720094083,0.000183111442177697,-0.0009795279905917,0.000996496304362946,-0.0415171432638606,0.00364126299655025,-0.065379380275611,0.0775331945872205
0.14,0.095,0.139354527991866,0.0946015760886258,-0.000645472008133585,-0.000398423911374179,0.000758535250623663,-0.063724627833754,-0.00844986292275234,-0.0409837753077967,0.0762358122684862
0.14,0.11,0.138730183459866,0.110204650624881,-0.00126981654013432,0.000204650624881064,0.00128620213180623,-0.095356912748244,-0.0218762097700039,-0.0151911876461318,0.0990064845554483
0.14,0.125,0.138364048052745,0.125785550537839,-0.00163595194725545,0.000785550537838853,0.00181478054354454,-0.130763056887894,-0.0342736649877887,0.00602953608697657,0.135314540887599
0.14,0.14,0.13827056185172,0.141307665010649,-0.00172943814828037,0.00130766501064938,0.00216816606578096,-0.165373903888477,-0.0444974158732741,0.0195543771287997,0.172368628757377
0.14,0.155,0.138431786384763,0.156742091581187,-0.00156821361523725,0.00174209158118693,0.00234396608769365,-0.195658018883973,-0.0521854627704815,0.024514910453153,0.203976487993663
0.14,0.17,0.138804940887337,0.172067336923396,-0.00119505911266347,0.00206733692339595,0.00238789619489546,-0.219034833177348,-0.0574061154710937,0.0217285630448176,0.227472896533833
0.14,0.185,0.139329650960687,0.187268698786213,-0.000670349039312911,0.00226869878621255,0.0023656631241726,-0.233766550144242,-0.0603904202009717,0.0131826721633004,0.241800894210209
0.14,0.2,0.139934475913234,0.202337563687042,-6.55240867660056e-05,0.00233756368704247,0.00233848185730103,-0.238854796834752,-0.0613470606711205,0.00158818418974642,0.246612432869131
0.14,0.215,0.140542645926775,0.217270866889773,0.00054264592677503,0.00227086688977318,0.00233480213999252,-0.233966759038552,-0.060354810828534,-0.0100032175501274,0.2418332043154
0.14,0.23,0.141077297739772,0.232070899814827,0.00107729773977237,0.00207089981482683,0.00233435140096097,-0.219408514512422,-0.057327790503323,-0.0185443591641689,0.227531389258837
0.14,0.245,0.141466716720682,0.24674553289377,0.00146671672068211,0.00174553289376966,0.00227994364447027,-0.196152014523824,-0.0520515445332088,-0.0213375137172103,0.204059573645214
0.14,0.26,0.141650093563405,0.261308783905143,0.00165009356340534,0.00130878390514322,0.00210611587486389,-0.165909342526367,-0.0442918057250121,-0.0164164215341414,0.172502740168027
0.14,0.275,0.141584085204826,0.275781544631913,0.00158408520482556,0.000781544631912712,0.00176639122162074,-0.131236603882233,-0.0339806142425087,-0.00299143652103766,0.135597513315238
0.14,0.29,0.141250112186288,0.290192217220491,0.00125011218628837,0.00019221722049062,0.00126480351761047,-0.0956427555281975,-0.0214847223168064,0.018035617386374,0.0996715404617796
0.14,0.305,0.140661959562387,0.304577023795285,0.000661959562386683,-0.000422976204715264,0.000785556701957597,-0.063677405052021,-0.00795886386738853,0.043502242988412,0.0775280690396838
0.14,0.32,0.139873009113177,0.318979833619227,-0.000126990886822914,-0.00102016638077251,0.00102803994562204,-0.0409760055162604,0.00421679186777282,0.0673954936839107,0.0789871376785975
0.14,0.335,0.138982404802377,0.333451476104842,-0.00101759519762262,-0.00154852389515847,0.00185295068474619,-0.0342492491537943,0.0109169218057954,0.0802858911763387,0.0879659939455392
0.14,0.35,0.13813965428589,0.34804863869352,-0.0018603457141102,-0.00195136130648027,0.0026960521368172,-0.0512129348507313,0.00566712948118609,0.0688306827281326,0.0859799123370984
0.16,0.05,0.161507813163949,0.0481464923926171,0.00150781316394935,-0.0018535076073829,0.00238934949055286,-0.042083604214409,0.0119778521474209,-0.0891476871050965,0.099306652698982
0.16,0.065,0.160949566355159,0.063392527723655,0.00094956635515947,-0.001607472276345,0.00186698778305286,0.000522424676063904,0.0284662048089765,-0.115896060238327,0.119341944314107
0.16,0.08,0.160253034940984,0.078809498370766,0.000253034940984248,-0.00119050162923395,0.00121709523479784,0.0140469669175271,0.0286464919509091,-0.113155392966063,0.117567370428023
0.16,0.095,0.159578898589403,0.0943329091938396,-0.000421101410597258,-0.000667090806160398,0.000788883097594776,0.00695503880527759,0.0199737882071668,-0.0944801357375601,0.0968185057815251
0.16,0.11,0.15903851669269,0.109904351661067,-0.00096148330730951,-9.5648338933052e-05,0.000966229142064907,-0.0133166788824256,0.00748768736378017,-0.0697185829161117,0.0713728299908649
0.16,0.125,0.158698064001748,0.125472657048809,-0.00130193599825155,0.0004726570488085,0.0013850783477232,-0.0404432337315813,-0.00560160164220626,-0.0454513992045642,0.0610971614660758
0.16,0.14,0.15858406790839,0.140994714955433,-0.00141593209161026,0.000994714955432574,0.00173041079822481,-0.0692372521571266,-0.0174125908912292,-0.0254986752124151,0.0758101489558552
0.16,0.155,0.158690006423144,0.156435842840924,-0.001309993576856,0.00143584284092391,0.00194363778395986,-0.0956219543854561,-0.026971151091887,-0.0114562472470564,0.100011245832715
0.16,0.17,0.158983430902422,0.171769712618172,-0.00101656909757846,0.00176971261817244,0.00204090555417693,-0.116563734692899,-0.0338677699908858,-0.00322424718595995,0.121427061970624
0.16,0.185,0.159413065998298,0.186977957017781,-0.000586934001701948,0.00197795701778103,0.00206320272550787,-0.129983728962212,-0.0379938311072521,0.000500434793865233,0.135423631500387
0.16,0.2,0.159915505397977,0.202049657414949,-8.44946020229393e-05,0.00204965741494939,0.00205139826860316,-0.134671501315951,-0.0393561010401302,0.00178152946170072,0.140315714172676
0.16,0.215,0.16042139745303,0.216980931128574,0.000421397453030405,0.0019809311285735,0.00202525651451168,-0.130222786168064,-0.0379672511713097,0.00304718130624512,0.135678959737171
0.16,0.23,0.160861292643916,0.231774784128518,0.000861292643916316,0.00177478412851773,0.00197273508644794,-0.117016984574209,-0.0338101088582177,0.00672151745626139,0.121988862434427
0.16,0.245,0.161171497053822,0.246441290293756,0.00117149705382247,0.00144129029375561,0.00185734301032116,-0.0962401373909793,-0.0268746403718085,0.0148564118084239,0.101020423457558
0.16,0.26,0.161300276550441,0.260998033904178,0.00130027655044078,0.000998033904178186,0.00163914330719291,-0.0699477433208246,-0.0172686014840951,0.0287357928010829,0.077566991048598
0.16,0.275,0.161214584634042,0.275470647257175,0.00121458463404212,0.000470647257175383,0.00130258384526215,-0.0411518001817423,-0.00540413736004038,0.0484336391444872,0.0637847409716791
0.16,0.29,0.160907209442973,0.289893223200258,0.000907209442973164,-0.000106776799742136,0.000913471542185552,-0.013910183954446,0.00773744368141289,0.072321903414839,0.0740528171605131
0.16,0.305,0.160403959499499,0.304308399056942,0.000403959499498785,-0.000691600943058202,0.000800933918419181,0.00660474640462114,0.0202617539381088,0.0965416971952538,0.0988658842560644
0.16,0.32,0.159770340992097,0.318766988040832,-0.000229659007903477,-0.00123301195916781,0.0012542175853344,0.0140777621655236,0.0289383806289095,0.114465600508027,0.118903288584034
0.16,0.335,0.159117190030055,0.333327152010543,-0.000882809969944776,-0.0016728479894571,0.00189150042000116,0.00107505207465699,0.0286977901200081,0.11618770217143,0.119684193786394
0.16,0.35,0.158604917835257,0.348053230997391,-0.00139508216474279,-0.00194676900260854,0.00239502897600444,-0.0408740252430026,0.0120413262818301,0.088080287313713,0.0978458932105581
0.18,0.05,0.180606749432074,0.048500042238769,0.000606749432073728,-0.00149995776123102,0.00161802909701864,-0.0459331563870468,0.0102990088621688,-0.0932624054773455,0.104469152089856
0.18,0.065,0.180466815475796,0.0635310926512151,0.000466815475796217,-0.00146890734878485,0.00154129993439207,0.0286028190036585,0.0433121005397273,-0.139167062713178,0.148531286294592
0.18,0.08,0.180081371326613,0.0787826777482503,8.13713266130944e-05,-0.0012173222517497,0.00122003883438181,0.0684474521630664,0.0548291463307319,-0.149925737100309,0.173692368119305
0.18,0.095,0.179623283011352,0.0941827121525267,-0.000376716988647663,-0.000817287847473314,0.000899930616860725,0.0826737303190978,0.0533834177623165,-0.139323288483163,0.17057472022752
0.18,0.11,0.179216770134669,0.109665527290416,-0.000783229865331442,-0.000334472709583755,0.000851657804169848,0.0793216588856712,0.045005498473111,-0.117648614066229,0.148857748592523
0.18,0.125,0.178941310270019,0.125173042347953,-0.00105868972998062,0.000173042347953234,0.00107273836444475,0.0653006796202077,0.0337989012328941,-0.0920797650113681,0.117835616445362
0.18,0.14,0.178836749706187,0.140655695335968,-0.00116325029381298,0.000655695335967543,0.00133532303944236,0.0463476567392846,0.0224262244261835,-0.0671364966659169,0.0846070405656778
0.18,0.155,0.178909423360574,0.156073004980635,-0.00109057663942595,0.00107300498063467,0.00152993368971613,0.0270343049352639,0.0125160431163233,-0.0451661718216377,0.0541062683392938
0.18,0.17,0.179138899425133,0.171393740933452,-0.000861100574867435,0.00139374093345213,0.00163829423169864,0.0108123656877644,0.00499424172027431,-0.0268321756685386,0.0293566921049272
0.18,0.185,0.179484921430814,0.186595785767659,-0.000515078569185933,0.00159578576765868,0.0016768536455805,7.94777709278691e-05,0.000340634296101236,-0.0115814054703253,0.011586686391359
0.18,0.2,0.179894220987595,0.201665846901529,-0.000105779012404718,0.00166584690152871,0.00166920193469757,-0.00375411836708379,-0.00122879772064028,0.00192123725063671,0.00439255074334533
0.18,0.215,0.180307067927623,0.216599197003192,0.000307067927622983,0.001599197003192,0.00162841081032795,-0.000216726125648008,0.000346630113135777,0.0153903133375438,0.0153957418975137
0.18,0.23,0.180663627931563,0.231399581283536,0.000663627931563354,0.0013995812835359,0.0015489447378054,0.0102424808024209,0.00500795465787203,0.0305367136141521,0.0325956888291027
0.18,0.245,0.180910325960004,0.246079342917464,0.00091032596000401,0.00107934291746437,0.0014119753846784,0.0262350895307563,0.0125396994477715,0.0486846105361406,0.0567072795226854
0.18,0.26,0.18100641434828,0.260659712990556,0.00100641434828036,0.000659712990555505,0.0012033665569278,0.0453838032276169,0.0224601294441986,0.0703691142630367,0.0866946404684695
0.18,0.275,0.180930816722721,0.275171124239242,0.00093081672272112,0.00017112423924226,0.000946416016640425,0.0642547721053583,0.0338377832066461,0.0949018846503139,0.119499138895868
0.18,0.29,0.180689115929575,0.289653367809653,0.000689115929575448,-0.000346632190346752,0.000771384884334157,0.0782905308828559,0.0450335081862985,0.119903371344719,0.150114141355591
0.18,0.305,0.180320360339621,0.304155433085769,0.000320360339621295,-0.000844566914231182,0.000903285126533285,0.0817633839789973,0.0533674788094,0.140813396918587,0.171352774681152
0.18,0.32,0.179903261613058,0.318734946013407,-9.67383869421856e-05,-0.00126505398659299,0.0012687473761561,0.0677663158919415,0.0547100376653193,0.150403140724137,0.173800430642768
0.18,0.335,0.179561398938863,0.333457228375773,-0.000438601061136912,-0.00154277162422711,0.00160390622398904,0.0282531797711768,0.0429921834058295,0.138319018695472,0.147576193794731
0.18,0.35,0.179467231510783,0.348394108496816,-0.000532768489217073,-0.00160589150318419,0.00169196033733117,-0.0458656086265307,0.00962484440509461,0.0906922853596857,0.102085185334023
0.2,0.05,0.199152578238394,0.0493951862205568,-0.000847421761606432,-0.000604813779443159,0.00104111639591761,-0.0780221154149232,-0.00773570941254393,-0.0760847541434042,0.109252849501211
0.2,0.065,0.199536612360919,0.0641146366215183,-0.000463387639080715,-0.000885363378481718,0.000999297961575706,0.0353748536500825,0.047972609145837,-0.143979533394291,0.155829626531351
0.2,0.08,0.199553120857338,0.079113827383094,-0.000446879142661893,-0.000886172616905989,0.000992473110517478,0.108171801907753,0.0762017493490948,-0.171002723510766,0.216217095206841
0.2,0.095,0.199388540609534,0.0943131252936264,-0.000611459390466473,-0.000686874706373575,0.000919608312514309,0.149896180185127,0.086614927559197,-0.171108565701454,0.243411669564268
0.2,0.11,0.199181145555811,0.10963974826139,-0.000818854444188763,-0.000360251738610484,0.000894597069042574,0.169062399819872,0.0862735591448873,-0.154980403286499,0.245039260043556
0.2,0.125,0.199024875578182,0.125028893484818,-0.000975124421818255,2.88934848183264e-05,0.000975552393001694,0.173056712993813,0.0802067561204923,-0.130362696291246,0.231033016139459
0.2,0.14,0.198974158350471,0.140424735933355,-0.0010258416495285,0.000424735933355014,0.00111029352109715,0.168076868168922,0.0718865424415185,-0.102461411439517,0.209561204399629
0.2,0.155,0.199049655925894,0.155781154235018,-0.000950344074105526,0.000781154235018455,0.00123018526981701,0.159118548200899,0.063622081874887,-0.0743821443380687,0.186813318575696
0.2,0.17,0.199244688921586,0.171062132089127,-0.000755311078414485,0.00106213208912653,0.00130331093754635,0.149997315557932,0.0568794079987393,-0.0475796724425358,0.167326945997728
0.2,0.185,0.199532022761719,0.186241875875708,-0.000467977238281108,0.00124187587570812,0.00132712410354685,0.143391206759609,0.0525291801101967,-0.0222991649754403,0.154329582700686
0.2,0.2,0.199870744791839,0.201304757385565,-0.000129255208160576,0.00130475738556451,0.00131114405921767,0.140887309860648,0.0510232235360711,0.00200180991949475,0.149855341794758
0.2,0.215,0.200213082658823,0.216245214450139,0.000213082658822809,0.00124521445013864,0.00126331438934458,0.143016884219941,0.0525000942876866,0.0262514514920153,0.154593797664677
0.2,0.23,0.200511151679271,0.231067715455881,0.000511151679271384,0.00106771545588102,0.00118376194141777,0.149268071139957,0.0568198178749809,0.0513744704085547,0.167776056362658
0.2,0.245,0.20072370794852,0.245786827258681,0.000723707948519843,0.000786827258681178,0.00106904178110799,0.158072207833928,0.0635278586826528,0.0779028152889513,0.187327231354875
0.2,0.26,0.200822984346805,0.26042734446842,0.000822984346805222,0.000427344468420243,0.000927322236213388,0.166767640784318,0.0717482189970217,0.105573728072381,0.210012176746002
0.2,0.275,0.200801598248242,0.275024371692189,0.000801598248242164,2.43716921892179e-05,0.000801968659590305,0.171551910428723,0.0800054414587782,0.13290737319149,0.231290663727296
0.2,0.29,0.200679382699218,0.289623223732545,0.000679382699218106,-0.000376776267455303,0.000776866274023033,0.167437700457156,0.0859751394778454,0.156764768017673,0.244953856932389
0.2,0.305,0.200509870901044,0.304279033038294,0.000509870901043513,-0.000720966961706204,0.000883041163028542,0.148229201814844,0.0861620693899672,0.171896580485431,0.242784515672981
0.2,0.32,0.200386118744275,0.319056022732881,0.00038611874427455,-0.00094397726711859,0.00101989252645406,0.106533777621119,0.0755028712242576,0.17050226194675,0.214758479843162
0.2,0.335,0.200445617734065,0.334026497102448,0.000445617734065068,-0.000973502897551992,0.00107064609299965,0.0338202798320593,0.0468864801472142,0.141825558640837,0.153155660681268
0.2,0.35,0.200874229007173,0.349269693540003,0.000874229007172683,-0.000730306459997276,0.00113913295207183,-0.079467861778965,-0.00942180722598041,0.0718168906654574,0.107524791026082
