target_x,target_y,gaze_x,gaze_y,error_px_x,error_px_y,error_px_xy,error_deg_x,error_deg_y,error_deg_z,error_deg_xyz
-0.2,0.05,-0.200820768510278,0.0506434188699801,-0.000820768510278097,0.000643418869980088,0.00104290401749661,0.0742821535741989,-0.00974117308610325,-0.0636649773876098,0.0983156168151068
-0.2,0.065,-0.200499086057575,0.0658904446555644,-0.000499086057574538,0.000890444655564399,0.00102077351919439,-0.0387720189446451,0.0468573792867108,-0.134304307938145,0.147433180023553
-0.2,0.08,-0.200524260720517,0.0808695790755318,-0.000524260720516589,0.000869579075531812,0.00101539010812561,-0.111905390402309,0.0759428372784042,-0.163518613500522,0.212199244496174
-0.2,0.095,-0.200715852054493,0.095657065761242,-0.000715852054493399,0.000657065761241957,0.000971689033857485,-0.15448283974198,0.0871785711575849,-0.16530178743894,0.242466120750404
-0.2,0.11,-0.20093948923733,0.110323192528012,-0.00093948923733024,0.000323192528011738,0.000993525760723885,-0.174886511309326,0.0876346556468665,-0.15040410849864,0.246752132039881
-0.2,0.125,-0.201103742133073,0.12493096733243,-0.00110374213307254,-6.90326675704123e-05,0.00110589882245684,-0.180390572647574,0.0823490849177651,-0.12665254745292,0.235293595472237
-0.2,0.14,-0.201155836285163,0.139534950027057,-0.00115583628516315,-0.000465049972943082,0.00124588482430525,-0.177093494705373,0.0747978360742544,-0.0993418229031659,0.216392411110982
-0.2,0.155,-0.201076292794225,0.1541803841707,-0.00107629279422476,-0.000819615829299548,0.0013528400816573,-0.169899588036026,0.0672863772116944,-0.0716654443954611,0.196288818265847
-0.2,0.17,-0.200872757033988,0.168902682748149,-0.000872757033987821,-0.00109731725185101,0.00140207346155081,-0.162538098303983,0.0612685441609579,-0.045160211317146,0.179476847893467
-0.2,0.185,-0.200573354620037,0.183727227255632,-0.00057335462003652,-0.00127277274436813,0.00139595343014143,-0.157604455645485,0.057594789506327,-0.0201441108017219,0.169003343536433
-0.2,0.2,-0.200219872703941,0.198669368415822,-0.000219872703940616,-0.00133063158417835,0.00134867506047645,-0.156606355953907,0.0566900480752223,0.00386348579263668,0.166596093447651
-0.2,0.215,-0.199860943020309,0.21373449034451,0.000139056979690792,-0.00126550965549006,0.0012731266754488,-0.159998500892667,0.0586609298411564,0.0277403885066661,0.172656238490806
-0.2,0.23,-0.199545262053324,0.228918025647676,0.000454737946675519,-0.00108197435232386,0.00117365033090496,-0.167194305892545,0.0633318309565692,0.0523711699041321,0.186299830246201
-0.2,0.245,-0.199314788863354,0.244205375999129,0.000685211136645998,-0.000794624000871297,0.0010492576445013,-0.176549921916067,0.0702094040926734,0.0782547405567003,0.205482566236648
-0.2,0.26,-0.199197855058873,0.259571776104368,0.000802144941127333,-0.000428223895632032,0.00090929214852348,-0.185323973270959,0.0783745929764796,0.105096607368759,0.227008625796816
-0.2,0.275,-0.199202205418792,0.274982207580443,0.000797794581207642,-1.77924195573845e-05,0.000797992959867431,-0.189623637175015,0.0863012080403607,0.131377272424749,0.246302869282677
-0.2,0.29,-0.199308121660008,0.290391497449776,0.000691878339992,0.000391497449776186,0.000794962823364302,-0.184352512971264,0.0915997500702044,0.153896739921725,0.257022723879177
-0.2,0.305,-0.199461901103443,0.30574471224791,0.000538098896556871,0.000744712247910187,0.000918774594045333,-0.163177290649858,0.0906844167894353,0.167305103774096,0.250682248325848
-0.2,0.32,-0.199570003822515,0.320977889319797,0.000429996177484709,0.000977889319797393,0.001068252888798,-0.118528738586807,0.0783590863273542,0.163638382319221,0.216718214382017
-0.2,0.335,-0.199494110240855,0.336019052374985,0.000505889759145339,0.00101905237498514,0.00113771358055135,-0.0416492473250343,0.0473135075835912,0.13188570372808,0.146174820814178
-0.2,0.35,-0.199047148042837,0.350789365380889,0.000952851957163409,0.000789365380888883,0.00123734577092096,0.0773037819105004,-0.0124868300639099,0.0576188765462924,0.0972200227597981
-0.18,0.05,-0.1794154816793,0.0515270463088241,0.000584518320699834,0.00152704630882407,0.00163509391061399,0.0499241008815571,0.00637409794997779,-0.0836118607572683,0.097590934695953
-0.18,0.065,-0.179606879548923,0.0664684414923488,0.000393120451077228,0.00146844149234882,0.00152015265861912,-0.0247537142965638,0.0402691080662078,-0.131807562090006,0.140027106730485
-0.18,0.08,-0.180026820293186,0.0811987222880628,-2.68202931856809e-05,0.00119872228806277,0.0011990222900451,-0.0653656569011329,0.0526107485785931,-0.14428143316296,0.166906295935237
-0.18,0.095,-0.180507215935722,0.0957872790112462,-0.000507215935722172,0.000787279011246242,0.000936523489827873,-0.0808395446031513,0.0519487092160007,-0.134870741188759,0.165601438036135
-0.18,0.11,-0.180926861704136,0.110297818309331,-0.000926861704136195,0.000297818309330844,0.000973533956247512,-0.0790946312541915,0.0443337068387625,-0.113943092300402,0.145617574322905
-0.18,0.125,-0.181208173934674,0.124787021448393,-0.00120817393467418,-0.00021297855160686,0.00122680239642358,-0.0669343950769509,0.0338856091739827,-0.0887691204000211,0.116225681855499
-0.18,0.14,-0.181312563666273,0.139303465626764,-0.00131256366627318,-0.000696534373235871,0.00148592850134842,-0.0499979310666315,0.0232751471199314,-0.0639653274187255,0.0844576224407771
-0.18,0.155,-0.18123465277884,0.153886940969261,-0.00123465277884028,-0.00111305903073894,0.00166230800100569,-0.0327634660023734,0.0141287786269787,-0.0419728171178665,0.0550888800179185
-0.18,0.17,-0.180995734527146,0.168568188372205,-0.000995734527145513,-0.00143181162779529,0.00174401025972885,-0.0185918262402808,0.00735986757635845,-0.0235407572531699,0.0308867435573476
-0.18,0.185,-0.180636931147962,0.183368974389701,-0.000636931147962268,-0.0016310256102989,0.0017509785346187,-0.00979220966511369,0.00342650170081357,-0.0081907224366079,0.0132180263147307
-0.18,0.2,-0.180212404936179,0.198302341072371,-0.000212404936179043,-0.00169765892762855,0.00171089499720764,-0.00768969821996786,0.00251576457555825,0.00535053469469115,0.0096999356410547
-0.18,0.215,-0.179782784376466,0.213372845478116,0.000217215623533818,-0.00162715452188397,0.00164158900617501,-0.0126750432802735,0.00465463027069925,0.0187490524662027,0.0231051786442133
-0.18,0.23,-0.179408758044464,0.228576642940073,0.000591241955535698,-0.00142335705992672,0.00154126972656602,-0.02422258871913,0.00974777068110585,0.033679723125089,0.0426154510882902
-0.18,0.245,-0.179144653287658,0.24390135656964,0.000855346712341623,-0.00109864343035973,0.00139234887344595,-0.0408707366293384,0.0175420729597739,0.0514406980083883,0.0680021131348038
-0.18,0.26,-0.179031810036222,0.259325782888588,0.000968189963777774,-0.000674217111412481,0.00117981376466008,-0.0601691582057576,0.0275168409692972,0.0725460118606264,0.098185693108201
-0.18,0.275,-0.179091683712036,0.274819573432813,0.000908316287963992,-0.000180426567186517,0.000926062754421857,-0.078605700653227,0.0386980621571368,0.096282768832932,0.130179779745186
-0.18,0.29,-0.1793188121478,0.29034307404747,0.000681187852199658,0.000343074047470096,0.000762703541378888,-0.0915316381538083,0.0493950653893701,0.120230662868762,0.158975915710142
-0.18,0.305,-0.179673973560928,0.305847483396014,0.000326026439071619,0.00084748339601419,0.000908031577365823,-0.0931054570696042,0.0568580148985666,0.139754844266364,0.17729326431291
-0.18,0.32,-0.180077961257305,0.321275416170099,-7.79612573052479e-05,0.00127541617009908,0.00127779668358891,-0.0762728862629991,0.0568538525778421,0.147494808320885,0.175512553110619
-0.18,0.335,-0.180406354690511,0.336561848122087,-0.000406354690511174,0.00156184812208647,0.00161384438251198,-0.032795792653821,0.0431549352988777,0.132879792702272,0.143509451015
-0.18,0.35,-0.180485474759029,0.351635310880117,-0.00048547475902902,0.00163531088011665,0.00170585093612606,0.0466627586922086,0.00692727826212844,0.0817049134590856,0.0943456153056524
-0.16,0.05,-0.158547335535018,0.0518750398904628,0.00145266446498218,0.00187503989046275,0.00237192087529254,0.0527700526052028,0.00699012440950772,-0.0822491587021641,0.0979717649926613
-0.16,0.065,-0.159148974071122,0.0666051095707949,0.000851025928878396,0.00160510957079485,0.0018167613673459,0.00967080825179057,0.0242632515594183,-0.110804997384982,0.113841915033862
-0.16,0.08,-0.159874726720393,0.0811719298679633,0.000125273279607319,0.00117192986796333,0.00117860638467985,-0.0049483575504679,0.0251690376259161,-0.109296687481071,0.112266364617332
-0.16,0.095,-0.160567704161366,0.0956378486507624,-0.000567704161365978,0.000637848650762399,0.00085389631461417,0.000578765915700742,0.0171895775024259,-0.0913406905779642,0.0929458992951723
-0.16,0.11,-0.161118861718379,0.110059721364357,-0.00111886171837927,5.97213643567379e-05,0.00112045445521683,0.0189285322461158,0.0053915982917175,-0.0668725781871228,0.0697086865401891
-0.16,0.125,-0.161463456088401,0.124487608169334,-0.00146345608840123,-0.00051239183066569,0.00155056412663636,0.0438797128923332,-0.00699437726248843,-0.0425724901858302,0.0615367191496641
-0.16,0.14,-0.161575943962543,0.13896382787531,-0.00157594396254263,-0.00103617212468979,0.00188606787922882,0.0703449765670933,-0.0180772572670817,-0.0223621850569316,0.075995204626156
-0.16,0.155,-0.161463672073999,0.153522487439886,-0.00146367207399877,-0.00147751256011422,0.00207975462627184,0.0943467100702257,-0.0268854653669831,-0.00793419860885335,0.0984229843026347
-0.16,0.17,-0.161159914109245,0.168189483617608,-0.00115991410924517,-0.00181051638239244,0.00215020238855262,0.112950113652485,-0.0330237607353786,0.000724342859402117,0.117681037088467
-0.16,0.185,-0.160716830865778,0.182982852725026,-0.000716830865777895,-0.00201714727497432,0.00214073109452547,0.124173630659356,-0.0364077430816683,0.00484212147528488,0.129491573415126
-0.16,0.2,-0.160198767812791,0.197913261538996,-0.000198767812791087,-0.00208673846100389,0.0020961836866159,0.126900578640341,-0.0370757573940513,0.00642253216409194,0.132361721643279
-0.16,0.215,-0.159676025463313,0.212984413269368,0.000323974536686783,-0.00201558673063242,0.00204145765793045,0.120814733081041,-0.035076515192436,0.00784800460126923,0.126048241680511
-0.16,0.23,-0.15921895238432,0.228193194403375,0.000781047615679674,-0.00180680559662465,0.00196839575338727,0.10637640019326,-0.0304306026705589,0.0115110880666875,0.111240591207822
-0.16,0.245,-0.158892029433696,0.243529494916556,0.00110797056630357,-0.00147050508344361,0.00184119091248804,0.0848454779194516,-0.0231653916464944,0.0194442713721458,0.090074812536777
-0.16,0.26,-0.158747606701989,0.258975762039549,0.00125239329801091,-0.00102423796045097,0.00161788515430837,0.0583464888386328,-0.0134249044969366,0.0329200556992508,0.0683247498520181
-0.16,0.275,-0.158819123038584,0.274506455849004,0.00118087696141632,-0.000493544150995839,0.00127986570662161,0.0299603155839026,-0.00165767024609931,0.0520013766494153,0.0600375872683976
-0.16,0.29,-0.159113914744468,0.290087629086366,0.000886085255531965,8.76290863662255e-05,0.000890407736291935,0.00382077778235786,0.0111143050650419,0.075037576538826,0.0759523854679336
-0.16,0.305,-0.15960599542347,0.305676837466155,0.000394004576529772,0.000676837466155447,0.000783165730811896,-0.0148073886806574,0.0229434642913875,0.098118450574484,0.101847407362973
-0.16,0.32,-0.160229353704169,0.321223506257535,-0.000229353704168794,0.00122350625753534,0.00124481753034092,-0.0194892289593511,0.0305204770047248,0.114513790473567,0.120103051805812
-0.16,0.335,-0.160872300685574,0.336669759510732,-0.000872300685573923,0.00166975951073239,0.00188388038625971,-0.00263226376734696,0.0286513366218682,0.114134995863571,0.117705692542914
-0.16,0.35,-0.16137319890608,0.351951595242647,-0.00137319890608018,0.00195159524264672,0.00238629403611146,0.0444429946667208,0.00963907331200492,0.0830580141566619,0.0946928047228304
-0.14,0.05,-0.138071070582653,0.0518850102192311,0.00192892941734704,0.00188501021923113,0.00269704138338895,0.069784649738373,-0.000332044595443724,-0.0642220205415155,0.094839219578135
-0.14,0.065,-0.138996613890945,0.0664848435658349,0.00100338610905537,0.00148484356583493,0.00179207815087587,0.0512286681913598,0.00552984928453995,-0.0759728203763222,0.0917977500558581
-0.14,0.08,-0.139955071470197,0.0809614196778052,4.49285298033675e-05,0.00096141967780515,0.000962468892827842,0.0559365806684725,-0.000532952073323934,-0.0631167053676579,0.084338039313373
-0.14,0.095,-0.140799777845978,0.0953697887803595,-0.000799777845977873,0.000369788780359537,0.000881129017225514,0.0763100162534537,-0.0120473348005052,-0.0390008623179203,0.0865414671779227
-0.14,0.11,-0.141432936219088,0.109759704874059,-0.00143293621908758,-0.000240295125940565,0.00145294458102289,0.105737154617393,-0.0248811659524936,-0.0130954404240588,0.109411665211985
-0.14,0.125,-0.141801673699422,0.124174409321841,-0.00180167369942223,-0.000825590678159266,0.00198182443396313,0.138672095935848,-0.0366487267981621,0.00852752953365346,0.14368649535547
-0.14,0.14,-0.141892361302575,0.138649843555301,-0.00189236130257461,-0.001350156444699,0.00232464055816037,0.170651235413141,-0.0461960288744429,0.0226404326410019,0.178237291390061
-0.14,0.155,-0.141723703927765,0.153214393711638,-0.00172370392776527,-0.00178560628836157,0.00248184307473897,0.198250806299607,-0.0531652802522784,0.0282779183364944,0.20719463475476
-0.14,0.17,-0.141339320344437,0.167889137547096,-0.00133932034443712,-0.00211086245290369,0.00249990385417155,0.218999332624552,-0.0576414491821303,0.0261715946056468,0.227965491416173
-0.14,0.185,-0.140800518527872,0.182688436634169,-0.000800518527871979,-0.00231156336583066,0.00244625327955154,0.23126722352786,-0.0598824720050018,0.0182365776875325,0.239589431201566
-0.14,0.2,-0.140179735634359,0.197620632514583,-0.000179735634359407,-0.00237936748541752,0.00238614637625622,0.234160249443889,-0.0601311932860155,0.00712644382464914,0.24186288655675
-0.14,0.215,-0.139554741664914,0.212688591239423,0.000445258335085887,-0.00231140876057689,0.00235390429784965,0.227442450614798,-0.0585045761851038,-0.00414914318250968,0.23488326127937
-0.14,0.23,-0.139003338048834,0.227889902424459,0.000996661951165718,-0.00211009757554105,0.00233363382371907,0.211507024019809,-0.0549558398771062,-0.0125698782799323,0.21889135584042
-0.14,0.245,-0.138598052836994,0.243216658692055,0.00140194716300572,-0.00178334130794451,0.00226842722353639,0.187402421964587,-0.0493079775208469,-0.0154511087422498,0.19439577520333
-0.14,0.26,-0.138400327047435,0.258654883051158,0.00159967295256518,-0.00134511694884187,0.00209004621030978,0.156907932685737,-0.0413610691216056,-0.0108292947850516,0.162628806677194
-0.14,0.275,-0.138453903111181,0.274183792532163,0.0015460968888186,-0.000816207467836616,0.0017483163958983,0.122641494839706,-0.0310787951260549,0.00208613437851568,0.126535316133371
-0.14,0.29,-0.138777484519798,0.289775149979005,0.00122251548020229,-0.000224850020994594,0.00124302117088789,0.0881751322979643,-0.0188599894418001,0.0223867657240875,0.0929070628621632
-0.14,0.305,-0.139357101664654,0.305392944182514,0.000642898335346392,0.000392944182513552,0.000753474219971995,0.0581317527310986,-0.00589884596305723,0.0468794789248103,0.074911837539555
-0.14,0.32,-0.140138856711379,0.320993556731784,-0.000138856711379282,0.00099355673178432,0.0010032129213527,0.0382411215452898,0.00536578002147381,0.06947431936327,0.0794849484947811
-0.14,0.335,-0.141022741681865,0.3365264481674,-0.00102274168186473,0.00152644816740029,0.00183740157711459,0.0353409495442093,0.01071261356594,0.0805902024462745,0.0886483226124987
-0.14,0.35,-0.141858016859492,0.351935263537414,-0.00185801685949236,0.00193526353741451,0.00268281039386013,0.0573183458764085,0.00350811751025246,0.066624436366602,0.0879574709890615
-0.12,0.05,-0.117866847068818,0.0516997273060011,0.00213315293118158,0.00169972730600114,0.00272752898106958,0.0901285218809058,-0.0103170542775965,-0.0345931047102319,0.0970890169533552
-0.12,0.065,-0.11904399441774,0.0662378303201282,0.000956005582260139,0.0012378303201282,0.00156402384084809,0.0891823857179804,-0.0116089374670383,-0.0323193205205598,0.0955657153303872
-0.12,0.08,-0.120175664718683,0.0806856041893174,-0.000175664718683077,0.000685604189317415,0.000707750802048005,0.106729730568967,-0.0210948526481741,-0.0105450827860164,0.109304302702503
-0.12,0.095,-0.121124487059623,0.0950905442683328,-0.00112448705962281,9.05442683327567e-05,0.00112812650522318,0.136033051418391,-0.0332367633297342,0.0176828176572676,0.141146610410641
-0.12,0.11,-0.121802975080395,0.109495126388912,-0.00180297508039484,-0.00050487361108803,0.00187232916542414,0.171290314420976,-0.044770594502453,0.0433743430622906,0.182280387329727
-0.12,0.125,-0.122169095469392,0.123935715183027,-0.00216909546939195,-0.00106428481697302,0.00241612858245913,0.207702593574354,-0.0540924838482742,0.0610636199117219,0.223148365010834
-0.12,0.14,-0.122219943591678,0.138441944716933,-0.00221994359167836,-0.00155805528306666,0.00271213676191407,0.241477737372835,-0.0607244101863058,0.0681970178263989,0.258166414634236
-0.12,0.155,-0.121984194063076,0.153036656683566,-0.00198419406307598,-0.00196334331643411,0.00279136938761828,0.269773553739252,-0.0648637578720616,0.064496426320669,0.284859673413749
-0.12,0.17,-0.121514215059235,0.167736345297098,-0.00151421505923491,-0.00226365470290192,0.0027234132737401,0.290594812046234,-0.0670226267068899,0.0513521140241343,0.302613003303522
-0.12,0.185,-0.12087868026318,0.182551930090277,-0.000878680263180314,-0.00244806990972346,0.00260098544551792,0.302667746900536,-0.0677581810344226,0.0312871943918145,0.311733964093103
-0.12,0.2,-0.120156198125615,0.197489596198479,-0.000156198125614564,-0.00251040380152119,0.00251525845613081,0.305320670940591,-0.0674892482566722,0.0075127923889483,0.312781386506273
-0.12,0.215,-0.119430013190954,0.21255143247842,0.000569986809045801,-0.0024485675215805,0.00251403418238995,0.298398007916024,-0.0663906334091656,-0.0164348135536856,0.306136266048564
-0.12,0.23,-0.118783382788653,0.227735665450661,0.00121661721134686,-0.00226433454933893,0.0025704801867113,0.282227517545341,-0.0643573322996375,-0.0370087891831417,0.291828841052699
-0.12,0.245,-0.118294954385234,0.24303641268256,0.00170504561476613,-0.00196358731743992,0.002600549115407,0.257648357811263,-0.0610356706213843,-0.0509667824669141,0.269640086919773
-0.12,0.26,-0.118033462131484,0.25844302648862,0.00196653786851642,-0.00155697351137984,0.00250827384937283,0.226093778494241,-0.0559249822503321,-0.0557357190772427,0.239483933061315
-0.12,0.275,-0.118051326384154,0.273939225071828,0.0019486736158455,-0.00106077492817237,0.00221868706881603,0.189709942871994,-0.0485585420757645,-0.0498617704083858,0.202074325214417
-0.12,0.29,-0.118377181208409,0.289502277137742,0.0016228187915909,-0.000497722862258118,0.00169743008043188,0.151484518575309,-0.0387735940895046,-0.0335565573226195,0.159928140463225
-0.12,0.305,-0.119007814044712,0.305102498744565,0.000992185955287994,0.00010249874456475,0.000997466271363648,0.115356981799585,-0.0270769822835394,-0.00932289665213652,0.118858393416693
-0.12,0.32,-0.119900316412995,0.320703241808804,9.9683587005045e-05,0.000703241808804406,0.000710271679830109,0.0862870860854665,-0.0151071181792365,0.0173799754458284,0.0893070624593218
-0.12,0.335,-0.120965305568428,0.336261427571565,-0.00096530556842836,0.00126142757156468,0.00158839993664768,0.0702669797010482,-0.00618875292327876,0.037484878929968,0.0798803247379727
-0.12,0.35,-0.122061865009133,0.351728542835613,-0.00206186500913286,0.00172854283561305,0.0026905664181424,0.0742730056019006,-0.00597869692070465,0.0377329544411048,0.0835224596317678
-0.1,0.05,-0.0978373369813161,0.0514176967642316,0.00216266301868395,0.00141769676423156,0.0025859186854377,0.10563846839369,-0.0197100823356459,0.00145573298633441,0.107471372447904
-0.1,0.065,-0.0992058383050165,0.0659505594457953,0.000794161694983531,0.000950559445795307,0.00123865090230048,0.115790101309576,-0.0248892273939844,0.0151001917812246,0.119393643682416
-0.1,0.08,-0.100462995454295,0.0804196778590333,-0.000462995454295179,0.000419677859033268,0.000624895428100372,0.14015883005773,-0.0352099265605611,0.0436323031585784,0.150957039031289
-0.1,0.095,-0.101479740771085,0.0948647736462296,-0.00147974077108545,-0.000135226353770404,0.00148590676570457,0.172976639689345,-0.0459770769023699,0.0743171831190759,0.193798578406489
-0.1,0.11,-0.102177841352223,0.109320965570681,-0.00217784135222324,-0.000679034429319367,0.00228124542994712,0.20932964855692,-0.0547085996022139,0.0986376124725199,0.237784340069926
-0.1,0.125,-0.102524937259525,0.123817831353306,-0.0025249372595252,-0.00118216864669392,0.00278797971186391,0.245214543094552,-0.0605000478119631,0.111708938522265,0.27616926429335
-0.1,0.14,-0.102527551588714,0.138378949771227,-0.002527551588714,-0.00162105022877321,0.0030027189142203,0.277532511317384,-0.0634701765146294,0.11160925057567,0.305793402356642
-0.1,0.155,-0.102222901615768,0.153021990136384,-0.00222290161576841,-0.00197800986361638,0.00297553602128247,0.304023696720698,-0.0642974770548977,0.0986883976292727,0.326043341307519
-0.1,0.17,-0.101670564227086,0.167759284387056,-0.00167056422708559,-0.00224071561294435,0.00279492241303952,0.323156472849374,-0.0638559453928103,0.0749200529488107,0.337818046649826
-0.1,0.185,-0.100944951536337,0.182598695639087,-0.000944951536336905,-0.00240130436091331,0.00258054181128048,0.333995465008257,-0.0629502523916897,0.0433463297718057,0.34262947781834
-0.1,0.2,-0.10012915995652,0.197544522236346,-0.000129159956520183,-0.00245547776365429,0.0024588723720781,0.336077209153205,-0.0621415310823812,0.00763669599306311,0.341859804937788
-0.1,0.215,-0.0993101985585319,0.212598171841223,0.000689801441468098,-0.00240182815877735,0.00249892067360035,0.329320949687977,-0.0616501040803635,-0.0282507681448691,0.33623125014254
-0.1,0.23,-0.0985750706506149,0.22775840870628,0.00142492934938507,-0.00224159129372023,0.00265615420840382,0.313994406498384,-0.0613230957444397,-0.0603479496145157,0.325568993615985
-0.1,0.245,-0.0980068585813338,0.243021100419211,0.00199314141866615,-0.00197889958078885,0.00280867517980432,0.290742115307757,-0.0606622549320038,-0.0849553504143572,0.308915084642153
-0.1,0.26,-0.0976799558495675,0.258378533604229,0.00232004415043247,-0.00162146639577077,0.00283050492537458,0.260670025725811,-0.0589170693509531,-0.0989817209982598,0.284987073235008
-0.1,0.275,-0.097653902833877,0.273818491381962,0.002346097166123,-0.0011815086180383,0.00262681071403882,0.225467696797331,-0.0552559499967161,-0.100388731337804,0.252916791766277
-0.1,0.29,-0.0979658038437838,0.289323354608538,0.00203419615621625,-0.000676645391462477,0.00214378240214635,0.187541529056889,-0.0490303914424264,-0.0887552252972179,0.213197905403902
-0.1,0.305,-0.0986218533101048,0.304869485658362,0.00137814668989522,-0.000130514341638285,0.00138431293147266,0.15013076733641,-0.0401426243435829,-0.0659419756106092,0.168816593835076
-0.1,0.32,-0.0995888899259893,0.32042708060147,0.000411110074010679,0.000427080601469482,0.000592797885543294,0.117382615144499,-0.0295186764611139,-0.0368096175191796,0.126510809983205
-0.1,0.335,-0.100786999627643,0.335960556140043,-0.000786999627643115,0.000960556140043173,0.00124178762760991,0.0943720910427509,-0.0196808653551011,-0.00992690723731633,0.0969121961198449
-0.1,0.35,-0.102083973635698,0.351429406950425,-0.00208397363569848,0.00142940695042493,0.00252708336708733,0.087063266326216,-0.0154123015377024,0.00179375200063554,0.0884351201795727
-0.08,0.05,-0.0779052846570184,0.0511022675539665,0.00209471534298161,0.00110226755396647,0.00236702896658444,0.111068440730221,-0.0269045212008814,0.0389252656065464,0.120727931653571
-0.08,0.065,-0.0794151997035436,0.065675026345081,0.000584800296456439,0.000675026345080959,0.000893113628430838,0.126508940860719,-0.0336785148725868,0.0614671653486081,0.14462703067923
-0.08,0.08,-0.0807602165540276,0.0802050281091065,-0.000760216554027637,0.000205028109106498,0.000787379028512597,0.152398891607943,-0.0431822319343709,0.0949093743251467,0.184656291973012
-0.08,0.095,-0.0818184397507001,0.0947240592660114,-0.00181843975070006,-0.00027594073398865,0.00183925702815031,0.184030587599806,-0.0514509538663497,0.126818656310975,0.229341447716729
-0.08,0.11,-0.0825196481051923,0.109259897575223,-0.00251964810519226,-0.000740102424776706,0.00262609561386468,0.217436881869954,-0.0566780688881459,0.149118359112002,0.269680589555951
-0.08,0.125,-0.0828398050634204,0.123835547036463,-0.00283980506342041,-0.00116445296353732,0.00306927410025873,0.249436537014799,-0.0585574707849245,0.157454192164441,0.300731763605307
-0.08,0.14,-0.0827934302747324,0.138468922648607,-0.00279343027473244,-0.00153107735139285,0.00318550632643226,0.277621977581739,-0.0577102320871995,0.150469631311461,0.321007496511613
-0.08,0.155,-0.0824248124344697,0.153173034536654,-0.00242481243446971,-0.00182696546334557,0.0030360365851907,0.300292112170564,-0.0552107650432314,0.129063709828554,0.331483527336675
-0.08,0.17,-0.0817992675011793,0.167956601762262,-0.0017992675011793,-0.00204339823773828,0.00272265309923829,0.316343700265782,-0.0522226685045466,0.0957052253129656,0.334604770072263
-0.08,0.185,-0.080995507310601,0.182824918569288,-0.000995507310600951,-0.00217508143071213,0.0023920731668761,0.325143813453735,-0.0497425962988529,0.0538602591693102,0.333307764878218
-0.08,0.2,-0.0800997173167763,0.197780731666486,-9.97173167762551e-05,-0.00221926833351435,0.00222150747903414,0.326410524755573,-0.0484386434011912,0.0075573058501536,0.330072033083699
-0.08,0.215,-0.0792012997758053,0.212824886441298,0.000798700224194711,-0.00217511355870184,0.00231711912541787,0.320127537590507,-0.0485638352904907,-0.0389252158886625,0.326121980235012
-0.08,0.23,-0.0783896341795109,0.227956564139444,0.00161036582048906,-0.00204343586055636,0.00260171254984234,0.306511206176941,-0.0499280542308666,-0.081299629492306,0.321016867852096
-0.08,0.245,-0.0777508420221683,0.243173043946123,0.00224915797783175,-0.00182695605387714,0.00289766803344388,0.286036960705911,-0.0519219082472072,-0.115509436387321,0.312818957891855
-0.08,0.26,-0.0773635382483323,0.258469053101785,0.00263646175166775,-0.00153094689821526,0.00304872579501042,0.259519185275502,-0.0535992300426095,-0.138041831019377,0.298795639914852
-0.08,0.275,-0.0772929065213565,0.273835879870628,0.00270709347864354,-0.00116412012937231,0.0029467831236323,0.228227111439479,-0.0538354282116025,-0.146364850077709,0.276421209873481
-0.08,0.29,-0.077583029510794,0.289260488282545,0.00241697048920604,-0.000739511717455371,0.00252757273405666,0.194011909184585,-0.0515822447289877,-0.139507143272174,0.244466117423048
-0.08,0.305,-0.0782480387046963,0.304724873434026,0.00175196129530372,-0.000275126565974365,0.00177343254947775,0.159418545298695,-0.0462341487801879,-0.118758934659179,0.204097030126026
-0.08,0.32,-0.0792631102923503,0.320205833366572,0.000736889707649652,0.0002058333665719,0.00076509725919932,0.127760285836744,-0.038110160770346,-0.0884396409600358,0.159989567521971
-0.08,0.335,-0.0805564753162466,0.335675227805124,-0.000556475316246585,0.000675227805124301,0.00087498420923164,0.103142491186641,-0.0290432311031288,-0.0566596019301381,0.121211380375944
-0.08,0.35,-0.0820033970507108,0.351100676428643,-0.00200339705071079,0.00110067642864317,0.00228584521421888,0.0904328655469745,-0.0230644749201856,-0.0360037540202343,0.100031725067361
-0.06,0.05,-0.0580113098587577,0.0507895800817553,0.00198869014124234,0.000789580081755309,0.00213970212491814,0.104079267097306,-0.031497222116951,0.0732846552031866,0.131130534334187
-0.06,0.065,-0.0596213337586311,0.0654368158948878,0.000378666241368925,0.000436815894887782,0.000578097092519139,0.119932668914495,-0.0384714783268767,0.102461762404071,0.16236480565448
-0.06,0.08,-0.0610250478486864,0.0800575338533775,-0.00102504784868637,5.75338533774505e-05,0.00102666120817971,0.142952003083104,-0.0463632869640245,0.139293771083526,0.204908830896771
-0.06,0.095,-0.0621064137628728,0.0946754819697903,-0.00210641376287282,-0.000324518030209692,0.00213126509199377,0.169562175029314,-0.0518047689362931,0.171615945662848,0.246753302310209
-0.06,0.11,-0.0628017630065868,0.109311183200881,-0.00280176300658684,-0.000688816799118724,0.00288519401909589,0.196782962840669,-0.0535386363042676,0.191733420102418,0.279913880084915
-0.06,0.125,-0.0630938285268243,0.123981354827468,-0.00309382852682434,-0.00101864517253245,0.00325720937934848,0.222263205065821,-0.0517400414659478,0.195744081010363,0.300655811336667
-0.06,0.14,-0.0630035528080818,0.138698709629382,-0.0030035528080818,-0.00130129037061844,0.00327332951283557,0.244266255797312,-0.0474269710935552,0.182765823664861,0.308737588003008
-0.06,0.155,-0.0625807831539949,0.153472172180635,-0.00258078315399494,-0.00152782781936536,0.00299911645882097,0.261609056546326,-0.041978971463203,0.15414942905248,0.306535158042345
-0.06,0.17,-0.0618951866607559,0.168307445326975,-0.00189518666075594,-0.00169255467302495,0.00254095922837929,0.273566467063825,-0.0367757633375444,0.112760063525513,0.298171261600547
-0.06,0.185,-0.0610285405267334,0.183207774854066,-0.00102854052673342,-0.00179222514593425,0.0020663897475675,0.27976019641877,-0.032951887100497,0.0623909607364706,0.288521060328853
-0.06,0.2,-0.0600690230017324,0.198174709910957,-6.90230017323962e-05,-0.00182529008904322,0.00182659466875593,0.280055449145635,-0.0312490488251216,0.00733581332653868,0.281889219532159
-0.06,0.215,-0.0591074156624737,0.213208658627842,0.000892584337526318,-0.00179134137215783,0.00200140218626882,0.27448706341619,-0.0319411066419643,-0.0478983948513168,0.280459971409887
-0.06,0.23,-0.0582344625890478,0.228309092580709,0.00176553741095218,-0.00169090741929126,0.00244464521967625,0.263230684577948,-0.0348105792046336,-0.0987962846678832,0.283307322749676
-0.06,0.245,-0.057538233676937,0.24347434616033,0.002461766323063,-0.00152565383967029,0.00289618940469504,0.246624821796433,-0.0391684504417277,-0.141038534787796,0.286792625881017
-0.06,0.26,-0.0571003361575554,0.258701062979391,0.00289966384244458,-0.00129893702060885,0.00317730826057036,0.225238724768966,-0.043925520723627,-0.170788456805115,0.286060835255982
-0.06,0.275,-0.0569902089474224,0.273983433324259,0.00300979105257758,-0.00101656667574143,0.0031768301790313,0.199971352377802,-0.0477368359380767,-0.185120901959883,0.276653654095798
-0.06,0.29,-0.0572573894812999,0.289312420387818,0.00274261051870006,-0.000687579612182132,0.00282748619455034,0.172160479122245,-0.0492452989120671,-0.182614606529103,0.255758740167274
-0.06,0.305,-0.0579223465085114,0.3046751748272,0.00207765349148861,-0.000324825172799664,0.00210289215690657,0.143679592285556,-0.0474444816779252,-0.164084435875879,0.223200737405541
-0.06,0.32,-0.0589669952555532,0.320054787695264,0.00103300474444684,5.4787695263625e-05,0.00103445661755435,0.117003842585828,-0.0421666361408906,-0.13339245518865,0.182377354868888
-0.06,0.335,-0.0603261880888719,0.33543044637774,-0.000326188088871915,0.000430446377739785,0.000540076618111925,0.0952337433034065,-0.0346866836681769,-0.0982564349734675,0.141162916457033
-0.06,0.35,-0.0618812594715725,0.350777961659363,-0.00188125947157253,0.00077796165936278,0.00203577050347524,0.0820742963564687,-0.028424874688669,-0.0709752298040409,0.112167958387075
-0.04,0.05,-0.0381118945756951,0.0504955001782918,0.00188810542430487,0.000495500178291836,0.00195204060407992,0.0849867693834933,-0.0338186110349593,0.100722964653083,0.136057244311602
-0.04,0.065,-0.039787632142531,0.0652421157698824,0.000212367857469031,0.000242115769882367,0.000322056133168922,0.0974806071959093,-0.0403627952139263,0.134485587658055,0.170932790815765
-0.04,0.08,-0.0412276502544013,0.0799747007467292,-0.0012276502544013,-2.52992532708274e-05,0.00122791090855471,0.114273744295645,-0.0465704664238751,0.173496391990133,0.212904549432377
-0.04,0.095,-0.0423202589737865,0.0947089080345426,-0.00232025897378649,-0.000291091965457374,0.00233844739897877,0.132977249259925,-0.0495175115728018,0.20580395280029,0.249980597028557
-0.04,0.11,-0.0430066673509908,0.10945812345429,-0.00300666735099082,-0.00054187654570953,0.00305510699490284,0.151622524359264,-0.0483528113087257,0.2240107462576,0.274787815280066
-0.04,0.125,-0.0432746281109626,0.124233074698245,-0.0032746281109626,-0.000766925301754623,0.00336323708405725,0.168684215392738,-0.0436034352863767,0.224562437097993,0.284225399832746
-0.04,0.14,-0.04314980056667,0.139041721082514,-0.00314980056666996,-0.000958278917485733,0.00329234598629792,0.183067132060995,-0.0365725860028036,0.206937285235372,0.278701133946138
-0.04,0.155,-0.0426860437751248,0.153889443223458,-0.00268604377512478,-0.00111055677654248,0.00290657315679668,0.194059160804609,-0.0288536381512414,0.172823825442759,0.26145684842912
-0.04,0.17,-0.0419560705364343,0.168779481475879,-0.00195607053643433,-0.00122051852412061,0.00230561866127685,0.201258967489265,-0.0219726692964277,0.125377039542383,0.238133269130596
-0.04,0.185,-0.0410436853497981,0.183713510824925,-0.00104368534979812,-0.00128648917507523,0.00165660300222141,0.204492832880021,-0.0171535289341067,0.0686218895945582,0.216380640613789
-0.04,0.2,-0.0400382493009124,0.198692205551919,-3.82493009123937e-05,-0.00130779444808077,0.00130835367063007,0.203737573331293,-0.0151829188286353,0.00703244715550107,0.204423627435982
-0.04,0.215,-0.0390312452387978,0.213715649887706,0.000968754761202242,-0.00128435011229383,0.00160873894659798,0.199065391478168,-0.0163456460994485,-0.0547341501965729,0.207099213238419
-0.04,0.23,-0.0381141060437104,0.228783490450046,0.00188589395628962,-0.00121650954995356,0.00224421289085905,0.190621877316768,-0.0204052177617368,-0.11201319193154,0.222036235529332
-0.04,0.245,-0.0373760459291891,0.243894792281175,0.0026239540708109,-0.00110520771882514,0.00284721250830979,0.178641342791358,-0.026620128717746,-0.160307332208599,0.241495109072685
-0.04,0.26,-0.0369006331552525,0.259047635616177,0.00309936684474754,-0.000952364383822568,0.00324238689207412,0.163495801713536,-0.033805408144933,-0.195551691424521,0.257126929308383
-0.04,0.275,-0.0367602602530922,0.274238555875151,0.00323973974690779,-0.000761444124849187,0.00332801904786639,0.145766968941479,-0.0404645626309951,-0.214535411958789,0.262508959070066
-0.04,0.29,-0.0370083688686372,0.289461968181314,0.00299163113136283,-0.000538031818685558,0.00303962745481372,0.126326167401114,-0.045022703114322,-0.21550326518596,0.253824953541919
-0.04,0.305,-0.037670043500391,0.30470972019809,0.00232995649960901,-0.000290279801909848,0.00234796926161036,0.1064060039175,-0.0461849986835312,-0.198912084505161,0.230263719452298
-0.04,0.32,-0.038732157955002,0.319970883256941,0.001267842044998,-2.91167430591655e-05,0.0012681763425451,0.087650236979335,-0.0434285072921832,-0.168275717737793,0.194641601170248
-0.04,0.335,-0.0401344624801987,0.335231831976846,-0.000134462480198688,0.000231831976845703,0.00026800414935103,0.0721335922786605,-0.0376173063583063,-0.131009990329451,0.1542139708238
-0.04,0.35,-0.0417627867196798,0.3504765941012,-0.00176278671967978,0.000476594101199573,0.00182607747819681,0.0623497725314525,-0.031720026331156,-0.0991903366244944,0.121377026630288
-0.02,0.05,-0.0181776119672286,0.0502216374867631,0.00182238803277143,0.000221637486763099,0.0018358162537485,0.0562984944951435,-0.0344914922202079,0.118352811825822,0.135523356469076
-0.02,0.065,-0.0198897390109699,0.0650836955904336,0.000110260989030053,8.36955904335579e-05,0.000138428456467257,0.0628770687275298,-0.0405571728479428,0.154834543144626,0.171965601187872
-0.02,0.08,-0.0213486336014229,0.079941606801538,-0.00134863360142293,-5.83931984620423e-05,0.00134989716516244,0.0711970243213445,-0.0455535109319202,0.195069342870227,0.21259407097262
-0.02,0.095,-0.0224452752816333,0.094802900622638,-0.00244527528163332,-0.000197099377361953,0.00245320593663137,0.080090644342996,-0.04683117483687,0.227245267398438,0.245455034466919
-0.02,0.11,-0.0231238917182197,0.109673932385671,-0.00312389171821965,-0.000326067614329489,0.00314086286811059,0.0886139219840766,-0.0437890418513403,0.244155982227679,0.263404960494102
-0.02,0.125,-0.0233753431395549,0.124559682765677,-0.00337534313955493,-0.000440317234323306,0.00340394191733388,0.0960581534596568,-0.0371685402024311,0.242468517383417,0.263438367387497
-0.02,0.14,-0.0232281927376143,0.139463712621635,-0.00322819273761435,-0.000536287378365474,0.00327243525579654,0.101941382814136,-0.0284438412166312,0.221888394060648,0.245836632278118
-0.02,0.155,-0.022738740013505,0.154388279984687,-0.00273874001350502,-0.000611720015312622,0.00280622490878895,0.105981228424443,-0.019333496848328,0.18431480241146,0.213489587568254
-0.02,0.17,-0.0219815093038009,0.169334588955592,-0.00198150930380092,-0.000665411044407649,0.00209025141527743,0.108054203860932,-0.0114463324311982,0.133080740473695,0.171805806361724
-0.02,0.185,-0.0210414577028273,0.184303108713861,-0.00104145770282728,-0.000696891286138784,0.00125311276885779,0.108149445432697,-0.0060541220606375,0.0723503881712326,0.130259513735
-0.02,0.2,-0.0200085545268287,0.199293883986322,-8.55452682872098e-06,-0.000706116013678398,0.000706167830407429,0.106325964682575,-0.00396565017551833,0.00670300112771765,0.106610837399371
-0.02,0.215,-0.0189745802727135,0.214306760861694,0.00102541972728652,-0.000693239138306045,0.00123776658542218,0.102681789799924,-0.00546912049474464,-0.0591191104679116,0.11861085735251
-0.02,0.23,-0.0180312547432725,0.229341473311748,0.00196874525672751,-0.000658526688252004,0.00207596129179405,0.0973408395200137,-0.0103156267887096,-0.120366772345308,0.155144531929129
-0.02,0.245,-0.0172683665889106,0.244397570410377,0.00273163341108944,-0.000602429589622616,0.00279727412010925,0.0904596665132776,-0.017733112577302,-0.172439559489956,0.195532230924635
-0.02,0.26,-0.0167705765936269,0.259474203457622,0.00322942340637308,-0.00052579654237786,0.00327194705666318,0.0822521571851802,-0.0264812661922515,-0.211136784149645,0.228134796125108
-0.02,0.275,-0.0166120019495352,0.27456982631966,0.00338799805046484,-0.00043017368034029,0.00341519841081175,0.0730267292662155,-0.034974880056761,-0.233074033441295,0.246738210604884
-0.02,0.29,-0.0168484182133903,0.289681882897005,0.00315158178660968,-0.000318117102994592,0.00316759628881389,0.0632282905691748,-0.0415095716872083,-0.236290427404575,0.248101034933073
-0.02,0.305,-0.017507705878198,0.304806557775166,0.00249229412180199,-0.000193442224833862,0.00249978996796079,0.0534766765744139,-0.0446167754078187,-0.221020261809711,0.231733555876255
-0.02,0.32,-0.0185797669029952,0.3199386495414,0.00142023309700481,-6.13504586000069e-05,0.00142155757132742,0.0445945425000057,-0.0435574825202689,-0.190559339132098,0.200496459456363
-0.02,0.335,-0.0200073579633571,0.335071595856919,-7.35796335707417e-06,7.15958569192932e-05,7.19729557040139e-05,0.0376203390104678,-0.038944176260197,-0.152132868410677,0.161481781279753
-0.02,0.35,-0.0216790755710092,0.350197643927784,-0.00167907557100919,0.000197643927783708,0.00169066788440237,0.0338052455061137,-0.0334677828294451,-0.117673203215564,0.126924688118522
0,0.05,0.00180827987377583,0.0499605787869446,0.00180827987377583,-3.94212130553628e-05,0.00180870952171471,0.0220843439542908,-0.034070780582592,0.124358599750544,0.130818978380499
0,0.065,8.59804113291507e-05,0.0649459604079387,8.59804113291507e-05,-5.40395920613224e-05,0.000101552492054524,0.0214737916391361,-0.0399730004754155,0.161818986237739,0.168060611247298
0,0.08,-0.00137741194107524,0.0799357490506954,-0.00137741194107524,-6.42509493045673e-05,0.00137890965617882,0.0202144376846744,-0.0445682987881007,0.202494696226502,0.208324522220811
0,0.095,-0.00247374720015694,0.0949293330785973,-0.00247374720015694,-7.06669214026734e-05,0.0024747563565056,0.018376847107368,-0.0453026950046903,0.234626782400549,0.239666129141854
0,0.11,-0.00314828655760792,0.109926096707943,-0.00314828655760792,-7.39032920570593e-05,0.00314915384593887,0.0160464003598929,-0.0416607710571416,0.251079248100922,0.255017652329549
0,0.125,-0.00339297598662751,0.124925408920636,-0.00339297598662751,-7.45910793640836e-05,0.00339379579158081,0.0133236551469622,-0.0344562323286071,0.248599270164589,0.251329365862365
0,0.14,-0.00323739900147975,0.139926628989344,-0.00323739900147975,-7.33710106560481e-05,0.00323823031916922,0.010322127374431,-0.0252195441076728,0.226973875486334,0.22860398333981
0,0.155,-0.00273870936197694,0.154929124581207,-0.00273870936197694,-7.08754187934146e-05,0.00273962630560616,0.00716449382062201,-0.0157089882150879,0.188177350958165,0.188967854582159
0,0.17,-0.0019720573217212,0.169932297070828,-0.0019720573217212,-6.77029291721032e-05,0.0019732191380515,0.00397814829275638,-0.00755803676733284,0.135605922260344,0.13587466425715
0,0.185,-0.00102278660674042,0.184935608821051,-0.00102278660674042,-6.43911789485752e-05,0.00102481152747906,0.000890797375677332,-0.00205098261451486,0.073473121240433,0.0735071447961386
0,0.2,1.89446767260903e-05,0.199938608184738,1.89446767260903e-05,-6.13918152621851e-05,6.42483910883559e-05,-0.00197354547861595,-3.90923489842709e-07,0.00639543979485552,0.00669302115729253
0,0.215,0.00106128201989721,0.21494094951193,0.00106128201989721,-5.90504880697285e-05,0.00106292355599938,-0.00449810204239117,-0.00169220722141795,-0.0608547916674973,0.0610442667912283
0,0.23,0.0020124413978871,0.229942406668591,0.0020124413978871,-5.75933314092558e-05,0.0020132653505568,-0.00657650167895305,-0.00687039333763469,-0.123498947775554,0.123864638839775
0,0.245,0.00278247639594456,0.244942879381592,0.00278247639594456,-5.7120618407791e-05,0.00278306264015669,-0.00811566468526847,-0.014750215149394,-0.176901134140253,0.177700504875241
0,0.26,0.00328639531630218,0.259942392068607,0.00328639531630218,-5.76079313927835e-05,0.00328690018844081,-0.0090383173435032,-0.0240709431238664,-0.216814395473451,0.218333784036723
0,0.275,0.00344953678958125,0.274941085245922,0.00344953678958125,-5.89147540783763e-05,0.00345003985642523,-0.00928483746303675,-0.0332163126402986,-0.239795549863305,0.242263337732738
0,0.29,0.00321537334829831,0.289939200369957,0.00321537334829831,-6.07996300431568e-05,0.00321594812830688,-0.00881397767506266,-0.0404376881590995,-0.243814285180036,0.247302230951928
0,0.305,0.00255511157475119,0.304937060248288,0.00255511157475119,-6.29397517117603e-05,0.00255588665080693,-0.00760200129283704,-0.0442077575299194,-0.229029750042702,0.233381271657735
0,0.32,0.00147784978163673,0.319935048477424,0.00147784978163673,-6.49515225762676e-05,0.00147927640330288,-0.00563995415590043,-0.0437146901884266,-0.198663748884118,0.203494746547827
0,0.335,3.98275610202781e-05,0.334933592407651,3.98275610202781e-05,-6.64075923488272e-05,7.74351531178959e-05,-0.00292913736940084,-0.0394860215809739,-0.159875865164025,0.164705909704076
0,0.35,-0.0016484873513693,0.349933154109872,-0.0016484873513693,-6.68458901277313e-05,0.00164984208961086,0.000524765383369944,-0.0341182912141655,-0.124547306821531,0.129137027492946
0.02,0.05,0.0218507437574481,0.0497005386492221,0.00185074375744812,-0.00029946135077788,0.00187481453918592,-0.0127658300574735,-0.0328071807473572,0.118086983794757,0.123222640453964
0.02,0.065,0.0201434439862003,0.0648092987475574,0.000143443986200337,-0.000190701252442554,0.000238627628032048,-0.0205292336998487,-0.0389842734582779,0.154834159212793,0.160980920989289
0.02,0.08,0.0186888871439539,0.0799310376357964,-0.0013111128560461,-6.89623642036452e-05,0.00131292525642777,-0.0313235763657843,-0.0441020877233836,0.195232733595992,0.202588310632114
0.02,0.095,0.0175962037489909,0.0950569838016825,-0.00240379625100914,5.69838016825086e-05,0.00240447157812685,-0.0438404457805728,-0.0455188094293704,0.227485528270818,0.236101018951483
0.02,0.11,0.0169211363000068,0.110179540799826,-0.0030788636999932,0.000179540799825628,0.00308409412663392,-0.0569661854053213,-0.042637653726335,0.244400602468259,0.254548378225759
0.02,0.125,0.0166727187368059,0.125292463551758,-0.00332728126319408,0.000292463551758049,0.00334011010799185,-0.0697925569454042,-0.0362011512707441,0.242658653979417,0.255078133470569
0.02,0.14,0.01682225864314,0.140390912164196,-0.00317774135686004,0.000390912164196427,0.0032016952464617,-0.0816123992994267,-0.0276815639888898,0.221977889526808,0.238119965050266
0.02,0.155,0.0173133404443105,0.155471368696108,-0.00268665955568949,0.000471368696107616,0.00272769646695666,-0.0918998511230981,-0.0187929674555247,0.184269119550826,0.206770193892051
0.02,0.17,0.0180713561758902,0.170531436892477,-0.00192864382410977,0.000531436892476728,0.00200052297436498,-0.100278418773083,-0.0111377037052335,0.132875982235082,0.166840810479656
0.02,0.185,0.0190113023169755,0.185569576396667,-0.000988697683024471,0.000569576396667465,0.00114102602076318,-0.106483450726046,-0.00597962609587523,0.0719724870298986,0.128664396983765
0.02,0.2,0.0200431960113543,0.200584841737858,4.3196011354305e-05,0.00058484173785775,0.000586434782168822,-0.11032740524277,-0.00411867587440082,0.00614702878049319,0.110575266655334
0.02,0.215,0.0210752687329642,0.215576696558524,0.00107526873296416,0.000576696558524326,0.00122015645255194,-0.111676119740962,-0.0058337494508976,-0.0598496846112011,0.126836823011483
0.02,0.23,0.0220158321002917,0.230544954523845,0.00201583210029174,0.000544954523844704,0.0020881940737454,-0.110442071283675,-0.0108666150221234,-0.121261093435561,0.164377023167486
0.02,0.245,0.0227751451912803,0.245489865197974,0.00277514519128026,0.000489865197974476,0.00281804874778144,-0.106596891170086,-0.0184363566163518,-0.173480841739909,0.204446675818379
0.02,0.26,0.0232686098215075,0.260412324825812,0.00326860982150748,0.000412324825812022,0.0032945139136504,-0.10020103168233,-0.0272948014423369,-0.212304211191707,0.236343838997051
0.02,0.275,0.0234221838989802,0.275314158849701,0.00342218389898018,0.000314158849700541,0.00343657364554935,-0.0914445361798289,-0.0358503946875428,-0.234344884161022,0.254096407983448
0.02,0.29,0.0231801736643498,0.290198404071004,0.00318017366434979,0.000198404071004188,0.00318635665154029,-0.0806902806569194,-0.0423942770470353,-0.237641975074416,0.254523104981001
0.02,0.305,0.0225147771372791,0.305069518801031,0.00251477713727913,6.95188010309822e-05,0.00251573784681127,-0.0685105225665588,-0.0454552884664205,-0.22243083866598,0.237140113054441
0.02,0.32,0.0214361546855517,0.319933468678477,0.00143615468555167,-6.65313215234276e-05,0.00143769492507126,-0.0557092205522362,-0.0442932010734335,-0.192007918846069,0.204774242641861
0.02,0.335,0.0200015830683734,0.334797667994583,1.58306837344524e-06,-0.00020233200541675,0.0002023381983745,-0.0433259121672309,-0.0395195179600639,-0.153596618583043,0.164410664966015
0.02,0.35,0.0183224612207363,0.349670791931911,-0.00167753877926372,-0.00032920806808881,0.00170953628450184,-0.0326209485861353,-0.0338226272855549,-0.119122633805047,0.128055867165068
0.04,0.05,0.0419432639560852,0.049429704424625,0.00194326395608518,-0.000570295575375024,0.00202521896255989,-0.0433426085533087,-0.030563049799431,0.100079960323981,0.113263782228111
0.04,0.065,0.0402771997070363,0.064654051883926,0.000277199707036324,-0.000345948116073969,0.000443305511578812,-0.056912948745776,-0.0373290594534938,0.134385471580147,0.150638675173982
0.04,0.08,0.038845809493023,0.0799013250983231,-0.00115419050697702,-9.86749016768651e-05,0.00115840082122588,-0.0760490040829468,-0.0437767016153361,0.173738699566128,0.194640753151003
0.04,0.095,0.0377610329168303,0.095154570747965,-0.00223896708316973,0.000154570747964988,0.0022442962628949,-0.0982222345403859,-0.0469964901348072,0.206216911584395,0.233198986149267
0.04,0.11,0.0370816257129089,0.110399130900821,-0.0029183742870911,0.000399130900821054,0.00294554136883947,-0.121297487143446,-0.0461458606216812,0.224450623348095,0.259269585309405
0.04,0.125,0.0368196415742532,0.125623004087665,-0.00318035842574675,0.000623004087664719,0.00324080450034637,-0.143554383319744,-0.0417542172081698,0.224912223515477,0.270068359778518
0.04,0.14,0.0369491739277634,0.140816957191423,-0.00305082607223661,0.000816957191423384,0.00315831581316009,-0.163677811720067,-0.0351212597996581,0.207104887462107,0.266301503967981
0.04,0.155,0.0374161364012347,0.155974362465509,-0.00258386359876532,0.000974362465508805,0.0027614730328607,-0.180717660327468,-0.0278318375374583,0.172740072919507,0.251540689261504
0.04,0.17,0.0381476488919849,0.171090801773603,-0.00185235110801509,0.00109080177360313,0.00214966349381954,-0.19402485676545,-0.0213995333172563,0.124993813018869,0.231791094820216
0.04,0.185,0.0390598111611638,0.186163540944447,-0.0009401888388362,0.00116354094444743,0.0014959219839543,-0.203176750367027,-0.0170328304919155,0.0679105223125288,0.214901843607984
0.04,0.2,0.0400632313200351,0.201191012749617,6.32313200350561e-05,0.00119101274961697,0.00119269005595903,-0.207908039901757,-0.015501212433549,0.00598230841778918,0.208571035132143
0.04,0.215,0.0410664473820847,0.216172446259547,0.0010664473820847,0.00117244625954691,0.00158491017104467,-0.208062851534831,-0.0170713435146581,-0.0561171966433635,0.216173023641626
0.04,0.23,0.0419780875861046,0.231107742771899,0.00197808758610459,0.00110774277189904,0.00226714016924311,-0.203579224112209,-0.0214885703740727,-0.113708855775594,0.234170961821665
0.04,0.245,0.0427090326624852,0.245997633937076,0.00270903266248515,0.000997633937076081,0.00288688957856329,-0.194510200517818,-0.0279941763395237,-0.162283780951756,0.254860794698314
0.04,0.26,0.0431758396349696,0.260844083580755,0.00317583963496958,0.000844083580755328,0.00328609714986402,-0.181077591782612,-0.0353879583959647,-0.197769235364306,0.270470346155233
0.04,0.275,0.0433062660293661,0.27565083068463,0.00330626602936608,0.000650830684629677,0.00336971447410544,-0.163747189796043,-0.0421611324679516,-0.216950543594462,0.275060696810238
0.04,0.29,0.0430470329047957,0.29042393437153,0.00304703290479572,0.000423934371530349,0.00307638259556133,-0.143309500609689,-0.0467300827495211,-0.218072175280032,0.265097930213823
0.04,0.305,0.0423732109827515,0.30517218196234,0.00237321098275145,0.000172181962339535,0.00237944888510075,-0.120949081182454,-0.047794749040107,-0.201592484678632,0.239901296858543
0.04,0.32,0.0412980488026161,0.319907257696536,0.00129804880261608,-9.27423034638442e-05,0.00130135768673521,-0.098288511519528,-0.044829379374484,-0.171025738225806,0.202287296669437
0.04,0.335,0.03988186082419,0.334643631091851,-0.000118139175809995,-0.000356368908148802,0.000375440625873432,-0.0773990099263726,-0.0386953649399702,-0.133783093983878,0.159329440471642
0.04,0.35,0.0382388070463166,0.349398192059535,-0.0017611929536834,-0.000601807940465132,0.00186117527850306,-0.060776888544833,-0.0323552003244985,-0.101925539998614,0.123002075940793
0.06,0.05,0.0620674966755725,0.0491406006142076,0.00206749667557252,-0.000859399385792409,0.00223899750062473,-0.0655207592080179,-0.0268908476412478,0.0720510574561045,0.101031901392423
0.06,0.065,0.0604720623410878,0.0644644969690096,0.00047206234108782,-0.000535503030990425,0.000713867179574216,-0.0822712000060712,-0.0341946385080991,0.102070759252931,0.135485320615145
0.06,0.08,0.0590811977927482,0.0798239441464643,-0.000918802207251823,-0.000176055853535667,0.000935517589153189,-0.107418699360743,-0.0424387815320923,0.139451907729571,0.181070950206424
0.06,0.095,0.058011389233208,0.0951937893732874,-0.00198861076679199,0.000193789373287429,0.0019980308063191,-0.137249690048339,-0.0482762619754311,0.172070776609761,0.22533639852681
0.06,0.11,0.0573263133065789,0.110552178365128,-0.00267368669342112,0.000552178365127942,0.00273011015922298,-0.168621799063115,-0.0504622373124038,0.192272731172294,0.260669654679218
0.06,0.125,0.0570429922871844,0.125881097014403,-0.00295700771281558,0.000881097014402754,0.00308548643854422,-0.198995619364873,-0.0491755830689448,0.196194226890323,0.28374254827781
0.06,0.14,0.0571401417424365,0.141166560947138,-0.00285985825756348,0.00116656094713752,0.00308863298187732,-0.226422756602724,-0.0454297190982376,0.182989372098455,0.294646272186247
0.06,0.155,0.0575675868961733,0.156398414782033,-0.00243241310382669,0.0013984147820334,0.00280574364657167,-0.249490826204365,-0.0405923849843739,0.154042493481001,0.296011315280064
0.06,0.17,0.0582554112116037,0.171569798780654,-0.00174458878839626,0.00156979878065433,0.00234688266693112,-0.267235462462352,-0.0360256811944134,0.112249707551683,0.29208359026742
0.06,0.185,0.0591216881961879,0.186676426779965,-0.000878311803812138,0.00167642677996474,0.00189257453573134,-0.2790374385,-0.0328422591003902,0.0614328665855236,0.287601593944135
0.06,0.2,0.0600781853043915,0.201715870034458,7.81853043915492e-05,0.00171587003445822,0.00171765040592504,-0.284527236169907,-0.0317591595332074,0.00591209824279512,0.28635557603668
0.06,0.215,0.0610341453337323,0.216687040980725,0.00103414533373228,0.00168704098072539,0.00197877837109848,-0.283518487502444,-0.033024202379174,-0.0497816064110145,0.289744228492729
0.06,0.23,0.061898911826685,0.231590018097129,0.00189891182668505,0.00159001809712878,0.002476696120787,-0.275985702606078,-0.0363938742399083,-0.101112030803227,0.296169647689942
0.06,0.245,0.0625845559482336,0.246426262021692,0.00258455594823358,0.00142626202169238,0.00295197439082246,-0.262092001568127,-0.0411545643738939,-0.143743262040356,0.301742027680466
0.06,0.26,0.063009658264589,0.261199168601904,0.00300965826458903,0.00119916860190425,0.00323976051667435,-0.242261449931354,-0.0461953730458614,-0.173827255433738,0.30172959374745
0.06,0.275,0.0631050042662574,0.275914814620314,0.00310500426625744,0.00091481462031387,0.00323696420786775,-0.217280683101057,-0.0501538208543622,-0.188433053220774,0.291947770941126
0.06,0.29,0.0628212980464787,0.290582701026216,0.00282129804647871,0.000582701026216492,0.00288084417367867,-0.188408149160441,-0.051660185063776,-0.186138189866035,0.269840630196978
0.06,0.305,0.0621382991196333,0.305216299659699,0.00213829911963326,0.000216299659699215,0.00214921117338673,-0.157468014477636,-0.049700009648092,-0.167758350035953,0.235391606655099
0.06,0.32,0.0610742700709735,0.319833261613457,0.00107427007097347,-0.000166738386543436,0.00108713286903508,-0.126909776333584,-0.0441003571349316,-0.137154134888749,0.191995375048129
0.06,0.335,0.0596944504170474,0.33445523198053,-0.000305549582952647,-0.000544768019469816,0.000624606069999005,-0.0998226520946556,-0.0361303079496313,-0.102033785668995,0.1472442405488
0.06,0.35,0.0581174873127192,0.349107311473128,-0.00188251268728079,-0.000892688526872243,0.00208344590133329,-0.0799034190279169,-0.029198306203355,-0.0746717816872189,0.113194419502599
0.08,0.05,0.0821922964751605,0.0488348026273539,0.00219229647516048,-0.00116519737264609,0.00248270996135723,-0.0767118605429913,-0.0212658115370067,0.0368040520504739,0.0877011062456591
0.08,0.065,0.080702074531103,0.0642332421555553,0.00070207453110302,-0.000766757844444688,0.00103962793308038,-0.0927985080281201,-0.0284709913835357,0.0605174611479651,0.114387621235178
0.08,0.08,0.0793740935980874,0.0796837332382721,-0.000625906401912568,-0.000316266761727857,0.000701272763287554,-0.120523084465707,-0.0384295012765754,0.0947535475611089,0.158053443727263
0.08,0.095,0.0783309818789195,0.0951529244746304,-0.0016690181210805,0.000152924474630389,0.00167600936257411,-0.155039726049232,-0.0472022957336821,0.127130137891902,0.205979346125298
0.08,0.11,0.0776430848503136,0.11061160879837,-0.00235691514968638,0.000611608798369689,0.00243497727814129,-0.192223862640862,-0.0529984241558719,0.14962092571779,0.249289722579359
0.08,0.125,0.0773341988015732,0.126035438278699,-0.00266580119842681,0.00103543827869895,0.00285983014504863,-0.22871406959094,-0.0555168993293811,0.157920252214884,0.283427630286447
0.08,0.14,0.0773894047121002,0.141405216254153,-0.00261059528789982,0.00140521625415296,0.00296476651325875,-0.261901202868314,-0.0553737213207271,0.150717670211265,0.307204380308219
0.08,0.155,0.0777640061664307,0.156706714409301,-0.00223599383356932,0.00170671440930148,0.00281292418999825,-0.289866020386572,-0.0536291617879801,0.128955271305496,0.321757876113576
0.08,0.17,0.0783923617261646,0.171930079452922,-0.00160763827383545,0.00193007945292217,0.00251191311834087,-0.311277349704974,-0.0514252529671168,0.0951418241172891,0.32953059207346
0.08,0.185,0.0791955539843483,0.187069000163922,-0.000804446015651699,0.00206900016392209,0.00221988627420585,-0.325272199167568,-0.0497315315265207,0.0527804208197169,0.333258630365252
0.08,0.2,0.0800873132580446,0.202119869025991,8.73132580445614e-05,0.00211986902599093,0.00212166639516821,-0.331344136421696,-0.0491853261854679,0.00593361076502944,0.335027850488483
0.08,0.215,0.0809782589470905,0.217081173462907,0.000978258947090509,0.00208117346290737,0.00229962465421479,-0.329265165937783,-0.0500071004524754,-0.0410894946795009,0.335566577664353
0.08,0.23,0.0817791216621873,0.231953288178518,0.00177912166218727,0.00195328817851753,0.00264208413893281,-0.319059249601035,-0.0519742113562713,-0.0839747943295602,0.333994319367182
0.08,0.245,0.0824039652668468,0.246738729529385,0.00240396526684677,0.00173872952938525,0.00296685513305957,-0.301034183361045,-0.0544466212138295,-0.118644822706738,0.328120255867463
0.08,0.26,0.0827744242353188,0.261442805561582,0.00277442423531879,0.00144280556158205,0.00312715809099194,-0.275865458312204,-0.0564511682341065,-0.141572237045418,0.315168897976355
0.08,0.275,0.08282561194612,0.276074486501828,0.00282561194612004,0.00107448650182801,0.00302301242350521,-0.244714092665472,-0.0568413432059448,-0.150217033574127,0.292713629641134
0.08,0.29,0.0825137624365429,0.29064725970814,0.00251376243654287,0.000647259708140113,0.00259575551952714,-0.209353035833115,-0.054552669518821,-0.14360481448345,0.259667374765658
0.08,0.305,0.0818250398580059,0.30517973667678,0.00182503985800586,0.000179736676779729,0.0018338690673791,-0.172275296084037,-0.0489683710540879,-0.123024244753323,0.217282535840508
0.08,0.32,0.0807844947543558,0.319695844864703,0.000784494754355769,-0.000304155135296746,0.000841393110227972,-0.136761648538906,-0.0403986309883031,-0.0927890766821173,0.170134158584197
0.08,0.335,0.079464009541746,0.334224543608888,-0.000535990458253977,-0.00077545639111154,0.00094266557476925,-0.106895081073652,-0.0306652507686969,-0.0609925046671338,0.126834570033216
0.08,0.35,0.0779882918696053,0.348799119707216,-0.00201170813039467,-0.00120088029278409,0.00234287922853339,-0.0875201697871821,-0.0237788748467114,-0.0401822350133274,0.0991959146197168
0.1,0.05,0.102272205704347,0.0485282913267426,0.00227220570434739,-0.00147170867325741,0.00270718399482006,-0.0765109612030532,-0.0134466137688876,-0.00190638557167703,0.0777069741925662
0.1,0.065,0.100928904983593,0.0639663761941332,0.000928904983593437,-0.0010336238058668,0.00138969156311726,-0.0869825940983942,-0.0191462010739289,0.0132700541037621,0.09004801328798
0.1,0.08,0.0996930512138011,0.0794779551476767,-0.000306948786198913,-0.000522044852323267,0.000605597543907014,-0.112816205192419,-0.0300089042498421,0.0428842015534424,0.124366761251862
0.1,0.095,0.0986948438203004,0.0950215127586081,-0.00130515617969965,2.15127586081221e-05,0.00130533346398195,-0.148104135126247,-0.0413680128551656,0.0742595273779172,0.170764886092641
0.1,0.11,0.0980128527024735,0.110560350847744,-0.00198714729752651,0.00056035084774364,0.00206464220983538,-0.187778994444858,-0.0507591426780692,0.0989366852883684,0.21823374302302
0.1,0.125,0.097679277824389,0.126063463411236,-0.00232072217561104,0.00106346341123637,0.00255278393982164,-0.227665441002779,-0.0572840155007715,0.112087421551158,0.260147492384689
0.1,0.14,0.0976871926634154,0.141505955701872,-0.00231280733658457,0.00150595570187223,0.00275988774267376,-0.264474179997982,-0.0610561726698889,0.111843825667452,0.293570567319146
0.1,0.155,0.0979989240210242,0.15686893940355,-0.00200107597897583,0.00186893940354987,0.00273810875747758,-0.295739946356482,-0.0627385427993162,0.0986067250073969,0.317996519499114
0.1,0.17,0.0985545080041533,0.172138965924634,-0.00144549199584672,0.00213896592463375,0.0025815929843415,-0.319716532376255,-0.0631808989321099,0.0743974651486865,0.33428399134253
0.1,0.185,0.0992792732181621,0.187307179313183,-0.000720726781837929,0.00230717931318331,0.00241713124948552,-0.335251719001848,-0.063157089641744,0.0423024105778667,0.343762100148208
0.1,0.2,0.100090005556444,0.202368443378764,9.00055564441971e-05,0.0023684433787638,0.00237015295679433,-0.341670174158891,-0.0631930298519811,0.00603162829569185,0.347517794811271
0.1,0.215,0.100899709896178,0.217320701045928,0.000899709896177891,0.00232070104592752,0.00248900205742171,-0.338691219644999,-0.063471654029545,-0.0304204507823902,0.345927970054621
0.1,0.23,0.101621511613069,0.232164755212326,0.00162151161306934,0.00216475521232645,0.00270471163723849,-0.326400824704003,-0.0638027386230425,-0.0630546152954877,0.338503331777642
0.1,0.245,0.102172555591884,0.246904538302398,0.00217255559188355,0.00190453830239767,0.00288916319115489,-0.305284980402303,-0.0636528752533726,-0.0881466730689766,0.324069010762046
0.1,0.26,0.102478757249594,0.26154779689508,0.00247875724959436,0.00154779689507994,0.00292231290775572,-0.276317641747846,-0.0622405172758003,-0.102587833014243,0.301247064171073
0.1,0.275,0.102480942516701,0.276106997952297,0.00248094251670135,0.00110699795229735,0.00271671129080124,-0.241084047034372,-0.0587085378283955,-0.104328997846838,0.269170732426645
0.1,0.29,0.102142393344249,0.290600198045125,0.00214239334424871,0.000600198045124734,0.00222487908319816,-0.201912400124851,-0.052388697774162,-0.0929428269334484,0.228367316176171
0.1,0.305,0.101457270694127,0.305051623796178,0.00145727069412688,5.16237961782906e-05,0.00145818479360227,-0.161985434019047,-0.0431679645627801,-0.0702840489906648,0.181776316547093
0.1,0.32,0.100459003373993,0.31949178704555,0.000459003373993072,-0.000508212954449583,0.000684809830834369,-0.125408365160982,-0.0319580893558885,-0.0412006369037453,0.135816341601299
0.1,0.335,0.099227634078348,0.333957077915909,-0.000772365921651974,-0.00104292208409112,0.00129778102560265,-0.0972194955841,-0.0212621219561254,-0.0142333204505473,0.100530085823417
0.1,0.35,0.0978953295271959,0.34848890785075,-0.00210467047280413,-0.00151109214924999,0.00259095296804449,-0.0833411549682423,-0.0158302491655301,-0.00224098717227581,0.0848608757846725
0.12,0.05,0.122245526218864,0.0482576732833142,0.00224552621886392,-0.00174232671668584,0.00284219816115671,-0.0671842074173175,-0.0039228465587989,-0.0395701707898949,0.0780698777367916
0.12,0.065,0.121099843075425,0.063689617003072,0.00109984307542491,-0.00131038299692804,0.001710777130195,-0.0661467487016939,-0.00580093105192191,-0.0353755083858175,0.0752360988614695
0.12,0.08,0.119994055517345,0.0792223811438679,-5.94448265478498e-06,-0.00077761885613209,0.000777641577004607,-0.0847107899583095,-0.0158923988891083,-0.012187786448419,0.0870461364636405
0.12,0.095,0.11906720657652,0.094806364147082,-0.000932793423480238,-0.000193635852917984,0.000952679596938686,-0.115994969804937,-0.0286874773677954,0.0170087631113594,0.120694274043549
0.12,0.11,0.118407452788483,0.110397293198318,-0.00159254721151651,0.000397293198318494,0.00164135569159739,-0.15404572332195,-0.0409399853376996,0.0432865437101179,0.165166313244377
0.12,0.125,0.118056844681964,0.125957238693758,-0.0019431553180361,0.000957238693758189,0.00216613907836959,-0.193899134185624,-0.0510523891808666,0.0612411273136508,0.209651485555547
0.12,0.14,0.118017951222165,0.141455178134478,-0.001982048777835,0.00145517813447793,0.00245887388061688,-0.23158334418994,-0.0585412598800475,0.0683783968387966,0.248462524964399
0.12,0.155,0.118261641321677,0.156867024787256,-0.0017383586783228,0.00186702478725553,0.00255101400441604,-0.264063936620428,-0.0635876358511617,0.0644770573325429,0.279160518598968
0.12,0.17,0.118735125373981,0.172175171300921,-0.00126487462601876,0.00217517130092126,0.00251620309353152,-0.289145516850329,-0.0666779048008102,0.0509809617881385,0.301081948922224
0.12,0.185,0.119369428743594,0.187367724239042,-0.000630571256405987,0.00236772423904175,0.00245025267708276,-0.305352191192514,-0.0683362364274482,0.0304631601881996,0.314385200015468
0.12,0.2,0.120085794755225,0.202437684567204,8.57947552254897e-05,0.00243768456720389,0.00243919388102058,-0.311814716473286,-0.0689435367679729,0.00618055169311177,0.319405842305811
0.12,0.215,0.120800983900251,0.217382336294855,0.000800983900250855,0.00238233629485451,0.00251338445730895,-0.308190943080614,-0.0686342226189252,-0.0182897568347318,0.316270585261819
0.12,0.23,0.121431883745276,0.232203036863813,0.00143188374527578,0.00220303686381296,0.00262748215660998,-0.294638718661672,-0.0672628810189608,-0.0393660774480719,0.304772335961789
0.12,0.245,0.121900113324063,0.246905478159845,0.0019001133240634,0.00190547815984538,0.00269096221859969,-0.271848341979909,-0.0644377059332487,-0.0537781540797484,0.284510096774623
0.12,0.26,0.122137303432856,0.261500342356184,0.0021373034328564,0.00150034235618429,0.00261133934023527,-0.241127819461555,-0.0596240826911565,-0.0589323081051231,0.255285685673401
0.12,0.275,0.122091463951417,0.276004154600445,0.00209146395141691,0.00100415460044456,0.00232003187945131,-0.204521943379703,-0.0523266380314082,-0.0533604263608854,0.217749155091329
0.12,0.29,0.121734408948203,0.290440070215298,0.0017344089482028,0.000440070215297572,0.0017893675402214,-0.16493851942521,-0.0423590667289592,-0.0372631967187467,0.174320322950935
0.12,0.305,0.121069756835571,0.304838345181535,0.00106975683557117,-0.000161654818465251,0.00108190201385536,-0.126253644189893,-0.0302076680070931,-0.0131304927980508,0.130479512089799
0.12,0.32,0.120140715310165,0.319236320006836,0.000140715310164824,-0.000763679993164124,0.000776535852664858,-0.0933728109361109,-0.0174888219184724,0.0136011932977655,0.0959652818796069
0.12,0.335,0.119036804708536,0.333677873027888,-0.00096319529146438,-0.00132212697211187,0.00163577654338386,-0.0722340445419537,-0.00749650510714865,0.033907102662321,0.0801476602137133
0.12,0.35,0.117898885691307,0.348212432332614,-0.0021011143086932,-0.00178756766738569,0.00275863725481949,-0.069750156661385,-0.00583771036591024,0.0346018152222806,0.0780797654720495
0.14,0.05,0.142032080513925,0.048087426917351,0.00203208051392459,-0.00191257308264903,0.00279057109057369,-0.0539515584195727,0.00560131980697116,-0.0711664073125007,0.0894807498716941
0.14,0.065,0.141145548567759,0.0634555984026208,0.00114554856775906,-0.00154440159737923,0.00192287748311803,-0.0347894912793663,0.0108527856403096,-0.080588033615966,0.0884450358940666
0.14,0.08,0.140218245287403,0.0789586638004332,0.00021824528740258,-0.00104133619956676,0.00106396056599931,-0.0399776724215039,0.00415803804072257,-0.0659499216567019,0.0772327433343208
0.14,0.095,0.1393992184579,0.0945390533468775,-0.000600781542099693,-0.000460946653122463,0.00075723858746929,-0.0617661935691949,-0.00803424077485847,-0.0405357281655533,0.0743152590378569
0.14,0.11,0.138787413510262,0.110144914171271,-0.00121258648973765,0.000144914171270938,0.00122121501470029,-0.0933907633280732,-0.0216074062063458,-0.0137517717332753,0.0968391869922463
0.14,0.125,0.138436017137838,0.125731234616536,-0.00156398286216229,0.00073123461653618,0.00172648384225227,-0.129145273108892,-0.0341806411974381,0.00839338582669872,0.133855425269753
0.14,0.14,0.138358482961246,0.14126055898045,-0.00164151703875397,0.0012605589804503,0.00206968285776191,-0.16439566094975,-0.0445936905292064,0.0227343643979627,0.171847036743224
0.14,0.155,0.138535715594377,0.156703191395671,-0.00146428440562321,0.00170319139567149,0.0022461054629827,-0.19553833094312,-0.0524717691484272,0.0283659505729877,0.204433844838093
0.14,0.17,0.138923684020606,0.172036919390767,-0.00107631597939425,0.00203691939076733,0.00230380048875404,-0.219915930992722,-0.0578734317597592,0.0260770261364889,0.22889393128998
0.14,0.185,0.139460763209664,0.187246412899115,-0.000539236790336024,0.00224641289911459,0.00231022666190145,-0.235711816815101,-0.0610227174156317,0.017836398757683,0.244135331171896
0.14,0.2,0.140074350290504,0.202322535757445,7.43502905040023e-05,0.0023225357574449,0.00232372552387501,-0.241849117268954,-0.062123416073809,0.00634696524532694,0.249781298598281
0.14,0.215,0.140686676744008,0.217261818145505,0.000686676744007499,0.00226181814550452,0.00236375681365369,-0.237919204454829,-0.06125078126225,-0.00533759365250019,0.245735200009761
0.14,0.23,0.141220103250328,0.232066275181174,0.00122010325032813,0.0020662751811738,0.00239961352425679,-0.224157439626093,-0.058316151763644,-0.0141592359711311,0.232051478912099
0.14,0.245,0.14160240568749,0.246743637691869,0.00160240568749006,0.0017436376918688,0.00236811663306647,-0.201472805808086,-0.0531027075985762,-0.0174025333984583,0.209079137435705
0.14,0.26,0.141772559652199,0.261307922277329,0.00177255965219944,0.00130792227732929,0.00220286822214576,-0.171525155390425,-0.045374455260698,-0.0130799643424343,0.177906804305899
0.14,0.275,0.141687309860269,0.275780151402692,0.00168730986026853,0.00078015140269172,0.00185893807741982,-0.136832417719089,-0.0350634076302745,-0.000382089122786756,0.141254059032719
0.14,0.29,0.141328453548742,0.290188975459138,0.00132845354874235,0.000188975459138374,0.00134182731948739,-0.100882957487781,-0.0225402619258892,0.0198002120556337,0.105249636732494
0.14,0.305,0.140710406432789,0.304570964255679,0.000710406432789273,-0.000429035744321293,0.000829909012876536,-0.0682269316500802,-0.00897163414338337,0.0442962442070084,0.0818386388648102
0.14,0.32,0.139887388464166,0.318970419053353,-0.000112611535833751,-0.00102958094664696,0.00103572114186265,-0.0445248971150343,0.00323620251074761,0.0670520434456541,0.0805538147326217
0.14,0.335,0.138959549526918,0.333438681300914,-0.00104045047308166,-0.00156131869908588,0.00187623379861121,-0.0365403765483712,0.00990812175885762,0.0785468567745325,0.0871950696510893
0.14,0.35,0.13807756195762,0.348033044175485,-0.00192243804237963,-0.00196695582451456,0.00275039692451474,-0.0520726800732243,0.0044822562995028,0.0652749133169229,0.083620991277649
0.16,0.05,0.161530703611252,0.0481183102610124,0.00153070361125202,-0.00188168973898761,0.00242565657489085,-0.0450328596481241,0.0117399450569959,-0.0914441762941716,0.102605189682901
0.16,0.065,0.160977657367662,0.0633523675101543,0.000977657367662393,-0.00164763248984573,0.0019158566622114,-0.00068125784393776,0.0284473775913195,-0.117257989574234,0.120661339726625
0.16,0.08,0.160289593595207,0.078763008486893,0.000289593595206666,-0.00123699151310702,0.00127043789847577,0.014101731959067,0.0287529168587777,-0.113574523737277,0.118003247568743
0.16,0.095,0.159626696198965,0.0942848310480832,-0.000373303801034564,-0.000715168951916756,0.000806735618187622,0.0078130475783881,0.0201227318459925,-0.0939489326091815,0.0963969511011415
0.16,0.11,0.159099809477317,0.109858475978549,-0.000900190522683184,-0.000141524021451234,0.000911247510710648,-0.0120666015312881,0.00761395053661655,-0.068254799987205,0.0697301472566104
0.16,0.125,0.158774431078381,0.125431821400004,-0.00122556892161907,0.000431821400003973,0.00129941867892528,-0.0391573520490019,-0.00554397065169309,-0.0431099506041777,0.0585021535506878
0.16,0.14,0.158676204872432,0.140960838759844,-0.00132379512756807,0.000960838759844151,0.00163573979048986,-0.0682080247302879,-0.0174513811912302,-0.0223742250464525,0.0738748404125157
0.16,0.155,0.15879754789971,0.156409993222812,-0.00120245210028952,0.00140999322281182,0.00185309793099716,-0.0950715563064792,-0.0271184965473845,-0.00767952820699967,0.0991614404914327
0.16,0.17,0.159104846886201,0.171752193703356,-0.000895153113799202,0.001752193703356,0.00196760815998125,-0.116640134671166,-0.0341231219581181,0.00104542168742686,0.121533562909854
0.16,0.185,0.159545650519244,0.186968416497584,-0.000454349480756299,0.00196841649758417,0.00202017250714513,-0.130759266602131,-0.0383467790853645,0.00508453265752383,0.136361000720621
0.16,0.2,0.160055456612815,0.202047206346816,5.54566128153033e-05,0.0020472063468161,0.00204795733899636,-0.136143844747427,-0.0397887083775458,0.00649224116526027,0.141987489906202
0.16,0.215,0.16056397737558,0.216984274539016,0.000563977375580036,0.00198427453901601,0.00206286594968101,-0.132318203870909,-0.0384558139227353,0.00769682571174653,0.138007996266456
0.16,0.23,0.161001050118919,0.231782359897409,0.00100105011891943,0.00178235989740894,0.00204423779059096,-0.119595999445745,-0.0343264597506213,0.011130649795072,0.124921601296815
0.16,0.245,0.161302535917631,0.246451412092563,0.00130253591763142,0.00145141209256289,0.00195017867877733,-0.099105779928763,-0.0273873295167655,0.0188596748876893,0.104535696298885
0.16,0.26,0.161416548915474,0.261009031718576,0.00141654891547391,0.00100903171857591,0.00173918252033033,-0.0728567237242581,-0.0177445188524822,0.0321842894295275,0.0816014690640109
0.16,0.275,0.161310186743375,0.275480997939047,0.00131018674337506,0.000480997939047434,0.00139568919171986,-0.0438289428886509,-0.00581142931332593,0.0511921410936307,0.067641590659581
0.16,0.29,0.160976656754169,0.289901665105843,0.000976656754169261,-9.83348941568929e-05,0.000981594706013273,-0.0160664042878496,0.00742394338174823,0.0742586765226795,0.0763386938834038
0.16,0.305,0.160442422048234,0.304314029555772,0.000442422048233609,-0.000685970444227635,0.000816267553634886,0.00525076286465551,0.0200508739876608,0.0975081897429503,0.0996867976755657
0.16,0.32,0.159773832108497,0.318769349743118,-0.000226167891503065,-0.00123065025688163,0.0012512601527699,0.0137741369269583,0.0288063784953676,0.114262765558371,0.118640292114477
0.16,0.335,0.15908272089481,0.333326321288943,-0.000917279105190044,-0.0016736787110575,0.00190856002909664,0.00200757935723008,0.0285622286165903,0.114515333997273,0.118040662175623
0.16,0.35,0.158530654314514,0.348049928844883,-0.00146934568548571,-0.00195007115511675,0.00244167038182344,-0.0386146862713343,0.011720347249131,0.0844654674616752,0.0936102434471046
0.18,0.05,0.180616383774448,0.0484971246154573,0.000616383774447699,-0.00150287538454269,0.00162436553117417,-0.0514450082259844,0.00902121461802454,-0.0952220377243702,0.108605760363789
0.18,0.065,0.180486227100585,0.0635131861864207,0.000486227100584713,-0.00148681381357929,0.00156429923914615,0.0253010360971415,0.0425036904097122,-0.140278344462134,0.148743848535792
0.18,0.08,0.180112585552809,0.0787561343578877,0.000112585552809463,-0.00124386564211232,0.00124895045631478,0.0668585506560907,0.0543658484561007,-0.150177473259739,0.173144470205253
0.18,0.095,0.179667995778033,0.094152842571111,-0.000332004221966803,-0.000847157428888967,0.00090989148403837,0.0823341324165929,0.0531557554327188,-0.138700551327775,0.169830232146677
0.18,0.11,0.179276317921051,0.10963657052898,-0.000723682078949073,-0.000363429471019694,0.000809812775768391,0.079812759817347,0.0449249070735299,-0.116158146274646,0.147922449289823
0.18,0.125,0.179016502548871,0.125148178277301,-0.000983497451128537,0.000148178277301458,0.000994597425213014,0.0662588690104136,0.0337992862809898,-0.0897628890177968,0.116576200013392
0.18,0.14,0.178927656592745,0.140637096031365,-0.00107234340725454,0.000637096031364526,0.00124732182545753,0.0474723537037429,0.022462806924732,-0.064072797143507,0.0828464036133545
0.18,0.155,0.179015188891599,0.156061917885047,-0.000984811108401006,0.00106191788504661,0.00144828260840621,0.0280936381998536,0.012562787514241,-0.041470826848305,0.0516420932727175
0.18,0.17,0.179257625365995,0.171390596093951,-0.000742374634005061,0.0013905960939507,0.00157634945165249,0.0116463770665608,0.00504076263637734,-0.0226493385610208,0.0259622790876455
0.18,0.185,0.179613642411402,0.186600320332753,-0.000386357588598257,0.00160032033275265,0.00164629807558929,0.000600888006999218,0.000389158832713901,-0.00707553451916863,0.00711165948156479
0.18,0.2,0.180028972889261,0.201677241808854,2.89728892607759e-05,0.00167724180885442,0.00167749203088461,-0.00356148193649001,-0.00116610176692812,0.00657466294367979,0.00756770377715726
0.18,0.215,0.180443039264689,0.216616222010742,0.00044303926468937,0.00161622201074224,0.00167584527270992,-0.00030178821769177,0.000443376447197528,0.0200135911523464,0.0200207765320006
0.18,0.23,0.180795377267995,0.231420744489628,0.00079537726799548,0.00142074448962753,0.00162823214046737,0.00999183425656562,0.00516441697117605,0.0349572850007242,0.0367221973084805
0.18,0.245,0.181032044766625,0.246103039708389,0.00103204476662486,0.00110303970838893,0.00151056711158442,0.0259832461810503,0.01278535856987,0.0527400039629022,0.0601672903349251
0.18,0.26,0.181112212100999,0.260684368099603,0.00111221210099943,0.000684368099602539,0.00130590024632939,0.0453357876495346,0.0228256732971979,0.0739082201442518,0.0896591972379175
0.18,0.275,0.181015003609813,0.275195320696518,0.00101500360981281,0.000195320696517565,0.0010336259006145,0.0646413697399697,0.0343509803457448,0.0977809216390743,0.122145858789794
0.18,0.29,0.180746460118211,0.289675959255353,0.000746460118211237,-0.000324040744647036,0.0008137598615509,0.07934982236808,0.0457123052615987,0.121974420596305,0.152524693676117
0.18,0.305,0.180346303886973,0.30417564125652,0.000346303886972543,-0.000824358743479914,0.00089414412713168,0.0837184067953278,0.0542085585966341,0.141902878804053,0.173446791404857
0.18,0.32,0.179894093180189,0.31875245239031,-0.000105906819810625,-0.00124754760968993,0.00125203486090661,0.0707986498392271,0.0556703705607895,0.150277152444973,0.175199558902479
0.18,0.335,0.179514401715844,0.333472276230139,-0.000485598284156064,-0.00152772376986071,0.0016030426103422,0.0324723204797523,0.0439600877763699,0.136632069480003,0.147157314561437
0.18,0.35,0.179380848307332,0.348407637411346,-0.000619151692667991,-0.00159236258865447,0.00170849859007258,-0.0404571715591683,0.0103755554804147,0.0869157236311692,0.0964301824768637
0.2,0.05,0.199136788931436,0.0494282130436212,-0.000863211068563546,-0.000571786956378828,0.00103540990548458,-0.086558486193501,-0.010419062117571,-0.0776873764429061,0.116774404582106
0.2,0.065,0.199536832599154,0.0641278853790581,-0.00046316740084601,-0.000872114620941944,0.000987475545655263,0.0295961085977947,0.0460827989694584,-0.144829463176711,0.154839084217806
0.2,0.08,0.199569766793374,0.0791146421086369,-0.000430233206626357,-0.00088535789136307,0.000984357256225025,0.104634462453436,0.0749423068126667,-0.171086109557146,0.214091639948804
0.2,0.095,0.1994219291855,0.0943076391615544,-0.000578070814500231,-0.000692360838445594,0.00090195864494446,0.148119501521922,0.0858426286672078,-0.170402681396175,0.241548139856938
0.2,0.11,0.199231447538472,0.109632872113592,-0.000768552461527572,-0.000367127886407914,0.000851736914251362,0.168611845678514,0.0858706515450674,-0.153480135431305,0.243639004918336
0.2,0.125,0.199091937509322,0.125024348276,-0.000908062490678332,2.43482760003411e-05,0.000908388862503898,0.173553195304078,0.0800820863359799,-0.128094697990125,0.230091666419919
0.2,0.14,0.199057280431309,0.14042512444377,-0.000942719568690964,0.000425124443769742,0.00103414262937151,0.169203970480407,0.0719740762471405,-0.0994890396909458,0.209065465327925
0.2,0.155,0.19914739301804,0.155788065019772,-0.000852606981959658,0.000788065019772466,0.00116102762287352,0.160627438236048,0.0638780483792515,-0.0708039441996526,0.186801521417491
0.2,0.17,0.199354719142501,0.171076267639102,-0.000645280857499306,0.00107626763910235,0.00125488621636943,0.151709243505409,0.0572789041448823,-0.0435237458280923,0.167901471254517
0.2,0.185,0.199651106044344,0.186263197496504,-0.000348893955656099,0.00126319749650422,0.00131049414629287,0.145197623686472,0.053062771435401,-0.0179153197127223,0.155624487805527
0.2,0.2,0.199994775408169,0.201332640511122,-5.22459183061121e-06,0.0013326405111217,0.0013326507525389,0.142747684329864,0.051693822713487,0.00655064086063278,0.151960774943329
0.2,0.215,0.200337226626156,0.216278609121143,0.000337226626156088,0.00127860912114319,0.00132233244006913,0.144954253841453,0.0533201736715434,0.0307973336414141,0.157490533059657
0.2,0.23,0.200630051588935,0.231105306858165,0.000630051588934644,0.00110530685816534,0.00127226893989691,0.151362257125694,0.0578087979428502,0.0557510952076829,0.171349340533461
0.2,0.245,0.200831732713868,0.245827190768069,0.000831732713867911,0.000827190768069253,0.00117304044009449,0.160450488910163,0.0647092949138253,0.0819495592571219,0.191435149837503
0.2,0.26,0.200914498650829,0.260469089551275,0.00091449865082896,0.000469089551274948,0.0010277902458592,0.16959256242171,0.0731461611933409,0.109135870021013,0.214528995753846
0.2,0.275,0.200871226281938,0.275066270337984,0.000871226281938406,6.62703379835095e-05,0.000873743092697543,0.175005832018209,0.081639035393715,0.135830844643247,0.236097586966047
0.2,0.29,0.200722244597791,0.289664322756787,0.000722244597791299,-0.000335677243212984,0.000796439872589127,0.171703664236193,0.0878501447658705,0.158883383894536,0.249887624556841
0.2,0.305,0.200521779815519,0.304318755417765,0.000521779815519263,-0.000681244582235063,0.000858107427253687,0.153467738037588,0.0882574295551793,0.173009236137016,0.247535879387091
0.2,0.32,0.200363742170357,0.319094270110413,0.00036374217035684,-0.000905729889586926,0.00097604047015841,0.112855317064773,0.0777497140739205,0.170337160220602,0.218623298782362
0.2,0.335,0.200386627348363,0.334063772351019,0.00038662734836345,-0.00093622764898077,0.00101291802097633,0.0412529258230812,0.0491358281430881,0.139988187711946,0.153989741449004
0.2,0.35,0.200777486336101,0.349307267446385,0.000777486336100558,-0.000692732553614739,0.00104132770714154,-0.0710153226083414,-0.00744795606719922,0.0677183140043565,0.0984094534400417
