target_x,target_y,gaze_x,gaze_y,error_px_x,error_px_y,error_px_xy,error_deg_x,error_deg_y,error_deg_z,error_deg_xyz
-0.2,0.05,-0.200949185416503,0.0499381832298621,-0.000949185416502712,-6.18167701379249e-05,0.000951196230002891,0.0796065890901426,-0.0284949466494662,-0.00191205641689032,0.0845743948740686
-0.2,0.065,-0.20059254305053,0.0655375995998905,-0.000592543050530109,0.000537599599890477,0.000800075369283375,-0.03533390283696,0.038796042891855,-0.106256679740365,0.118507825189413
-0.2,0.08,-0.200488994742209,0.0808112442207431,-0.000488994742208787,0.000811244220743121,0.000947223861395474,-0.111795970930384,0.0770713210626927,-0.168958206924179,0.216760834498644
-0.2,0.095,-0.200505584456048,0.0958227776441195,-0.000505584456048286,0.000822777644119546,0.000965701141068266,-0.157218514411459,0.0949651284660215,-0.201649024538775,0.272760896216464
-0.2,0.11,-0.200537261785587,0.110637202917689,-0.000537261785586565,0.000637202917688713,0.000833473325645562,-0.178862049888122,0.0991921913164566,-0.213727508685896,0.295821510499202
-0.2,0.125,-0.200509850377487,0.125318401578945,-0.000509850377486534,0.000318401578945068,0.000601104793607466,-0.183495478933071,0.0948591479206673,-0.212337099012065,0.296236540353824
-0.2,0.14,-0.200380599305191,0.139926743726517,-0.000380599305191173,-7.32562734832923e-05,0.000387585232841323,-0.177162601979877,0.0857702910028773,-0.202509767179501,0.282406617529296
-0.2,0.155,-0.200136391460768,0.154516910632849,-0.000136391460768201,-0.000483089367151267,0.000501974070271658,-0.165016348635199,0.074708122823714,-0.18742674538814,0.260654178929491
-0.2,0.17,-0.19978989569042,0.169136033671818,0.000210104309579955,-0.000863966328181996,0.000889146577981578,-0.151208685082324,0.0636748155567255,-0.168756844561439,0.235366733139812
-0.2,0.185,-0.199374095800931,0.183822213776969,0.00062590419906872,-0.00117778622303112,0.00133376776598243,-0.138825009412338,0.0540849971845075,-0.147040471566744,0.209328734716886
-0.2,0.2,-0.198935700680029,0.198603453055681,0.00106429931997133,-0.00139654694431887,0.00175586913241785,-0.129853470903291,0.04690401719156,-0.122094854405902,0.184307063075933
-0.2,0.215,-0.198527948796567,0.213497012719996,0.00147205120343272,-0.00150298728000416,0.00210378361752867,-0.125182031678451,0.0427292687714943,-0.0934223078560559,0.161938496122234
-0.2,0.23,-0.198203294452103,0.228509209560293,0.0017967055478972,-0.00149079043970702,0.00233465349912282,-0.124619026328545,0.0418153083069014,-0.0606080554684584,0.144747259946312
-0.2,0.245,-0.198006428904857,0.243635669569963,0.00199357109514334,-0.00136433043003729,0.00241572416341699,-0.126936114803385,0.0440464030889815,-0.0236967626480731,0.136434629849544
-0.2,0.26,-0.197968059860441,0.258862059823979,0.00203194013955924,-0.00113794017602078,0.00232888139993307,-0.129935368182262,0.0488627233910381,0.0164624991259322,0.139791949742855
-0.2,0.275,-0.198099842786972,0.274165307236389,0.00190015721302779,-0.000834692763611464,0.00207540585039333,-0.130544301706806,0.0551486465159648,0.0579142860845104,0.153092345980143
-0.2,0.29,-0.198390809082924,0.289515280499753,0.00160919091707638,-0.000484719500247463,0.00168060953273545,-0.124943639768529,0.0610935206077178,0.0973514410710661,0.16976647355231
-0.2,0.305,-0.198805550661953,0.304876863192569,0.00119444933804708,-0.000123136807430799,0.00120077970273708,-0.108732352861864,0.0640367129287435,0.129942422336721,0.181131128210338
-0.2,0.32,-0.199284290454282,0.320212293220707,0.000715709545717785,0.000212293220707004,0.000746531021049836,-0.0771331452838456,0.0603098703669721,0.149249246439705,0.178499764417773
-0.2,0.335,-0.199744803572568,0.335483600820162,0.00025519642743238,0.000483600820161641,0.000546804324996851,-0.0252393178250199,0.0450901970423248,0.147254747910015,0.156058081725586
-0.2,0.35,-0.200085979194052,0.350654956590751,-8.5979194052288e-05,0.000654956590750898,0.00066057592870004,0.051698990042848,0.0122795175370049,0.114517066199773,0.126244750471943
-0.18,0.05,-0.179482111101423,0.0512127619693408,0.000517888898577457,0.00121276196934078,0.00131871168401175,0.0555138047765547,-0.00388406184272594,-0.0525788671210569,0.0765598236461441
-0.18,0.065,-0.179596174410268,0.0665302949951647,0.000403825589731843,0.00153029499516469,0.00158268059922031,-0.0252862998787319,0.0418014448042432,-0.137404030172753,0.145830849745452
-0.18,0.08,-0.179871593208069,0.0815618665512482,0.000128406791931102,0.00156186655124818,0.00156713605922457,-0.0712397949074184,0.0632094477113338,-0.184706449992853,0.20781497220166
-0.18,0.095,-0.180178680143369,0.0963683308579454,-0.000178680143368637,0.00136833085794537,0.0013799477998967,-0.0898325423826595,0.0682909296030468,-0.20642103492278,0.235251478520967
-0.18,0.11,-0.180417989583671,0.111011591855406,-0.0004179895836708,0.00101159185540557,0.00109454710907305,-0.0882852263203362,0.063049309157985,-0.211950296029297,0.238101881861457
-0.18,0.125,-0.180523148772713,0.125552321697656,-0.00052314877271252,0.000552321697656427,0.000760752190987771,-0.0732734754141125,0.0518942536215574,-0.208191904830073,0.226728807338499
-0.18,0.14,-0.180461132823738,0.140047767644927,-0.000461132823738317,4.77676449270742e-05,0.00046360029015387,-0.0507217858088928,0.0379833132947494,-0.199730505409892,0.209541774771526
-0.18,0.155,-0.180230104058565,0.154549772672938,-0.000230104058565453,-0.000450227327062319,0.000505620928959605,-0.0256594787031375,0.0235324778483372,-0.189144787825768,0.192322572390391
-0.18,0.17,-0.179855158366945,0.169103095712054,0.000144841633055448,-0.000896904287946296,0.000908524298190544,-0.00212696022071432,0.0100815582211639,-0.177388894156901,0.17768794796276
-0.18,0.185,-0.179382460135974,0.183744074492053,0.000617539864025921,-0.00125592550794681,0.00139953719678064,0.0168787671814688,-0.00129567869874133,-0.164215650619606,0.165085948300131
-0.18,0.2,-0.178872295961792,0.198499641380076,0.00112770403820794,-0.00150035861992373,0.00187691032981598,0.029428909415912,-0.00984292727721714,-0.148617259928447,0.151822420483645
-0.18,0.215,-0.178391557079834,0.213386689762413,0.00160844292016601,-0.00161331023758693,0.00227812610496762,0.034665191438241,-0.0150370092569271,-0.129266165758212,0.134675673771269
-0.18,0.23,-0.17800610992398,0.228411796226479,0.00199389007602045,-0.00158820377352094,0.00254911530956899,0.0327837190496665,-0.0165671029048931,-0.104944027026719,0.111186752005098
-0.18,0.245,-0.177773470057389,0.243571323043399,0.00222652994261099,-0.00142867695660069,0.0026454779212205,0.0250009504564894,-0.0143737564558809,-0.0749495061322526,0.0803061761267701
-0.18,0.26,-0.177736174480635,0.258851941225329,0.00226382551936462,-0.00114805877467107,0.00253829567470492,0.0134991085105251,-0.00874111302495653,-0.0394757909104618,0.0426259444399502
-0.18,0.275,-0.177916242754985,0.274231612099893,0.00208375724501543,-0.000768387900106637,0.00222091517649472,0.00134599658329333,-0.000433277567936718,5.31589190255403e-05,0.00141501333754469
-0.18,0.29,-0.178311101219144,0.289681037354589,0.00168889878085647,-0.000318962645410634,0.00171875427596438,-0.00761690316148402,0.00913639694018233,0.0407018416965687,0.0424043743355109
-0.18,0.305,-0.178891286304339,0.30516553669147,0.00110871369566115,0.000165536691470083,0.00112100332522677,-0.00892386575710768,0.0177160549610923,0.0778155556310253,0.0803041451941452
-0.18,0.32,-0.179600125797613,0.320647251107651,0.000399874202387046,0.000647251107650917,0.000760810997613741,0.00232383884944017,0.0220202948653342,0.104906189595048,0.107217561913809
-0.18,0.335,-0.180355426789647,0.336087515123807,-0.000355426789647451,0.00108751512380659,0.00114412295987239,0.0312230898038991,0.0175443313866243,0.113653145500133,0.119162609490079
-0.18,0.35,-0.181053003193762,0.35144920845707,-0.00105300319376203,0.00144920845706992,0.00179137401960506,0.0827916479761137,-0.00159692686512773,0.0940406525138541,0.125302265473979
-0.16,0.05,-0.158544233325116,0.05193419806921,0.00145576667488354,0.00193419806921001,0.00242082192295038,0.0492223635637504,0.00652836275087271,-0.0767289201000486,0.0913935968514357
-0.16,0.065,-0.159052884485298,0.0670451133367082,0.000947115514701669,0.0020451133367082,0.00225377824068172,-0.00214672933125699,0.0356237650184226,-0.143420526258176,0.147794183054587
-0.16,0.08,-0.159638421697176,0.081905176165594,0.000361578302823712,0.00190517616559399,0.00193918413025177,-0.0223965347184193,0.0447982526642117,-0.176901907194078,0.183855383345774
-0.16,0.095,-0.160174498507181,0.0965714263271665,-0.000174498507181348,0.00157142632716654,0.00158108520666049,-0.0188446693279799,0.0412779648636873,-0.189336914416205,0.194698473502873
-0.16,0.11,-0.160567099405291,0.111101721915825,-0.000567099405290858,0.00110172191582483,0.00123910972689669,0.00151152906737252,0.0303234395794339,-0.19008021242917,0.192489785998132
-0.16,0.125,-0.160757218758818,0.125552674369237,-0.000757218758817596,0.00055267436923695,0.000937458909561758,0.0322413393098791,0.015622204712633,-0.185749830917194,0.189173437450988
-0.16,0.14,-0.160720855178583,0.139977680653375,-0.00072085517858328,-2.23193466246663e-05,0.000721200625155084,0.0676600396597535,-0.000335403964662433,-0.180463745018149,0.192730879088413
-0.16,0.155,-0.160466493246698,0.154425164170519,-0.000466493246697501,-0.000574835829481299,0.000740305464028078,0.102952326171222,-0.0159161701744029,-0.176189845618232,0.20468368814087
-0.16,0.17,-0.160030476329512,0.168937093194685,-3.04763295119331e-05,-0.00106290680531501,0.00106334363375415,0.134250886320727,-0.0300544817373414,-0.173167055947457,0.221163881205828
-0.16,0.185,-0.159470803776117,0.183547800283875,0.000529196223882873,-0.00145219971612504,0.00154561724203812,0.158680873290681,-0.0420242584624564,-0.170364318364044,0.236579243256167
-0.16,0.2,-0.158859908109548,0.198283093446288,0.00114009189045239,-0.00171690655371207,0.00206096521873969,0.174379827312235,-0.0512792375911593,-0.165953142276014,0.24612684324957
-0.16,0.215,-0.158276913044003,0.213159640848817,0.00172308695599727,-0.00184035915118259,0.00252110104186037,0.180500281587486,-0.0573646374018783,-0.15777741095903,0.246505290847253
-0.16,0.23,-0.157799792868684,0.228184626655212,0.00220020713131628,-0.00181537334478822,0.00285245364583942,0.177198991441574,-0.0598996174835066,-0.143810075350942,0.235942499740651
-0.16,0.245,-0.157497796455402,0.243355706296395,0.00250220354459811,-0.0016442937036051,0.00299411495475954,0.165612902418149,-0.0586267175191439,-0.122589381054149,0.21422636454196
-0.16,0.26,-0.157424488247655,0.258661317647279,0.00257551175234516,-0.00133868235272072,0.00290264211158626,0.14781835191791,-0.0535215205514495,-0.0936271025305235,0.182977815899058
-0.16,0.275,-0.157611782950358,0.274081412536409,0.00238821704964226,-0.000918587463590803,0.002558785572194,0.126767334916884,-0.0449530661207507,-0.0577784339145989,0.146386797349127
-0.16,0.29,-0.158065372621001,0.289588650409715,0.00193462737899867,-0.000411349590285284,0.00197787552211942,0.106193462197952,-0.0338830487550811,-0.017558804162622,0.112842492554446
-0.16,0.305,-0.158761920614302,0.305150044515288,0.0012380793856977,0.000150044515287662,0.00124713829299621,0.0904806389891219,-0.0220897390110613,0.0226116971129018,0.0958435891925949
-0.16,0.32,-0.159648298252063,0.320728983329973,0.000351701747937305,0.000728983329972496,0.000809389161578005,0.0844892606230793,-0.012401061060679,0.0562592091779334,0.102261052557094
-0.16,0.335,-0.160642968005671,0.336287485228442,-0.000642968005671013,0.00128748522844228,0.00143910599671242,0.0933374078189676,-0.00892041632557875,0.0748271112385131,0.11996060753016
-0.16,0.35,-0.161639400651903,0.351788500285954,-0.00163940065190277,0.00178850028595434,0.00242618378741553,0.12213767755227,-0.0172283917733707,0.0677918369915558,0.140748615925593
-0.14,0.05,-0.138013684404938,0.0522766466095691,0.00198631559506157,0.00227664660956914,0.00302135225156675,0.051423356608131,0.00812867340404858,-0.0781011538700087,0.0938628208811807
-0.14,0.065,-0.138849889696689,0.0672499214021798,0.00115011030331125,0.00224992140217976,0.00252683597128291,0.0239758855345898,0.0252163552572332,-0.128263226789053,0.132899100540261
-0.14,0.08,-0.13968665644678,0.0820029542124798,0.00031334355322013,0.00200295421247981,0.00202731590030642,0.0239424103106936,0.0263160985138122,-0.149545075641382,0.153718963944292
-0.14,0.095,-0.140400978091586,0.096588082753521,-0.000400978091586401,0.00158808275352104,0.00163792254455553,0.0443792064901898,0.017918044404625,-0.154280356387366,0.161533327623929
-0.14,0.11,-0.140903993744236,0.111058300450578,-0.000903993744236151,0.00105830045057839,0.00139183495189355,0.0786869925755346,0.00453454615184328,-0.151742172723677,0.170990975181935
-0.14,0.125,-0.141143509573133,0.125465436532618,-0.00114350957313278,0.000465436532617644,0.00123460330055506,0.120824082954749,-0.0108718248263132,-0.148255933369862,0.191563335635952
-0.14,0.14,-0.141103718577006,0.139858433706045,-0.00110371857700593,-0.000141566293955508,0.00111276040224852,0.165460107474943,-0.0264799890278287,-0.147476289518977,0.22322086815304
-0.14,0.155,-0.140802344526738,0.154281820826185,-0.00080234452673774,-0.000718179173815309,0.00107681849226694,0.2080801346652,-0.0412414685241833,-0.150775973672423,0.260253168776702
-0.14,0.17,-0.140285677939146,0.16877443424908,-0.000285677939145829,-0.00122556575092002,0.00125842095291788,0.245049432690383,-0.0545668576553332,-0.15770281817516,0.296474520654927
-0.14,0.185,-0.139622091413098,0.183368395280595,0.000377908586902138,-0.00163160471940534,0.00167479815513397,0.273649141007963,-0.0660795643284128,-0.166470674348458,0.327052193150289
-0.14,0.2,-0.13889461529787,0.198088318885988,0.00110538470213051,-0.0019116811140124,0.0022082572362331,0.292092272691839,-0.0754443721740962,-0.174459842082712,0.348491549342408
-0.14,0.215,-0.138193061547073,0.212950722571787,0.00180693845292655,-0.00204927742821256,0.00273213552929683,0.299527318807573,-0.0822741218066168,-0.17871173277703,0.358362871856486
-0.14,0.23,-0.13760606932877,0.227963626084609,0.00239393067122964,-0.00203637391539151,0.00314288446843675,0.296033341986508,-0.0861140220789565,-0.176409354024097,0.355207022259949
-0.14,0.245,-0.137213372348925,0.243126372107344,0.00278662765107485,-0.0018736278926557,0.00335794209983918,0.282606339565021,-0.0864998354966647,-0.165338576473799,0.33865283618114
-0.14,0.26,-0.137078585391153,0.258429736566043,0.00292141460884673,-0.00157026343395736,0.00331668367029578,0.261132684994715,-0.083083229431771,-0.144324594822133,0.309714262550255
-0.14,0.275,-0.137242862871002,0.273856414403669,0.0027571371289983,-0.00114358559633071,0.00298489416298737,0.234342511140758,-0.0758147013704239,-0.113634142148171,0.27125105927318
-0.14,0.29,-0.137719846815064,0.289381950141797,0.00228015318493624,-0.000618049858202713,0.00236243183478366,0.205734596534238,-0.0651716203395812,-0.0753282558691351,0.228579263585148
-0.14,0.305,-0.138492337059359,0.3049761321429,0.00150766294064114,-2.38678570999573e-05,0.00150785185518513,0.179464806176264,-0.0524163129854494,-0.0335444903041629,0.18994828874534
-0.14,0.32,-0.139511041700653,0.320604798109169,0.000488958299346809,0.000604798109168539,0.000777728083171724,0.160192147086871,-0.0398671633897754,0.00531711348418203,0.16516417677939
-0.14,0.335,-0.140695595439164,0.33623192693219,-0.000695595439164226,0.0012319269321904,0.00141474272616689,0.152879421071824,-0.0311646592156129,0.0325323990295585,0.159379191671296
-0.14,0.35,-0.141937797813347,0.351821838630785,-0.00193779781334727,0.00182183863078515,0.00265972862563732,0.16254874815205,-0.0315140812034082,0.037143932024879,0.169690676155468
-0.12,0.05,-0.11778294945231,0.0523720561949287,0.00221705054768989,0.00237205619492874,0.00324683903557165,0.0539133621042901,0.00490328037109638,-0.0613362253610445,0.0818096965564003
-0.12,0.065,-0.118887956812748,0.0672692989428483,0.00111204318725161,0.00226929894284834,0.00252712440183014,0.0444226891055087,0.0139432917414151,-0.0967240544268695,0.107346806035457
-0.12,0.08,-0.119926066449747,0.0819727072028851,7.39335502530636e-05,0.00197270720288507,0.00197409216557071,0.0587478417604006,0.010477991934845,-0.107403886426002,0.122868620208304
-0.12,0.095,-0.120777526411298,0.0965291666167289,-0.000777526411297885,0.00152916661672887,0.00171548764553517,0.0905101223374668,0.000280868713901406,-0.105834335955818,0.139259029676608
-0.12,0.11,-0.121358247226326,0.110986129410045,-0.00135824722632585,0.000986129410044501,0.00167847750690219,0.133670574332744,-0.0128617025708227,-0.101190985390789,0.168145418171325
-0.12,0.125,-0.121622173144911,0.12539006311094,-0.00162217314491063,0.000390063110939629,0.00166841090340034,0.182710471657946,-0.0266904909975898,-0.0995138941809225,0.209758344390512
-0.12,0.14,-0.121560746734628,0.139784986435912,-0.00156074673462844,-0.000215013564088082,0.00157548760782026,0.232760479417353,-0.0400347356974922,-0.104019743460016,0.258070611398288
-0.12,0.155,-0.121199745927829,0.154211175481207,-0.001199745927829,-0.00078882451879253,0.00143583927122451,0.279686923683613,-0.0524156920162116,-0.115524949340444,0.307113040740184
-0.12,0.17,-0.120594025440125,0.168704081432771,-0.000594025440124671,-0.00129591856722935,0.0014255774817263,0.320144283450977,-0.0637098223290981,-0.132934358308369,0.352453172816516
-0.12,0.185,-0.119820804627399,0.183293456282156,0.000179195372600496,-0.00170654371784423,0.0017159261180118,0.351603463812263,-0.0738846534139207,-0.153759975433068,0.390802584346656
-0.12,0.2,-0.118972108236664,0.198002652065945,0.00102789176333625,-0.00199734793405523,0.00224632149230897,0.372364944990304,-0.0828154156192756,-0.17464505112904,0.419542281140681
-0.12,0.215,-0.118146833306672,0.212848054679643,0.00185316669332766,-0.00215194532035695,0.00283991117027719,0.381563977072652,-0.0901859089976561,-0.191879268301556,0.436512476361943
-0.12,0.23,-0.117442764424138,0.227838638225405,0.00255723557586159,-0.00216136177459464,0.0033482739599876,0.379171638689574,-0.0954731367609321,-0.201898772180541,0.440057175348793
-0.12,0.245,-0.116948766757213,0.242975670587949,0.00305123324278728,-0.00202432941205091,0.00366168456729748,0.365991306171349,-0.0980121012620184,-0.201768652157317,0.429263857207585
-0.12,0.26,-0.116737390577162,0.258252646179362,0.00326260942283767,-0.00174735382063827,0.00370106276905544,0.34364586812768,-0.0971343583984414,-0.189644587865996,0.40434306536164
-0.12,0.275,-0.116858207441446,0.273655546383812,0.00314179255855394,-0.00134445361618765,0.00341736974983173,0.314547859348141,-0.0923709827052944,-0.165205368614437,0.367104929305623
-0.12,0.29,-0.117332307900229,0.289163517503135,0.00266769209977102,-0.000836482496865201,0.00279576181151803,0.281843306148418,-0.0837073404760852,-0.130040704037867,0.321486273324374
-0.12,0.305,-0.118148449468961,0.304750008665736,0.00185155053103925,-0.000249991334263872,0.00186835088679797,0.24932064742236,-0.0718738054468071,-0.0879713403061702,0.273981256464276
-0.12,0.32,-0.11926129702154,0.320384339901244,0.000738702978460237,0.000384339901244202,0.000832705980568429,0.221278287616866,-0.0586539227794131,-0.0452728649976671,0.23335396033929
-0.12,0.335,-0.12059203247379,0.336033594007464,-0.000592032473789916,0.00103359400746401,0.00119114189846858,0.202347473599165,-0.0471901043004248,-0.0107716943134149,0.208056441812332
-0.12,0.35,-0.122031357850247,0.351664665931074,-0.00203135785024749,0.00166466593107417,0.00262631440955594,0.197270570725129,-0.0422667921990308,0.00421834634620222,0.201791963005381
-0.1,0.05,-0.0977591627216413,0.0523157004287923,0.00224083727835869,0.00231570042879234,0.0032223935488998,0.0503699811809649,-0.000553462031588115,-0.0316698423380041,0.0595014332357291
-0.1,0.065,-0.0990816338712666,0.067190357463211,0.000918366128733444,0.00219035746321097,0.00237509203254292,0.0527862306264951,0.00363868247119333,-0.054138205594807,0.0757005435367506
-0.1,0.08,-0.10027917426096,0.0818937743767462,-0.000279174260959719,0.00189377437674615,0.00191424127476206,0.0755776837776925,-0.00165903134474308,-0.0557443260476514,0.0939264101927083
-0.1,0.095,-0.101235112129467,0.0964667811697159,-0.00123511212946739,0.00146678116971585,0.0019175372153339,0.113102884826735,-0.0113403179405664,-0.0490398610998451,0.12379733158374
-0.1,0.11,-0.101869637235956,0.110950758315996,-0.0018696372359555,0.000950758315995809,0.0020974948794947,0.160029676095311,-0.0222942956156926,-0.0431031302929533,0.167225693425109
-0.1,0.125,-0.102142044028299,0.125386373333592,-0.00214204402829898,0.000386373333592205,0.00217661135071985,0.211483414539686,-0.0329174702866042,-0.0437148277090051,0.218448708947752
-0.1,0.14,-0.10204997635875,0.139812381837628,-0.00204997635875004,-0.0001876181623717,0.00205854405983593,0.263152569466016,-0.0426474915565768,-0.0536995088136205,0.27194091164348
-0.1,0.155,-0.10162600169857,0.154264561634407,-0.00162600169856952,-0.00073543836559295,0.00178458709883743,0.311358603160664,-0.0515412182986134,-0.0733777715767996,0.324014280695108
-0.1,0.17,-0.10093210724371,0.168774811531422,-0.000932107243710012,-0.00122518846857843,0.00153945142739686,0.353097910380309,-0.0599161555665794,-0.101081937815731,0.372137239475373
-0.1,0.185,-0.100052812901524,0.183370406455021,-5.28129015241706e-05,-0.0016295935449786,0.00163044911739169,0.386064358371813,-0.06806939159855,-0.133698177821874,0.414192081931153
-0.1,0.2,-0.0990875330262331,0.198073372210103,0.000912466973766858,-0.00192662778989716,0.00213178109078284,0.408660846587412,-0.0760825799208644,-0.167209907106196,0.448054039797332
-0.1,0.215,-0.0981426462634671,0.212899939791628,0.00185735373653287,-0.00210006020837245,0.00280357196829365,0.420006687744068,-0.0837163949939259,-0.197229136354747,0.471502533798939
-0.1,0.23,-0.0973235442452618,0.227860064320818,0.00267645575473822,-0.00213993567918203,0.00342676817396619,0.419944420518657,-0.0903939383577526,-0.219511739943988,0.482401450129912
-0.1,0.245,-0.096726815907737,0.242957039232157,0.00327318409226303,-0.0020429607678434,0.00385842232017065,0.409045455154298,-0.0952697136384533,-0.230457135878114,0.479068190647084
-0.1,0.26,-0.0964327328177143,0.258187284076574,0.00356726718228567,-0.00181271592342636,0.00400141652029076,0.388609673310784,-0.0973783217774818,-0.22759164764776,0.460759284155767
-0.1,0.275,-0.0964983168946669,0.273540413038865,0.00350168310533308,-0.00145958696113535,0.00379370250115787,0.360650880569797,-0.0958541613144823,-0.21002864297677,0.428217190591802
-0.1,0.29,-0.0969514264990854,0.288999685708606,0.00304857350091461,-0.00100031429139426,0.00320849327131075,0.327858573004365,-0.0902097912680119,-0.178889571907491,0.384227904411489
-0.1,0.305,-0.0977864009147431,0.304542898760393,0.0022135990852569,-0.000457101239607335,0.00226030140766685,0.293527096838406,-0.080656603429261,-0.137661030257728,0.334087592920481
-0.1,0.32,-0.0989617876287263,0.320143707491829,0.00103821237127374,0.000143707491829209,0.00104811104901804,0.261445558998389,-0.0684479598181482,-0.0924562120671426,0.285634773174585
-0.1,0.335,-0.100400519933138,0.335773289389634,-0.000400519933137916,0.000773289389634141,0.000870857449277172,0.23574507850476,-0.0562229247369803,-0.0521457716743354,0.247903280902202
-0.1,0.35,-0.101992645068805,0.351402199055827,-0.00199264506880473,0.00140219905582686,0.00243655423957554,0.220703368805446,-0.0483285105779684,-0.0283231011811846,0.227701313647574
-0.08,0.05,-0.0778641016792374,0.0521719292098164,0.00213589832076258,0.00217192920981635,0.00304620060552319,0.0368784664850502,-0.00685556678507291,0.00542045576228406,0.0378998875857235
-0.08,0.065,-0.0793591681407545,0.0670687804011921,0.000640831859245544,0.00206878040119213,0.00216576033304259,0.0454420340056179,-0.00514466824512003,-0.00604752988564198,0.0461304541253389
-0.08,0.08,-0.0806810999609878,0.0818136549598653,-0.00068109996098778,0.00181365495986532,0.00193732843635292,0.0711142559412391,-0.0103866626518117,-1.75413239172897e-05,0.0718687772451718
-0.08,0.095,-0.0817160458785902,0.0964408723435256,-0.00171604587859023,0.00144087234352563,0.00224074241441616,0.109140107364112,-0.0180642492501433,0.0108870265646336,0.111159396173997
-0.08,0.11,-0.0823878805128945,0.110985351670296,-0.0023878805128945,0.000985351670296286,0.00258319400317068,0.15502169112623,-0.0256635933049059,0.0176710516389984,0.158122189067051
-0.08,0.125,-0.0826603566995264,0.125481651733566,-0.00266035669952643,0.00048165173356593,0.0027036061401695,0.204634286212235,-0.032162965049064,0.014770866102075,0.207672514104759
-0.08,0.14,-0.0825361825448542,0.139963040609037,-0.0025361825448542,-3.69593909630983e-05,0.0025364518322656,0.254309122200424,-0.037542735790816,-0.00030998535088559,0.257065737875824
-0.08,0.155,-0.0820533914291623,0.154460647908739,-0.0020533914291623,-0.000539352091261436,0.00212304428585588,0.300888240748358,-0.0423410421103198,-0.0274760793269852,0.30509285822557
-0.08,0.17,-0.0812796501840788,0.16900272466207,-0.00127965018407879,-0.000997275337929787,0.00162236330495233,0.341757692341599,-0.0472758485115373,-0.0645775345903709,0.351004229921408
-0.08,0.185,-0.0803052484861889,0.183614003611342,-0.000305248486188871,-0.00138599638865769,0.00141921197419299,0.374866222837727,-0.0529485749698739,-0.107970823113472,0.393683305493467
-0.08,0.2,-0.0792354259880508,0.198315129193439,0.000764574011949231,-0.00168487080656113,0.00185023324328315,0.398736728258697,-0.0596381326667714,-0.153077121141738,0.431255340117296
-0.08,0.215,-0.0781824853706615,0.213122123774594,0.00181751462933848,-0.00187787622540583,0.00261338450018436,0.412476476840971,-0.0671886396482691,-0.194925647484861,0.461138063027786
-0.08,0.23,-0.0772579150132288,0.228045879314519,0.00274208498677118,-0.00195412068548056,0.00336713791343612,0.415789261416994,-0.0749901555602873,-0.228680106464872,0.480416669824557
-0.08,0.245,-0.0765646090093867,0.243091705450554,0.00343539099061334,-0.0019082945494458,0.00392982179568385,0.40898876466828,-0.0820493267374528,-0.250151629607559,0.486396093976375
-0.08,0.26,-0.0761892823439079,0.258259010173443,0.00381071765609207,-0.00174098982655718,0.00418958406415571,0.393008361594133,-0.0871448552311027,-0.256300159739545,0.477222051628837
-0.08,0.275,-0.0761953209709578,0.273541218421247,0.00380467902904222,-0.00145878157875273,0.00407475474213381,0.369399487172277,-0.0890600435881459,-0.245718900269821,0.452511342178777
-0.08,0.29,-0.0766165031453209,0.288926031895505,0.00338349685467909,-0.00107396810449487,0.0035498533005035,0.340309297583795,-0.0868807312580359,-0.219085794695739,0.413954116190213
-0.08,0.305,-0.077452176490712,0.304396096194799,0.00254782350928803,-0.000603903805200673,0.00261841639935604,0.308428929581011,-0.0803421305087931,-0.179555341017161,0.365819405764456
-0.08,0.32,-0.0786644916473585,0.31993007745769,0.00133550835264146,-6.9922542310169e-05,0.00133733754972266,0.276905893868461,-0.0702035907008562,-0.133056148029691,0.315134268350255
-0.08,0.335,-0.0801781474370216,0.335504078035981,-0.000178147437021575,0.000504078035980821,0.000534631813190758,0.249217269089354,-0.0586275042808948,-0.0884558353890146,0.270870823344195
-0.08,0.35,-0.081882823965366,0.351093259102068,-0.00188282396536596,0.00109325910206756,0.00217720957852246,0.229003651757162,-0.0495381233683431,-0.0575549988054926,0.241266164399327
-0.06,0.05,-0.0580339314584458,0.0519799436439068,0.00196606854155423,0.00197994364390677,0.00279026922413161,0.0121555721686312,-0.0135079506810115,0.0445896041982658,0.0481503437758377
-0.06,0.065,-0.0596621724544038,0.0669348561091133,0.00033782754559622,0.00193485610911331,0.0019641271887372,0.0217548292807628,-0.0127429811393548,0.0421582068540258,0.0491219983218108
-0.06,0.08,-0.0610791559125362,0.0817542911614282,-0.00107915591253618,0.00175429116142822,0.00205963952249586,0.0453562473958732,-0.0168813871292921,0.0544762950146649,0.0728686341573559
-0.06,0.095,-0.062173520362326,0.096465749476589,-0.00217352036232604,0.00146574947658895,0.00262156676313359,0.0792134692435557,-0.0218906597266923,0.0688624733875914,0.107219486523854
-0.06,0.11,-0.0628721453778118,0.111097429640578,-0.00287214537781179,0.00109742964057788,0.00307466597979431,0.119768205853873,-0.0257495463056106,0.0763801167963278,0.144365492888869
-0.06,0.125,-0.0631422643971341,0.125677584208046,-0.00314226439713414,0.000677584208045839,0.0032144899907279,0.163733887246525,-0.0279190483360929,0.0716270449248014,0.180883166252822
-0.06,0.14,-0.0629904425233141,0.140233859829115,-0.00299044252331411,0.00023385982911453,0.00299957278706798,0.20815601440566,-0.0288336074795659,0.0523558211814655,0.216567520894038
-0.06,0.155,-0.0624588155975851,0.154792657539168,-0.00245881559758514,-0.000207342460832399,0.0024675423074371,0.250453125706288,-0.0294384947087827,0.0189819556338911,0.252890908516787
-0.06,0.17,-0.0616192766842779,0.169378533591311,-0.00161927668427789,-0.000621466408688931,0.00173443866348013,0.288442959824781,-0.030795691760013,-0.0259693684571752,0.291242693365936
-0.06,0.185,-0.0605663928490077,0.184013640171637,-0.000566392849007696,-0.000986359828363287,0.0011374122253677,0.320359196023577,-0.0337743710093728,-0.0784377563581155,0.331547147425852
-0.06,0.2,-0.0594097313736106,0.198717188966361,0.000590268626389377,-0.00128281103363934,0.00141209815499009,0.344864370243661,-0.0388350459514547,-0.13339661224112,0.37179932206584
-0.06,0.215,-0.0582660366958351,0.213504918733269,0.00173396330416491,-0.00149508126673067,0.00228951888708512,0.361063625411357,-0.0459104644206138,-0.185404676667044,0.408473148634331
-0.06,0.23,-0.0572514433353218,0.22838856581887,0.00274855666467816,-0.00161143418113038,0.00318610794843208,0.368521676242489,-0.054382437068913,-0.22914008259425,0.437346294680113
-0.06,0.245,-0.0564737528507228,0.243375370320689,0.00352624714927724,-0.00162462967931118,0.00388250441760014,0.367282105886361,-0.0631518034418267,-0.259922980977687,0.454362557337078
-0.06,0.26,-0.0560248114991564,0.258467688219295,0.00397518850084358,-0.00153231178070459,0.00426029377044883,0.357884646509281,-0.0707973318176311,-0.274231243104731,0.456396273521405
-0.06,0.275,-0.0559731877602013,0.273662805124379,0.00402681223979867,-0.00133719487562103,0.00424303039701338,0.341373368223776,-0.07581698358241,-0.270205401507501,0.441922978270286
-0.06,0.29,-0.0563575818796502,0.288953046772669,0.00364241812034978,-0.00104695322733089,0.00378989720489501,0.319287451828903,-0.0769408123305172,-0.248126784365821,0.411621179414338
-0.06,0.305,-0.0571815878287407,0.304326250438527,0.00281841217125925,-0.000673749561472647,0.00289782429396381,0.29362669351352,-0.0734992035671103,-0.210840550268229,0.368880706633429
-0.06,0.32,-0.0584104752852884,0.319766606308019,0.00158952471471158,-0.000233393691980832,0.00160656821645872,0.266785862607659,-0.0658246570437096,-0.164086299370031,0.320050249100626
-0.06,0.335,-0.05997052605726,0.335255813455304,2.94739427399993e-05,0.000255813455303483,0.000257505800352046,0.241454858159471,-0.0556616186882797,-0.116694695107036,0.273891327070484
-0.06,0.35,-0.0617511732948799,0.350774438969038,-0.00175117329487989,0.000774438969037922,0.00191477508482459,0.220484571949218,-0.0465580382293322,-0.0806087539459622,0.2393302151588
-0.04,0.05,-0.0382187769115767,0.0517594317256457,0.00178122308842327,0.00175943172564566,0.00250366844608878,-0.022548688606039,-0.0205164600643057,0.0809910132523899,0.086538512481102
-0.04,0.065,-0.0399451284342203,0.066799317726966,5.48715657796572e-05,0.00179931772696604,0.00180015420764593,-0.0160603757437868,-0.0199135248878533,0.0855949073214547,0.0893362967619668
-0.04,0.08,-0.0414322894718996,0.081718095403294,-0.00143228947189961,0.00171809540329401,0.00223680686384285,0.00144479123550846,-0.0226603609689765,0.102922478929831,0.105397434427163
-0.04,0.095,-0.0425710113827906,0.0965362814221622,-0.00257101138279056,0.00153628142216217,0.00299503925492125,0.0273207158166439,-0.0250836733984703,0.120244029801909,0.125834197470836
-0.04,0.11,-0.0432904404592533,0.11127521304805,-0.00329044045925332,0.00127521304805012,0.00352890446651769,0.0590290039035137,-0.0255282245089427,0.128649932000441,0.143829515106539
-0.04,0.125,-0.043560253522912,0.125956730096444,-0.00356025352291205,0.000956730096443814,0.00368656176197402,0.0941897377037278,-0.0238169315860742,0.1228347017119,0.156612043391518
-0.04,0.14,-0.0433896185740002,0.140602787886374,-0.00338961857400018,0.000602787886374273,0.00344279934256508,0.130619435293076,-0.020729325456873,0.100709745643894,0.166233612913517
-0.04,0.155,-0.0428233893316888,0.155235018581563,-0.00282338933168877,0.000235018581562996,0.00283315390545128,0.166358830460254,-0.0175257824231968,0.0629025433661949,0.178715330561721
-0.04,0.17,-0.0419362450108979,0.169874257501438,-0.00193624501089786,-0.000125742498562148,0.00194032366325092,0.199693324152497,-0.0155411325600049,0.012194070658111,0.200668101684679
-0.04,0.185,-0.0408255864673059,0.184540044179925,-0.000825586467305916,-0.000459955820075408,0.000945067389882808,0.229169381335729,-0.0158645849174464,-0.0470639305902214,0.23448961747858
-0.04,0.2,-0.039603886711077,0.199250101139092,0.000396113288922972,-0.000749898860907927,0.000848088461926219,0.253610272749726,-0.0191153027243212,-0.109524414429261,0.276910295680137
-0.04,0.215,-0.0383909352863109,0.214019793156455,0.00160906471368908,-0.000980206843544856,0.00188411642659669,0.27213393254228,-0.0253166048193555,-0.169401458021891,0.321550825025036
-0.04,0.23,-0.0373061353712803,0.228861581285905,0.00269386462871969,-0.00113841871409506,0.00292453480171957,0.284174128845233,-0.0338679349987878,-0.221009030385879,0.361590096639829
-0.04,0.245,-0.0364608365091056,0.24378450812118,0.00353916349089435,-0.00121549187882028,0.00374207144810966,0.289503818439821,-0.0436121616163798,-0.25929028886368,0.391083788013882
-0.04,0.26,-0.03595069038841,0.258793776378608,0.00404930961158996,-0.00120622362139156,0.00422514896250035,0.288257018151808,-0.0529948967212203,-0.280344067222722,0.405578661282008
-0.04,0.275,-0.0358481934647247,0.273890500260289,0.00415180653527535,-0.00110949973971083,0.0042974977811249,0.280943472022327,-0.0603104824618198,-0.28194612192474,0.402567846621436
-0.04,0.29,-0.0361958414683447,0.289071707689368,0.00380415853165533,-0.000928292310631906,0.003915782009758,0.268449404066025,-0.0640249937610005,-0.264049208499379,0.381951315147162
-0.04,0.305,-0.0370005424282659,0.304330646814248,0.00299945757173412,-0.000669353185751537,0.00307323598376513,0.252017983592123,-0.0631604107059715,-0.229232454449905,0.346482590549118
-0.04,0.32,-0.0382300096014189,0.319657406091254,0.00176999039858108,-0.000342593908746358,0.00180284125684413,0.233204661532058,-0.0577176876907379,-0.183060447552832,0.30203821670926
-0.04,0.335,-0.0398117358321652,0.335039804878891,0.000188264167834767,3.98048788910199e-05,0.000192426155379268,0.213804782410188,-0.0491118832560581,-0.13430773253284,0.257221966791502
-0.04,0.35,-0.0416348610485775,0.350464464876089,-0.00163486104857746,0.000464464876088977,0.00169955825709981,0.195753337852505,-0.0405912269782873,-0.0950046975314169,0.221343557557593
-0.02,0.05,-0.0183822096836666,0.0515159537325513,0.00161779031633338,0.00151595373255134,0.00221706139447206,-0.0638530758760024,-0.0279973010960678,0.110603215125494,0.130744570751272
-0.02,0.065,-0.0201748266734528,0.0666588694151998,-0.000174826673452783,0.0016588694151998,0.00166805638466926,-0.0634028279075782,-0.0273716422323498,0.120203134874696,0.138628743037183
-0.02,0.08,-0.0217104836317641,0.0816935904837874,-0.0017104836317641,0.00169359048378742,0.00240707353051547,-0.0548558075693226,-0.0290466055200287,0.141297241233604,0.154330132171448
-0.02,0.095,-0.0228816556095009,0.0966336245045576,-0.00288165560950088,0.00163362450455756,0.00331250178470274,-0.0397001479626464,-0.0295676035995834,0.161116955843885,0.168549811267046
-0.02,0.11,-0.0236189958353373,0.111493415372548,-0.00361899583533733,0.00149341537254832,0.00391502494642787,-0.0194017911515034,-0.0275026749219981,0.170745689658265,0.17403143523887
-0.02,0.125,-0.0238935628349204,0.126288357872596,-0.0038935628349204,0.00128835787259596,0.00410118245843237,0.00461285342523731,-0.0228992940739192,0.164905276304787,0.166551570915976
-0.02,0.14,-0.0237158552514588,0.141034687254872,-0.00371585525145877,0.00103468725487149,0.00385722153436736,0.0309721699940824,-0.0167571461433197,0.141569460559927,0.145883518337419
-0.02,0.155,-0.0231320582459141,0.155749240435506,-0.00313205824591407,0.00074924043550606,0.00322042700367446,0.0583740814896715,-0.0105451636337858,0.10146209162502,0.117529973827987
-0.02,0.17,-0.0222182191043031,0.17044910094063,-0.00221821910430308,0.000449100940629943,0.00226322505499781,0.0856014167699295,-0.00578737219379581,0.0474923610989889,0.0980643816084093
-0.02,0.185,-0.021073176962136,0.185151149653687,-0.00107317696213596,0.000151149653687371,0.00108376889135515,0.111538863562655,-0.00373520876936153,-0.0158304874558285,0.112718580103656
-0.02,0.2,-0.0198109576910667,0.19987154820908,0.000189042308933273,-0.000128451790919581,0.00022855383864042,0.135192322022681,-0.00513603806419453,-0.0829749261531643,0.158707899284511
-0.02,0.215,-0.0185530767460804,0.214625184546694,0.00144692325391961,-0.00037481545330581,0.00149468174765405,0.155711095149489,-0.0101010020838274,-0.147945589975205,0.21502541071739
-0.02,0.23,-0.0174208966713861,0.229425114841062,0.00257910332861391,-0.000574885158938304,0.00264239794989983,0.172412574073452,-0.0180715122612932,-0.204824520201182,0.268339134207304
-0.02,0.245,-0.0165279956082032,0.244282044494994,0.00347200439179678,-0.000717955505006168,0.003545458306598,0.184807916388279,-0.0278823783411785,-0.248304727973005,0.310784278448416
-0.02,0.26,-0.015972501519097,0.259203901047383,0.004027498480903,-0.000796098952617286,0.0041054253806438,0.192625894277531,-0.0379190710901621,-0.274224226421146,0.337256350369712
-0.02,0.275,-0.0158295296662831,0.274195557869573,0.00417047033371688,-0.000804442130426825,0.00424734622389302,0.195830964021222,-0.0463648323478677,-0.280099168699876,0.344899068800157
-0.02,0.29,-0.016144140335066,0.289258762920528,0.003855859664934,-0.000741237079471629,0.00392645974939876,0.194631030955245,-0.0515289882055231,-0.265640388534955,0.333319072658037
-0.02,0.305,-0.0169254796222916,0.304392307902942,0.00307452037770845,-0.000607692097058327,0.00313400147379857,0.189470569485512,-0.0522411887333673,-0.233223042393015,0.304994173154786
-0.02,0.32,-0.0181428629659478,0.319592441508091,0.00185713703405221,-0.000407558491909266,0.00190133160905078,0.18100568743507,-0.0482891692408448,-0.188268159921077,0.265593541149763
-0.02,0.335,-0.0197244540106462,0.334853492965611,0.000275545989353809,-0.000146507034389481,0.000312073554429994,0.170059229541709,-0.040872360079785,-0.139489743433584,0.22371442394225
-0.02,0.35,-0.021558901499057,0.350168638261684,-0.00155890149905705,0.000168638261683562,0.00156799641168785,0.15755573742963,-0.0330419180948684,-0.098961205277469,0.188968069439103
0,0.05,0.00149926820390481,0.0512460253525939,0.00149926820390481,0.00124602535259388,0.00194945744414867,-0.106896363362736,-0.0358565528156934,0.130487674143268,0.172451675650328
0,0.065,-0.000329837256653781,0.0665013525999462,-0.000329837256653781,0.00150135259994624,0.00153715719600899,-0.114018383845728,-0.0354128254180773,0.14300400334264,0.186291265510486
0,0.08,-0.00189421895357386,0.0816606226400555,-0.00189421895357386,0.00166062264005548,0.00251907383709634,-0.115962159551837,-0.03673297607476,0.1666172383969,0.206295623042648
0,0.095,-0.00308771478006001,0.0967304485857926,-0.00308771478006001,0.00173044858579258,0.00353955291965985,-0.1130365132559,-0.0364337152603652,0.188532764688384,0.222821307043231
0,0.11,-0.00384174758229471,0.111718453337325,-0.00384174758229471,0.00171845333732484,0.0042085753359813,-0.105612315473897,-0.0331550956023392,0.199795197094227,0.228410620199604
0,0.125,-0.00412771320609077,0.126633619581839,-0.00412771320609077,0.00163361958183852,0.00443922619945216,-0.0941389931887352,-0.0270221600031377,0.195084875073882,0.218289975239601
0,0.14,-0.00395618424308472,0.141486461462707,-0.00395618424308472,0.00148646146270723,0.00422622307094,-0.0791525098701933,-0.0191197110444432,0.172340431158726,0.19060939349999
0,0.155,-0.00337330988188494,0.156288991473773,-0.00337330988188494,0.00128899147377312,0.00361119351166376,-0.0612741260016108,-0.0110087314980005,0.132264291158675,0.146183326665568
0,0.17,-0.00245511516124628,0.171054488422899,-0.00245511516124628,0.00105448842289943,0.00267199107203042,-0.0412004103558256,-0.0043094751074126,0.0777631813016255,0.0881087923236186
0,0.185,-0.00130052152087821,0.185797100050771,-0.00130052152087821,0.000797100050771049,0.00152536052040381,-0.0196858739471556,-0.000369477202030076,0.0133662187328473,0.0237976040569219
0,0.2,-2.38048580307015e-05,0.200531331884209,-2.38048580307015e-05,0.000531331884208841,0.000531864872352724,0.00247984956243595,-2.67898060071078e-05,-0.0553510186393132,0.0554065508364693
0,0.215,0.00125305851979977,0.215271480958159,0.00125305851979977,0.00027148095815932,0.00128213008883104,0.024498144981909,-0.00347209128152599,-0.122324369233362,0.124801730719993
0,0.23,0.00240800851499898,0.230031071451955,0.00240800851499898,3.10714519546618e-05,0.00240820897005102,0.0455887713764239,-0.0102094615647659,-0.181543037442409,0.187457928532896
0,0.245,0.00332652971700798,0.244822343370001,0.00332652971700798,-0.000177656629999107,0.00333127030370095,0.0650164329599521,-0.0191143512857513,-0.227585500812382,0.237461019690169
0,0.26,0.00390934987963829,0.259655838296572,0.00390934987963829,-0.000344161703427631,0.00392446986987212,0.0821146260819652,-0.0285869008338507,-0.256158121574757,0.270512738881346
0,0.275,0.00408008480267914,0.274540118602516,0.00408008480267914,-0.000459881397484041,0.00410592046888456,0.0963048015917944,-0.0367970944624591,-0.264635674424937,0.284008532101315
0,0.29,0.00379241954987866,0.289481646641211,0.00379241954987866,-0.000518353358788526,0.0038276802696763,0.107108837461831,-0.042013867268001,-0.252588352460915,0.277558092231085
0,0.305,0.00303615667433704,0.304484836369822,0.00303615667433704,-0.000515163630178006,0.0030795520643398,0.114152877517365,-0.0430034476397659,-0.222264702472261,0.253538712651471
0,0.32,0.00184135037983532,0.31955227112122,0.00184135037983532,-0.000447728878779696,0.00189500194464623,0.117160892391042,-0.039474713731894,-0.178988508077081,0.217535906461604
0,0.335,0.000279841539734565,0.334685060267319,0.000279841539734565,-0.000314939732681208,0.000421305497925582,0.115936916319381,-0.0325436218014198,-0.131421998515671,0.17824764572567
0,0.35,-0.00153620479468397,0.349883288746315,-0.00153620479468397,-0.000116711253684565,0.00154063191189416,0.110335846026896,-0.0251866458827922,-0.0916476540929679,0.145628534178653
0.02,0.05,0.0214366842049716,0.0509419000324796,0.00143668420497164,0.000941900032479598,0.00171791652183687,-0.146153252491637,-0.0435963601405413,0.138953476810189,0.206323848717885
0.02,0.065,0.0195999201182234,0.0663105731368641,-0.000400079881776566,0.00131057313686406,0.00137027948202987,-0.160910184910817,-0.0436845518818368,0.152267880441822,0.225800799571882
0.02,0.08,0.018025925914563,0.0815951905628459,-0.00197407408543698,0.00159519056284591,0.00253803101371644,-0.173467039983979,-0.0455178347376189,0.177109777170904,0.252052896958858
0.02,0.095,0.0168197905859982,0.0967957279424952,-0.00318020941400185,0.00179572794249522,0.00365217342966679,-0.182969648406761,-0.0456388535763191,0.200678067541876,0.27537725026501
0.02,0.11,0.0160499890607304,0.111913166660276,-0.0039500109392696,0.00191316666027588,0.00438893985950373,-0.1887026366891,-0.0426086415028525,0.213953291679604,0.288444740229106
0.02,0.125,0.01574576945988,0.126950177050167,-0.00425423054011996,0.00195017705016734,0.00467992179587317,-0.1901398755785,-0.0364812516216655,0.21151129820471,0.286742488803208
0.02,0.14,0.0158976890570384,0.141911578371581,-0.00410231094296162,0.00191157837158062,0.00452582444902998,-0.186976339644744,-0.0282883946363011,0.191162848367909,0.268893570326214
0.02,0.155,0.0164609599489612,0.156804524108411,-0.00353904005103882,0.0018045241084105,0.00397254474369913,-0.179141415430481,-0.0195621404190818,0.15347454302202,0.236704117213419
0.02,0.17,0.0173609363920393,0.171638409133552,-0.00263906360796069,0.00163840913355248,0.00310629058778645,-0.16679556263554,-0.0119206452891097,0.101222037522016,0.195470712485365
0.02,0.185,0.0184999431724486,0.186424540645389,-0.0015000568275514,0.00142454064538938,0.00206869198679986,-0.150313869343874,-0.0067355533533959,0.0388175176864695,0.155391252893622
0.02,0.2,0.0197647329859259,0.201175646864382,-0.00023526701407406,0.00117564686438229,0.00119895626177239,-0.130261039002093,-0.00489211915498269,-0.0282602019700768,0.133381101211935
0.02,0.215,0.0210341123319185,0.215905310253421,0.00103411233191849,0.00090531025342086,0.00137439985811075,-0.107362459802664,-0.00664658410237312,-0.0940204334515111,0.142866116822175
0.02,0.23,0.0221865692669347,0.230627405736017,0.00218656926693472,0.000627405736017078,0.00227480177525221,-0.0824752546462036,-0.0115814212250773,-0.152501643221938,0.173761535655986
0.02,0.245,0.0231079365724383,0.245355604993267,0.00310793657243834,0.000355604993266784,0.00312821429085925,-0.0565618848036721,-0.0186576313537107,-0.198307973461347,0.207059056841978
0.02,0.26,0.0236991399641569,0.260102983572184,0.00369913996415687,0.000102983572184023,0.00370057321107991,-0.0306674391544547,-0.0263627396050493,-0.227149616121221,0.230721706611083
0.02,0.275,0.0238839073014982,0.274881745325616,0.00388390730149819,-0.000118254674383783,0.00388570715502913,-0.00590061236272567,-0.0329513922807662,-0.236386221998569,0.238744926447303
0.02,0.29,0.0236160326007921,0.289703062333578,0.00361603260079207,-0.000296937666422248,0.00362820392863072,0.0165821866172546,-0.0367710968978852,-0.225558134459722,0.229136693872026
0.02,0.305,0.0228855277451789,0.30457701806416,0.00288552774517886,-0.000422981935840033,0.00291636487536179,0.0355901688400479,-0.0366588492050928,-0.196875161746877,0.20339715854185
0.02,0.32,0.0217228763684073,0.319512635219603,0.00172287636840734,-0.00048736478039707,0.00179048245173974,0.0499092174390292,-0.0323868680536105,-0.155620950726891,0.166606539702175
0.02,0.335,0.020200692201875,0.334517965641869,0.000200692201875047,-0.000482034358130906,0.000522144120250462,0.0583106687842656,-0.0251298157047599,-0.110424995913661,0.127378680081369
0.02,0.35,0.0184323649007412,0.349600216909764,-0.00156763509925881,-0.000399783090235778,0.00161780911224614,0.059557905894394,-0.0179235307008071,-0.0733537168507291,0.0961725899312903
0.04,0.05,0.0414289712969712,0.0505960891578793,0.0014289712969712,0.000596089157879259,0.00154831561760151,-0.176311290704939,-0.0502796190214403,0.1356132133888,0.228045442001663
0.04,0.065,0.0396134746559326,0.0660708568387632,-0.000386525344067384,0.00107085683876323,0.00113847978055493,-0.197317599841817,-0.0511449072423811,0.147579494237668,0.251654218470164
0.04,0.08,0.0380494988217792,0.0814739909089376,-0.00195050117822079,0.00147399090893763,0.0024448116585683,-0.219210559864263,-0.0542549424152393,0.172287101137861,0.28404203700489
0.04,0.095,0.0368412377190566,0.0967992339471138,-0.00315876228094336,0.00179923394711379,0.00363524716408075,-0.240026834461449,-0.0559439712190859,0.196957246655109,0.315491707785379
0.04,0.11,0.036057615182785,0.11204122186886,-0.00394238481721498,0.00204122186885994,0.00443948023589691,-0.258005631644562,-0.0545522106077816,0.212491502310408,0.338667716405457
0.04,0.125,0.0357293954824504,0.127196491767011,-0.00427060451754961,0.00219649176701073,0.00480235765305553,-0.271672735376695,-0.0499211024683908,0.213308857125965,0.348997473818662
0.04,0.14,0.0358493778703533,0.142264235463959,-0.00415062212964667,0.00226423546395896,0.00472804677423586,-0.279896829404052,-0.0428953935828223,0.197009505117172,0.344957032762127
0.04,0.155,0.0363753936311678,0.157246720930056,-0.00362460636883223,0.00224672093005632,0.00426444911641965,-0.281918799164476,-0.0348589815585461,0.1639186655765,0.327967956571524
0.04,0.17,0.0372354925313583,0.172149365103994,-0.00276450746864169,0.0021493651039938,0.00350175268893192,-0.2773571381317,-0.027328897922333,0.116559521530215,0.302093005894211
0.04,0.185,0.0383345575167117,0.186980503092421,-0.00166544248328831,0.00198050309242051,0.00258768065344794,-0.266194835695177,-0.0216262230253256,0.0590959177975562,0.273532180332408
0.04,0.2,0.0395616504629645,0.201750944628974,-0.000438349537035494,0.00175094462897449,0.00180498127700922,-0.248754515290747,-0.0186357879870744,-0.00322726269198565,0.249472673899441
0.04,0.215,0.0407976178993427,0.216473428408075,0.000797617899342653,0.00147342840807538,0.00167546578212607,-0.225668657308359,-0.0186603509018507,-0.0646329795723186,0.235482593181568
0.04,0.23,0.041922760819703,0.231162076138749,0.00192276081970297,0.001162076138749,0.00224664864231918,-0.197850401183648,-0.0213709681524317,-0.119350283127952,0.232047545152556
0.04,0.245,0.0428245666307998,0.245831917684944,0.00282456663079976,0.000831917684944256,0.00294453114881648,-0.166468066257605,-0.0258535079132473,-0.162149554247683,0.233821673021145
0.04,0.26,0.043405523387828,0.260498518907085,0.00340552338782799,0.000498518907084911,0.00344181792745702,-0.132923873074918,-0.030750304299066,-0.188881764436798,0.23300371886925
0.04,0.275,0.0435908767905246,0.275177707820025,0.00359087679052458,0.000177707820024853,0.0035952713658396,-0.0988351677759968,-0.034493941585272,-0.197020281272011,0.223103734886065
0.04,0.29,0.0433359231362516,0.28988537136162,0.00333592313625156,-0.000114628638380465,0.00333789198382982,-0.0660152714452195,-0.0356258106174005,-0.186190127648842,0.200733702438654
0.04,0.305,0.0426321805129,0.304637287286708,0.00263218051290004,-0.000362712713292357,0.00265705377530727,-0.0364510198696071,-0.0331855244325044,-0.158655087836314,0.166136727173374
0.04,0.32,0.0415116642177507,0.319448960519862,0.00151166421775067,-0.00055103948013796,0.00160896650552411,-0.0122748095823175,-0.0271500730407078,-0.119721540495601,0.123373621798504
0.04,0.335,0.0400485755574756,0.334335445156741,4.85755574756441e-05,-0.000664554843258863,0.000666327790567737,0.00427003318779721,-0.0188959458178234,-0.0780115588412154,0.0803809326011686
0.04,0.35,0.0383579859765007,0.349311146288183,-0.00164201402349931,-0.000688853711816845,0.00178065423079615,0.0108710679384788,-0.0116550274482864,-0.0455566036434185,0.0482641073351569
0.06,0.05,0.0614632711850238,0.0502056722177878,0.00146327118502382,0.000205672217787833,0.00147765477094306,-0.193099808912151,-0.0546543757604078,0.121325412997057,0.234509210064782
0.06,0.065,0.0596989838187758,0.0657714173023458,-0.000301016181224217,0.000771417302345784,0.000828067265212952,-0.217647072224506,-0.0562104510011627,0.129793176602481,0.259569348689346
0.06,0.08,0.0581662361685218,0.0812788015023465,-0.00183376383147821,0.00127880150234649,0.00223562587926542,-0.24630484975806,-0.0610217602570377,0.152917020200579,0.296266003578267
0.06,0.095,0.0569683598362044,0.0967158922137524,-0.00303164016379565,0.00171589221375243,0.00348355108645691,-0.276090188990455,-0.0650989242168276,0.177980032868689,0.33487441484981
0.06,0.11,0.0561751219892798,0.112071406909013,-0.00382487801072023,0.00207140690901292,0.00434976072670643,-0.304269072532605,-0.0664371196904594,0.19580311269948,0.367876179221771
0.06,0.125,0.0558195240208906,0.127336029655397,-0.00418047597910935,0.0023360296553965,0.00478888441735674,-0.328473204098388,-0.0645386391855415,0.200610503051809,0.390262789080637
0.06,0.14,0.0558975901380502,0.142503460201463,-0.00410240986194983,0.00250346020146336,0.004805942119474,-0.346781199927758,-0.0599392264512027,0.18972374891788,0.399807029691438
0.06,0.155,0.0563709345677001,0.15757109115954,-0.00362906543229993,0.00257109115953985,0.00444754153016903,-0.357765491031041,-0.0537635206754557,0.163134820235731,0.396863026751826
0.06,0.17,0.0571715664602692,0.172540279843179,-0.00282843353973079,0.00254027984317914,0.0038017177657391,-0.360509063056666,-0.0473329138487589,0.123004983035885,0.383846279379733
0.06,0.185,0.0582082276198325,0.187416256041667,-0.00179177238016747,0.00241625604166748,0.0030081126177764,-0.354598807740351,-0.0418444551693511,0.0731281420935236,0.36447146115087
0.06,0.2,0.0593735918852889,0.202207765614557,-0.000626408114711074,0.00220776561455721,0.00229491092092854,-0.340103920193441,-0.0381333842055165,0.0183857575554138,0.342729073543268
0.06,0.215,0.0605518462951303,0.216926577031921,0.000551846295130283,0.00192657703192087,0.00200405423912978,-0.317547807433261,-0.0365262311206813,-0.0357930486553744,0.321639844507053
0.06,0.23,0.0616264201216067,0.231586969450649,0.00162642012160667,0.00158696945064873,0.00227238078878946,-0.287880217508367,-0.0367874575938028,-0.0839645740318265,0.302123481144085
0.06,0.245,0.0624878078710428,0.246205282857992,0.00248780787104281,0.00120528285799174,0.00276439772301152,-0.252453190704682,-0.0381604095945473,-0.12120211197154,0.282628633144285
0.06,0.26,0.0630414583930543,0.260799559121949,0.00304145839305428,0.000799559121949178,0.00314479950810421,-0.213000859527005,-0.039501832391944,-0.143630951433933,0.259922540377192
0.06,0.275,0.0632155607762394,0.275389255277287,0.00321556077623936,0.000389255277287087,0.00323903547010293,-0.171620097501405,-0.0395068034260162,-0.148964106664752,0.230661271819187
0.06,0.29,0.0629683144910507,0.289994980817377,0.00296831449105071,-5.01918262343914e-06,0.00296831873456606,-0.130747292503603,-0.0370166028994494,-0.137023647812992,0.192978233627872
0.06,0.305,0.0622940407816695,0.304638204633761,0.0022940407816695,-0.000361795366238676,0.00232239509881385,-0.0931263241285979,-0.0313958839971204,-0.110218982281682,0.14767007112008
0.06,0.32,0.0612273866954261,0.319340891410017,0.00122738669542613,-0.000659108589983443,0.00139316267302101,-0.0617638320639904,-0.0229588692339057,-0.073942384077757,0.0990422093590749
0.06,0.335,0.0598449555948968,0.33412505297916,-0.000155044405103166,-0.000874947020840067,0.00088857810958334,-0.0398693677328335,-0.0134190869731209,-0.0368355389801297,0.0559150745273915
0.06,0.35,0.0582639616746149,0.3490122272846,-0.00173603832538508,-0.000987772715400126,0.00199737928408571,-0.0307792668248501,-0.00633478649317946,-0.010878964330838,0.0332542430894988
0.08,0.05,0.0815152118354425,0.0497764376002,0.00151521183544248,-0.000223562399799981,0.00153161583070602,-0.193971226382668,-0.0554091987462064,0.0980309572593157,0.224288093283715
0.08,0.065,0.0798338479306448,0.0654106045318009,-0.000166152069355219,0.000410604531800918,0.000442947617316622,-0.218247346283373,-0.0570615119715943,0.100883369618251,0.247114283749434
0.08,0.08,0.0783560222151249,0.0810008038493669,-0.0016439777848751,0.0010008038493669,0.00192464835803075,-0.249997954923495,-0.0634719373598252,0.120892543976988,0.28485582076319
0.08,0.095,0.0771840686022213,0.0965301436685863,-0.00281593139777872,0.00153014366858628,0.00320481033502931,-0.285342396633917,-0.0702377168680607,0.145454143700656,0.327888428460248
0.08,0.11,0.0763888049835368,0.111981997233357,-0.00361119501646325,0.00198199723335651,0.00411934976421787,-0.320675052106866,-0.0749091602395998,0.165321386473629,0.368477272196149
0.08,0.125,0.0760060054990965,0.12734160384407,-0.00399399450090353,0.00234160384407017,0.00462980568013516,-0.352813623519482,-0.0765449467635553,0.174502870183972,0.400984400927821
0.08,0.14,0.0760357400150309,0.14259740981479,-0.00396425998496913,0.00259740981479045,0.00473939816584313,-0.379105320108085,-0.0752684207419715,0.16999131615309,0.422236939789162
0.08,0.155,0.076444448498647,0.157742019000039,-0.00355555150135305,0.00274201900003868,0.00449005731314724,-0.397492868771495,-0.0718483268562093,0.15137107086803,0.431366251378603
0.08,0.17,0.0771692948526205,0.17277269910092,-0.00283070514737946,0.0027726991009201,0.00396241743581411,-0.406545251423811,-0.0673258649368115,0.120348045122153,0.429297481595096
0.08,0.185,0.0781241659009801,0.187691473925046,-0.0018758340990199,0.00269147392504643,0.00328066844655942,-0.405460871468026,-0.0627062053544114,0.0802384938531558,0.418054515273276
0.08,0.2,0.0792066815088077,0.202504900824239,-0.000793318491192303,0.00250490082423888,0.00262752399946037,-0.394052605373591,-0.0587275453026342,0.0354426475717926,0.399979013646849
0.08,0.215,0.0803057308190729,0.217223667644357,0.000305730819072886,0.00222366764435711,0.00224458662704108,-0.372724176736607,-0.055715786117618,-0.00908268831303957,0.376975554419466
0.08,0.23,0.0813092581085183,0.231862137532848,0.00130925810851833,0.00186213753284792,0.00227633762565264,-0.342445286178694,-0.0535290276601206,-0.0483489880722307,0.349960192353133
0.08,0.245,0.0821121805996153,0.246437928734958,0.00211218059961528,0.00143792873495785,0.00255518021521157,-0.304729379603185,-0.0515934575765849,-0.0778608687236226,0.31872316591479
0.08,0.26,0.0826243478379814,0.260971557422538,0.00262434783798135,0.000971557422537517,0.00279841480127681,-0.261613801034952,-0.0490300849693934,-0.0941432716080637,0.282327552667916
0.08,0.275,0.0827783315262434,0.275486116189152,0.00277833152624345,0.000486116189151897,0.00282053807261554,-0.21563848696829,-0.0448689529382492,-0.095266638499817,0.239977075154303
0.08,0.29,0.0825366223858534,0.29000692668015,0.00253662238585338,6.92668015028763e-06,0.00253663184307664,-0.169817205271928,-0.0383431568956978,-0.0813547387466764,0.192163235346032
0.08,0.305,0.0818976093777509,0.304561099889866,0.00189760937775085,-0.000438900110133755,0.00194770497180744,-0.127594945049373,-0.0292493294902676,-0.0550475805055671,0.142007886115533
0.08,0.32,0.080899629120539,0.319176959006363,0.000899629120538981,-0.000823040993637059,0.00121931498462408,-0.0927861118727548,-0.0183553354457761,-0.0218814957886439,0.0970823516831746
0.08,0.335,0.0796224590306814,0.333883316429812,-0.000377540969318607,-0.00111668357018846,0.00117877876611469,-0.0694899234048918,-0.0078312826991162,0.00945809403769983,0.0705665261691915
0.08,0.35,0.0781858818159113,0.348708635230669,-0.00181411818408872,-0.00129136476933067,0.00222680213609333,-0.0619809833894023,-0.00167767735614935,0.0270583175621227,0.0676506465752478
0.1,0.05,0.10154923391658,0.0493268622782732,0.00154923391657996,-0.000673137721726835,0.00168915366994637,-0.178557439065837,-0.0515076643060908,0.0685022167923936,0.198061584610326
0.1,0.065,0.0999848469906965,0.0650000603390791,-1.51530093034646e-05,6.03390790665514e-08,1.51531294376887e-05,-0.197944122373414,-0.052046192717068,0.0637066216748758,0.21435780601095
0.1,0.08,0.0985888426238326,0.0806448930642615,-0.00141115737616745,0.00064489306426152,0.00155153221192614,-0.228284877631514,-0.0593070174993969,0.0790137558107664,0.248746011970815
0.1,0.095,0.0974622442285323,0.0962403838641209,-0.00253775577146773,0.0012403838641209,0.00282466927019594,-0.264950887048898,-0.0684139167065684,0.101992908512614,0.292031119161878
0.1,0.11,0.0966769236418568,0.111765297190896,-0.00332307635814318,0.00176529719089558,0.0037628593721044,-0.303592749709247,-0.0764016311653971,0.123357442202309,0.336486479501024
0.1,0.125,0.0962717549524122,0.127199991058161,-0.0037282450475878,0.00219999105816088,0.00432894580594985,-0.340318652298338,-0.0818080209898356,0.136897402508778,0.375833397511338
0.1,0.14,0.096251486160503,0.142528038252655,-0.00374851383949697,0.00252803825265463,0.00452131987496852,-0.371825341116287,-0.0842647304739905,0.139246220116906,0.405887703534085
0.1,0.155,0.0965882796678707,0.157737461794634,-0.00341172033212928,0.00273746179463447,0.00437418937652997,-0.395484418585448,-0.0841078784033089,0.129526241346677,0.424570291698373
0.1,0.17,0.097225560362515,0.172821507729033,-0.002774439637485,0.00282150772903289,0.00395707229742397,-0.409389422404402,-0.0820290203667419,0.108913666882196,0.431499161310551
0.1,0.185,0.0980836183517467,0.187778967393554,-0.00191638164825333,0.00277896739355371,0.00337567450981235,-0.412371875570291,-0.0787837244528192,0.0801567919112814,0.427414783857603
0.1,0.2,0.0990663795273648,0.202614137474383,-0.000933620472635218,0.00261413747438327,0.00277585336822725,-0.403996168761519,-0.0749710080248527,0.0470723079945871,0.413582036975699
0.1,0.215,0.10006885929083,0.21733654889512,6.88592908301595e-05,0.00233654889511992,0.00233756333416225,-0.384543035263682,-0.0708925718227838,0.0140342019772103,0.391275678411523
0.1,0.23,0.10098497998265,0.231960594206617,0.000984979982650479,0.00196059420661698,0.00219410920631636,-0.354989267398194,-0.0664970508574185,-0.0145391818998597,0.361456856155442
0.1,0.245,0.101715564340212,0.246505143288775,0.00171556434021149,0.00150514328877549,0.00228223954157998,-0.316987621626997,-0.0614115644522599,-0.0346995701814938,0.324741243129588
0.1,0.26,0.102176342750164,0.260993175865869,0.00217634275016444,0.000993175865869,0.00239225125493498,-0.272846501171309,-0.0550601911194593,-0.0434841377187022,0.281723034177113
0.1,0.275,0.10230571279582,0.275451400496483,0.00230571279582049,0.000451400496483012,0.00234948375287753,-0.225505149462618,-0.0468658161548904,-0.0394256443023098,0.233673777461569
0.1,0.29,0.102071812537778,0.289909793374977,0.00207181253777806,-9.02066250229039e-05,0.00207377540415842,-0.178497653520369,-0.0365275629626112,-0.0230416190119964,0.183648088065386
0.1,0.305,0.101478303199628,0.304400986527547,0.00147830319962838,-0.000599013472452947,0.00159505407125014,-0.135898423287723,-0.0243608825674746,0.00272390523119536,0.138091502061497
0.1,0.32,0.100568193437523,0.318959461402153,0.000568193437523457,-0.00104053859784664,0.001185564994445,-0.102242720105811,-0.0116822115375877,0.032142076111026,0.107810780382357
0.1,0.335,0.0994251297688851,0.333620548399797,-0.00057487023111491,-0.00137945160020303,0.00149444387647205,-0.0824175285281946,-0.00121606172429224,0.0564667964447824,0.0999131094727752
0.1,0.35,0.0981718223081603,0.348419279748422,-0.00182817769183968,-0.00158072025157763,0.00241679750634759,-0.0815197580429939,0.0024998117322625,0.0638738437329648,0.103593391909598
0.12,0.05,0.121519054203762,0.0488918940087794,0.00151905420376186,-0.00110810599122058,0.00188027247008127,-0.148855621686754,-0.0425381854774953,0.0360325104674214,0.158952355583889
0.12,0.065,0.120108403455171,0.0645687480033768,0.000108403455170547,-0.00043125199662325,0.000444667958913673,-0.158281911520512,-0.0401099287594489,0.0217004451298583,0.164720666298965
0.12,0.08,0.118824849430914,0.0802339489707298,-0.0011751505690864,0.000233948970729758,0.00119821157602888,-0.182206898847901,-0.0467851753196744,0.030704418751289,0.190606929188435
0.12,0.095,0.11776761983134,0.0958634633786187,-0.00223238016866004,0.000863463378618701,0.00239355180091057,-0.215424961093207,-0.0571857390109807,0.0508569519168909,0.228614569761524
0.12,0.11,0.117009437111928,0.111432351544688,-0.0029905628880724,0.00143235154468768,0.00331588560343765,-0.252992537172282,-0.0677916164777235,0.0728730969431247,0.271866794705378
0.12,0.125,0.116592384023323,0.126916830760835,-0.00340761597667692,0.0019168307608346,0.00390974255037152,-0.290434249848217,-0.0765728873712219,0.0903390154544939,0.313650831263847
0.12,0.14,0.116526314156129,0.142296155636538,-0.00347368584387123,0.00229615563653846,0.00416399136035591,-0.323898075632013,-0.0826178575933774,0.0995184228466864,0.34876921578223
0.12,0.155,0.116789841386143,0.157554140320254,-0.00321015861385733,0.00255414032025358,0.00410228608237742,-0.350262605300678,-0.085777194158469,0.0990384215595057,0.373966208547639
0.12,0.17,0.117333644891152,0.172680221213947,-0.00266635510884804,0.00268022121394673,0.003780613088134,-0.367202192119007,-0.0863426213009082,0.089492182207294,0.387687918672841
0.12,0.185,0.118085625212938,0.187670048103622,-0.0019143747870617,0.00267004810362215,0.00328542047552422,-0.373218281518695,-0.0847764826734719,0.0729898401582624,0.389624228511235
0.12,0.2,0.118957379610064,0.202525671872077,-0.00104262038993634,0.0025256718720772,0.00273241206316195,-0.367646670957823,-0.0815052210933244,0.0526810759652672,0.380240716053481
0.12,0.215,0.119851519547687,0.217255445586149,-0.000148480452313353,0.00225544558614865,0.00226032768350003,-0.350650235339974,-0.0767861775577056,0.0322642401197927,0.360406872985932
0.12,0.23,0.120669471129376,0.231873761295958,0.000669471129375543,0.00187376129595834,0.00198976706860347,-0.323204541727979,-0.070653637095631,0.0154894553184538,0.331199850392272
0.12,0.245,0.121319500553187,0.246400709911278,0.001319500553187,0.00140070991127783,0.00192433624021707,-0.287080143710502,-0.0629469355041857,0.00565885628640822,0.293954992803631
0.12,0.26,0.121724726846426,0.260861693547452,0.00172472684642581,0.00086169354745208,0.00192800375116401,-0.244821056414464,-0.0534204172388226,0.00512732926266316,0.250634156326846
0.12,0.275,0.121830805624781,0.275286962107698,0.00183080562478093,0.000286962107697797,0.00185315851642104,-0.199715040046818,-0.0419316190543779,0.014811866667048,0.204606436314973
0.12,0.29,0.12161282749567,0.289711010379211,0.00161282749567029,-0.000288989620788604,0.00163851381798069,-0.15574875352251,-0.028699949357883,0.0337257280586833,0.161922214354098
0.12,0.305,0.121080847975912,0.304171769798938,0.00108084797591151,-0.00082823020106193,0.00136168924978613,-0.117539972610219,-0.0146235194936885,0.0585629452314348,0.132132958696447
0.12,0.32,0.120283430155435,0.318709558681787,0.000283430155435194,-0.00129044131821282,0.00132120076020295,-0.0902397055291148,-0.00163731310664938,0.0833672390246883,0.122865729863516
0.12,0.335,0.119308683068954,0.333365803768916,-0.000691316931046237,-0.00163419623108413,0.00177440593462735,-0.0793985503453854,0.00690766744304052,0.0993257132465146,0.127347750880036
0.12,0.35,0.118282514298436,0.348181597472489,-0.00171748570156441,-0.00181840252751098,0.00250126865552993,-0.0907932600500499,0.00586690381379808,0.094731308615616,0.131346355172387
0.14,0.05,0.141368351213935,0.0485264540308156,0.00136835121393464,-0.00147354596918436,0.00201090098413022,-0.109133389481285,-0.0290161346685277,0.00409858488221134,0.112999271272326
0.14,0.065,0.140151073077555,0.0641667629842057,0.000151073077554659,-0.000833237015794297,0.000846821704523226,-0.10345848054387,-0.0211774136743182,-0.0214498255280624,0.107760096904912
0.14,0.08,0.139014654365266,0.079812964469444,-0.000985345634733542,-0.000187035530556046,0.00100293983347897,-0.115819455863621,-0.0251836190100512,-0.0203078063960902,0.120252955600035
0.14,0.095,0.138055888227229,0.0954391356051818,-0.00194411177277054,0.000439135605181828,0.00199309073169372,-0.140620472438139,-0.0351575607779927,-0.00434405605237463,0.145013976557687
0.14,0.11,0.137347949946451,0.111017705263615,-0.002652050053549,0.0010177052636155,0.00284061498449191,-0.172489886471176,-0.0470170367395941,0.0172113033091552,0.179609626849939
0.14,0.125,0.13693602459405,0.126521679494009,-0.00306397540595016,0.00152167949400911,0.00342103109760132,-0.20651204560201,-0.0581483666405288,0.03777120728884,0.217842095999917
0.14,0.14,0.136835287306954,0.141926749622512,-0.00316471269304634,0.00192674962251216,0.00370510061096583,-0.238405638269392,-0.0670739619695641,0.0532383483689434,0.2533191485082
0.14,0.155,0.137031348400942,0.157213090662846,-0.00296865159905811,0.00221309066284636,0.00370279119024663,-0.264651987173655,-0.0731322169571684,0.0617323587365413,0.281425014552325
0.14,0.17,0.137482996791938,0.17236672426356,-0.00251700320806196,0.00236672426355988,0.00345495135843,-0.282579209493395,-0.0761867176039892,0.0632318947684005,0.299422614598717
0.14,0.185,0.138126868279354,0.187380405621643,-0.00187313172064628,0.0023804056216426,0.00302901854838147,-0.290410326188937,-0.0763799028223822,0.0591605797626979,0.30605921657526
0.14,0.2,0.13888356795512,0.202254074262969,-0.00111643204488007,0.00225407426296859,0.00251540678495795,-0.287284574271581,-0.0739437089659956,0.0519390166494518,0.301161034960805
0.14,0.215,0.139664784319558,0.216994961959116,-0.000335215680441883,0.0019949619591163,0.0020229292550001,-0.273260829952351,-0.0690766570844424,0.0445179640669205,0.285350807198301
0.14,0.23,0.140381003386023,0.231617463782927,0.000381003386022552,0.00161746378292676,0.00166173182831659,-0.249310007916445,-0.061893657873596,0.0399017638691481,0.259958788312496
0.14,0.245,0.14094949918575,0.246142852245045,0.00094949918574979,0.00114285224504507,0.00148581962490205,-0.217299889713217,-0.0524516715816718,0.0406677256353405,0.227209928221053
0.14,0.26,0.141302289843785,0.260598863911406,0.00130228984378528,0.000598863911405567,0.00143338648717304,-0.179971803982473,-0.040851159788889,0.0484874368253499,0.190813345091949
0.14,0.275,0.141393688199222,0.275019136428881,0.00139368819922192,1.91364288805174e-05,0.00139381957209703,-0.140904880124983,-0.0274097691850462,0.0636599484257008,0.157028930959075
0.14,0.29,0.141206972195259,0.289442442185213,0.00120697219525935,-0.000557557814786724,0.0013295309687852,-0.104461018480926,-0.0129007796774121,0.0846735648999162,0.135085734049135
0.14,0.305,0.140759613282054,0.303911665206973,0.0007596132820544,-0.00108833479302661,0.00132720946349314,-0.0757026511231822,0.00115528233120403,0.107820975174514,0.131748231102794
0.14,0.32,0.140106494976426,0.318472499315697,0.00010649497642648,-0.0015275006843033,0.00153120851635272,-0.0602756786728112,0.0121613652669231,0.126900052302349,0.141013082923721
0.14,0.335,0.139340666320516,0.333171896175098,-0.000659333679484148,-0.00182810382490245,0.00194336936672499,-0.0642511631483481,0.0160956588917005,0.133038634313496,0.148615520067029
0.14,0.35,0.13859140215703,0.348056344626591,-0.00140859784297012,-0.00194365537340907,0.00240040498537268,-0.0939208167838208,0.00716558652272184,0.114685447325268,0.148408994333158
0.16,0.05,0.161031740003047,0.0483085422122668,0.0010317400030467,-0.00169145778773316,0.00198129172046167,-0.0655773392641384,-0.0125869446320069,-0.0239704213412081,0.0709464610971984
0.16,0.065,0.160050346183151,0.0638687828026057,5.03461831508067e-05,-0.00113121719739429,0.00113233700188523,-0.0399739316206185,0.00357351537312997,-0.0621434587814428,0.0739763168150395
0.16,0.08,0.15909994711565,0.0794528634415017,-0.000900052884350494,-0.000547136558498307,0.00105330603732866,-0.0358478849288469,0.00485517256794579,-0.070316179030508,0.0790759734703248
0.16,0.095,0.158274139185203,0.095034257574109,-0.00172586081479659,3.42575741089646e-05,0.00172620078016266,-0.0474078295083977,-0.00239845878355373,-0.0599602082649282,0.0764753708642875
0.16,0.11,0.157645983081896,0.110583990879927,-0.00235401691810351,0.000583990879927498,0.00242537440378925,-0.0690305056885886,-0.0135656157739218,-0.0401889746829793,0.0810209320241144
0.16,0.125,0.157263460612563,0.126072975027171,-0.00273653938743701,0.00107297502717096,0.00293937463211593,-0.0955155197410032,-0.0254626084616043,-0.0177185663353557,0.100426635501876
0.16,0.14,0.157147076720314,0.141474301933164,-0.00285292327968573,0.00147430193316384,0.00321134511223932,-0.122285344279435,-0.0360518306264213,0.00301861035207054,0.127524737367021
0.16,0.155,0.157289789062223,0.156765294018196,-0.0027102109377766,0.00176529401819564,0.00323442518817814,-0.145534049665328,-0.0441586615585809,0.0196423606625358,0.153349220316623
0.16,0.17,0.157659189942049,0.171929161674876,-0.00234081005795051,0.00192916167487556,0.00303332433069907,-0.162330574624846,-0.0492128938528444,0.0315069216824366,0.172527774533162
0.16,0.185,0.158201657013048,0.186956196645602,-0.00179834298695209,0.00195619664560237,0.00265720582849461,-0.170684158955316,-0.0510286314682584,0.0393235925727501,0.182437321844294
0.16,0.2,0.158848066208562,0.201844507377476,-0.00115193379143841,0.00184450737747627,0.00217466294524509,-0.169580438073876,-0.0496344370602217,0.0447448059699123,0.18227240054216
0.16,0.215,0.159520626750952,0.216600358276085,-0.000479373249048003,0.00160035827608462,0.00167061226014159,-0.158996226252417,-0.0451628962976067,0.0499248808720436,0.172661528592984
0.16,0.23,0.160140423137722,0.23123819538421,0.000140423137721703,0.00123819538421044,0.00124613260413475,-0.139899082670309,-0.0378058853873625,0.0570679339775468,0.155749164774659
0.16,0.245,0.160635284531187,0.245780425480849,0.00063528453118749,0.000780425480849112,0.00100630530492723,-0.114234643265656,-0.0278387939889115,0.0679708415376834,0.135810883613163
0.16,0.26,0.160947604717289,0.260256976846663,0.000947604717288691,0.000256976846663481,0.000981830840801452,-0.0849010371709049,-0.0157137567264884,0.08356949343858,0.120162281060466
0.16,0.275,0.161041691414069,0.274704628044558,0.00104169141406907,-0.00029537195544227,0.00108275832677796,-0.0557062865533832,-0.00221851493957421,0.103499933681213,0.11755999868839
0.16,0.29,0.160910153389588,0.2891660662997,0.000910153389587887,-0.000833933700299883,0.00123443290991215,-0.0313020910530786,0.0113061288258528,0.125691657232363,0.130023264866893
0.16,0.305,0.160578785021543,0.303688640878324,0.000578785021543238,-0.00131135912167607,0.0014334067277524,-0.0170861704814394,0.022701019043245,0.146017159809724,0.148755829719354
0.16,0.32,0.160109430864991,0.318322809135547,0.000109430864991378,-0.00167719086445339,0.00168075706454522,-0.0190653407619767,0.0286897623964744,0.158028538263378,0.161739376662947
0.16,0.335,0.159600436689166,0.333120322652534,-0.000399563310834433,-0.00187967734746647,0.00192167577128494,-0.0436723544232032,0.0245635671067804,0.152817513717011,0.160822426452019
0.16,0.35,0.159184512652795,0.348132251904849,-0.000815487347205129,-0.00186774809515095,0.00203801436707194,-0.097530830496017,0.00386996871965534,0.119039100614401,0.153940122406842
0.18,0.05,0.18043607265078,0.0483418087082975,0.000436072650780023,-0.00165819129170247,0.00171457216722896,-0.0257368512438982,0.00390223930396381,-0.0452873322646977,0.052235578257006
0.18,0.065,0.179735807995107,0.0637769877777936,-0.000264192004893304,-0.00122301222220639,0.00125122192720386,0.0239530207449609,0.0315851339321203,-0.0971658396913957,0.104940799364851
0.18,0.08,0.179014498874212,0.0792538041019944,-0.00098550112578849,-0.000746195898005564,0.00123613137939732,0.0489164621217058,0.0411395931464299,-0.115935050721669,0.132386669169039
0.18,0.095,0.178361697722002,0.0947465012775173,-0.00163830227799794,-0.000253498722482703,0.0016577985270815,0.0549450218939383,0.0393159554180979,-0.112592060312201,0.131307575457047
0.18,0.11,0.177849648091306,0.110226061532378,-0.00215035190869431,0.000226061532377753,0.00216220192110872,0.047733280258576,0.0312257551496782,-0.0960663333932411,0.111724026939637
0.18,0.125,0.177528649689703,0.125662589882168,-0.00247135031029667,0.000662589882168219,0.00255863199936121,0.0326043871494457,0.0205819812647936,-0.0731482450101915,0.0826881548337841
0.18,0.14,0.17742435090306,0.141027744000533,-0.00257564909693961,0.00102774400053324,0.0027731256735312,0.0142905303695126,0.00995029607184836,-0.0485646953823374,0.0515922229493557
0.18,0.155,0.177537210446082,0.156296998066604,-0.00246278955391806,0.00129699806660361,0.00278343966553281,-0.00323493857168507,0.000994726324875391,-0.025170123396226,0.0253966421129179
0.18,0.17,0.177844135291794,0.171451571800133,-0.00215586470820608,0.00145157180013272,0.00259900237226307,-0.0168791548079702,-0.00529671780375644,-0.00422419779172687,0.0181880437429844
0.18,0.185,0.178302096245555,0.186479922552541,-0.00169790375444549,0.00147992255254137,0.00225234276274297,-0.0245121332593375,-0.00841933256659728,0.0142684627921551,0.0295857885819483
0.18,0.2,0.17885337979006,0.201378769625669,-0.00114662020994006,0.00137876962566946,0.0017932494490482,-0.0250174817588232,-0.00820282891754324,0.031176480534728,0.0408060510765675
0.18,0.215,0.179432064728287,0.216153676475063,-0.000567935271712838,0.00115367647506331,0.00128589264014149,-0.0183184472833818,-0.00471489089531323,0.0478331151281748,0.0514373676176809
0.18,0.23,0.179971296279809,0.23081924401869,-2.8703720190669e-05,0.000819244018689491,0.000819746708264993,-0.00538451031372113,0.0017767802039175,0.0656124547332089,0.0658570010871877
0.18,0.245,0.180410934552444,0.245398964872451,0.000410934552444259,0.000398964872451502,0.000572747916489275,0.0117790464806116,0.0107807478986025,0.0855000876201561,0.0869783702861462
0.18,0.26,0.180705146156938,0.25992476336339,0.000705146156938105,-7.52366366104096e-05,0.000709148541656137,0.0301594241867137,0.0214963229267466,0.10766838802832,0.113860303941386
0.18,0.275,0.180829475629107,0.274436217145511,0.000829475629106707,-0.00056378285448877,0.00100293615265254,0.045786371594029,0.0326693794807938,0.13106940944253,0.142628471127158
0.18,0.29,0.180786892329064,0.288979440492027,0.000786892329063649,-0.00102055950797297,0.00128869750013463,0.0538103091160788,0.0423960273330313,0.153063150787138,0.167694128415624
0.18,0.305,0.180612294054275,0.303605617802004,0.000612294054274765,-0.0013943821979957,0.00152289386464965,0.0486161105288121,0.0478840506666255,0.169104779393781,0.182353675571117
0.18,0.32,0.1803749982476,0.318369208434658,0.000374998247599539,-0.00163079156534185,0.00167335137233423,0.0239803980590785,0.0451852748836466,0.172520269189968,0.179944542714851
0.18,0.335,0.180178886023753,0.33332589117323,0.000178886023752656,-0.00167410882676955,0.00168363908643205,-0.0267203882103011,0.0289151494837564,0.154404987408161,0.159345478501754
0.18,0.35,0.180160075799339,0.348530363583149,0.000160075799339299,-0.00146963641685061,0.00147832860327723,-0.110245085978718,-0.00802079570568791,0.103683372229119,0.151553842629679
0.2,0.05,0.199502063871927,0.048757460482847,-0.000497936128073445,-0.00124253951715297,0.00133859808730161,0.0021662172330257,0.016473425757621,-0.0576407529026294,0.0599876902187142
0.2,0.065,0.199130664855496,0.0640232859481958,-0.000869335144504213,-0.000976714051804217,0.00130756029783027,0.0791279962436675,0.0589549787685498,-0.123934647982485,0.158419513544682
0.2,0.08,0.198685565825703,0.079347761569761,-0.00131443417429711,-0.000652238430238983,0.00146736231668962,0.128403830056021,0.0799261741058419,-0.154350789978416,0.216101732079249
0.2,0.095,0.198251385837404,0.0947073262911428,-0.00174861416259617,-0.000292673708857161,0.00177293806701986,0.155597048501325,0.0864615370259733,-0.159338852155238,0.238903728279255
0.2,0.11,0.197898754093218,0.110074375242709,-0.00210124590678237,7.43752427094235e-05,0.00210256177971011,0.166296286507746,0.0840892081547782,-0.147575253965828,0.237705671916657
0.2,0.125,0.19767966917151,0.125419634565503,-0.00232033082848973,0.000419634565503424,0.00235797123014788,0.165785237782758,0.0769875482988963,-0.125862725169289,0.221930878488511
0.2,0.14,0.197624562430719,0.14071466908954,-0.00237543756928121,0.000714669089540321,0.00248061596243696,0.158806383557292,0.0681957395271192,-0.0991703550119979,0.199260948709034
0.2,0.155,0.197741353876013,0.155934309045051,-0.00225864612398728,0.000934309045051374,0.0024442617914347,0.149375994166708,0.0598223094277923,-0.0707857934729575,0.175791208933437
0.2,0.17,0.198016578567405,0.171058811001476,-0.00198342143259467,0.00105881100147598,0.00224834190374206,0.140645605341796,0.053237847445504,-0.0425535709153776,0.156289079099129
0.2,0.185,0.198418462188361,0.186075622034235,-0.00158153781163882,0.00107562203423511,0.00191264858512362,0.134803840105774,0.0492400346388937,-0.0151768201286435,0.144315637401386
0.2,0.2,0.198901668076506,0.200980679296032,-0.00109833192349351,0.000980679296031739,0.00147243502261738,0.133012020023471,0.0481809523303161,0.0114365098030804,0.14193098920618
0.2,0.215,0.199413338423441,0.215779231949589,-0.000586661576558557,0.000779231949588954,0.000975384148256662,0.13536762392373,0.0500487016397667,0.0377981994212921,0.149191094229311
0.2,0.23,0.199900001472195,0.230486206139652,-9.99985278045679e-05,0.000486206139652001,0.00049638303335064,0.140891298070634,0.0544977173063613,0.0644474974100346,0.164237198754949
0.2,0.245,0.200314892671761,0.245126142175974,0.000314892671760485,0.000126142175974009,0.00033921857745105,0.147535590716507,0.0608247836073569,0.091553144716133,0.183979379877716
0.2,0.26,0.200625218614084,0.259732723284973,0.000625218614083753,-0.000267276715027243,0.000679952320234708,0.152216442842588,0.0678906111088425,0.118521331550242,0.204514867407749
0.2,0.275,0.200818869208237,0.274347900564197,0.000818869208236553,-0.000652099435803355,0.00104679532592241,0.150871220849174,0.0739898623675994,0.143623710925291,0.221053061425163
0.2,0.29,0.200910066876532,0.289020613899778,0.000910066876532181,-0.000979386100222357,0.00133694384813641,0.138549263628418,0.0766756479716982,0.163663642201937,0.227729904705207
0.2,0.305,0.200943456346547,0.303805122386362,0.000943456346547467,-0.00119487761363846,0.00152244618604896,0.109542247720295,0.0725476726107433,0.173703802541937,0.217797467782002
0.2,0.32,0.200996211154146,0.318758990712837,0.000996211154146442,-0.00124100928716281,0.00159139583839789,0.0575620828299291,0.0570163822398605,0.166883409895138,0.185511088037912
0.2,0.335,0.201177875907669,0.333940821505356,0.00117787590766927,-0.00105917849464399,0.00158406146894115,-0.0240264039203706,0.0240588092096429,0.13435778138939,0.138593351831615
0.2,0.35,0.201627867203989,0.349407865057207,0.00162786720398894,-0.000592134942792644,0.00173221691029121,-0.14191199527015,-0.034014204390222,0.0653960749497044,0.159914488776378
