target_x,target_y,gaze_x,gaze_y,error_px_x,error_px_y,error_px_xy,error_deg_x,error_deg_y,error_deg_z,error_deg_xyz
-0.2,0.05,-0.20086154993694,0.0502546954419634,-0.000861549936939709,0.000254695441963437,0.000898408627517439,0.0746904654255919,-0.0192113620768663,-0.0293850281767736,0.0825301345953595
-0.2,0.065,-0.200438963137269,0.0657161019645735,-0.000438963137269155,0.000716101964573543,0.000839934913875633,-0.046238314392497,0.0465515357940766,-0.121897222643633,0.138433989373765
-0.2,0.08,-0.200366498675462,0.0808512378249722,-0.000366498675462318,0.000851237824972206,0.000926783207540494,-0.123495416331448,0.0814983466266985,-0.169913826364194,0.225308393456128
-0.2,0.095,-0.20046361644529,0.0957427753547449,-0.000463616445290471,0.000742775354744915,0.000875588622562106,-0.167275515651035,0.0960261706746379,-0.187958367857389,0.269315066754422
-0.2,0.11,-0.200595948229973,0.110467338353239,-0.000595948229972929,0.000467338353238957,0.000757337064467313,-0.186643198653861,0.0977291012147941,-0.187027373064209,0.281719823586786
-0.2,0.125,-0.200672610575872,0.125094335228285,-0.000672610575872049,9.43352282852666e-05,0.000679193729410514,-0.189443981247959,0.0920520001115524,-0.1750124032558,0.273846812668226
-0.2,0.14,-0.200642186787802,0.139684852646509,-0.000642186787802437,-0.000315147353490988,0.000715347275692294,-0.182263522651956,0.0828188190772224,-0.157170472024763,0.254522321794307
-0.2,0.155,-0.20048745441482,0.154290757676915,-0.000487454414819725,-0.000709242323085217,0.000860602393316772,-0.170426683778091,0.0726574885209468,-0.13661552616675,0.230191742784343
-0.2,0.17,-0.200219130286464,0.168954076965074,-0.000219130286463878,-0.00104592303492611,0.00106863140391567,-0.158026194432301,0.0633343028034477,-0.114808339397075,0.205339991142809
-0.2,0.185,-0.199868994179375,0.183706638927046,0.000131005820625352,-0.0012933610729536,0.00129997899601086,-0.14796836105893,0.056005360331701,-0.0920282343893082,0.183031310636247
-0.2,0.2,-0.199482729915381,0.198569904762881,0.000517270084618599,-0.00143009523711891,0.00152076978128563,-0.14202241241979,0.051389987286493,-0.0678177873301951,0.165561371624999
-0.2,0.215,-0.199112723755095,0.213554895130158,0.000887276244904998,-0.00144510486984206,0.00169575564855728,-0.140861788873762,0.0498700530660454,-0.0413998179897586,0.155058135424599
-0.2,0.23,-0.198810944584871,0.228662145522714,0.00118905541512892,-0.00133785447728635,0.00178989032698725,-0.14408997671222,0.0515187748331638,-0.0120725844274091,0.153498752225044
-0.2,0.245,-0.198621957240611,0.243881681553814,0.00137804275938867,-0.00111831844618557,0.00177472194830132,-0.150249502025839,0.0560624987212446,0.020407551342798,0.161661381014929
-0.2,0.26,-0.198576121051731,0.259193069894953,0.00142387894826948,-0.00080693010504726,0.0016366329624435,-0.15681903125167,0.0627788800591572,0.0554474909796519,0.177785955467072
-0.2,0.275,-0.19868309199322,0.274565643815512,0.00131690800678019,-0.000434356184487547,0.00138669102302004,-0.160208647853161,0.0703348239338599,0.0912388450110616,0.197328060935494
-0.2,0.29,-0.198925836227393,0.289959004824475,0.00107416377260731,-4.09951755253671e-05,0.0010749457729571,-0.155766147689636,0.0765673422340404,0.124382383696763,0.213533793140757
-0.2,0.305,-0.199255419332371,0.305323860231404,0.000744580667629086,0.000323860231404204,0.000811964174143268,-0.137807183488321,0.0782097322608787,0.14952571195258,0.217865962843687
-0.2,0.32,-0.199586815094445,0.320603183019056,0.000413184905554809,0.000603183019056035,0.000731130303472568,-0.0996797327886507,0.0705635867636462,0.159030295223103,0.200514200841732
-0.2,0.335,-0.199795866147214,0.335733597968096,0.00020413385278556,0.000733597968095676,0.000761470031351977,-0.0338698355008262,0.0471135247876102,0.142687620660221,0.154034481062554
-0.2,0.35,-0.199717345070086,0.350646830324263,0.000282654929914028,0.000646830324263034,0.000705891831508855,0.0678475004141199,-0.000924064300131218,0.087506065429699,0.110731443196317
-0.18,0.05,-0.179338446887872,0.0513963268025538,0.000661553112128482,0.00139632680255385,0.00154511522537872,0.0434274389844623,0.0041373748549365,-0.0675079955773612,0.080376556624139
-0.18,0.065,-0.179457448732855,0.0665302151678535,0.000542551267145031,0.00153021516785354,0.0016235517661626,-0.0374496792469861,0.0455491512901494,-0.136486862623203,0.14868046183413
-0.18,0.08,-0.179801729114723,0.0813987835916004,0.00019827088527713,0.00139878359160035,0.00141276568477542,-0.0806737447649852,0.0624891463618719,-0.167044836567624,0.195747697816581
-0.18,0.095,-0.180204427556892,0.0960764782614597,-0.000204427556892373,0.00107647826145975,0.00109571715027756,-0.0959065667347135,0.0640904987832154,-0.173421412448694,0.208280329467684
-0.18,0.11,-0.180545116717303,0.110632336277302,-0.000545116717302618,0.000632336277301707,0.000834866098889255,-0.0916900464573706,0.0568288386682362,-0.166135453794172,0.198084854578855
-0.18,0.125,-0.18074719139787,0.12512877618992,-0.000747191397870509,0.00012877618991998,0.000758207288373035,-0.0753717660048619,0.0451694934108889,-0.152453064971236,0.175963483713995
-0.18,0.14,-0.180773693481945,0.139620541950162,-0.000773693481944601,-0.000379458049838369,0.000861736627741155,-0.0530778760113953,0.0320972254561833,-0.136902497109362,0.150299033503396
-0.18,0.155,-0.180621764779121,0.15415393583939,-0.000621764779120848,-0.000846064160609963,0.00104996000134474,-0.0297270245409056,0.019546531903361,-0.121806539213889,0.126896030178306
-0.18,0.17,-0.180316127208196,0.168766382070332,-0.000316127208195613,-0.00123361792966836,0.00127347933165828,-0.00907494629584396,0.00874200594286605,-0.107806286540362,0.108540205725363
-0.18,0.185,-0.179902056751496,0.183486267545078,9.79432485043452e-05,-0.00151373245492167,0.00151689776353279,0.00622462525513561,0.00045408507465471,-0.0943569290255025,0.0945631230347308
-0.18,0.2,-0.179438242758313,0.198332939979916,0.000561757241686841,-0.00166706002008425,0.00175916466231871,0.0145587209390402,-0.00482587143596722,-0.0801860213561883,0.081639724027061
-0.18,0.215,-0.178989757771869,0.213316728426276,0.0010102422281309,-0.00168327157372401,0.00196315881945557,0.0153078122654973,-0.00678738920538431,-0.0637154995073293,0.0658791554500102
-0.18,0.23,-0.178621187755302,0.228438891321554,0.00137881224469824,-0.00156110867844639,0.00208283064891278,0.00882151270214216,-0.00527579198247166,-0.0434576221720088,0.0446566690934517
-0.18,0.245,-0.178389867638043,0.243691476634941,0.00161013236195726,-0.00130852336505936,0.00207479146420269,-0.00358095709305094,-0.000336703136303557,-0.0183995248509727,0.0187477769519965
-0.18,0.26,-0.178339174911091,0.259057166617607,0.00166082508890864,-0.000942833382392871,0.00190978395712781,-0.0195916107014345,0.00767301911542918,0.0116100447417153,0.0240312209589472
-0.18,0.275,-0.178491943061491,0.274509242337262,0.00150805693850931,-0.000490757662738289,0.00158590000104748,-0.0358882429045437,0.0179109159938431,0.0454645151251169,0.0606282885209756
-0.18,0.29,-0.178844208946953,0.290011816513471,0.00115579105304728,1.18165134705417e-05,0.00115585145598158,-0.0481184383684994,0.0288142608359759,0.080395951653763,0.0980263083254892
-0.18,0.305,-0.179359626093276,0.305520441120755,0.000640373906723557,0.000520441120754819,0.000825189493743663,-0.0509086027433549,0.0378082020760651,0.111576178573073,0.128337042540523
-0.18,0.32,-0.179964895671043,0.320983112502012,3.51043289574249e-05,0.000983112502011899,0.000983739043407166,-0.0379102872826728,0.0409587984992578,0.131742229714085,0.143076339005085
-0.18,0.335,-0.180546463938984,0.336341597989781,-0.000546463938984082,0.0013415979897813,0.00144862279520765,-0.00189105973940077,0.0325699689208867,0.130869834481272,0.134875130991417
-0.18,0.35,-0.180948529788569,0.351532923289862,-0.000948529788569158,0.00153292328986246,0.00180265431306332,0.0651275950785546,0.00471762125695105,0.0959193540188273,0.116036143801099
-0.16,0.05,-0.158405796393798,0.0519540403252744,0.00159420360620191,0.00195404032527438,0.00252185620740469,0.0385020153501009,0.0104189280875909,-0.0795443196265717,0.0889846032996462
-0.16,0.065,-0.158958101564629,0.0668615523363411,0.00104189843537128,0.00186155233634111,0.00213329075621823,-0.00943070566920342,0.0339803883205979,-0.127931395790982,0.13270288204084
-0.16,0.08,-0.159626719662011,0.0815540301715479,0.000373280337988724,0.00155403017154786,0.00159823276928301,-0.0253570769041784,0.0385482721764252,-0.143841321702063,0.151060549731799
-0.16,0.095,-0.160256731261558,0.096097883649295,-0.000256731261558452,0.00109788364929497,0.00112750141820338,-0.0182649505480033,0.0320719591419753,-0.141194481398403,0.145938727133452
-0.16,0.11,-0.160740136465172,0.11055460425325,-0.000740136465171612,0.000554604253249755,0.000924871809927974,0.00394272836066224,0.0199682121595292,-0.130010854106365,0.13159446949619
-0.16,0.125,-0.161013174659419,0.124979578370063,-0.00101317465941904,-2.04216299373172e-05,0.00101338044852769,0.0345114106296895,0.00576769591423621,-0.116921983345338,0.122045317825401
-0.16,0.14,-0.161051864552827,0.139421131728346,-0.00105186455282731,-0.000578868271654501,0.00120062796628384,0.0678505402590744,-0.00834890915481951,-0.105731006042946,0.125906521342968
-0.16,0.155,-0.160866084666048,0.153919927911833,-0.000866084666048379,-0.00108007208816666,0.00138443431205703,0.099505995137943,-0.0211119209644121,-0.0979872392792418,0.141239744537519
-0.16,0.17,-0.160492734450796,0.168508737584668,-0.00049273445079636,-0.00149126241533172,0.00157055749031437,0.12610024355988,-0.0318148601361504,-0.0935442097256491,0.160199852194943
-0.16,0.185,-0.159988556743751,0.183212489235679,1.14432562494694e-05,-0.00178751076432102,0.00178754739256812,0.145256529670692,-0.0400543304766676,-0.091077894423123,0.176065374356428
-0.16,0.2,-0.159423066165283,0.198048440997851,0.000576933834716756,-0.00195155900214897,0.00203505164271319,0.155525810968366,-0.0455538354573681,-0.0885545253965693,0.184676374497445
-0.16,0.215,-0.158871783758027,0.213026301273036,0.00112821624197308,-0.00197369872696378,0.0022734024178465,0.15633333042316,-0.0480670145279531,-0.0836515387244252,0.183706714431183
-0.16,0.23,-0.158409733686489,0.228148177930272,0.00159026631351061,-0.00185182206972846,0.00244094078703684,0.147955733482249,-0.0473557252113221,-0.0741470996277131,0.172137382491038
-0.16,0.245,-0.158105015733187,0.243408333606604,0.00189498426681273,-0.00159166639339559,0.00247474590197311,0.131530915531836,-0.0432392581034624,-0.0582996576722136,0.150229418542698
-0.16,0.26,-0.158012282253459,0.258792833173905,0.00198771774654104,-0.00120716682609533,0.00232556951862103,0.109093473434881,-0.0357121291215206,-0.0352374779171888,0.120076755622304
-0.16,0.275,-0.158166105827373,0.274279250165706,0.00183389417262717,-0.000720749834294362,0.00197044364548475,0.0836210665430784,-0.0251285012240914,-0.00536967000007286,0.0874800502210839
-0.16,0.29,-0.158574449024654,0.289836623206136,0.00142555097534564,-0.00016337679386369,0.00143488242029864,0.0590729727022769,-0.0124509238285487,0.0291824261696176,0.0670541282624394
-0.16,0.305,-0.159212638390329,0.305425812935719,0.000787361609670523,0.000425812935718764,0.00089512846039459,0.040402432893062,0.000439849791864543,0.0641477606835125,0.075812176394367
-0.16,0.32,-0.160018314394781,0.321000318423488,-1.83143947810327e-05,0.00100031842348769,0.00100048606458316,0.033528525533178,0.0103774945500213,0.0926862621419479,0.099109031169906
-0.16,0.335,-0.160887739925907,0.336507499176191,-0.000887739925907238,0.00150749917619079,0.00174946733100842,0.045259761764433,0.0124867837633222,0.105016676839575,0.115034223880623
-0.16,0.35,-0.161673622737917,0.351890048487009,-0.00167362273791671,0.00189004848700855,0.00252453883949428,0.0831680372836541,-0.000299520798576842,0.0881200990963866,0.121170002368329
-0.14,0.05,-0.137905550895438,0.0521368832721862,0.00209444910456177,0.00213688327218624,0.00299215426917614,0.0470860402512518,0.00718706801348618,-0.0705470049772966,0.0851212686615295
-0.14,0.065,-0.138801617527642,0.0669035320023718,0.00119838247235821,0.00190353200237177,0.00224934537901782,0.0247779359911224,0.0184380746554481,-0.101236175904292,0.105842690852507
-0.14,0.08,-0.139719695574177,0.0814964207774867,0.000280304425822914,0.00149642077748673,0.00152244727804607,0.029277262597978,0.0153703264809282,-0.105116383294375,0.110194658764553
-0.14,0.095,-0.140515382524393,0.0959739626165714,-0.000515382524393426,0.000973962616571358,0.00110191756721121,0.0523977894070339,0.00483652951624285,-0.0957707182543806,0.109274674315419
-0.14,0.11,-0.141091798011995,0.110390083541247,-0.0010917980119947,0.000390083541247033,0.0011593912489524,0.0869794320852047,-0.00873700090078928,-0.0827155498556297,0.120347930196786
-0.14,0.125,-0.141396721848589,0.124793111426775,-0.00139672184858881,-0.00020688857322522,0.00141196133235175,0.126943097047829,-0.0226987629740825,-0.0719554464819297,0.147673227364642
-0.14,0.14,-0.141417753407753,0.139224952809727,-0.00141775340775317,-0.000775047190272785,0.00161577315002616,0.167296675433332,-0.0356254120777926,-0.066589197139884,0.183552438251296
-0.14,0.155,-0.141175950047225,0.153720667404439,-0.00117595004722525,-0.00127933259556079,0.00173768535806497,0.204095808537219,-0.04687202432419,-0.0674279181942218,0.219996975753066
-0.14,0.17,-0.14071863506067,0.168308435647774,-0.000718635060670235,-0.00169156435222595,0.00183788636975905,0.234370840791938,-0.0562168159043485,-0.0735876879318673,0.252002522990575
-0.14,0.185,-0.140112076228987,0.183009801889083,-0.000112076228986773,-0.00199019811091751,0.00199335134931189,0.25603805061557,-0.0635979690495128,-0.0830285670636155,0.276575625309267
-0.14,0.2,-0.139434532375118,0.197840001804235,0.000565467624881667,-0.00215999819576537,0.00223278880337997,0.267816296704176,-0.0689380299805203,-0.0930278547077987,0.291774547358537
-0.14,0.215,-0.13876983556905,0.212808173444853,0.00123016443095007,-0.00219182655514749,0.00251344547882472,0.269168311018115,-0.0720496019865422,-0.100593799896184,0.296246574489867
-0.14,0.23,-0.13820135630645,0.227917311914378,0.00179864369354971,-0.00208268808562237,0.00275185551916148,0.260279193029512,-0.0726162321029205,-0.102841410394453,0.289127841228721
-0.14,0.245,-0.137806015345826,0.243163938516169,0.002193984654174,-0.0018360614838306,0.00286088979780019,0.242074774619605,-0.0702443861940685,-0.0973598863071188,0.270210201668627
-0.14,0.26,-0.137648027260914,0.258537579146222,0.00235197273908583,-0.00146242085377764,0.00276955782011617,0.216271906133023,-0.064584953101407,-0.0825992980359413,0.2403486681809
-0.14,0.275,-0.13777227008579,0.274020241767322,0.00222772991420973,-0.000979758232678152,0.00243366118536774,0.185444021023872,-0.055524238475065,-0.058293181676075,0.202164693813462
-0.14,0.29,-0.138197480413758,0.289586117191143,0.00180251958624165,-0.000413882808856625,0.00184942581312467,0.153080669747521,-0.0434439740619619,-0.0259172081326263,0.16122279355334
-0.14,0.305,-0.138909745757403,0.305201690236784,0.00109025424259707,0.000201690236784097,0.00110875302259562,0.123620030130842,-0.0295478119903631,0.0108330232439639,0.127563106563835
-0.14,0.32,-0.13985689395623,0.320826352779584,0.000143106043770297,0.000826352779584469,0.000838652643285982,0.102438244874343,-0.016249701055975,0.045574922615352,0.113290443332628
-0.14,0.335,-0.140944309410282,0.336413487601995,-0.000944309410282479,0.0014134876019947,0.00169990219228659,0.0957870848721603,-0.00761974038890675,0.068818149929626,0.11819123818485
-0.14,0.35,-0.142032457837836,0.351911879026536,-0.00203245783783634,0.00191187902653613,0.00279037027555325,0.110679381419258,-0.0098875984764611,0.0676241011190978,0.130079654048111
-0.12,0.05,-0.11770811100023,0.0520942287376483,0.0022918889997704,0.00209422873764829,0.00310460129370271,0.0585510759716084,-0.000270904230651633,-0.0460355701194831,0.0744820541092785
-0.12,0.065,-0.118873849298694,0.0667913544553293,0.00112615070130626,0.0017913544553293,0.00211593151748366,0.0546500889535396,0.0031844417309371,-0.0618066018554416,0.0825640969474201
-0.12,0.08,-0.119981121117303,0.0813482685091735,1.88788826971931e-05,0.00134826850917348,0.00134840067674292,0.0728524883362184,-0.00374949599139842,-0.056021413321025,0.0919779557517523
-0.12,0.095,-0.120894780450268,0.0958153613050425,-0.000894780450268085,0.00081536130504252,0.00121055611680855,0.105888238925821,-0.0152191312645322,-0.0419241771478887,0.11489813816647
-0.12,0.11,-0.121527834788243,0.110238981868805,-0.00152783478824273,0.000238981868804888,0.00154641245267302,0.147430459621084,-0.0277073204026246,-0.0285403872759848,0.152702336387633
-0.12,0.125,-0.121838325822325,0.124660444806196,-0.00183832582232543,-0.000339555193803992,0.00186942225264057,0.192142825299958,-0.0393718687861101,-0.021273406646545,0.197285594136466
-0.12,0.14,-0.121824049954303,0.139115355004607,-0.00182404995430326,-0.000884644995393313,0.00202725306848162,0.235677984240308,-0.0494854065683609,-0.0225567656404138,0.241871478833764
-0.12,0.155,-0.121515717523348,0.153633346285833,-0.001515717523348,-0.00136665371416689,0.00204086794894484,0.274629772056537,-0.0579741865047818,-0.0325164393252036,0.282559725789647
-0.12,0.17,-0.120969395103596,0.1682382135865,-0.000969395103596435,-0.00176178641350001,0.00201087499205445,0.306450918031881,-0.065056544298317,-0.0495979445749318,0.317182490297544
-0.12,0.185,-0.120259054066729,0.182948304129514,-0.00025905406672937,-0.00205169587048569,0.00206798572394905,0.32935545827141,-0.0709790691437757,-0.0711243489021466,0.344342962829075
-0.12,0.2,-0.119469774437652,0.197776959051092,0.00053022556234772,-0.00222304094890807,0.00228539935404932,0.342228573633165,-0.0758440830668385,-0.0937711763731676,0.362858367873229
-0.12,0.215,-0.118691734673336,0.212732789699704,0.00130826532666401,-0.0022672103002962,0.00261759445115557,0.344564673990305,-0.0795193192276185,-0.113967303102884,0.371533533554448
-0.12,0.23,-0.118014718469304,0.227819637294314,0.00198528153069608,-0.00218036270568642,0.00294878352621401,0.336447458081506,-0.0816214111662434,-0.128250437002303,0.369198582123973
-0.12,0.245,-0.117522641926311,0.243036181524893,0.00247735807368916,-0.00196381847510679,0.00316131080857983,0.318575066140267,-0.0815684778699752,-0.133615850419256,0.354960684894036
-0.12,0.26,-0.117287630470854,0.258375295436575,0.00271236952914597,-0.0016247045634247,0.00316174214335271,0.292321955057442,-0.0787016325308134,-0.127894757584701,0.328638764448068
-0.12,0.275,-0.117363436354066,0.273823347821025,0.0026365636459343,-0.00117665217897533,0.00288720941556891,0.259819631126962,-0.0724781687021775,-0.110184993671068,0.291376460036535
-0.12,0.29,-0.117778375120665,0.289359696670539,0.00222162487933517,-0.000640303329460745,0.00231205654303685,0.224033180955943,-0.0627388979539065,-0.0813357866800188,0.246460218576671
-0.12,0.305,-0.11852831873845,0.304956585253649,0.00147168126154976,-4.34147463510975e-05,0.00147232149199739,0.188810763119427,-0.0500488126450817,-0.0444667210775646,0.200329024565959
-0.12,0.32,-0.119570475562356,0.32057955750702,0.000429524437643658,0.000579557507020323,0.000721372404848364,0.158888464532442,-0.0361059639768159,-0.00548465294465361,0.163031543410453
-0.12,0.335,-0.120818641613154,0.336188382881473,-0.000818641613153703,0.00118838288147279,0.00144306200967403,0.13984139457959,-0.0242113124603147,0.0264446800941326,0.144364591990167
-0.12,0.35,-0.122140340817596,0.351738360855656,-0.00214034081759601,0.00173836085565568,0.00275734605734273,0.137980918427917,-0.0197952894152817,0.0385108372660518,0.144615638928729
-0.1,0.05,-0.0977083877077263,0.0519281853861772,0.00229161229227368,0.00192818538617717,0.00299489328383617,0.0649966314600581,-0.0086672039364367,-0.0117007320234641,0.0666077334421209
-0.1,0.065,-0.0990825630801158,0.0666140845589648,0.000917436919884218,0.00161408455896478,0.00185659889729989,0.0726941559529941,-0.00954460747630999,-0.0151704744795796,0.0748711154939219
-0.1,0.08,-0.100331011796122,0.0811866799378022,-0.000331011796122216,0.00118667993780222,0.00123198136510028,0.0983036067258691,-0.0175736750488846,-0.00178843798610755,0.0998780966304177
-0.1,0.095,-0.101326633016804,0.095688302434516,-0.00132663301680408,0.000688302434516008,0.00149456194339189,0.135572002591867,-0.0277883111983433,0.0155248657603097,0.139258712938027
-0.1,0.11,-0.101991068530407,0.110157756682364,-0.00199106853040701,0.000157756682363869,0.001997308454798,0.179081190972122,-0.0374831531007708,0.0282031014029085,0.185122944198093
-0.1,0.125,-0.1022912911807,0.124629479816709,-0.0022912911806998,-0.000370520183290909,0.0023210558978574,0.224288178112859,-0.0455388225085264,0.0313982679011817,0.231008429967517
-0.1,0.14,-0.10223387055568,0.139133016204964,-0.00223387055568003,-0.000866983795036247,0.00239621337956152,0.267518296929579,-0.0518469214592465,0.0232833262645194,0.273489300988099
-0.1,0.155,-0.101857652338277,0.153692890538404,-0.0018576523382765,-0.00130710946159567,0.00227143288575671,0.30591331706643,-0.0568378854190669,0.00434656745892625,0.311179423237707
-0.1,0.17,-0.101225845336259,0.168328850130898,-0.00122584533625883,-0.00167114986910188,0.00207254401000962,0.337345916906167,-0.0611152452260678,-0.0232688183925634,0.343626443528932
-0.1,0.185,-0.100418457859485,0.18305633827465,-0.000418457859485358,-0.00194366172535031,0.00198819714383579,0.360319756759857,-0.0651939931158608,-0.0563397533643923,0.370479729382597
-0.1,0.2,-0.0995256818798673,0.197886990058439,0.000474318120132728,-0.0021130099415614,0.00216559199578858,0.373878100905859,-0.0693338359569341,-0.0910367059920717,0.390999092434245
-0.1,0.215,-0.0986423180354428,0.21282893577224,0.00135768196455722,-0.00217106422775996,0.00256062886766961,0.377542160295402,-0.0734544746069196,-0.123307560165163,0.403904781642645
-0.1,0.23,-0.0978628569127635,0.227886760110971,0.00213714308723646,-0.00211323988902946,0.00300552215162488,0.371293264827215,-0.077121583067596,-0.14920782778235,0.4075169972485
-0.1,0.245,-0.0972765593812771,0.243061079955425,0.00272344061872296,-0.00193892004457476,0.00334313322243728,0.355602287127831,-0.0795979507537184,-0.16522560292896,0.400111198054654
-0.1,0.26,-0.0969619072588156,0.25834783410184,0.00303809274118441,-0.00165216589816,0.00345827408674909,0.331498078330711,-0.0799612997392833,-0.168647095703043,0.380430230120422
-0.1,0.275,-0.0969801060487685,0.273737483812888,0.00301989395123152,-0.00126251618711205,0.00327317989108522,0.300656914821859,-0.0772950639529703,-0.15799197608145,0.348325918561259
-0.1,0.29,-0.0973677896816597,0.289214370101171,0.00263221031834028,-0.000785629898828563,0.0027469520377885,0.265489482397487,-0.070958547350763,-0.133522280781061,0.30552937889844
-0.1,0.305,-0.0981295237228029,0.304756447914072,0.00187047627719708,-0.000243552085928189,0.00188626592030843,0.229201958688384,-0.0609383162545711,-0.0978019905691832,0.256539189135588
-0.1,0.32,-0.0992309631880953,0.320335528365542,0.000769036811904683,0.00033552836554171,0.000839045232480115,0.195813001130332,-0.0482758924632,-0.0562642281110096,0.209377662024497
-0.1,0.335,-0.100593503812338,0.335918036721719,-0.000593503812337692,0.00091803672171939,0.00109317802652846,0.170117167383807,-0.035561870266504,-0.017734443072426,0.174696970120449
-0.1,0.35,-0.102090983481834,0.351466173876793,-0.00209098348183417,0.00146617387679265,0.00255379673394195,0.157594799510239,-0.0274875260754402,0.00513823534364708,0.160056562017976
-0.08,0.05,-0.0778226927525365,0.0517039308119522,0.00217730724746348,0.00170393081195216,0.00276478698307428,0.0615214714376627,-0.0163294387938399,0.0269032254839747,0.0691037346247554
-0.08,0.065,-0.0793547374081589,0.066424882121302,0.000645262591841056,0.00142488212130204,0.00156417801801318,0.0747000197946944,-0.0191055783443503,0.0333100390552502,0.0839921189492795
-0.08,0.08,-0.0807065516072767,0.0810538078421568,-0.000706551607276673,0.00105380784215683,0.00126874983426068,0.102097506839923,-0.026437954141596,0.0525349074912643,0.117825242284398
-0.08,0.095,-0.0817578379917832,0.0956249616849246,-0.0017578379917832,0.000624961684924569,0.00186562898588657,0.138564012777588,-0.0341196001396837,0.0719484870846976,0.159814686755372
-0.08,0.11,-0.0824375311305193,0.110169688872396,-0.00243753113051931,0.000169688872396268,0.00244343044215829,0.179650204359042,-0.0401416672658832,0.0833915690544641,0.202088459606858
-0.08,0.125,-0.0827201012854448,0.124715763161066,-0.00272010128544475,-0.000284236838933721,0.00273491162264619,0.221640339307828,-0.0440040751117914,0.082504032087035,0.240557267507505
-0.08,0.14,-0.0826193940393985,0.139287004504723,-0.00261939403939852,-0.000712995495276619,0.00271469845653643,0.261542777859586,-0.0461258287609936,0.0679859180900609,0.274143110737147
-0.08,0.155,-0.0821808673616861,0.153903245741695,-0.00218086736168608,-0.00109675425830527,0.00244111702963589,0.297039518843073,-0.0473633761487725,0.040851478239239,0.303553659113306
-0.08,0.17,-0.0814733570246109,0.168580618102726,-0.0014733570246109,-0.0014193818972745,0.00204583134502354,0.326405137941761,-0.0486429129505021,0.00373800919146154,0.330031393846854
-0.08,0.185,-0.0805814208938642,0.183332028466031,-0.00058142089386418,-0.00166797153396947,0.00176640292514315,0.348412943741744,-0.0507034086845182,-0.0396838954973048,0.354312893694472
-0.08,0.2,-0.0795989064536465,0.198167638125443,0.000401093546353527,-0.00183236187455707,0.00187574680387752,0.362249768559719,-0.0539377186486375,-0.0851802244353388,0.37601908252475
-0.08,0.215,-0.0786238007293303,0.213095146706302,0.00137619927066971,-0.00190485329369788,0.0023499767026725,0.367459285143551,-0.0583146265283729,-0.12831828943327,0.393564625364079
-0.08,0.23,-0.0777538715183036,0.228119741112436,0.00224612848169642,-0.00188025888756402,0.00292924335632111,0.363927257259059,-0.0633671623464031,-0.164769368769191,0.404484944356536
-0.08,0.245,-0.0770822930003379,0.243243672900471,0.00291770699966205,-0.00175632709952925,0.00340553946041119,0.351912196132995,-0.0682406761789492,-0.190607270286286,0.40599360196909
-0.08,0.26,-0.0766924768992787,0.258465547336509,0.0033075231007213,-0.00153445266349128,0.00364612863710272,0.332113940448074,-0.0718039819396634,-0.202658136572476,0.395634204183127
-0.08,0.275,-0.0766516837633812,0.273779506431682,0.0033483162366188,-0.00122049356831791,0.00356382184890189,0.305763373698096,-0.0728338001445599,-0.198937465285108,0.371984682847545
-0.08,0.29,-0.0770035307744692,0.28917453571343,0.00299646922553079,-0.000825464286569738,0.00310808930179864,0.274711117673584,-0.0702835012623974,-0.179180316920659,0.335427899912824
-0.08,0.305,-0.0777600413149023,0.30463410555588,0.00223995868509771,-0.000365894444120329,0.00226964615197674,0.241492832105335,-0.0636414279118881,-0.145439047474328,0.289001233416446
-0.08,0.32,-0.0788942070444346,0.320136279433439,0.0011057929555654,0.000136279433439052,0.00111415894043737,0.209353550201521,-0.0533746999388277,-0.102698797609399,0.239217252163109
-0.08,0.335,-0.0803340464038867,0.335654308849784,-0.000334046403886734,0.000654308849784097,0.000734647582760228,0.182221733504797,-0.0414463993022568,-0.0594506294316254,0.19610451055131
-0.08,0.35,-0.0819588504241456,0.351157622335216,-0.00195885042414565,0.00115762233521574,0.00227534271158565,0.164632928196787,-0.0318925908028519,-0.0281668858464882,0.170042738968507
-0.06,0.05,-0.0579861343756786,0.0514584742847948,0.00201386562432143,0.00145847428479479,0.0024865240783534,0.0462210079670264,-0.022738715294978,0.0646589683469952,0.0826693058225194
-0.06,0.065,-0.059634165767085,0.0662497502311704,0.00036583423291503,0.00124975023117041,0.00130219442722008,0.0596966746583189,-0.0259280190893431,0.0787167689535666,0.102138570662839
-0.06,0.08,-0.0610598480372925,0.0809656709954703,-0.0010598480372925,0.000965670995470319,0.00143380554247967,0.0841481473620166,-0.0316746342130182,0.102337337614742,0.136224566686076
-0.06,0.095,-0.0621483712100123,0.0956324270210173,-0.00214837121001227,0.000632427021017262,0.00223952289403845,0.115598439526839,-0.0363846852469372,0.123133191286014,0.172767618365923
-0.06,0.11,-0.0628345002414326,0.110274029552296,-0.00283450024143264,0.000274029552295885,0.00284771554306486,0.150612100696832,-0.0386128060328834,0.133279683196274,0.204788848006723
-0.06,0.125,-0.0630986430451251,0.124911846553125,-0.00309864304512505,-8.81534468746836e-05,0.00309989673236025,0.186320203441349,-0.0383590993948692,0.128815108026184,0.229739072623852
-0.06,0.14,-0.0629603365043909,0.139564351906697,-0.00296033650439087,-0.000435648093303292,0.00299222015908388,0.220410805710816,-0.0364665337539942,0.108866642049574,0.248521174031485
-0.06,0.155,-0.0624701162079263,0.15424714187642,-0.0024701162079263,-0.00075285812358003,0.00258229925355305,0.251085883432618,-0.0341317883344302,0.0748698546263583,0.264224750340429
-0.06,0.17,-0.0617010163153487,0.168973194900171,-0.00170101631534872,-0.00102680509982855,0.00198690342445637,0.276993210752321,-0.0325373480920202,0.0298512506219077,0.280490948360372
-0.06,0.185,-0.0607408433719363,0.183753272801613,-0.000740843371936351,-0.00124672719838675,0.0014502336394317,0.297147980441579,-0.0326004523351589,-0.022173578191353,0.299752538406588
-0.06,0.2,-0.0596859096006223,0.198596309368482,0.000314090399377712,-0.00140369063151821,0.00143840194938454,0.310862095382058,-0.0348227742180759,-0.0766654524435494,0.32206479575112
-0.06,0.215,-0.0586362585045595,0.213509625671844,0.00136374149544049,-0.00149037432815635,0.00202015011927672,0.317697916902021,-0.0392194028520339,-0.128907736410901,0.345090846697056
-0.06,0.23,-0.0576918026041141,0.228498855912471,0.00230819739588595,-0.00150114408752908,0.00275339949696701,0.317457929375299,-0.0453091522905218,-0.174282440533832,0.364975719348052
-0.06,0.245,-0.0569484382055664,0.243567552051393,0.0030515617944336,-0.00143244794860736,0.00337104383102864,0.310213482549946,-0.052158633917428,-0.208542991904739,0.377417040396069
-0.06,0.26,-0.0564932268239206,0.258716535177036,0.00350677317607938,-0.00128346482296385,0.00373426566546295,0.296366496976508,-0.0584850983961567,-0.228147705555721,0.378557134561481
-0.06,0.275,-0.0563981203748608,0.27394314628754,0.00360187962513923,-0.00105685371245975,0.0037537283603816,0.276729996946479,-0.0628321495602072,-0.230696300829765,0.365716567230443
-0.06,0.29,-0.0567123113102491,0.28924059209295,0.00328768868975085,-0.000759407907049592,0.00337425507186477,0.252608526009026,-0.0638339980282761,-0.215477748235687,0.338107732000422
-0.06,0.305,-0.0574538896150956,0.304597569069132,0.00254611038490438,-0.000402430930868392,0.00257771773983063,0.225859057840482,-0.0605772515600699,-0.184101508813148,0.297616333760289
-0.06,0.32,-0.0586018741168787,0.319998285263065,0.0013981258831213,-1.71473693552637e-06,0.0013981269346438,0.198916915510868,-0.0530574648138799,-0.141156366895324,0.249616210041118
-0.06,0.335,-0.0600897288909701,0.335422904621218,-8.97288909701144e-05,0.000422904621217551,0.000432318855154257,0.174778225904243,-0.0427166748954397,-0.0948289196019469,0.203383160542592
-0.06,0.35,-0.0618011759878896,0.350848342086747,-0.00180117598788959,0.000848342086746945,0.0019909593756519,0.156938450058662,-0.0330442437797,-0.0574190917340771,0.170348386035969
-0.04,0.05,-0.0381503852371161,0.0512081336637314,0.00184961476288395,0.00120813366373143,0.00220922197176277,0.0199186702239753,-0.0280430397190293,0.0971596358177692,0.103068730452543
-0.04,0.065,-0.039879300494106,0.0660949862799175,0.000120699505894051,0.00109498627991753,0.00110161850199181,0.029633283369668,-0.0309698921934557,0.116825096863399,0.124440246908548
-0.04,0.08,-0.0413558221110619,0.0809196264378009,-0.00135582211106186,0.000919626437800941,0.00163828153317636,0.0474466105282765,-0.0350116620880053,0.143664806121203,0.155295166106104
-0.04,0.095,-0.0424692270978078,0.0957002281714159,-0.00246922709780784,0.000700228171415879,0.00256659345292412,0.0706071143337941,-0.0370250749410969,0.165468953486089,0.18367423398224
-0.04,0.11,-0.04315852716519,0.110453611520411,-0.00315852716519004,0.000453611520410652,0.00319093360393047,0.0967246158576798,-0.0359794691425607,0.174656131772767,0.202866904335852
-0.04,0.125,-0.0434083862340317,0.125194993678507,-0.00340838623403174,0.000194993678507061,0.00341395946885647,0.12378632103689,-0.0322432116934445,0.167553336796427,0.210800495190563
-0.04,0.14,-0.0432423640074288,0.139937859065445,-0.00324236400742878,-6.21409345550883e-05,0.00324295942811762,0.150149458044853,-0.0269713137392131,0.143596231179757,0.209504744647639
-0.04,0.155,-0.0427145266934854,0.154693987225584,-0.00271452669348538,-0.000306012774415554,0.00273172088393931,0.174511078660557,-0.0216109399247302,0.104522817369941,0.20456346961703
-0.04,0.17,-0.0419007575879856,0.169473626749944,-0.00190075758798559,-0.000526373250056056,0.00197229516215483,0.195860808313005,-0.0175340780804163,0.0536361040355193,0.203827808697163
-0.04,0.185,-0.0408909836457779,0.184285750179597,-0.000890983645777933,-0.000714249820402663,0.00114193023560504,0.213426824234646,-0.0157919476346935,-0.00480674859864831,0.214064366598787
-0.04,0.2,-0.0397830386288117,0.199138287234153,0.000216961371188252,-0.000861712765847511,0.000888606283689494,0.226627661738051,-0.016972095650905,-0.0660559865504323,0.236667746205692
-0.04,0.215,-0.0386781800832286,0.214038226441074,0.00132181991677141,-0.000961773558925738,0.00163469149108394,0.235041776308609,-0.0211331577146807,-0.1252000243325,0.26714494632492
-0.04,0.23,-0.0376776153692288,0.228991504088247,0.00232238463077124,-0.00100849591175292,0.00253190331119987,0.238403138646584,-0.0277964729716974,-0.177419576398311,0.298473797810771
-0.04,0.245,-0.0368790042975205,0.244002658000937,0.00312099570247945,-0.00099734199906315,0.00327647756561684,0.236625287590614,-0.0359860305783778,-0.218238730974308,0.32390576443645
-0.04,0.26,-0.0363719245468967,0.259074295452186,0.00362807545310333,-0.00092570454781371,0.00374431040423386,0.229849585500537,-0.0443231053441232,-0.243844084896832,0.338017216636799
-0.04,0.275,-0.0362316968254577,0.274206487492582,0.00376830317454228,-0.000793512507417521,0.00385094415886461,0.218507484174924,-0.0511929551107012,-0.251519657876743,0.337088571960727
-0.04,0.29,-0.0365116176684219,0.289396235741719,0.00348838233157807,-0.000603764258280792,0.00354024611726973,0.203382872631325,-0.0550033281525036,-0.240208058101965,0.319515468695366
-0.04,0.305,-0.0372343054839651,0.304637150862717,0.00276569451603495,-0.000362849137283211,0.00278939521266761,0.18565997151805,-0.0545472064142577,-0.211168400783052,0.286421519933635
-0.04,0.32,-0.0383833005685105,0.319919435916523,0.00161669943148951,-8.05640834770083e-05,0.00161870553941259,0.166944863677127,-0.0494684987153875,-0.168670440659531,0.242420141687097
-0.04,0.335,-0.0398961303561111,0.335230197173846,0.000103869643888865,0.000230197173846231,0.000252546316085567,0.149253806658051,-0.0408158609210346,-0.120650587894301,0.196212220032385
-0.04,0.35,-0.0416597491552939,0.350554031415656,-0.00165974915529393,0.000554031415655798,0.00174977657660414,0.134967443775524,-0.0316637152247621,-0.0792611119754119,0.159690770305131
-0.02,0.05,-0.018281813338404,0.0509549237028177,0.00171818666159601,0.000954923702817745,0.00196571734547203,-0.0143363361903599,-0.0326056840360619,0.120938192406646,0.126074239891331
-0.02,0.065,-0.020061389774508,0.0659534720189003,-6.13897745079528e-05,0.000953472018900281,0.000955446280666744,-0.0111771078077973,-0.0352146183885146,0.144309972823136,0.148964350920164
-0.02,0.08,-0.0215703366992976,0.0809005717338368,-0.00157033669929763,0.000900571733836758,0.00181024495495684,-0.00254576833075025,-0.0380215452449284,0.173398562282591,0.177536490500377
-0.02,0.095,-0.0227005539446763,0.0958064569021343,-0.0027005539446763,0.000806456902134323,0.00281839747784212,0.0100656658118226,-0.0381583502296962,0.196096629401018,0.200028263055483
-0.02,0.11,-0.0233936240244602,0.110680891776445,-0.00339362402446021,0.000680891776445036,0.00346125665483275,0.025331768975558,-0.0348482296324869,0.204960196010452,0.209439319185104
-0.02,0.125,-0.0236366919199111,0.125533150202103,-0.00363669191991114,0.000533150202103427,0.00367556488969382,0.0420997692539834,-0.0286866298284244,0.196479311812303,0.202976541407492
-0.02,0.14,-0.0234556073963016,0.140372000979613,-0.00345560739630163,0.000372000979612874,0.00347557293208004,0.059385786880949,-0.0210233332620989,0.170264742217351,0.181545482576173
-0.02,0.155,-0.0229064114634977,0.155205721776369,-0.00290641146349771,0.000205721776369266,0.00291368307206248,0.0763614604656826,-0.0134648237010698,0.128227079113023,0.149848492615701
-0.02,0.17,-0.0220665506263453,0.170042145328314,-0.00206655062634531,4.21453283141193e-05,0.0020669803385487,0.0923335040325015,-0.00750726906538616,0.0738277594738227,0.118458339195472
-0.02,0.185,-0.021027081928222,0.184888717658203,-0.00102708192822204,-0.000111282341796554,0.00103309295171152,0.106720848709029,-0.00429418229384848,0.0114628024032706,0.107420569582164
-0.02,0.2,-0.0198866168074387,0.199752527793142,0.000113383192561317,-0.000247472206858002,0.000272209921793027,0.119035225263786,-0.00447792186571434,-0.0539962513210189,0.130786234833791
-0.02,0.215,-0.0187470182292267,0.214640261017916,0.00125298177077334,-0.000359738982084357,0.00130360095624443,0.128870876659632,-0.0081577099002458,-0.117523308965972,0.174602413570755
-0.02,0.23,-0.0177101712992112,0.22955803854141,0.00228982870078879,-0.000441961458590434,0.00233209035198799,0.135907471848658,-0.0148714697838335,-0.174177584158399,0.221426948149233
-0.02,0.245,-0.0168747355594876,0.244511134700103,0.00312526444051238,-0.000488865299897112,0.00316326842120214,0.139927491071459,-0.0236322544788862,-0.219340251190921,0.261244043455309
-0.02,0.26,-0.0163317973995137,0.25950360081355,0.00366820260048634,-0.000496399186449559,0.00370163780920318,0.140845968940785,-0.0330164568747683,-0.249023713854723,0.287994197998309
-0.02,0.275,-0.0161587632022289,0.274537860348528,0.00384123679777106,-0.000462139651471571,0.00386893695916756,0.138747287252653,-0.0413233655465372,-0.260304987983769,0.297854522928549
-0.02,0.29,-0.0164115135597017,0.289614360572037,0.00358848644029831,-0.000385639427962742,0.0036091484730618,0.133921492379418,-0.0468286730869698,-0.251895466019972,0.289101009807144
-0.02,0.305,-0.0171155347358608,0.304731363100529,0.00288446526413921,-0.000268636899470626,0.00289694764256845,0.126891962804419,-0.0481469063575919,-0.224816868432441,0.262607006520312
-0.02,0.32,-0.0182572140960103,0.319884929398385,0.00174278590398971,-0.000115070601615364,0.00174658064528992,0.118427359314002,-0.0447027924632535,-0.183119888013543,0.222612521694182
-0.02,0.335,-0.0197765781753716,0.335069115093369,0.00022342182462845,6.91150933685436e-05,0.000233867928223706,0.109533339199484,-0.0372962957351867,-0.134566944804662,0.177473530112182
-0.02,0.35,-0.0215624511981196,0.35027634210741,-0.0015624511981196,0.000276342107410066,0.00158670057251934,0.101422763263004,-0.0287383678614485,-0.0912061274664301,0.139395258052971
0,0.05,0.00163996812454265,0.0506920492227719,0.00163996812454265,0.000692049222771884,0.00178000774612222,-0.051952961249307,-0.0366453863098801,0.133640018520397,0.147992098597177
0,0.065,-0.000163014319146254,0.0658099758998651,-0.000163014319146254,0.000809975899865145,0.000826217057805676,-0.0567934539564976,-0.0392723485791057,0.15889958861384,0.173253905903348
0,0.08,-0.00168871224169481,0.0808860352448555,-0.00168871224169481,0.000886035244855532,0.00190704155444398,-0.0586764707974099,-0.0416872050329133,0.18938593974589,0.202602636294818
0,0.095,-0.00283016460291124,0.0959226251205168,-0.00283016460291124,0.000922625120516773,0.00297675474175827,-0.0578198426584256,-0.0411140983910828,0.213013732262893,0.22451819063687
0,0.11,-0.00352980841697167,0.110922564338151,-0.00352980841697167,0.000922564338150689,0.0036483794236005,-0.054475264745365,-0.0368621238775163,0.222362783963539,0.231887153021022
0,0.125,-0.00377544952181252,0.12588931045839,-0.00377544952181252,0.000889310458389719,0.00387877457235604,-0.0489330544559391,-0.0296071672167936,0.21395144364725,0.221464013943999
0,0.14,-0.00359346300744516,0.140827062712679,-0.00359346300744516,0.000827062712678794,0.00368741225205162,-0.0415219956296413,-0.020773489591098,0.187423519254839,0.193088645050546
0,0.155,-0.00304030722901946,0.15574075456173,-0.00304030722901946,0.000740754561730478,0.00312924677319519,-0.0326042548178853,-0.0120351781651687,0.144725860584989,0.148840418321939
0,0.17,-0.00219374669807901,0.170635955556205,-0.00219374669807901,0.000635955556205242,0.00228406743438123,-0.0225662655739454,-0.00494848131191906,0.0893572778357663,0.0922954427484919
0,0.185,-0.00114506503306075,0.185518709951602,-0.00114506503306075,0.000518709951602248,0.00125707356341211,-0.0118070605748826,-0.000709309178442753,0.0257509591705036,0.0283376378053723
0,0.2,6.96580070111829e-06,0.200395338832675,6.96580070111829e-06,0.000395338832675424,0.000395400196004724,-0.000725656141758119,-1.48061058507635e-05,-0.0411840740663669,0.0411904700825203
0,0.215,0.00116033496701055,0.215272225897604,0.00116033496701055,0.000272225897603839,0.00119184066678125,0.0102912031979595,-0.00300110447563237,-0.106381199843218,0.10691996300286
0,0.23,0.00221294345633066,0.230155599451178,0.00221294345633066,0.00015559945117774,0.00221840707042768,0.0208801818368791,-0.0092339688160084,-0.164851592065429,0.166425103433036
0,0.245,0.00306576487419095,0.245051318954987,0.00306576487419095,5.13189549868343e-05,0.00306619436744705,0.0307111459857991,-0.0177428044196005,-0.211915985651272,0.214863725826745
0,0.26,0.0036271247175183,0.259964675459289,0.0036271247175183,-3.53245407108682e-05,0.00362729672615967,0.0394956808538869,-0.0271054508636967,-0.243510401253679,0.248177408502761
0,0.275,0.00381878533866473,0.274900219831743,0.00381878533866473,-9.97801682570965e-05,0.00382008868284207,0.0469943334306227,-0.0356041219300502,-0.256619065912106,0.263305123148985
0,0.29,0.00358383484967312,0.289861636911681,0.00358383484967312,-0.00013836308831916,0.00358650478515515,0.0530221909584694,-0.0414762809024298,-0.249847959664996,0.258758094291756
0,0.305,0.00289566572713235,0.304851683695861,0.00289566572713235,-0.000148316304139084,0.00289946162750301,0.0574518456384562,-0.0432766171390354,-0.224108990948863,0.235368854964459
0,0.32,0.00176683980719763,0.319872203391974,0.00176683980719763,-0.000127796608025837,0.00177145558152641,0.0602123120587192,-0.0403509316005799,-0.183350461962849,0.197157679186711
0,0.335,0.000256530982442577,0.334924215927369,0.000256530982442577,-7.57840726306191e-05,0.000267490879503277,0.0612822284062388,-0.0334067685597344,-0.135253615194863,0.152200781046583
0,0.35,-0.00152446599542239,0.350008072761968,-0.00152446599542239,8.07276196818085e-06,0.00152448736980172,0.0606758023720199,-0.0251572311875884,-0.091820461306092,0.112895706354313
0.02,0.05,0.0216230625373855,0.0504087325099042,0.00162306253738545,0.000408732509904197,0.0016737366175467,-0.0875999115149053,-0.0400133746510322,0.134130851901822,0.165123950269919
0.02,0.065,0.0198228686078091,0.0656457136096839,-0.000177131392190943,0.000645713609683934,0.000669568215965004,-0.100495849167,-0.0431339198749237,0.159472815649223,0.193368987086661
0.02,0.08,0.018295230322008,0.0808504252574427,-0.00170476967799196,0.000850425257442722,0.00190511489771545,-0.112984923671714,-0.046135086826567,0.19052456973452,0.226260286866621
0.02,0.095,0.0171474141858445,0.0960175631055394,-0.00285258581415551,0.00101756310553938,0.00302864334329353,-0.124016347921578,-0.0461497539657333,0.215143871689644,0.252580369752931
0.02,0.11,0.0164378189673754,0.111143081244889,-0.00356218103262464,0.0011430812448886,0.00374109187826319,-0.132769255416069,-0.0424036384671058,0.225821155562589,0.265369674088301
0.02,0.125,0.0161797827714168,0.126224655307329,-0.00382021722858324,0.00122465530732863,0.00401171288794853,-0.138668814199895,-0.0355048855605801,0.218967786682732,0.261603989703235
0.02,0.14,0.0163481606621521,0.141261913804796,-0.00365183933784789,0.00126191380479584,0.00386372320439594,-0.141383024236106,-0.026830563376665,0.19411746068361,0.241641705350253
0.02,0.155,0.0168876252755795,0.156256422031502,-0.00311237472442048,0.00125642203150239,0.00335640771457463,-0.140800236507045,-0.0180296234969305,0.153115863334661,0.208792456216381
0.02,0.17,0.017721323970901,0.171211451365304,-0.00227867602909899,0.00121145136530387,0.0025806934835596,-0.136991519125712,-0.010653589298558,0.0993776061574644,0.169576250920725
0.02,0.185,0.0187586236372536,0.186131606786394,-0.00124137636274636,0.00113160678639407,0.00167974676454473,-0.130165287386074,-0.00591023545467304,0.0372717923021915,0.135525377652076
0.02,0.2,0.0199011696298557,0.201022405471223,-9.88303701442563e-05,0.0010224054712232,0.00102717106153259,-0.120623142783318,-0.00452054313701647,-0.0283379314300273,0.123989605377894
0.02,0.215,0.0210472109599656,0.215889895160824,0.00104721095996563,0.000889895160823662,0.00137425041092572,-0.108725211811092,-0.00665234886571647,-0.0924162554792483,0.142850272230201
0.02,0.23,0.0220948446772344,0.230740376318172,0.00209484467723436,0.000740376318172004,0.00222183062231284,-0.0948706809709299,-0.0119082484738366,-0.149997619351739,0.177880757014405
0.02,0.245,0.0229452617886705,0.245580256073914,0.00294526178867048,0.000580256073913599,0.0030018767654779,-0.07949542971955,-0.0193584467360717,-0.196423476112929,0.212782769067281
0.02,0.26,0.0235070869037951,0.260416025648388,0.00350708690379513,0.000416025648387774,0.0035316760738901,-0.0630847135404957,-0.0276256162345905,-0.227651632824835,0.237840709119163
0.02,0.275,0.0237024954473995,0.275254325485001,0.00370249544739951,0.000254325485000872,0.00371122001373335,-0.0461957361444484,-0.0350414485700139,-0.240690367588694,0.247576044027688
0.02,0.29,0.0234751141859973,0.290102048859394,0.00347511418599729,0.000102048859394327,0.0034766122267839,-0.0294834263040189,-0.0398980223504397,-0.234171109148362,0.239368578372215
0.02,0.305,0.0227990040037845,0.304966436203511,0.00279900400378449,-3.35637964887225e-05,0.00279920523392558,-0.0137230779499101,-0.0408097998910836,-0.209030718926103,0.213418969991294
0.02,0.32,0.0216875349190395,0.319855125631825,0.0016875349190395,-0.00014487436817448,0.00169374221342317,0.000174485547113645,-0.0371871785401131,-0.169240366245082,0.173277930342949
0.02,0.335,0.0202008537339951,0.334776145057798,0.00020085373399506,-0.00022385494220184,0.00030075448061159,0.0111566005014856,-0.029807009609739,-0.122501976003525,0.126568827902407
0.02,0.35,0.0184509361865054,0.349737851519632,-0.00154906381349459,-0.000262148480368152,0.00157108896121058,0.0180296654672558,-0.0214573995710266,-0.0808381502523045,0.0855587326368214
0.04,0.05,0.041663720116771,0.0500946429855425,0.00166372011677104,9.46429855424591e-05,0.00166640989005138,-0.116055730188715,-0.0421336350537101,0.122535746167953,0.173951740562454
0.04,0.065,0.0398933070924791,0.0654424784946411,-0.000106692907520939,0.000442478494641074,0.000455159966094452,-0.135680503145219,-0.0461055493443895,0.146098823853816,0.20464562411377
0.04,0.08,0.0383795127113385,0.0807688043053381,-0.00162048728866149,0.000768804305338072,0.00179361063573447,-0.157626321044072,-0.0505639229610503,0.176801659931403,0.242201737609894
0.04,0.095,0.0372312521666922,0.0960607874088557,-0.00276874783330783,0.00106078740885568,0.00296500160054485,-0.179600153283376,-0.0523735367563782,0.202374787605654,0.275599171845282
0.04,0.11,0.0365093537580394,0.111307579371176,-0.0034906462419606,0.00130757937117607,0.00372751592866333,-0.199720849507093,-0.0505123029708846,0.215115122084102,0.297850005897619
0.04,0.125,0.0362300237357672,0.126501027249365,-0.00376997626423277,0.00150102724936546,0.00405780776235347,-0.216546694252522,-0.0453750199633154,0.211200284557159,0.305871125831396
0.04,0.14,0.0363710479228716,0.141636051309646,-0.00362895207712842,0.00163605130964636,0.00398069806263804,-0.229071044453135,-0.0381701209926008,0.189917708298983,0.299999071804044
0.04,0.155,0.0368797548721209,0.156710651549478,-0.00312024512787913,0.00171065154947833,0.00355840671955667,-0.23668600981879,-0.0304269234479808,0.152879227890123,0.283404811166068
0.04,0.17,0.0376814418923284,0.171725583635632,-0.00231855810767165,0.00172558363563224,0.00289021635560588,-0.239120976232349,-0.0236243592773489,0.103295822746089,0.261547505074573
0.04,0.185,0.0386870378361967,0.186683815002345,-0.00131296216380335,0.00168381500234521,0.00213520551837568,-0.236368465261069,-0.0189380085122818,0.0453709891946098,0.241427654668839
0.04,0.2,0.0397992342922088,0.201589912707225,-0.000200765707791234,0.00158991270722497,0.0016025383883141,-0.22861267258335,-0.0170885086164601,-0.0161619066132758,0.229819601499481
0.04,0.215,0.0409170046068502,0.216449514845939,0.000917004606850198,0.00144951484593867,0.00171522323257968,-0.216175179829058,-0.0182677647745801,-0.0763736553084069,0.229996577933007
0.04,0.23,0.0419391043412571,0.231268998529012,0.00193910434125714,0.00126899852901222,0.00231743023906168,-0.199488022090851,-0.0221227335946308,-0.130396193427081,0.239349403325839
0.04,0.245,0.0427675673994583,0.246055392915799,0.0027675673994583,0.00105539291579937,0.00296197290961006,-0.179097671410338,-0.0277882221480347,-0.173675037273301,0.251020478356908
0.04,0.26,0.0433122316703641,0.260816514846499,0.00331223167036407,0.000816514846498834,0.00341138903274249,-0.155696294570844,-0.0339749340164259,-0.202289025811877,0.257520084438242
0.04,0.275,0.043496943441319,0.275561246693344,0.00349694344131904,0.000561246693343675,0.0035416961025155,-0.130170660877475,-0.0391304494962593,-0.213387317545194,0.253001668626916
0.04,0.29,0.0432674416533209,0.290299845297691,0.00326744165332092,0.000299845297690782,0.00328117085205934,-0.103655759211557,-0.0416939083921157,-0.205756918480765,0.23413432939628
0.04,0.305,0.0426002441718615,0.30504417296076,0.00260024417186147,4.41729607598973e-05,0.00260061935003219,-0.0775802648658617,-0.0404584093204434,-0.180493515478273,0.20058297684735
0.04,0.32,0.0415113877443582,0.319807772729238,0.00151138774435824,-0.000192227270762457,0.00152356300736828,-0.0536942583512918,-0.0350415253069958,-0.141715936322132,0.15554550248898
0.04,0.335,0.0400637693088964,0.334605759189462,6.3769308896372e-05,-0.000394240810537766,0.000399364922659208,-0.0340749591727585,-0.0264503548940396,-0.0972490518011265,0.106386584893388
0.04,0.35,0.0383721208572128,0.349454547508588,-0.0016278791427872,-0.000545452491411524,0.00171683107028869,-0.021112033918977,-0.0177206914826668,-0.0592041948404912,0.0653060336584324
0.06,0.05,0.0617462434456541,0.049744212905275,0.00174624344565411,-0.000255787094724957,0.00176487767545452,-0.133037871316664,-0.0421108646347008,0.10020708140224,0.171796045939062
0.06,0.065,0.060035161847099,0.0651866822569368,3.51618470990078e-05,0.000186682256936826,0.000189964787648767,-0.156735225516324,-0.0469292013379635,0.120017252799025,0.202909992012081
0.06,0.08,0.0585537211497631,0.0806205980741705,-0.00144627885023685,0.000620598074170503,0.00157380573207323,-0.185778270201232,-0.053374294589983,0.149287299952322,0.244231794100133
0.06,0.095,0.0574136721428668,0.0960258265364788,-0.0025863278571332,0.00102582653647884,0.0027823392797298,-0.216679040392704,-0.0578794517037245,0.175564698701928,0.284820940173803
0.06,0.11,0.056679705794054,0.111384785608082,-0.00332029420594601,0.00138478560808208,0.00359749701798208,-0.246521490274666,-0.0590212243088662,0.190865215963553,0.317310791014523
0.06,0.125,0.0563724790113373,0.126683400370548,-0.0036275209886627,0.00168340037054823,0.00399909306352707,-0.273000105181977,-0.0568424637209887,0.191022544215551,0.33800897452683
0.06,0.14,0.0564743091833772,0.141911648791679,-0.00352569081662278,0.00191164879167929,0.00401059806477128,-0.294416899784717,-0.0522641159652106,0.17495613022263,0.346443158220042
0.06,0.155,0.0569366650030659,0.157063636114338,-0.00306333499693406,0.00206363611433799,0.00369359111378629,-0.309636629803371,-0.0465999107774459,0.143921593170129,0.344615985127617
0.06,0.17,0.0576882572741538,0.172137238948856,-0.00231174272584624,0.00213723894885579,0.00314832411848101,-0.318008904172558,-0.0411840314547098,0.10081189391331,0.336138586908762
0.06,0.185,0.058642574991827,0.187133456340603,-0.00135742500817302,0.00213345634060347,0.00252868317708539,-0.319273422913657,-0.0371103759819768,0.0495630822189491,0.325222203560026
0.06,0.2,0.0597041171287493,0.202055665352152,-0.000295882871250664,0.00205566535215171,0.00207685019044142,-0.313468499969519,-0.0350701974978035,-0.00531130553211839,0.315469302171234
0.06,0.215,0.0607732006394914,0.216908985104402,0.000773200639491413,0.00190898510440171,0.00205962699480696,-0.300862149356663,-0.035268787882599,-0.0590700124384885,0.308628282881778
0.06,0.23,0.061749854100062,0.231699904683308,0.001749854100062,0.00169990468330766,0.00243960351365445,-0.281919474333795,-0.0374042363077001,-0.107023890342805,0.303861804798178
0.06,0.245,0.062537706525266,0.246436242804928,0.00253770652526603,0.00143624280492813,0.00291594715368533,-0.257311343849649,-0.0407009172213594,-0.144811021749135,0.298053895610888
0.06,0.26,0.0630488088122698,0.261127407008585,0.00304880881226977,0.0011274070085853,0.00325058175359135,-0.227959622896449,-0.0440028040643387,-0.168732140494272,0.287006173995975
0.06,0.275,0.0632099735475453,0.275784835895403,0.00320997354754531,0.000784835895402514,0.00330452682825437,-0.195105963667478,-0.0459413404351007,-0.176191636677373,0.266871814580493
0.06,0.29,0.0629706180442543,0.290422461960171,0.00297061804425426,0.000422461960171205,0.00300050756916904,-0.160386407307547,-0.0451950292777741,-0.166256118832737,0.235388116316392
0.06,0.305,0.062311464417111,0.305057035062597,0.002311464417111,5.70350625967442e-05,0.00231216797615046,-0.125893844364051,-0.0408518983116569,-0.140305547182099,0.192882916170815
0.06,0.32,0.0612530156781074,0.319708193334701,0.00125301567810743,-0.000291806665299071,0.00128654553728035,-0.0942145723320366,-0.0328742914700459,-0.102722197488057,0.143209515103262
0.06,0.335,0.059862637358158,0.334398242564791,-0.000137362641841998,-0.000601757435208627,0.000617236183484635,-0.068432352504573,-0.022653836173919,-0.061548283983346,0.0947859508259932
0.06,0.35,0.0582593507665557,0.349151683572649,-0.00174064923344433,-0.000848316427350948,0.00193636270228586,-0.0521012836985851,-0.0136396174663522,-0.0290465470412753,0.0611905644682987
0.08,0.05,0.0818424307268176,0.0493611038045718,0.00184243072681761,-0.000638896195428174,0.00195006136612525,-0.135944198845966,-0.0389884621788848,0.069621924811855,0.157632970757348
0.08,0.065,0.0802244099438518,0.0648736243474766,0.000224409943851811,-0.000126375652523436,0.000257547332446479,-0.159832268441021,-0.04407055622524,0.0835568628979919,0.185661917100309
0.08,0.08,0.078798184514027,0.080393623158551,-0.00120181548597303,0.000393623158551015,0.00126463419741532,-0.192473692351383,-0.0524814225882823,0.110077304996534,0.227854127592615
0.08,0.095,0.0776793333698276,0.0958939644413558,-0.00232066663017239,0.00089396444135581,0.0024868988782828,-0.229253283682833,-0.0600782890533952,0.1365102771044,0.273498933606639
0.08,0.11,0.0769376346718644,0.111350442554246,-0.00306236532813563,0.00135044255424643,0.0033469055103613,-0.266260929426135,-0.0648989453909421,0.15452445108602,0.314618515595871
0.08,0.125,0.0765995880392087,0.12674297097009,-0.00340041196079129,0.00174297097009035,0.00382109268477881,-0.300340507484883,-0.0665073404274395,0.159521805737137,0.346518714171259
0.08,0.14,0.0766535046113003,0.14205631699778,-0.00334649538869972,0.00205631699777986,0.0039277819417512,-0.329090944807696,-0.0654241979076736,0.149952180887223,0.367515027281653
0.08,0.155,0.0770564178608766,0.157280296220815,-0.00294358213912339,0.00228029622081544,0.00372349656431041,-0.350819157401341,-0.0626524724666454,0.126607636714987,0.378192314155391
0.08,0.17,0.0777417490090671,0.172409460328083,-0.00225825099093286,0.00240946032808259,0.00330230171405538,-0.364454595190408,-0.0593061830895146,0.0919568341462351,0.380527222292085
0.08,0.185,0.0786266686537474,0.187442428120554,-0.00137333134625258,0.00244242812055351,0.00280205176802115,-0.369443768066706,-0.0563428519141517,0.0495673528676,0.376988925465427
0.08,0.2,0.0796184377850643,0.20238108647777,-0.000381562214935734,0.0023810864777703,0.00241146481178707,-0.365647807065353,-0.0543903557758435,0.00363808961030017,0.369689517656117
0.08,0.215,0.0806195678001464,0.217229901973033,0.000619567800146426,0.00222990197303308,0.00231437401219317,-0.353265310969862,-0.0536536791594016,-0.0413683241525661,0.359703851007718
0.08,0.23,0.0815322066619852,0.231995530674443,0.00153220666198521,0.00199553067444269,0.00251590936396238,-0.332796523225684,-0.0538884405816571,-0.0810322343416167,0.346733442011465
0.08,0.245,0.0822625271459616,0.24668681040891,0.00226252714596154,0.00168681040890983,0.0028221194946032,-0.305054846460548,-0.0544353643990649,-0.111279146651373,0.329249168621072
0.08,0.26,0.0827259269371551,0.261315098163773,0.00272592693715507,0.00131509816377318,0.00302657576265111,-0.271220382425774,-0.0543195449956345,-0.128733765066373,0.305096232405356
0.08,0.275,0.082853538765493,0.27589481109489,0.00285353876549305,0.000894811094889703,0.0029905468365684,-0.232920465741041,-0.0524257977205548,-0.13116512670086,0.272405649479083
0.08,0.29,0.0826000092841761,0.290443972007253,0.0026000092841761,0.000443972007252935,0.00263764277737265,-0.192316415906386,-0.0477630106823128,-0.118032881527846,0.230648524776671
0.08,0.305,0.0819519392362248,0.304984563239464,0.00195193923622483,-1.54367605358363e-05,0.00195200027548405,-0.152175305395378,-0.0398253087340501,-0.0911122620110911,0.181782427076697
0.08,0.32,0.080935992458659,0.319542551989049,0.000935992458658996,-0.000457448010950656,0.00104179679659194,-0.115910250583655,-0.0290484442613089,-0.055149014213963,0.131607065492373
0.08,0.335,0.0796256138807013,0.334147544093208,-0.000374386119298659,-0.000852455906791727,0.000931045669850634,-0.0875809778661287,-0.0173511349230112,-0.0184826201449333,0.0911761951811524
0.08,0.35,0.0781455644114039,0.348832122574313,-0.00185443558859608,-0.00116787742568664,0.00219154489656957,-0.0718555983142318,-0.00874871177301594,0.00642124361265034,0.0726704894900444
0.1,0.05,0.101910662376408,0.0489630375949092,0.00191066237640847,-0.00103696240509082,0.00217391852335698,-0.124446531339556,-0.0321197705204129,0.0342124966722439,0.133000457489674
0.1,0.065,0.100425073763888,0.064512240165878,0.000425073763887618,-0.00048775983412197,0.00064699100498251,-0.143578106237269,-0.0361359624221967,0.039992092308589,0.153361865730896
0.1,0.08,0.0990827564803239,0.0800887301217433,-0.000917243519676092,8.8730121743319e-05,0.000921525207952756,-0.175301387610402,-0.0457724578887992,0.0621803236222879,0.191551876058275
0.1,0.095,0.0980039016466966,0.0956587535209605,-0.00199609835330344,0.000658753520960509,0.00210199068443192,-0.21396079259112,-0.056187782112367,0.0878664408447678,0.238027058410548
0.1,0.11,0.0972643660285116,0.111191668199363,-0.00273563397148836,0.00119166819936256,0.00298391794849208,-0.254710217737773,-0.0647636555885262,0.108330090182705,0.28426607307471
0.1,0.125,0.0968976640153547,0.126661347307248,-0.00310233598464532,0.0016613473072476,0.00351917084508895,-0.293571349131263,-0.070474195760704,0.118479088610219,0.324327495918552
0.1,0.14,0.0968993965462677,0.14204711841095,-0.00310060345373232,0.00204711841095018,0.0037154320833179,-0.327441262625804,-0.0733377379058329,0.116215438975917,0.355109329918302
0.1,0.155,0.0972335088994667,0.157334129043723,-0.00276649110053327,0.00233412904372288,0.00361961757677251,-0.354049114975782,-0.0739561782651812,0.101778625541625,0.375738854387594
0.1,0.17,0.0978394605864362,0.172513157645102,-0.00216053941356378,0.00251315764510157,0.00331419551425304,-0.371871920841283,-0.0731482022272369,0.0771178176792685,0.386764929666101
0.1,0.185,0.098639364731897,0.187580017459488,-0.00136063526810297,0.00258001745948827,0.00291681648789737,-0.380028407593866,-0.0716777264776047,0.045334334603349,0.389377801714316
0.1,0.2,0.0995444261501126,0.202534790625761,-0.000455573849887385,0.00253479062576117,0.00257540502623334,-0.378174940557724,-0.0700720703885126,0.0102141368640994,0.384748314576267
0.1,0.215,0.100460479006978,0.217381151774813,0.000460479006978383,0.00238115177481307,0.00242526796263078,-0.366426850365617,-0.0685200802830165,-0.0241569941749553,0.373560828742512
0.1,0.23,0.101292918892773,0.232125987725397,0.00129291889277317,0.00212598772539729,0.00248826507266203,-0.345322152664642,-0.0668409783112297,-0.0537275740137449,0.355811979253832
0.1,0.245,0.101951652223687,0.246779409257667,0.00195165222368716,0.00177940925766651,0.0026410686678866,-0.315834175391478,-0.0645197244032066,-0.0748104952697962,0.330924365699174
0.1,0.26,0.102356723049366,0.261355117009745,0.00235672304936568,0.00135511700974478,0.00271854476540503,-0.279427687620996,-0.0608115499192118,-0.0844559279170968,0.298179277689808
0.1,0.275,0.1024450103635,0.275870967339269,0.00244501036349955,0.00087096733926928,0.00259550761580351,-0.238142774202279,-0.0549235253208787,-0.0808994776217101,0.257436228049903
0.1,0.29,0.102177921474269,0.290349519470302,0.00217792147426879,0.000349519470302206,0.00220578915769424,-0.194684518577036,-0.0462818445548646,-0.0640933367957819,0.210123954403605
0.1,0.305,0.101549518194187,0.304818349386245,0.00154951819418719,-0.000181650613754858,0.00156012934707179,-0.152495954838105,-0.0348893999978392,-0.0363005889859567,0.160592764834303
0.1,0.32,0.100594188027196,0.31930998371933,0.000594188027195963,-0.000690016280670391,0.000910594245124156,-0.115796583239319,-0.0217713010457767,-0.00271043770720221,0.11785664856153
0.1,0.335,0.099392932454804,0.333861414111013,-0.000607067545195961,-0.00113858588898652,0.00129031346231428,-0.0895773147550046,-0.00950037064864396,0.0279791025518139,0.094324888291114
0.1,0.35,0.0980776024552898,0.348513265218849,-0.00192239754471019,-0.00148673478115074,0.00243022481046324,-0.0795522614600722,-0.00279486473543256,0.0430628096243757,0.0905029328183084
0.12,0.05,0.121894752529585,0.048587139900472,0.00189475252958465,-0.00141286009952796,0.00236352719662914,-0.100886699790316,-0.0216024237383831,-0.00186137579828432,0.103190399275
0.12,0.065,0.12058793102945,0.0641304838014521,0.000587931029449928,-0.000869516198547915,0.00104962913208774,-0.109466287617794,-0.0223642720137029,-0.00665845421283568,0.111925724404593
0.12,0.08,0.119365386877865,0.0797252323429996,-0.000634613122135363,-0.000274767657000352,0.000691542536739322,-0.13491609312506,-0.0316519370950949,0.00934778137242028,0.138894160320784
0.12,0.095,0.118352512122941,0.0953314888932263,-0.00164748787705943,0.000331488893226317,0.00168050623069068,-0.170644120048264,-0.0438254858137942,0.0330110546651606,0.179247998170406
0.12,0.11,0.117632003709279,0.110912468592819,-0.00236799629072061,0.000912468592818905,0.00253771656529004,-0.210944244316703,-0.0555154722032554,0.0552037105245113,0.225004347917414
0.12,0.125,0.117245337215523,0.126436089144986,-0.00275466278447703,0.00143608914498572,0.00310652846253315,-0.251063132099376,-0.0650147014971997,0.0703023805255253,0.268704605009228
0.12,0.14,0.117196521450584,0.141876120366433,-0.00280347854941605,0.0018761203664332,0.00337332471107976,-0.287216402562863,-0.0717520475452426,0.0756072068750028,0.305545887236658
0.12,0.155,0.117457668981844,0.157212763021173,-0.00254233101815576,0.00221276302117346,0.00337042537282011,-0.316554140583484,-0.0758481352204895,0.0707361144304992,0.333111653923743
0.12,0.17,0.117975624996085,0.172432655459272,-0.0020243750039147,0.00243265545927157,0.00316479173722354,-0.337085451801256,-0.077756567012663,0.0570372939059233,0.350608502481563
0.12,0.185,0.118678840356891,0.187528439733974,-0.00132115964310935,0.00252843973397449,0.00285280042956422,-0.347580389959892,-0.0779923905873183,0.0370546195440394,0.358145784499579
0.12,0.2,0.11948387553496,0.202498116226684,-0.000516124465040057,0.00249811622668406,0.00255087615250821,-0.347472493035945,-0.0769452458306644,0.0140632077939983,0.356168340236434
0.12,0.215,0.120301303441288,0.217344445702918,0.000301303441287822,0.00234444570291786,0.0023637278645525,-0.336784650216747,-0.0747714909902407,-0.008329729476251,0.345086106447359
0.12,0.23,0.121041191820724,0.232074610142857,0.00104119182072423,0.0020746101428572,0.00232122546349746,-0.316094968758701,-0.0713595733680009,-0.0265437011556418,0.325135463673561
0.12,0.245,0.121618626532463,0.246700233992843,0.00161862653246263,0.00170023399284336,0.00234749813248319,-0.286549157059625,-0.0663659469438408,-0.0373804436367129,0.296500172142481
0.12,0.26,0.121959774475161,0.261237731147623,0.00195977447516073,0.00123773114762288,0.00231790732931396,-0.249914286729941,-0.0593231920161075,-0.0384133667007791,0.259715409750046
0.12,0.275,0.12200876470561,0.275708823350981,0.00200876470561001,0.000708823350981436,0.0021301563758093,-0.208658613828952,-0.0498251857226431,-0.0284364293352637,0.216401599903982
0.12,0.29,0.121735276596105,0.290141009593331,0.0017352765961048,0.000141009593330965,0.00174099643032386,-0.166035996272298,-0.0377943411041807,-0.00797773172077428,0.170470026448938
0.12,0.305,0.121142319997431,0.304567771940342,0.00114231999743133,-0.000432228059657536,0.00122135828980969,-0.126152746966551,-0.023832865795925,0.0201395076345209,0.129954330697119
0.12,0.32,0.120273434312382,0.319028375878398,0.000273434312382109,-0.000971624121602399,0.00100936601729378,-0.0939993550043733,-0.00965548709656449,0.0502243782240009,0.107012142627992
0.12,0.335,0.119218523559155,0.333567236800496,-0.00078147644084503,-0.00143276319950442,0.00163202812887828,-0.0754377242788916,0.0014015996440121,0.0731794059478408,0.105109672625251
0.12,0.35,0.118117791871473,0.348232942634359,-0.00188220812852727,-0.00176705736564087,0.00258170470281939,-0.0771436848290068,0.00379821797466385,0.0760399118118171,0.108386559408431
0.14,0.05,0.141722665981722,0.0482958865524097,0.00172266598172213,-0.00170411344759031,0.00242313448385367,-0.0704420929628349,-0.00872030745146873,-0.0339829941317271,0.0786954705695217
0.14,0.065,0.14064914771313,0.0637814120199345,0.000649147713129516,-0.00121858798006552,0.00138070613043524,-0.0620931635186767,-0.00313188428823263,-0.0518806473950695,0.0809751339653799
0.14,0.08,0.139590660508314,0.0793471650842861,-0.000409339491686145,-0.000652834915713885,0.000770553208175157,-0.0753090555727797,-0.00960849488083076,-0.0441469921001357,0.0878221808457985
0.14,0.095,0.138678231088743,0.0949476692175816,-0.00132176891125693,-5.23307824183972e-05,0.00132280443208883,-0.102680158011273,-0.0216336420614542,-0.0241439614615301,0.10767619794505
0.14,0.11,0.138001959930741,0.110540413748625,-0.00199804006925949,0.000540413748624957,0.00206983360154128,-0.137733453498556,-0.0350139229982582,-0.00140347656635789,0.142121283129638
0.14,0.125,0.137612024589044,0.126087597343285,-0.00238797541095601,0.00108759734328451,0.00262398447869838,-0.175007690306586,-0.047290588894896,0.0179061881529603,0.182166821878157
0.14,0.14,0.137521788479211,0.141557482271549,-0.00247821152078938,0.0015574822715485,0.00292699220497102,-0.210079620123246,-0.0572345707431593,0.0304522665180251,0.219855959038873
0.14,0.155,0.137712689011788,0.156925213664796,-0.00228731098821208,0.00192521366479642,0.00298968881523054,-0.239542026737427,-0.0644198898620785,0.0351823977407673,0.250535837568193
0.14,0.17,0.138140306937467,0.172173078419768,-0.00185969306253309,0.00217307841976772,0.00286019721440565,-0.26094261335759,-0.0688761243233321,0.0327779982583127,0.27186302397725
0.14,0.185,0.138740936596961,0.187290308474246,-0.00125906340303942,0.00229030847424561,0.00261357103597252,-0.272700521337525,-0.0708212083602341,0.0251446569411376,0.282866813503891
0.14,0.2,0.139438109713293,0.202272632756735,-0.000561890286706695,0.00227263275673456,0.00234106393361614,-0.274021714433368,-0.0704738800092106,0.0149542486595873,0.283334185885418
0.14,0.215,0.140148816510911,0.217121818640054,0.000148816510910702,0.00212181864005417,0.00212703095774391,-0.264834055214636,-0.0679431326273918,0.0052360941135226,0.2734609747488
0.14,0.23,0.140789496507426,0.231845404895788,0.000789496507425727,0.00184540489578788,0.00200719305614465,-0.245757420475616,-0.063191698801227,-0.00100136310308278,0.253753834444758
0.14,0.245,0.14128210085861,0.246456726972429,0.00128210085860996,0.0014567269724291,0.00194057622469483,-0.218114940448154,-0.0560721234312129,-0.00114641851311262,0.225210101570985
0.14,0.26,0.141560563137501,0.260975206018921,0.00156056313750108,0.000975206018920927,0.00184021305436811,-0.183980733977977,-0.046436331616432,0.00661425783996776,0.189865807253498
0.14,0.275,0.141577841346026,0.275426758529283,0.00157784134602572,0.0004267585292832,0.0016345354555788,-0.146250116343983,-0.0343212143973591,0.0228492838550414,0.151951128970917
0.14,0.29,0.141313383581365,0.289844120987407,0.00131338358136543,-0.000155879012593174,0.00132260148887233,-0.108712531785287,-0.0202125143358088,0.0463886194836696,0.119911924219109
0.14,0.305,0.140780552984073,0.304266892157818,0.000780552984073007,-0.000733107842182334,0.00107084549269001,-0.076106722208208,-0.00538726932913193,0.0737970804936941,0.106147388791736
0.14,0.32,0.140033357716032,0.31874116947829,3.33577160321341e-05,-0.00125883052170955,0.00125927241675756,-0.0541417181803728,0.00766724424455659,0.0988451756422096,0.112962317447026
0.14,0.335,0.139171852663272,0.333318769310851,-0.000828147336728285,-0.00168123068914872,0.00187413036938886,-0.0494745561360148,0.0147602687529246,0.112015061785285,0.123340898248082
0.14,0.35,0.138345815560517,0.348056137521506,-0.00165418443948281,-0.00194386247849354,0.00255243560058273,-0.0696436173200819,0.00942768090044705,0.100079614645036,0.122290839993859
0.16,0.05,0.161305139833412,0.0481837264865216,0.00130513983341157,-0.00181627351347841,0.00223656868003663,-0.0410488178272751,0.00365881079869606,-0.057372941639595,0.0706402675948646
0.16,0.065,0.160528916821752,0.0635499883084377,0.000528916821752462,-0.00145001169156234,0.00154346587587811,-0.0091174507402933,0.0195883939494486,-0.0909428187922816,0.0934742280731574
0.16,0.08,0.159688426340864,0.0790303367002547,-0.000311573659135644,-0.000969663299745294,0.00101849156105493,-0.00381046022700194,0.0192641652604019,-0.0937652966218002,0.0957995859097516
0.16,0.095,0.15892067244286,0.0945743482756183,-0.0010793275571398,-0.000425651724381748,0.00116022729069373,-0.0170319125924983,0.0101383490030265,-0.079383038427474,0.0818201692527789
0.16,0.11,0.158323581521143,0.110134324857101,-0.00167641847885659,0.000134324857100854,0.00168179133173144,-0.0416503047301987,-0.00271946481793444,-0.057711231838279,0.0712231023425422
0.16,0.125,0.15795661256084,0.125667149745991,-0.0020433874391601,0.000667149745991247,0.00214953972052006,-0.0715823328653182,-0.0160497794059415,-0.0354568369595046,0.0814789187807324
0.16,0.14,0.157843284854758,0.141135828501986,-0.00215671514524184,0.00113582850198574,0.00243752468780086,-0.101830340187746,-0.0279172816018837,-0.0165961230850722,0.106884177549159
0.16,0.155,0.157975424397114,0.156510557008622,-0.0020245756028863,0.00151055700862185,0.00252600254316954,-0.128475141978672,-0.0373020943171771,-0.00288111180976109,0.133811872752948
0.16,0.17,0.158318682164701,0.17176926671357,-0.00168131783529931,0.00176926671356964,0.00244072414808414,-0.148632597806748,-0.043765748046601,0.0056539623457147,0.155045386234744
0.16,0.185,0.158818775939017,0.186897717292354,-0.00118122406098265,0.00189771729235444,0.00223531232805293,-0.160388686043817,-0.0471920341809892,0.0102093537271895,0.167498864430397
0.16,0.2,0.159407979215881,0.201889303639182,-0.00059202078411911,0.00188930363918183,0.00197988809023508,-0.162731587468137,-0.0476028506528665,0.0127721173529092,0.170031612204322
0.16,0.215,0.160011586805028,0.216744785362574,1.15868050284788e-05,0.0017447853625745,0.00174482383509195,-0.155498910264534,-0.0450483020068815,0.0157031819492994,0.162652600034698
0.16,0.23,0.160554333507665,0.231472119193278,0.000554333507665192,0.00147211919327783,0.00157302910238093,-0.139353447262678,-0.0395699747631085,0.0213462325300265,0.146426908320521
0.16,0.245,0.160966920165064,0.246086488101999,0.000966920165064063,0.00108648810199874,0.00145443838006027,-0.11579280727764,-0.0312368528413238,0.0316382076398455,0.124035065137304
0.16,0.26,0.161192831751246,0.260610506367835,0.00119283175124574,0.000610506367835439,0.00133998716857573,-0.0871889277606329,-0.0202543018796676,0.0477011219259338,0.10142753860737
0.16,0.275,0.161195501355165,0.275074477769326,0.00119550135516472,7.44777693259535e-05,0.0011978190298724,-0.0568452513151686,-0.00714711271799601,0.0694021095601575,0.0899951015118645
0.16,0.29,0.16096563993199,0.289516529718404,0.000965639931989601,-0.000483470281595955,0.00107990925148336,-0.0290542927590676,0.00698277764932142,0.0948809365364545,0.0994751512442764
0.16,0.305,0.160528319174882,0.303982457460922,0.000528319174881609,-0.00101754253907782,0.00114652255511199,-0.00913756386657983,0.0201242932241645,0.120058137111581,0.122075567477222
0.16,0.32,0.159949270802285,0.318525184261201,-5.07291977154267e-05,-0.00147481573879921,0.00147568794631883,-0.003453180309855,0.0289518264751722,0.138148541669112,0.141191934491973
0.16,0.335,0.159339915579373,0.333203850905115,-0.000660084420627205,-0.00179614909488479,0.00191359949138011,-0.0193625222394436,0.0283454239008928,0.13921159355763,0.143381480089631
0.16,0.35,0.158860859875909,0.348082656939736,-0.00113914012409075,-0.00191734306026448,0.00223021179107677,-0.0651537138150516,0.0108295691948087,0.10977107227745,0.128109254694468
0.18,0.05,0.180534149865543,0.0483845033113462,0.000534149865543038,-0.00161549668865379,0.00170151274750177,-0.0230930718113357,0.0107706835095693,-0.0673847020074524,0.0720416291962524
0.18,0.065,0.180130085780032,0.0635606530303163,0.00013008578003243,-0.00143934696968367,0.00144521348225936,0.0390302121800868,0.0418622572998575,-0.119181110695437,0.132211765561183
0.18,0.08,0.179572539809442,0.0788901357755409,-0.000427460190558365,-0.00110986422445913,0.00118933629022513,0.0691769139120043,0.0518476069781278,-0.134973713589109,0.160285806863757
0.18,0.095,0.179004826977704,0.0943182546344974,-0.000995173022295792,-0.00068174536550264,0.00120629436195718,0.0759873780870337,0.0491582592372041,-0.128438317921678,0.157121077709557
0.18,0.11,0.178533058432169,0.109792762584005,-0.00146694156783134,-0.000207237415995321,0.00148150764764137,0.0671303809118025,0.039774714413579,-0.109837790729414,0.134732566912002
0.18,0.125,0.17822645742527,0.125265788544893,-0.00177354257472993,0.000265788544892953,0.00179334793472321,0.0492094947891646,0.0277874152684803,-0.0863952440904543,0.10323689219365
0.18,0.14,0.178119398699852,0.140695535024567,-0.00188060130014768,0.000695535024566707,0.00200510104995139,0.0277134316526879,0.0158666921180434,-0.0627235956407459,0.0703849151823665
0.18,0.155,0.178215083340061,0.156047583765045,-0.00178491665993875,0.00104758376504477,0.00206962779931858,0.00700729324910392,0.00565480464104483,-0.0412861035346141,0.0422566136888283
0.18,0.17,0.178490538901932,0.171295735901606,-0.00150946109806845,0.00129573590160631,0.00198932258150696,-0.00964309251084112,-0.00191448098953228,-0.0228641498735465,0.0248882267290595
0.18,0.185,0.178902520314687,0.186422418883973,-0.00109747968531304,0.00142241888397271,0.00179659042109129,-0.0200264140895749,-0.00636733200403665,-0.00701342163395196,0.0221537415786882
0.18,0.2,0.179393907182719,0.201418781806791,-0.000606092817281155,0.00141878180679095,0.00154281895193208,-0.0229362475296501,-0.0075122736942389,0.0075021040119264,0.0252742414393928
0.18,0.215,0.179900323318393,0.216284644603794,-9.96766816074614e-05,0.00128464460379379,0.00128850580088442,-0.0181316878906276,-0.00533370028262775,0.0222990156271747,0.0292310208534513
0.18,0.23,0.180356875913346,0.23102845080298,0.000356875913345781,0.00102845080297997,0.00108860988038716,-0.00631939144046247,4.35633423624523e-05,0.0389778373149292,0.0394868138800374
0.18,0.245,0.18070504070899,0.245667305497518,0.000705040708989912,0.000667305497518311,0.000970762086379129,0.0108385235062367,0.00831862789022904,0.0587272601331051,0.0602956431325329
0.18,0.26,0.180899743777921,0.260227086230563,0.00089974377792118,0.000227086230563334,0.000927958523868035,0.030694059678332,0.0189076343878161,0.0819155949712284,0.0894974316213962
0.18,0.275,0.180916598415343,0.274742530357796,0.000916598415343098,-0.000257469642203578,0.000952073144073457,0.0495706314289959,0.0307653592196331,0.107661237277499,0.122452858474612
0.18,0.29,0.180759091433958,0.289257159817934,0.000759091433958289,-0.000742840182066218,0.00106208819840963,0.0627225746614009,0.0421353585510136,0.133383246280619,0.153299100522262
0.18,0.305,0.18046535794608,0.303822918996696,0.000465357946079936,-0.00117708100330366,0.00126573208315112,0.0643121735641393,0.050228785088647,0.154343690217115,0.174588043157305
0.18,0.32,0.180114119716612,0.318499468728537,0.000114119716611544,-0.00150053127146282,0.0015048645807372,0.0474169806894686,0.0508310081866081,0.163202440231585,0.177390030955206
0.18,0.335,0.179829438171601,0.333353176978132,-0.000170561828399418,-0.00164682302186847,0.00165563202513812,0.00407565680684365,0.0378317998706702,0.149610774549398,0.154373748865417
0.18,0.35,0.179784146432402,0.348455943916278,-0.000215853567597957,-0.00154405608372227,0.00155907086186758,-0.0746239429953227,0.00266806086674186,0.0998724677465103,0.124701112137663
0.2,0.05,0.199281029723799,0.0490799380345723,-0.000718970276201242,-0.00092006196542771,0.00116766102884681,-0.0289006613101941,0.00575206179830078,-0.0597812410618045,0.0666493189971989
0.2,0.065,0.199336621786597,0.0639858346954725,-0.000663378213403065,-0.00101416530452747,0.00121185886922741,0.0696581014356127,0.0575520166546105,-0.132270214748544,0.160187116027669
0.2,0.08,0.199139606773424,0.0790901747906823,-0.000860393226575829,-0.000909825209317705,0.00125222139250516,0.130685063998711,0.0827156583960896,-0.163505680230572,0.225065854134795
0.2,0.095,0.1988400294957,0.0943346600928728,-0.00115997050429953,-0.000665339907127249,0.0013372392317237,0.163213542302703,0.09068489134916,-0.167238018713018,0.250661255535813
0.2,0.11,0.198552572511931,0.109663194431806,-0.00144742748806859,-0.000336805568194321,0.00148609701028676,0.175317964046663,0.0883719164814086,-0.154030313199169,0.24954242116449
0.2,0.125,0.198356689318196,0.125023835797021,-0.00164331068180391,2.38357970211434e-05,0.00164348353875251,0.174008024741905,0.080712663279462,-0.131586107423969,0.23261191859673
0.2,0.14,0.198298266841273,0.14037061190768,-0.00170173315872689,0.000370611907679674,0.0017416224991727,0.165165650075769,0.0711243094981602,-0.105133462204078,0.208306149783412
0.2,0.155,0.198392820437382,0.155665034388467,-0.00160717956261787,0.000665034388467267,0.0017393380592457,0.153519894322137,0.0618827490659647,-0.0778424098947937,0.182913372333075
0.2,0.17,0.198630029018533,0.170877217604827,-0.00136997098146674,0.000877217604827285,0.00162675481135906,0.142652187513266,0.054428112122338,-0.0512557768429354,0.161056628954599
0.2,0.185,0.198979296700733,0.185986596804314,-0.0010207032992665,0.000986596804313511,0.00141958038850047,0.135021101983291,0.049601638568007,-0.0257177613853556,0.146124725329315
0.2,0.2,0.199396006487014,0.200982319116242,-0.000603993512986163,0.000982319116242136,0.00115315177225901,0.131993883097715,0.0478147612391781,-0.000791042775787499,0.140389715354963
0.2,0.215,0.199828197782407,0.215863425178596,-0.000171802217592887,0.000863425178595667,0.000880351657579398,0.133872520673585,0.0491503058490346,0.0243394445264856,0.144672125986369
0.2,0.23,0.200223505801232,0.230638935145157,0.000223505801232302,0.000638935145156949,0.00067689952201285,0.139905420869074,0.0533954989415122,0.0504714341419739,0.15802527515911
0.2,0.245,0.200536286085376,0.245327905128894,0.000536286085375953,0.00032790512889419,0.000628589324537873,0.148281154271832,0.0600065101591525,0.0779905188479011,0.177962435543734
0.2,0.26,0.200734864979856,0.259959449942954,0.000734864979856309,-4.05500570458961e-05,0.000735982911313598,0.156107021671823,0.0680043535560856,0.10646728266707,0.200821607115362
0.2,0.275,0.200808797727523,0.274572665138226,0.000808797727523236,-0.000427334861774209,0.000914750702724154,0.159380746380599,0.0758020726747189,0.134242105027257,0.221741247115595
0.2,0.29,0.200775912239218,0.289216352461351,0.000775912239217955,-0.000783647538649457,0.00110278885912017,0.152967146598259,0.0809630613926046,0.158000286149998,0.234346180323065
0.2,0.305,0.200688828759902,0.303948471424318,0.000688828759901977,-0.00105152857568247,0.00125705903041381,0.13059249149367,0.0798896671703582,0.172348082501852,0.230522647435641
0.2,0.32,0.200640633611299,0.318835301197449,0.000640633611299402,-0.00116469880255077,0.0013292609693321,0.0848676280762318,0.0674391378468519,0.169407323924873,0.201120447847416
0.2,0.335,0.200769483225448,0.333950382261099,0.000769483225448231,-0.00104961773890117,0.00130146142165729,0.00734801608909313,0.0364596813153175,0.138451409811096,0.143360054771209
0.2,0.35,0.201262117790667,0.34937339039315,0.00126211779066712,-0.000626609606849793,0.00140910642497822,-0.111363638476796,-0.0227676274222636,0.0656089693649349,0.131243168299663
