target_x,target_y,gaze_x,gaze_y,error_px_x,error_px_y,error_px_xy,error_deg_x,error_deg_y,error_deg_z,error_deg_xyz
-0.2,0.05,-0.197963830437984,0.0529606085708016,0.00203616956201644,0.00296060857080159,0.00359321438196861,-0.149495115668283,0.121156527933652,-0.248383682983898,0.314201201852317
-0.2,0.065,-0.199988866480344,0.0665228331133713,1.1133519656259e-05,0.0015228331133713,0.00152287381172573,-0.0663785634158694,0.063190045378852,-0.160427618137211,0.184759697334022
-0.2,0.08,-0.201473432427494,0.0801824509308835,-0.00147343242749354,0.000182450930883524,0.00148468564368683,0.0126504156230835,0.0148359938501998,-0.0894464348975384,0.0915467433919046
-0.2,0.095,-0.202453492482091,0.093951636943923,-0.0024534924820914,-0.00104836305607699,0.00266808741555184,0.0863604190304875,-0.0248503263642698,-0.0347865259042197,0.0963626757058835
-0.2,0.11,-0.202972439972131,0.107842657336022,-0.0029724399721308,-0.00215734266397773,0.0036728091098966,0.153539266682248,-0.0568297812156036,0.00455464989300153,0.16378245799418
-0.2,0.125,-0.203080953660177,0.121867665026235,-0.00308095366017726,-0.00313233497376504,0.00439360874953964,0.213025837024214,-0.0820409304102071,0.0299256006056909,0.23023104568611
-0.2,0.14,-0.202836622615372,0.136038470982036,-0.00283662261537188,-0.00396152901796394,0.00487238545501169,0.263742738080721,-0.101360326104666,0.0430045976630236,0.28580362557622
-0.2,0.155,-0.202303330252805,0.150366297587268,-0.00230333025280488,-0.00463370241273149,0.00517460416874951,0.304728285920342,-0.115563784845472,0.0457698130865917,0.329104071968382
-0.2,0.17,-0.201550401680972,0.164861522493092,-0.00155040168097199,-0.00513847750690834,0.00536728017354821,0.335166152653291,-0.125290971626333,0.0404562374931006,0.360099030049457
-0.2,0.185,-0.200651533340812,0.179533423145556,-0.000651533340811934,-0.00546657685444353,0.00550526640588149,0.354411066900159,-0.131015578077083,0.0295007365758042,0.37900277475352
-0.2,0.2,-0.199683538670185,0.194389933438242,0.00031646132981486,-0.0056100665617579,0.00561898519313072,0.362009101934445,-0.133023107157956,0.0154774836169258,0.385986855839361
-0.2,0.215,-0.198724957029345,0.209437424454518,0.00127504297065472,-0.00556257554548241,0.00570683636318889,0.357711372592936,-0.131397809492985,0.00102675373946699,0.381083193033243
-0.2,0.23,-0.197854583345053,0.224680520746651,0.00214541665494692,-0.00531947925334882,0.00573582358080617,0.341480359385231,-0.126019690677418,-0.0112194021740985,0.364164962223659
-0.2,0.245,-0.197149982257434,0.240121962180748,0.00285001774256599,-0.00487803781925235,0.00564958884335817,0.313488544132508,-0.11657178444748,-0.0187108384491713,0.334984273294282
-0.2,0.26,-0.196686051786249,0.255762519037064,0.00331394821375118,-0.00423748096293632,0.00537945142878643,0.274109539779295,-0.102557144443132,-0.019048645969434,0.293286628415006
-0.2,0.275,-0.196533697842748,0.271600965037705,0.00346630215725185,-0.00339903496229534,0.00485475945029977,0.223902366743131,-0.083324323029222,-0.0100467957562704,0.23911552381958
-0.2,0.29,-0.19675867237199,0.287634109444693,0.00324132762800963,-0.00236589055530657,0.00401293445146907,0.163589929547682,-0.0580995522790005,0.0102166207160413,0.173901194873686
-0.2,0.305,-0.197420616105957,0.303856885948956,0.00257938389404275,-0.00114311405104418,0.00282133496886523,0.0940330454557178,-0.0260234714946855,0.0433604622452477,0.106768758026651
-0.2,0.32,-0.198572332419249,0.320262492745766,0.00142766758075058,0.000262492745765883,0.00145159814091433,0.0162015406574261,0.0138099210353076,0.0906749305815885,0.0931404787641283
-0.2,0.335,-0.200259303876147,0.33684257567074,-0.000259303876146783,0.0018425756707398,0.00186073200719151,-0.0688560254264751,0.0623143707255158,0.153109398173037,0.179071904409608
-0.2,0.35,-0.202519448648197,0.35358744422366,-0.00251944864819711,0.00358744422365968,0.00438376294395255,-0.160042533676924,0.120374583805024,0.231272974554553,0.305926566555051
-0.18,0.05,-0.179064443147815,0.0518420532098647,0.000935556852185077,0.00184205320986469,0.00206601709858444,0.0100094208429423,0.0338468135051418,-0.136810604899223,0.141290293442998
-0.18,0.065,-0.181014456654575,0.0655318358127012,-0.001014456654575,0.000531835812701165,0.00114541330343375,0.0923056683349098,-0.0167304437794819,-0.0553689641525269,0.108931032866352
-0.18,0.08,-0.18241390660671,0.079307581798413,-0.00241390660670968,-0.000692418201586997,0.0025112522915481,0.170746338397717,-0.0578461639337493,0.00760938721021884,0.18043952017418
-0.18,0.095,-0.18329893126836,0.0931804569159093,-0.00329893126836039,-0.00181954308409066,0.00376745066964759,0.244086249256966,-0.090621521265713,0.0528005817745721,0.265665927580247
-0.18,0.11,-0.183713310539471,0.107161793205385,-0.00371331053947085,-0.00283820679461472,0.00467376646523363,0.311094495069035,-0.116197482130996,0.0812690658348755,0.341886892987151
-0.18,0.125,-0.183708332764609,0.121262907641332,-0.00370833276460877,-0.00373709235866804,0.00526474986967909,0.37058743754791,-0.135689590970602,0.0944662534322752,0.405797086426499
-0.18,0.14,-0.183342421199021,0.135494895234813,-0.00334242119902119,-0.0045051047651869,0.0056096121449683,0.421462829621415,-0.150140989374455,0.094214044123362,0.457220547352395
-0.18,0.155,-0.182680509534355,0.149868401727436,-0.00268050953435492,-0.00513159827256415,0.00578951053153468,0.462733440885823,-0.160476307468701,0.0826725787874541,0.496700294878906
-0.18,0.17,-0.181793170051208,0.16439338321854,-0.00179317005120794,-0.00560661678146041,0.00588639198208058,0.493558419061175,-0.167459266710755,0.0622926266959508,0.524904579353639
-0.18,0.185,-0.18075551357255,0.179078862012989,-0.000755513572549594,-0.00592113798701138,0.00596914364205921,0.513270620677973,-0.171656788715996,0.0357540940636748,0.542395921301402
-0.18,0.2,-0.179645896173711,0.193932689542318,0.000354103826289143,-0.00606731045768177,0.00607763487795106,0.52139830124497,-0.173412097030462,0.00589320850326388,0.549513410658562
-0.18,0.215,-0.178544481706939,0.208961327936877,0.00145551829306064,-0.00603867206312275,0.00621160959714737,0.5176798588072,-0.17282873731253,-0.0243781518113581,0.546313796412022
-0.18,0.23,-0.177531720402637,0.224169661741579,0.00246827959736332,-0.00583033825842094,0.00633129120941116,0.502070753689964,-0.169766674401926,-0.0521568636854412,0.532558114954807
-0.18,0.245,-0.176686810322266,0.239560850191795,0.00331318967773417,-0.0054391498082052,0.00636879709809811,0.474742246115812,-0.16385073299699,-0.074632266280133,0.507739032571283
-0.18,0.26,-0.1760862099759,0.25513622834064,0.00391379002409974,-0.00486377165936042,0.00624291815637048,0.436072139220067,-0.154490726796524,-0.0891648077512639,0.471145316249863
-0.18,0.275,-0.175802266489305,0.270895262616561,0.00419773351069508,-0.00410473738343931,0.00587110173764827,0.386628237303861,-0.140911774004469,-0.0933557091419506,0.421963997445587
-0.18,0.29,-0.175902014685548,0.286835562986119,0.0040979853144523,-0.00316443701388075,0.00517756170917211,0.327145671266499,-0.1221926145198,-0.0851044787648796,0.359441958188221
-0.18,0.305,-0.176446189894752,0.302952950503435,0.00355381010524816,-0.00204704949656453,0.00410121663723694,0.258499566910421,-0.0973092919975546,-0.0626520851358019,0.283225301688497
-0.18,0.32,-0.177488482122619,0.319241575662744,0.00251151787738052,-0.00075842433725648,0.00262353378551619,0.181674705999785,-0.0651813718905282,-0.024608680834782,0.194576292492067
-0.18,0.335,-0.17907504321591,0.335694080266147,0.000924956784090297,0.000694080266146646,0.00115641362335838,0.0977338707291443,-0.0247179350938829,0.0300341661489457,0.105190018763584
-0.18,0.35,-0.181244243738223,0.352301793516171,-0.00124424373822271,0.00230179351617132,0.00261656184165305,0.00778645005480211,0.025139125052382,0.101905807204672,0.105249233107499
-0.16,0.05,-0.160075630397213,0.0509661184340404,-7.56303972126171e-05,0.000966118434040444,0.000969074189923196,0.133248617220802,-0.0317708369031186,-0.0263090326854499,0.139487472126472
-0.16,0.065,-0.161958685048584,0.0647910935384209,-0.00195868504858351,-0.000208906461579103,0.00196979415910244,0.213017682972156,-0.0745021714662709,0.0490331681701506,0.230935988087135
-0.16,0.08,-0.163281828043756,0.0786902145104239,-0.00328182804375568,-0.0013097854895761,0.00353354401946337,0.289259579562589,-0.10791886699217,0.104427913829556,0.325918796378707
-0.16,0.095,-0.164081335213192,0.0926735453104395,-0.00408133521319209,-0.00232645468956048,0.00469783870998353,0.36073959979651,-0.133327089189278,0.140566553830107,0.409473859076884
-0.16,0.11,-0.164401321736659,0.106751391213344,-0.00440132173665871,-0.00324860878665582,0.00547038317472568,0.426231749765091,-0.152057735496369,0.158568822797153,0.479521087285573
-0.16,0.125,-0.164293619576296,0.120934143231918,-0.00429361957629601,-0.00406585676808167,0.00591323602814126,0.48455217739493,-0.165414055747342,0.159983523100394,0.536422829463495
-0.16,0.14,-0.163817406250111,0.135232095823311,-0.00381740625011055,-0.00476790417668869,0.00610782291135463,0.534594031116326,-0.174616843587459,0.14677209215426,0.581228667808151
-0.16,0.155,-0.163038573135006,0.149655241749049,-0.00303857313500579,-0.00534475825095131,0.00614811901786969,0.575362053434323,-0.180750313607255,0.121274183396353,0.615161142426408
-0.16,0.17,-0.162028836257066,0.164213050200301,-0.00202883625706583,-0.00578694979969895,0.00613228868712331,0.606005050296807,-0.184712055984112,0.0861555766657521,0.639365067836911
-0.16,0.185,-0.16086460894316,0.178914236435353,-0.000864608943160084,-0.00608576356464684,0.00614687455455009,0.625844356344137,-0.187170440190428,0.0443400273920342,0.654740127861361
-0.16,0.2,-0.159625672294504,0.193766532958679,0.000374327705495836,-0.00623346704132131,0.00624469635661662,0.634396568000553,-0.188532493730522,-0.00107206483692722,0.661822881226579
-0.16,0.215,-0.158393694402353,0.208776473335233,0.00160630559764651,-0.00622352666476698,0.00642748020767829,0.631389128183362,-0.188924617934673,-0.0468941888381053,0.660718279656088
-0.16,0.23,-0.157250661006091,0.22394920008952,0.00274933899390917,-0.00605079991048006,0.00664613003635161,0.616767804708415,-0.188187580979985,-0.089948683026655,0.6510855687303
-0.16,0.245,-0.156277287426679,0.239288307394723,0.00372271257332107,-0.00571169260527664,0.0068177724603227,0.590695656933263,-0.185886143208437,-0.127160968904848,0.632177968450031
-0.16,0.26,-0.15555148309596,0.254795727495039,0.00444851690403979,-0.00520427250496118,0.00684644104271867,0.55354367636965,-0.181332545705134,-0.155647975148902,0.602927641168685
-0.16,0.275,-0.155146936000565,0.270471667421163,0.00485306399943541,-0.00452833257883654,0.00663762202352382,0.50587384828228,-0.173622058320691,-0.172796195536369,0.562062299162856
-0.16,0.29,-0.155131874927898,0.286314599273697,0.0048681250721018,-0.00368540072630262,0.0061058021775241,0.448415861452567,-0.161677954505419,-0.176325723189423,0.508241084714048
-0.16,0.305,-0.155568054044716,0.302321304050436,0.00443194595528437,-0.00267869594956353,0.00517856707408233,0.382039032349646,-0.14430273542107,-0.164337768993818,0.440210128538451
-0.16,0.32,-0.156509988477464,0.318486965627465,0.00349001152253559,-0.00151303437253485,0.00380387347842999,0.307721198669117,-0.120232208509939,-0.135344459179324,0.357024726243405
-0.16,0.335,-0.158004452698847,0.334805308700928,0.00199554730115334,-0.000194691299071667,0.00200502212782667,0.226516364363019,-0.0881891240893881,-0.0882809621303495,0.258612889765062
-0.16,0.35,-0.160090237844402,0.351268772188597,-9.02378444024576e-05,0.00126877218859751,0.00127197709693254,0.139522749655628,-0.0469334430866037,-0.0225011217757253,0.148914937848774
-0.14,0.05,-0.140990433631169,0.0503119071568581,-0.000990433631169046,0.00031190715685811,0.00103838569532232,0.219166147686124,-0.0783883779235274,0.080795744572268,0.246387061302125
-0.14,0.065,-0.142814805838144,0.0642791779518973,-0.00281480583814392,-0.000720822048102671,0.0029056352715852,0.294544240804199,-0.113066395501629,0.150578839877697,0.349592170619719
-0.14,0.08,-0.144070739436266,0.0783084346072635,-0.00407073943626585,-0.00169156539273654,0.0044082097313846,0.366819341274176,-0.138563061922896,0.198968547539768,0.439710794860642
-0.14,0.095,-0.144794612997909,0.0924085530352148,-0.00479461299790934,-0.00259144696478522,0.00545012946369311,0.434795123508933,-0.156372951557175,0.226663727106453,0.514662535634451
-0.14,0.11,-0.145030825304006,0.106588724988109,-0.00503082530400645,-0.0034112750118914,0.00607832217360895,0.497278065405279,-0.168021616246141,0.234831345570685,0.575035020040066
-0.14,0.125,-0.144831683304923,0.120858330681838,-0.0048316833049233,-0.00414166931816193,0.00636385011609155,0.553110434007945,-0.175005820331293,0.225109561745049,0.622283143456863
-0.14,0.14,-0.144257033788403,0.13522678373672,-0.00425703378840307,-0.00477321626327978,0.00639577439968328,0.601204973352213,-0.178730566015257,0.199591692380546,0.658204864282103
-0.14,0.155,-0.143373625748609,0.149703350907171,-0.00337362574860857,-0.00529664909282893,0.00627979635850082,0.640579585122694,-0.180446524516089,0.160789906715125,0.684662051789766
-0.14,0.17,-0.142254205824738,0.164296951337722,-0.00225420582473818,-0.00570304866227819,0.00613239006787701,0.670390101651139,-0.181191856611608,0.111578854306554,0.703355834980115
-0.14,0.185,-0.140976366290288,0.179015942364683,-0.00097636629028779,-0.00598405763531693,0.00606318702627629,0.689959209735054,-0.181742421886521,0.0551209354624574,0.715624897600893
-0.14,0.2,-0.139621182475746,0.193867900923339,0.000378817524254088,-0.00613209907666132,0.00614378888005379,0.698799720147726,-0.182573995472768,-0.00522358213097453,0.722280075295954
-0.14,0.215,-0.138271692230175,0.208859411080584,0.00172830776982479,-0.00614058891941591,0.00637917549723239,0.696630692306644,-0.183839342007771,-0.065997095927871,0.723501069313184
-0.14,0.23,-0.137011282445158,0.223995868921353,0.00298871755484229,-0.00600413107864747,0.00670686384476403,0.68338539276459,-0.185361905994382,-0.12375039615448,0.718815392739121
-0.14,0.245,-0.135922055190041,0.239281315725724,0.00407794480995907,-0.00571868427427638,0.00702374427936611,0.659210638001746,-0.186646581418355,-0.175147667804256,0.707162403770252
-0.14,0.26,-0.135083247724062,0.254718309154407,0.00491675227593834,-0.00528169084559313,0.00721600382007708,0.624457694269671,-0.186906675957707,-0.217064923631695,0.687025730174846
-0.14,0.275,-0.134569776416274,0.270307839847522,0.00543022358372597,-0.00469216015247761,0.00717660749001591,0.579665492732055,-0.185104942110403,-0.246676637115258,0.656604907600904
-0.14,0.29,-0.13445096477401,0.286049298071848,0.00554903522599051,-0.0039507019281517,0.00681174263051571,0.525537420569195,-0.180005555314945,-0.261526400325063,0.613996128785034
-0.14,0.305,-0.134789501798975,0.301940491606982,0.00521049820102501,-0.00305950839301752,0.00604234086342616,0.46291330470844,-0.170233276030959,-0.259578803954052,0.557361373924135
-0.14,0.32,-0.135640660269782,0.317977712907419,0.00435933973021846,-0.00202228709258109,0.00480556843341984,0.392738394846509,-0.154335784777054,-0.239251234135236,0.485083023619669
-0.14,0.335,-0.137051786936344,0.334155850492063,0.00294821306365625,-0.000844149507936626,0.00306668365836175,0.31603117091062,-0.13084531728017,-0.199425754196633,0.395938698959495
-0.14,0.35,-0.139062060203099,0.350468537139165,0.000937939796900794,0.000468537139164865,0.00104845510795031,0.233851666363024,-0.0983361887316511,-0.139442520091768,0.289484028148841
-0.12,0.05,-0.121802216828286,0.0498566741081111,-0.00180221682828582,-0.000143325891888882,0.00180790702400382,0.267926569680144,-0.109164812576343,0.181970499046308,0.341782404408048
-0.12,0.065,-0.123576362040963,0.0639727137089824,-0.00357636204096323,-0.00102728629101757,0.00372097871154288,0.336955409591342,-0.135881072105047,0.246853623823372,0.439249667472243
-0.12,0.08,-0.124774434324386,0.0781382854741871,-0.00477443432438593,-0.00186171452581292,0.00512456867389806,0.403396667129657,-0.153526634127391,0.288973615272283,0.519429395260382
-0.12,0.095,-0.125432882125372,0.0923609990110735,-0.00543288212537218,-0.00263900098892646,0.00603991178807633,0.466122984900905,-0.163781591755478,0.309029207290556,0.582749539107609
-0.12,0.11,-0.125596336163267,0.106648853337692,-0.0055963361632671,-0.00335114666230769,0.00652297189972386,0.524003877923631,-0.168364422867718,0.308225401574917,0.630819753048237
-0.12,0.125,-0.125317507589094,0.121010139885936,-0.00531750758909443,-0.00398986011406365,0.00664792228368178,0.575937265182063,-0.168964882521944,0.288279248782546,0.665854924221369
-0.12,0.14,-0.124656822986084,0.135453317060439,-0.00465682298608375,-0.00454668293956105,0.00650832744079563,0.620882919016604,-0.167172808411376,0.251404556949074,0.690400148889992
-0.12,0.155,-0.123681782091441,0.149986857325802,-0.00368178209144143,-0.00501314267419763,0.00621989701206701,0.657896172298813,-0.164406960300461,0.200274057941476,0.707087735634937
-0.12,0.17,-0.12246604001015,0.164619070041506,-0.00246604001014984,-0.00538092995849442,0.00591910132958395,0.686160007040321,-0.161848487115213,0.137959097987652,0.718366174653409
-0.12,0.185,-0.121088233470665,0.179357905699035,-0.00108823347066524,-0.00564209430096548,0.00574608390015872,0.705013587883917,-0.160383677580729,0.0678486349140792,0.726207670405517
-0.12,0.2,-0.119630588779673,0.19421074947884,0.000369411220327243,-0.00578925052115965,0.00580102458592023,0.713975419529333,-0.160560242228592,-0.00644894839292669,0.731839710420351
-0.12,0.215,-0.118177365604826,0.209184213927794,0.0018226343951739,-0.00581578607220644,0.00609469964609753,0.712759610462517,-0.162560500532648,-0.0812161889685883,0.735564870777963
-0.12,0.23,-0.116813203722165,0.22428394171704,0.00318679627783534,-0.00571605828296044,0.0065443863585997,0.701284185257411,-0.166193581237259,-0.152742905775312,0.736720902485308
-0.12,0.245,-0.115621447730502,0.239514429575989,0.0043785522694981,-0.00548557042401092,0.00701877502513867,0.679670962248082,-0.17090722638313,-0.217441879022861,0.733791678504141
-0.12,0.26,-0.114682526707041,0.254878883757902,0.00531747329295944,-0.00512111624209756,0.00738250321953281,0.64823713939279,-0.175818202825052,-0.27195722277611,0.724631740560633
-0.12,0.275,-0.11407246127695,0.27037911556056,0.00592753872304985,-0.00462088443943952,0.00751586909917341,0.60747932427198,-0.179758860670856,-0.313259527773035,0.706740576290872
-0.12,0.29,-0.113861560515488,0.28601548270621,0.00613843948451201,-0.00398451729379025,0.00731825234393633,0.558051252988382,-0.181336211373129,-0.338723070345046,0.677526892427848
-0.12,0.305,-0.114113356352194,0.301786879383377,0.00588664364780581,-0.00321312061662264,0.00670646833536235,0.500736802779019,-0.178999148930192,-0.346181965011084,0.634526680987709
-0.12,0.32,-0.114883806019657,0.317690774285964,0.00511619398034258,-0.00230922571403631,0.0056131955464655,0.436420090368521,-0.171109160598805,-0.3339638681795,0.575565366550564
-0.12,0.335,-0.116220774653007,0.333723293089057,0.00377922534699274,-0.00127670691094313,0.00398905060882941,0.366054466461898,-0.156010053882447,-0.300901516747819,0.498877043419125
-0.12,0.35,-0.118163793155376,0.349879339065001,0.00183620684462357,-0.000120660934998726,0.00184016701347384,0.290632073768505,-0.132092788796702,-0.246323846063514,0.40322650627767
-0.1,0.05,-0.102504762915181,0.0495759747032692,-0.0025047629151807,-0.000424025296730773,0.00254040050258461,0.281083691227819,-0.127554026745948,0.274562294964368,0.413114105767136
-0.1,0.065,-0.104237281164097,0.0638465328668609,-0.00423728116409675,-0.00115346713313913,0.00439147333942053,0.341791695267512,-0.146736050420154,0.335311585440637,0.500787866611683
-0.1,0.08,-0.105387050673894,0.0781539277687576,-0.0053870506738937,-0.00184607223124236,0.00569458494063111,0.400510314094105,-0.156927687382828,0.372044511707579,0.568730679035209
-0.1,0.095,-0.105990559066628,0.0925044340143532,-0.0059905590666276,-0.00249556598564679,0.00648957991856725,0.456213008170365,-0.159984410787953,0.385452626823117,0.618306362697897
-0.1,0.11,-0.106092617713951,0.106904787837769,-0.00609261771395123,-0.00309521216223094,0.00683376389243692,0.507864504397038,-0.157808350038407,0.376769019550034,0.65175862466311
-0.1,0.125,-0.105746269522358,0.121362122345144,-0.00574626952235835,-0.00363787765485596,0.00680101222284483,0.554449781240835,-0.152274195749515,0.347776967880591,0.671979155928533
-0.1,0.14,-0.105012427569965,0.13588387378346,-0.00501242756996519,-0.00411612621653962,0.00648590203245715,0.595005104045486,-0.145150081106122,0.300795691003706,0.682336551994089
-0.1,0.155,-0.103959229435001,0.15047765818441,-0.00395922943500113,-0.00452234181558964,0.00601058010644646,0.628649565735214,-0.138018046787643,0.238641400091526,0.686443451296746
-0.1,0.17,-0.102661108420768,0.165151119995038,-0.00266110842076848,-0.00484888000496239,0.00553110615786833,0.654615360700649,-0.132199283034015,0.164563546714647,0.687811575309587
-0.1,0.185,-0.101197601232815,0.179911756819013,-0.00119760123281503,-0.0050882431809868,0.00522728106970524,0.672274940756309,-0.128689461298547,0.0821580988760349,0.689398477342851
-0.1,0.2,-0.0996519304430664,0.194766726946294,0.000348069556933617,-0.00523327305370588,0.00524483548560945,0.681163291087704,-0.128109040414382,-0.00473837440491686,0.693126010555341
-0.1,0.215,-0.0981094171563374,0.209722648604778,0.0018905828436626,-0.00527735139522245,0.00560577748732571,0.680993841082446,-0.130672459759016,-0.0921682905148474,0.699520532425445
-0.1,0.23,-0.0966557928512543,0.224785401472843,0.00334420714874576,-0.00521459852715722,0.00619481712830593,0.671666955846968,-0.136178694028779,-0.176179508944983,0.707620463441714
-0.1,0.245,-0.095375487671789,0.239959941761252,0.00462451232821101,-0.00504005823874784,0.00684019746233584,0.653270503634687,-0.144023904307885,-0.252951196000039,0.715189614601088
-0.1,0.26,-0.0943499744121973,0.255250141761597,0.00565002558780274,-0.00474985823840304,0.00738132389397396,0.626072594799257,-0.153235090463826,-0.318911706721155,0.719137923359579
-0.1,0.275,-0.0936562429445789,0.270658663427682,0.00634375705542112,-0.00434133657231764,0.00768703172963062,0.590507169104235,-0.16252196032433,-0.370841876834795,0.715990553785688
-0.1,0.29,-0.0933654694395077,0.286186873289843,0.00663453056049232,-0.00381312671015741,0.00765225006555734,0.547153594468547,-0.170342884360194,-0.405958501249316,0.702283584961492
-0.1,0.305,-0.0935419294272497,0.301834802880406,0.0064580705727503,-0.00316519711959412,0.00719201976697161,0.496711798953416,-0.174979947887717,-0.421974561671354,0.67483952816844
-0.1,0.32,-0.0942421859696697,0.317601155755218,0.00575781403033027,-0.00239884424478204,0.00623753766470327,0.439974637338438,-0.174617804865501,-0.417134721203887,0.630931420560992
-0.1,0.335,-0.095514565336942,0.333483358907883,0.00448543466305804,-0.00151664109211674,0.00473490489015985,0.377799208406021,-0.16742126222019,-0.390226496290389,0.568367388546888
-0.1,0.35,-0.0973989147594846,0.349477653666924,0.00260108524051542,-0.000522346333075907,0.00265301528832854,0.311078704619313,-0.151607187704375,-0.340569137099517,0.485534188014375
-0.08,0.05,-0.083092368391405,0.0494438479245475,-0.00309236839140503,-0.000556152075452454,0.003141981444756,0.261677768089914,-0.137082829774299,0.355910457975922,0.462536887717247
-0.08,0.065,-0.0847919695857501,0.0638738658738494,-0.00479196958575012,-0.00112613412615065,0.00492251466029663,0.312176176429486,-0.14951205297172,0.413382453380594,0.539161401599556
-0.08,0.08,-0.0859031637721766,0.0783278379517303,-0.00590316377217656,-0.00167216204826967,0.00613542732308119,0.361354133468583,-0.152995071250514,0.445741961045136,0.59386307744054
-0.08,0.095,-0.086462449332746,0.0928106460455823,-0.00646244933274598,-0.00218935395441772,0.00682323399247259,0.408317233548439,-0.14954484558347,0.45366736278084,0.628414400565656
-0.08,0.11,-0.086514767683805,0.107327704189345,-0.00651476768380505,-0.00267229581065498,0.00704154548899563,0.452157375437573,-0.141229684856757,0.438409583333152,0.645445183147023
-0.08,0.125,-0.0861134198947724,0.121884927559746,-0.00611341989477235,-0.003115072440254,0.00686131030618994,0.491978100128983,-0.130092859532644,0.40180363451328,0.648395905735028
-0.08,0.14,-0.0853197091111029,0.136488672166824,-0.00531970911110291,-0.00351132783317556,0.00637406684768718,0.52692200235324,-0.118066247923141,0.346255637933955,0.641469952816487
-0.08,0.155,-0.0842022927023442,0.15114564292719,-0.00420229270234418,-0.0038543570728099,0.00570222170744832,0.556198855734204,-0.106883062846936,0.274703198627864,0.629481524168783
-0.08,0.17,-0.0828362448203084,0.165862769990039,-0.0028362448203084,-0.00413723000996097,0.00501606985956614,0.57911287074985,-0.0979954093268073,0.19054884841394,0.617484713475049
-0.08,0.185,-0.0813018488722771,0.180647055827385,-0.00130184887227715,-0.00435294417261539,0.0045434495106863,0.59508740435805,-0.09250260410127,0.097568400623036,0.610089223124353
-0.08,0.2,-0.0796831587820632,0.195505398389349,0.00031684121793682,-0.00449460161065085,0.00450575543009703,0.603685508335399,-0.0910957537059647,-0.000201771159249847,0.610522888039921
-0.08,0.215,-0.0780663855371258,0.210444398283265,0.00193361446287417,-0.00455560171673544,0.00494897685310399,0.604624929647323,-0.0940230270429892,-0.0985925782891951,0.619786961328908
-0.08,0.23,-0.0765381795405993,0.225470160024643,0.00346182045940067,-0.00452983997535691,0.00570119733875846,0.597786560706815,-0.101078463418681,-0.193437774373041,0.636386646589606
-0.08,0.245,-0.0751838879279397,0.240588098715239,0.00481611207206026,-0.00441190128476132,0.00653144765248281,0.583215829193555,-0.111615205952142,-0.280709064893996,0.656811206507485
-0.08,0.26,-0.0740858681385139,0.255802763674434,0.00591413186148614,-0.00419723632556643,0.00725215474515677,0.561117064286601,-0.124581989230324,-0.356642663352467,0.676440933154082
-0.08,0.275,-0.0733219343676244,0.271117689629257,0.00667806563237561,-0.00388231037074338,0.00772456435050533,0.531841406079729,-0.138579801178425,-0.417850045105717,0.690408625616427
-0.08,0.29,-0.072964002907749,0.286535284107465,0.00703599709225103,-0.00346471589253511,0.00784279996545559,0.495869282109038,-0.151934120110802,-0.461407183515884,0.694170587931187
-0.08,0.305,-0.0730769867249349,0.302056756999685,0.00692301327506514,-0.00294324300031473,0.00752268516991306,0.453788801423882,-0.162777162518015,-0.484918531703343,0.683792521905921
-0.08,0.32,-0.0737179711051359,0.317682094869843,0.00628202889486412,-0.00231790513015714,0.00669601159111277,0.406271590258955,-0.169134240315855,-0.486554186271002,0.656050817312973
-0.08,0.335,-0.0749356830408423,0.333410079560773,0.00506431695915774,-0.00158992043922698,0.00530802724803523,0.354047614707946,-0.169008591680596,-0.465060751712156,0.608439478683755
-0.08,0.35,-0.0767702485211688,0.349238347530641,0.00322975147883123,-0.000761652469358498,0.00331834433100189,0.297880412472723,-0.160459810351211,-0.419748205718593,0.539138935543308
-0.06,0.05,-0.0635599335910367,0.049433030694765,-0.00355993359103671,-0.000566969305235032,0.00360479976776383,0.214238056998548,-0.141094482900485,0.423475990383103,0.49511517655032
-0.06,0.065,-0.0652354030380599,0.0640265665188468,-0.00523540303805986,-0.000973433481153252,0.00532513076958271,0.252825311690073,-0.147899760317351,0.478597124469544,0.561117368584071
-0.06,0.08,-0.0663178757918823,0.0786310432011354,-0.00631787579188234,-0.00136895679886459,0.00646448739180536,0.290816741467302,-0.145763409712228,0.507705119815076,0.60298357622547
-0.06,0.095,-0.0668438348714512,0.0932499044063346,-0.00684383487145124,-0.00175009559366543,0.00706405763953403,0.327478817698832,-0.136830312500338,0.511460645477255,0.622543745608794
-0.06,0.11,-0.0668583020517134,0.10788719448095,-0.00685830205171339,-0.00211280551904985,0.00717636775770749,0.362060241266644,-0.123309253832446,0.491122352953867,0.622493186777549
-0.06,0.125,-0.0664147623095415,0.122547562307449,-0.00641476230954147,-0.00245243769255066,0.00686757789353401,0.393812606001111,-0.107387281502554,0.448561146375245,0.606490670540063
-0.06,0.14,-0.0655748100346346,0.137236235728203,-0.00557481003463459,-0.00276376427179681,0.00622229056476174,0.4220130366642,-0.0911372103989711,0.386248599925255,0.57930288627871
-0.06,0.155,-0.064407500174598,0.151958962503732,-0.00440750017459798,-0.0030410374962678,0.00535480782500997,0.445987693017943,-0.0764236890126684,0.30721709410594,0.546927981430798
-0.06,0.17,-0.0629884044840085,0.166721915889606,-0.00298840448400853,-0.00327808411039382,0.00443580847139039,0.465134830166562,-0.0648140556956838,0.214991206243849,0.516501981994025
-0.06,0.185,-0.0613983923542775,0.18153156562316,-0.00139839235427751,-0.00346843437683958,0.00373972434852415,0.478945999409965,-0.0575004575592429,0.113492179965364,0.495557846062619
-0.06,0.2,-0.059722175441473,0.196394518161998,0.000277824558527012,-0.00360548183800222,0.00361617004156118,0.487024006365036,-0.055239272515523,0.0069196570219409,0.490197008754305
-0.06,0.215,-0.0580466734568529,0.21131733304502,0.00195332654314713,-0.0036826669549801,0.0041686353265146,0.489096417782449,-0.0583127469496485,-0.100383019825755,0.502686834855157
-0.06,0.23,-0.0564592728779869,0.226306324868104,0.00354072712201307,-0.00369367513189625,0.00511663801070075,0.485023714762847,-0.0665160320557146,-0.204072013900977,0.53039587312349
-0.06,0.245,-0.055046059241203,0.241367362173463,0.00495394075879704,-0.00363263782653703,0.00614309259416284,0.474801597839611,-0.0791706680618809,-0.299945949606582,0.567163778243211
-0.06,0.26,-0.0538901059566356,0.256505675386378,0.00610989404336436,-0.00349432461362217,0.00703854457444897,0.458557410473955,-0.0951632990672793,-0.38407988763251,0.605682861364245
-0.06,0.275,-0.0530698978769642,0.271725685378499,0.0069301021230358,-0.00327431462150132,0.00766468862226527,0.436541098025202,-0.113006296348968,-0.452942512434134,0.639139819479642
-0.06,0.29,-0.0526579569509293,0.287030862819818,0.00734204304907074,-0.00296913718018166,0.00791968255229621,0.409111515581792,-0.130915290216451,-0.503490374282269,0.661829640238532
-0.06,0.305,-0.0527197213232782,0.302423625848226,0.00728027867672179,-0.00257637415177375,0.0077227042789853,0.376719183912651,-0.146897546936304,-0.533235186127629,0.669209300397075
-0.06,0.32,-0.0533127103972847,0.317905280521973,0.00668728960271525,-0.00209471947802697,0.0070076880582835,0.339886756065718,-0.158844758504055,-0.540282521414189,0.657772467634229
-0.06,0.335,-0.0544859885731168,0.333476005158545,0.00551401142688321,-0.00152399484145468,0.00572074141109167,0.299188480814079,-0.164624112117896,-0.523342523695294,0.624904883554863
-0.06,0.35,-0.0562799216754919,0.349134876630682,0.00372007832450813,-0.000865123369317794,0.00381934826699726,0.255229861547245,-0.162162351291179,-0.481715153039626,0.568762740946333
-0.04,0.05,-0.0439030459416796,0.0495152000885514,-0.00390304594167956,-0.000484799911448647,0.00393303935614709,0.144674669798635,-0.142480964077186,0.474978546552074,0.516563657593912
-0.04,0.065,-0.0455632105250127,0.0642753669471882,-0.00556321052501271,-0.000724633052811757,0.00561020538009434,0.169939915163214,-0.145104467014185,0.528721950405664,0.57400743698908
-0.04,0.08,-0.0466268993390982,0.0790333885983411,-0.00662689933909821,-0.000966611401658934,0.00669702414900509,0.195372441125345,-0.138750254584221,0.555780525517919,0.605241623466685
-0.04,0.095,-0.0471305561260587,0.0937912381866584,-0.00713055612605867,-0.00120876181334159,0.00723228427180968,0.220423692793232,-0.125662636385191,0.556794351566325,0.61188333103258
-0.04,0.11,-0.0471192344352218,0.108551555869033,-0.00711923443522181,-0.00144844413096656,0.00726508701559585,0.24452427880134,-0.108157638574195,0.53302022522566,0.59632538785983
-0.04,0.125,-0.0466465286885693,0.123317688194243,-0.00664652868856933,-0.00168231180575704,0.00685612985727112,0.26709909875568,-0.0885334506099014,0.48634829817293,0.561887264361044
-0.04,0.14,-0.0457742240659806,0.138093698112364,-0.00577422406598062,-0.00190630188763577,0.00608076068028939,0.287584218122478,-0.0689732564868564,0.419291896472425,0.513097891738155
-0.04,0.155,-0.0445716477431566,0.152884339845764,-0.0045716477431566,-0.00211566015423623,0.00503745778897766,0.305444697763421,-0.0514461378701585,0.334947832353442,0.456217402732995
-0.04,0.17,-0.0431147212572811,0.167694994853239,-0.00311472125728111,-0.00230500514676144,0.00387485964096192,0.320192407110358,-0.0376126413364875,0.23692657803308,0.400090917392031
-0.04,0.185,-0.0414847333549336,0.18253156793036,-0.00148473335493356,-0.00246843206964031,0.00288055376927441,0.331402752203674,-0.028741907314602,0.129254082088785,0.356876604588588
-0.04,0.2,-0.0397668727942026,0.197400345749827,0.000233127205797434,-0.00259965425017328,0.00261008630403803,0.338729247906877,-0.025646838031779,0.0162495137554855,0.340087709220527
-0.04,0.215,-0.0380485790404779,0.212307823538858,0.0019514209595221,-0.0026921764611422,0.00332503501623521,0.34191497062636,-0.0286426097746305,-0.0976145011026033,0.356728535633961
-0.04,0.23,-0.0364177835383305,0.227260508746663,0.00358221646166946,-0.00273949125333739,0.00450966596383454,0.340800140522875,-0.0375320064073007,-0.20786085835948,0.400949098719089
-0.04,0.245,-0.0349611233142145,0.242264712914384,0.00503887668578548,-0.00273528708561571,0.00573341727901333,0.335325379834702,-0.0516187766823584,-0.310156942698926,0.459680400937715
-0.04,0.26,-0.0337622110930603,0.25732634432275,0.0062377889069397,-0.00267365567725031,0.00678663724741737,0.32553053283974,-0.0697477884087569,-0.400454373159035,0.520769098371268
-0.04,0.275,-0.0329000414173998,0.272450714127951,0.00709995858260015,-0.00254928587204942,0.00754375704354722,0.311549282079376,-0.0903684890870091,-0.475111266697723,0.5752937643301
-0.04,0.29,-0.0324476010297799,0.287642367402832,0.00755239897022011,-0.00235763259716831,0.00791183680750636,0.293600104996766,-0.111616374128205,-0.530990510076035,0.616939085987437
-0.04,0.305,-0.032470735827039,0.302904948453802,0.00752926417296104,-0.0020950515461981,0.0078153093328071,0.271974345770485,-0.131406014116852,-0.565529807879686,0.641144163416185
-0.04,0.32,-0.0330273072831871,0.31824110660629,0.00697269271681294,-0.00175889339371035,0.00719111602559257,0.247022322694941,-0.147528793379028,-0.576781772476345,0.644566806122714
-0.04,0.335,-0.0341666512902888,0.333652445344321,0.00583334870971122,-0.00134755465567885,0.00598697425408957,0.219138427856833,-0.157748830297054,-0.563424712793218,0.624786058668599
-0.04,0.35,-0.0359293332387026,0.349139514406967,0.00407066676129739,-0.000860485593033145,0.00416062054714786,0.188746125767533,-0.159891459708619,-0.524746818301785,0.580131431195149
-0.02,0.05,-0.0241180537122641,0.049661238647939,-0.00411805371226415,-0.000338761352061012,0.00413196389514027,0.0600554364559145,-0.143432819698042,0.508528370354124,0.531773224773366
-0.02,0.065,-0.0257717490613456,0.0645901576801654,-0.00577174906134562,-0.000409842319834625,0.00578628187649646,0.0709705928439168,-0.143568387793127,0.56188936569414,0.584269907228658
-0.02,0.08,-0.0268266323353206,0.0795038312073131,-0.00682663233532058,-0.000496168792686907,0.00684463969194002,0.0828361626264429,-0.134650671263935,0.58814889549341,0.609028118199375
-0.02,0.095,-0.0273190861225889,0.0944027434835545,-0.00731908612258891,-0.000597256516445488,0.00734341453387389,0.0953061451175795,-0.118985414661915,0.587925247378385,0.607371666480743
-0.02,0.11,-0.0272941483653353,0.109288109734031,-0.00729414836533532,-0.000711890265969128,0.00732880536829199,0.108011630517901,-0.098956569214273,0.562464583283864,0.581229919626961
-0.02,0.125,-0.0268054486909412,0.12416195126921,-0.00680544869094124,-0.000838048730790297,0.00685685478628599,0.120569768973177,-0.0769344092607452,0.513659414697536,0.533201667892211
-0.02,0.14,-0.0259148617375302,0.139027141457675,-0.00591486173753017,-0.000972858542324817,0.00599433425139713,0.132594153071002,-0.0551754617876428,0.444039709941059,0.466688342650869
-0.02,0.155,-0.0246918595337416,0.15388741503838,-0.00469185953374161,-0.00111258496162045,0.00482196963710744,0.143706173601916,-0.0357200904170579,0.356733750683443,0.386247230474464
-0.02,0.17,-0.0232125623941194,0.168747335193794,-0.00321256239411944,-0.0012526648062065,0.00344814823533137,0.15354677492427,-0.0202945502512682,0.255397968429489,0.29869182310859
-0.02,0.185,-0.0215585075552483,0.183612215605457,-0.0015585075552483,-0.00138778439454287,0.00208683763755179,0.161787947579582,-0.0102246850802901,0.144117478288166,0.216909630741064
-0.02,0.2,-0.0198151750999947,0.198487998229866,0.000184824900005265,-0.00151200177013427,0.00152325624782935,0.168143263862188,-0.00636803822547282,0.0272816255809589,0.170461190948087
-0.02,0.215,-0.0180703294574562,0.213381091287751,0.0019296705425438,-0.00161890871224946,0.00251882786655986,0.172376795795825,-0.0090699594766789,-0.0905587601703778,0.194928062594287
-0.02,0.23,-0.0164122496871991,0.228298175575072,0.00358775031280093,-0.00170182442492767,0.00397091408623803,0.174309860305313,-0.0181474074109319,-0.204843889414687,0.269581915007421
-0.02,0.245,-0.0149279310392082,0.243245990161112,0.00507206896079185,-0.00175400983888843,0.00536678992116754,0.173825198566064,-0.0329017852759735,-0.311157802222326,0.35793480087817
-0.02,0.26,-0.0137013427368787,0.258231110474583,0.00629865726312127,-0.00176888952541712,0.00654232783276723,0.170868397777803,-0.05215961391687,-0.40537189811116,0.442994343159324
-0.02,0.275,-0.0128118222830803,0.273259732414988,0.00718817771691965,-0.00174026758501247,0.00739583870547928,0.165446583886615,-0.0743374741716026,-0.483770643775235,0.516657020400809
-0.02,0.29,-0.012332675327708,0.288337475382643,0.007667324672292,-0.00166252461735714,0.00784549907486172,0.157624613701753,-0.0975257489236243,-0.543152694904625,0.573911486602228
-0.02,0.305,-0.0123300338624628,0.303469215142184,0.0076699661375372,-0.00153078485781633,0.00782123282046297,0.147519167503003,-0.119584479905125,-0.580903023845198,0.611158095109864
-0.02,0.32,-0.0128620061328434,0.31865895465706,0.00713799386715663,-0.00134104534293997,0.00726287539886144,0.13529125535648,-0.138244223635754,-0.595034235097194,0.625687478337809
-0.02,0.335,-0.0139781313199414,0.333909737512785,0.00602186868005858,-0.00109026248721547,0.00611976916973996,0.121137707120432,-0.151205113928127,-0.584197733484234,0.615490020508351
-0.02,0.35,-0.0157191328017881,0.349223605135511,0.00428086719821189,-0.000776394864489327,0.0043507025816909,0.105282212495194,-0.156228280906117,-0.547667521634764,0.579166807115699
0,0.05,-0.00420212793364499,0.0498415171659535,-0.00420212793364499,-0.000158482834046486,0.00420511545375474,-0.0317218870639928,-0.145236932247512,0.522739513844314,0.543469280109461
0,0.065,-0.00585816685195309,0.0649402865726511,-0.00585816685195309,-5.97134273488675e-05,0.00585847117930333,-0.0357318630128206,-0.144744700614605,0.576711132669564,0.595673334068382
0,0.08,-0.00691422180656937,0.0800107545534659,-0.00691422180656937,1.07545534658859e-05,0.00691423017051498,-0.0380070521903854,-0.135087167921021,0.603436326777124,0.619541943117283
0,0.095,-0.0074065941202453,0.0950519124501551,-0.0074065941202453,5.19124501550672e-05,0.00740677604390287,-0.0386812508149462,-0.118590016883678,0.603511855277616,0.616271086641242
0,0.11,-0.00738025999716227,0.110063544041705,-0.00738025999716227,6.35440417046107e-05,0.00738053354920563,-0.0379123959297508,-0.0976618336286371,0.578165403045336,0.587582711323135
0,0.125,-0.00688881064687194,0.12504633613921,-0.00688881064687194,4.6336139209513e-05,0.00688896648026778,-0.0358800764271882,-0.074701622083834,0.529275236495722,0.535725749930145
0,0.14,-0.0059941087121545,0.140001960395659,-0.0059941087121545,1.96039565858452e-06,0.00599410903273186,-0.0327820407474328,-0.0519977958363557,0.459362378604883,0.46345808763964
0,0.155,-0.00476564278687931,0.154933117115311,-0.00476564278687931,-6.68828846892011e-05,0.00476611209398176,-0.0288297722843966,-0.0316245187558676,0.371552323547074,0.374009213520696
0,0.17,-0.00327957925058504,0.169843533667018,-0.00327957925058504,-0.000156466332981942,0.00328330957636113,-0.0242432768848008,-0.0153422754705154,0.26950541765699,0.271028465311217
0,0.185,-0.00161753048765136,0.184737912956342,-0.00161753048765136,-0.000262087043658377,0.00163862579527335,-0.0192453037303191,-0.0045099439683741,0.15731754826283,0.158554559527025
0,0.2,0.000134921020348899,0.199621831082789,0.000134921020348899,-0.000378168917210542,0.000401516390295816,-0.0140552781339216,-1.52677008139895e-05,0.0393954129553207,0.0418276190658876
0,0.215,0.00188988436546962,0.214501587454832,0.00188988436546962,-0.000498412545168136,0.00195450197749388,-0.00888326759228499,-0.0022294472453089,-0.0796869362740033,0.0802115436941015
0,0.23,0.00355893427068741,0.229384014653924,0.00355893427068741,-0.00061598534607557,0.0036118487080238,-0.00392430831069842,-0.0109896822780847,-0.195341711715176,0.195690047969935
0,0.245,0.00505491476619954,0.244276258925933,0.00505491476619954,-0.00072374107406678,0.00510646300640997,0.000646593860837456,-0.0256111097442667,-0.30312157163637,0.304202648904585
0,0.26,0.00629368716450367,0.259185544626064,0.00629368716450367,-0.000814455373935596,0.00634616700700279,0.00467852791232876,-0.0449270111803124,-0.398864717646806,0.401415055814287
0,0.275,0.00719574170436632,0.274118937123833,0.00719574170436632,-0.000881062876166738,0.00724948070331358,0.00804761949351544,-0.0673537441366375,-0.478822210823896,0.48360457924807
0,0.29,0.0076876033648284,0.289083118442958,0.0076876033648284,-0.000916881557041921,0.00774208739840649,0.0106587469442078,-0.0909749029633451,-0.539760610616991,0.547479533134639
0,0.305,0.00770297881479329,0.304084188148107,0.00770297881479329,-0.000915811851893128,0.00775722849793804,0.012446025874071,-0.113637957870184,-0.579035416257723,0.59021486151022
0,0.32,0.00718361087459735,0.319127499385016,0.00718361087459735,-0.000872500614983479,0.0072364025952665,0.013372135228368,-0.1330561612105,-0.59463341066643,0.609487614351413
0,0.335,0.0060798271888606,0.334217536545335,0.0060798271888606,-0.000782463454665039,0.00612997126455703,0.0134266343704651,-0.146908818416301,-0.585184527039484,0.603495462550194
0,0.35,0.00435078926212304,0.349357837398112,0.00435078926212304,-0.000642162601887597,0.00439792451170642,0.012623464098033,-0.152933964690839,-0.549946010267864,0.57095661941603
0.02,0.05,0.0158466894912931,0.0500261886030425,-0.00415331050870688,2.61886030424874e-05,0.00415339307370062,-0.122336748146565,-0.1481488238877,0.516811722950986,0.551371977043791
0.02,0.065,0.0141795471478156,0.0652948698537133,-0.00582045285218438,0.000294869853713298,0.00582791726392287,-0.141353880313802,-0.14895351464073,0.572361392871486,0.608086427971012
0.02,0.08,0.0131123855608321,0.080522296156744,-0.00688761443916788,0.00052229615674404,0.00690738922734078,-0.157868930264244,-0.140448837165204,0.600797162261425,0.636875090937011
0.02,0.095,0.0126090033360478,0.0957059763619586,-0.00739099666395215,0.000705976361958627,0.00742463698171138,-0.171802542656719,-0.12493778689378,0.602695597968793,0.63903973382495
0.02,0.11,0.0126245308936121,0.110844270655569,-0.00737546910638795,0.000844270655568746,0.00742363371127223,-0.183100142146825,-0.104808874266842,0.579259010146378,0.616486195814196
0.02,0.125,0.0131054881040896,0.125936535912884,-0.00689451189591035,0.000936535912883535,0.00695782967590972,-0.191735920917726,-0.0824447981910829,0.532335553718721,0.571789876876417
0.02,0.14,0.0139901251555117,0.140983242721371,-0.00600987484448834,0.000983242721370958,0.00608977519252909,-0.197716266370794,-0.0601225247849403,0.46441218801296,0.508317632123731
0.02,0.155,0.0152090649580306,0.15598605324473,-0.00479093504196937,0.000986053244729751,0.00489135559715424,-0.201082331960083,-0.0399105431146577,0.378577499147556,0.430521486816007
0.02,0.17,0.0166862479908564,0.170947850745308,-0.00331375200914358,0.000947850745307982,0.00344664669113097,-0.201911474208728,-0.0235700832749294,0.278453471026074,0.344761492052425
0.02,0.185,0.0183401607233936,0.185872714523382,-0.00165983927660645,0.000872714523381918,0.00187528586180538,-0.200317326959791,-0.0124674867117041,0.168097756117108,0.261800390688315
0.02,0.2,0.0200853082752791,0.200765837799357,8.53082752790557e-05,0.000765837799356517,0.00077057448488405,-0.196448368920705,-0.00750457397830705,0.051880605465973,0.203322209530561
0.02,0.215,0.0218338731955576,0.215633390561659,0.00183387319555757,0.00063339056165912,0.00194017383267155,-0.190484950823623,-0.00907271641586495,-0.0656569751754648,0.201687161379872
0.02,0.23,0.0234974871619625,0.230482333861712,0.00349748716196247,0.000482333861712314,0.00353058952616226,-0.182634873849395,-0.0170344719930054,-0.179955414426598,0.256962511352097
0.02,0.245,0.0249890329756928,0.245320196132238,0.00498903297569278,0.000320196132237521,0.00499929751021579,-0.173127732825101,-0.0307343020867743,-0.286589623265327,0.336231684701979
0.02,0.26,0.0262243916533522,0.260154825124424,0.00622439165335219,0.000154825124424329,0.00622631691078067,-0.162208343685905,-0.049037345497497,-0.381413339700205,0.417364485758912
0.02,0.275,0.0271240540257042,0.274994130774407,0.00712405402570415,-5.86922559267511e-06,0.00712405644341485,-0.150129649882838,-0.0703928268796454,-0.460686116880634,0.489619463437381
0.02,0.29,0.0276145273194779,0.28984583448885,0.0076145273194779,-0.000154165511149995,0.0076160877951809,-0.137145533385504,-0.092916729499793,-0.521176057454163,0.54687216904952
0.02,0.305,0.0276294836035068,0.304717238963,0.00762948360350682,-0.000282761036999979,0.00763472159677252,-0.12350394672273,-0.114487092581348,-0.560233730443657,0.585000277743221
0.02,0.32,0.0271106163445225,0.319615030142554,0.00711061634452254,-0.000384969857446432,0.00712102988268785,-0.109440731285604,-0.132844808898052,-0.575835299566652,0.601011332036723
0.02,0.335,0.026008191605728,0.334545119581725,0.00600819160572799,-0.000454880418274989,0.00602538650760848,-0.0951744042748993,-0.145693073733841,-0.566595388036513,0.592720934167115
0.02,0.35,0.0242812998727948,0.349512531660584,0.00428129987279477,-0.000487468339416375,0.00430896205399002,-0.0809021025748752,-0.150789546509902,-0.531752353206423,0.558610485446666
0.04,0.05,0.0360294530181772,0.0501854863334444,-0.00397054698182281,0.000185486333444368,0.00397487716976976,-0.203494743107055,-0.151357326846108,0.490571665757253,0.55225181868447
0.04,0.065,0.0343425289345601,0.0656231079038249,-0.0056574710654399,0.000623107903824888,0.00569168185302892,-0.237103255176796,-0.155340190246626,0.548619905049866,0.617524104718334
0.04,0.08,0.0332544077839976,0.0810066802164178,-0.00674559221600238,0.00100668021641778,0.00682029467125276,-0.267476677398621,-0.149842854958958,0.579958793664765,0.656013382358109
0.04,0.095,0.0327290056902187,0.0963322542687421,-0.00727099430978129,0.00133225426874209,0.00739204029273741,-0.294330265566405,-0.137104368557572,0.585146611037579,0.669200687719668
0.04,0.11,0.0327216033983008,0.111596788678071,-0.00727839660169921,0.00159678867807148,0.00745149590176656,-0.317404407251083,-0.119449744684955,0.565354242753704,0.659275370845204
0.04,0.125,0.0331789032427469,0.126798328617911,-0.00682109675725309,0.00179832861791124,0.00705417229657791,-0.336474752418217,-0.0992014744596668,0.522384981973576,0.629242592792214
0.04,0.14,0.034039367747555,0.141936156958517,-0.00596063225244502,0.00193615695851659,0.00626720357231995,-0.351362217872167,-0.0785826348605699,0.458667961488911,0.583103654754905
0.04,0.155,0.0352338580625795,0.157010905236469,-0.0047661419374205,0.0020109052364691,0.00517299225184973,-0.361942232242271,-0.0596171447456972,0.377222289379193,0.526170110075487
0.04,0.17,0.0366865731740897,0.17202461362064,-0.00331342682591033,0.00202461362064024,0.00388302171556433,-0.368152537673808,-0.0440337027332295,0.281590978556689,0.465585577510833
0.04,0.185,0.038316271219317,0.186980731948207,-0.00168372878068298,0.00198073194820733,0.00259966183522961,-0.369998908219068,-0.0331803427264225,0.175746136795719,0.410959311701175
0.04,0.2,0.040037733901211,0.201884057869957,3.77339012110067e-05,0.00188405786995693,0.00188443569926046,-0.36755823373063,-0.0279562261922208,0.063969401408152,0.374129907162368
0.04,0.215,0.0417634163519611,0.216740612842616,0.00176341635196105,0.00174061284261609,0.00247777527194128,-0.360978601262318,-0.0287662150695698,-0.0492860688953483,0.365462193837509
0.04,0.23,0.0434052098021319,0.231557461649836,0.00340520980213189,0.00155746164983586,0.00374448135090089,-0.350476227799232,-0.0355020117345719,-0.159543913041234,0.386715408285679
0.04,0.245,0.0448762350146145,0.246342485653606,0.00487623501461446,0.00134248565360598,0.00505766108471988,-0.33632935487053,-0.0475514113974343,-0.262454022954702,0.429256971649156
0.04,0.26,0.0460925818561124,0.261104123559066,0.00609258185611243,0.00110412355906642,0.0061918206132862,-0.318869464724254,-0.0638347721498984,-0.353933855417482,0.480648668473788
0.04,0.275,0.0469749148634304,0.275851095693255,0.00697491486343038,0.000851095693255172,0.00702664936019861,-0.298470391661335,-0.0828654915747894,-0.430293168096953,0.530193814383348
0.04,0.29,0.0474498756475375,0.290592128404015,0.00744987564753749,0.000592128404014791,0.00747337027121052,-0.275536048567638,-0.102829383387773,-0.488335409377296,0.570059776633101
0.04,0.305,0.0474512291401711,0.305335694162612,0.00745122914017113,0.000335694162612088,0.00745878718493477,-0.25048756217942,-0.121676595621678,-0.52543123632748,0.59466828678175
0.04,0.32,0.0469207199489915,0.320089780651077,0.00692071994899146,8.97806510768706e-05,0.00692130227469341,-0.223750593818575,-0.137219207089732,-0.539562124946297,0.60002001299989
0.04,0.335,0.0458086252200668,0.334861698720988,0.00580862522006684,-0.000138301279012071,0.00581027143866557,-0.195743537766225,-0.147227868102165,-0.529334465716708,0.58325765495433
0.04,0.35,0.0440740096429781,0.349657935378675,0.00407400964297808,-0.000342064621324689,0.00408834474772375,-0.166867149843972,-0.149521695863564,-0.493966632858497,0.542408162591188
0.06,0.05,0.0563462970829835,0.0502900197645423,-0.00365370291701653,0.000290019764542265,0.00366519528397059,-0.267374138921967,-0.153047022828428,0.444469181430849,0.540802501787424
0.06,0.065,0.0546310215080439,0.0658945982189575,-0.00536897849195606,0.000894598218957543,0.00544299880768393,-0.314691328342481,-0.161942425648675,0.505870850156043,0.617385605967749
0.06,0.08,0.053512208034434,0.0814325473325478,-0.00648779196556595,0.00143254733254777,0.00664406776368603,-0.358090299821659,-0.161165856823656,0.541223546185908,0.668678621042491
0.06,0.095,0.0529539072192988,0.0968984985663705,-0.00704609278070123,0.0018984985663705,0.00729737763040675,-0.397096655888738,-0.152854852206304,0.551069210935058,0.696228123356972
0.06,0.11,0.0529115927227489,0.112288044640416,-0.00708840727725107,0.00228804464041565,0.00744853448704648,-0.431261484070754,-0.139231343578921,0.536541947544993,0.702321345439876
0.06,0.125,0.0533322191662171,0.127597950453527,-0.00666778083378289,0.00259795045352734,0.00715602178632411,-0.460177007966876,-0.122517503868405,0.499386848037754,0.690048112081843
0.06,0.14,0.0541545589179137,0.142826336795903,-0.00584544108208633,0.00282633679590255,0.00649287002241808,-0.483492499822354,-0.10484361470328,0.441953591273976,0.663389082019196
0.06,0.155,0.0553098356882276,0.157972823017693,-0.00469016431177244,0.00297282301769325,0.00555295578642137,-0.500929520754943,-0.0881531865961907,0.367162059412136,0.627306366800581
0.06,0.17,0.0567226558755625,0.173038616320718,-0.00327734412443745,0.00303861632071795,0.00446924754903084,-0.512295459987905,-0.0741114781389662,0.27843909590115,0.587767393874193
0.06,0.185,0.0583122191229922,0.188026538164551,-0.00168778087700782,0.00302653816455051,0.00346533368527102,-0.51749436516139,-0.0640239454988781,0.179627800133342,0.551514259741943
0.06,0.2,0.0599937696098737,0.202940982370495,-6.23039012626059e-06,0.00294098237049475,0.00294098896994227,-0.516534163071182,-0.0587708624885369,0.0748731040947297,0.525232776482714
0.06,0.215,0.0616802311133734,0.217787804493625,0.00168023111337336,0.00278780449362498,0.00325500084316786,-0.509529605099758,-0.0587633604359681,-0.0315104015211439,0.513875691713912
0.06,0.23,0.0632839541199072,0.232574147267791,0.00328395411990721,0.0025741472677914,0.0041725997672834,-0.496700575339672,-0.0639245042523752,-0.135180711280958,0.51872291867005
0.06,0.245,0.0647184939612024,0.247308211941691,0.00471849396120241,0.0023082119416909,0.00525281140244613,-0.478365768764741,-0.0736969354834682,-0.231912026550048,0.536703215313997
0.06,0.26,0.0659003363323505,0.261998989379029,0.00590033633235053,0.00199898937902862,0.00622976142178213,-0.45493211920882,-0.0870763316427443,-0.317730934354552,0.561694751694938
0.06,0.275,0.0667504909361215,0.276655967471827,0.00675049093612146,0.00165596747182739,0.00695063710363362,-0.426880692113645,-0.102667753361867,-0.38903708819935,0.58661798038158
0.06,0.29,0.0671958848199763,0.29128883247986,0.00719588481997632,0.00128883247986017,0.00731039311552451,-0.394750005289771,-0.118760153808425,-0.442701878964073,0.604913128797904
0.06,0.305,0.0671705027233324,0.305907181230863,0.00717050272333244,0.000907181230863363,0.007227661246278,-0.359117888900091,-0.133413117344633,-0.476140673220524,0.611128627630866
0.06,0.32,0.0666162409696888,0.32052025893298,0.00661624096968877,0.000520258932979883,0.00663666436746153,-0.320583019300632,-0.144549380028845,-0.487356545288411,0.600988942798238
0.06,0.335,0.0654834610100724,0.335136734184274,0.00548346101007244,0.000136734184274234,0.00548516552951083,-0.279747179202594,-0.150046856848652,-0.474955732928607,0.571277686839384
0.06,0.35,0.0637312479726163,0.349764518809325,0.00373124797261629,-0.000235481190675124,0.00373867126454238,-0.237199125218176,-0.147824654420683,-0.438137050493167,0.519693640654595
0.08,0.05,0.0767964365625129,0.0503110604775806,-0.00320356343748712,0.000311060477580616,0.003218629726874,-0.307026136560832,-0.150550259725917,0.379529998847301,0.510857297258662
0.08,0.065,0.075044373795769,0.0660796381495142,-0.00495562620423101,0.00107963814951423,0.00507186845353343,-0.366764798979109,-0.165857108905074,0.445058428836892,0.600087739588229
0.08,0.08,0.073885291747524,0.0817692732847081,-0.00611470825247598,0.00176927328470811,0.00636553100447085,-0.421965565949454,-0.17128541228248,0.485428560663355,0.665612125353984
0.08,0.095,0.0732833920556039,0.0973732289686743,-0.00671660794439607,0.00237322896867431,0.007123555152905,-0.47198671984752,-0.168839246646155,0.501167528719364,0.708839513119209
0.08,0.11,0.0731943828676728,0.112885780512024,-0.00680561713232716,0.00288578051202426,0.00739216840415612,-0.516212603024081,-0.160603814090929,0.493367846113372,0.731907202195769
0.08,0.125,0.0735655391058176,0.128302456381179,-0.00643446089418241,0.00330245638117915,0.00723246190092652,-0.554073947622719,-0.148666848892833,0.463704687313116,0.737651221263511
0.08,0.14,0.0743360378394042,0.143620252506763,-0.0056639621605958,0.0036202525067634,0.00672210499541532,-0.585068768777389,-0.135032662954064,0.414429410791621,0.729587700905948
0.08,0.155,0.0754375862446687,0.158837804850566,-0.00456241375533134,0.00383780485056628,0.00596190953855111,-0.608782649506352,-0.121533654064122,0.348336780897504,0.711850949660498
0.08,0.17,0.0767953428924828,0.173955506497561,-0.0032046571075172,0.00395550649756049,0.00509076210689556,-0.624907115887357,-0.109744936999188,0.268705118293465,0.689029039252653
0.08,0.185,0.0783291140721183,0.188975558319879,-0.00167088592788174,0.00397555831987856,0.00431241507032299,-0.633254795379009,-0.100908099866875,0.179210667650783,0.665819444522954
0.08,0.2,0.0799547872468306,0.203901946484408,-4.52127531693769e-05,0.00390194648440811,0.00390220842091168,-0.633770187161696,-0.0958698325630056,0.0838196845847394,0.6464409078527
0.08,0.215,0.0815859456691317,0.218740345210462,0.00158594566913169,0.00374034521046163,0.00406268457535911,-0.626535125367215,-0.0950402709993139,-0.0133362459848027,0.633846092734752
0.08,0.23,0.0831355936503304,0.233497948756698,0.00313559365033034,0.00349794875669762,0.00469761567654001,-0.611768401431061,-0.0983744272911563,-0.108094529154605,0.628988477943273
0.08,0.245,0.0845179128888241,0.248183242018256,0.00451791288882405,0.00318324201825559,0.00552671390772043,-0.589819458188861,-0.10537818103188,-0.196397446817261,0.630529558160419
0.08,0.26,0.0856499676285698,0.262805723576877,0.00564996762856977,0.0028057235768767,0.0063082659260472,-0.561156531907701,-0.11513822857173,-0.274421398218352,0.63518871290004
0.08,0.275,0.0864532806835145,0.27737559823553,0.00645328068351447,0.00237559823552991,0.00687664878824517,-0.526350055505872,-0.126373393239908,-0.338691948327776,0.638538230162064
0.08,0.29,0.086855212900155,0.291903457447992,0.00685521290015498,0.00190345744799197,0.00711456914807688,-0.486052462465787,-0.137503036351154,-0.386178533743173,0.635839673486236
0.08,0.305,0.0867900940550302,0.306399965773933,0.0067900940550302,0.00139996577393336,0.00693291291192535,-0.440975747134245,-0.146727172498242,-0.414364580061205,0.62264780842086
0.08,0.32,0.0862000719152107,0.320875569516114,0.00620007191521071,0.000875569516113561,0.00626159035160653,-0.391868196697402,-0.152112378629929,-0.421290944897468,0.595137046448562
0.08,0.335,0.0850356655456832,0.335340240565352,0.00503566554568316,0.000340240565351646,0.00504714683066495,-0.339491638090229,-0.151677697584271,-0.405572738238328,0.550229287674817
0.08,0.35,0.0832560276209025,0.34980326463875,0.00325602762090246,-0.000196735361249756,0.0032619657678225,-0.284600356912806,-0.143475384443737,-0.366391452034623,0.485619868798743
0.1,0.05,0.0973781839518698,0.0502208124504856,-0.00262181604813019,0.000220812450485552,0.00263109816018378,-0.316692440795622,-0.14056861584465,0.297271751661854,0.456536126603521
0.1,0.065,0.0955810563606002,0.0661495104448844,-0.00441894363939982,0.00114951044488443,0.00456600888644454,-0.387247032197672,-0.163484375781162,0.367605940980995,0.558412035308865
0.1,0.08,0.0943723203656875,0.0819872693898523,-0.00562767963431252,0.00198726938985228,0.00596825080691987,-0.452718717858627,-0.176306582366738,0.413870020858374,0.638224767959578
0.1,0.095,0.0937163454322636,0.0977260469001575,-0.00628365456773644,0.00272604690015754,0.00684949972103756,-0.512325570650541,-0.180880855328735,0.436577109320413,0.696994216183971
0.1,0.11,0.0935691148586301,0.113358861079697,-0.00643088514136994,0.00335886107969696,0.0072552209790051,-0.565312647989838,-0.179129405998739,0.436773765501117,0.736508333715059
0.1,0.125,0.0938782898261674,0.128880059160408,-0.00612171017383263,0.00388005916040818,0.00724777169485031,-0.610976007466029,-0.172978917224557,0.416055317375795,0.759159960816375
0.1,0.14,0.0945835437464404,0.144285560071072,-0.00541645625355958,0.00428556007107189,0.00690680993436842,-0.648687493830553,-0.164281807128754,0.37655912863166,0.767847366515285
0.1,0.155,0.0956171837767153,0.159573054732803,-0.00438281622328471,0.00457305473280312,0.00633418563323657,-0.677918947612602,-0.154735243028529,0.320933548852134,0.765848660198822
0.1,0.17,0.0969050599877884,0.174742149054571,-0.00309494001221159,0.00474214905457149,0.00566274062049124,-0.698264336675434,-0.145803003000095,0.252281873650577,0.756628087568798
0.1,0.185,0.0983677441366764,0.18979443745626,-0.00163225586332357,0.00479443745625985,0.00506467074204647,-0.709458304611301,-0.138645586455139,0.174082536405663,0.74354971132019
0.1,0.2,0.0999219408472612,0.204733498934609,-7.80591527388408e-05,0.00473349893460878,0.00473414251953496,-0.711389752632358,-0.134063738649661,0.0900887266654295,0.729500948555445
0.1,0.215,0.101482076413757,0.219564813024805,0.00148207641375685,0.00456481302480527,0.00479938209019101,-0.704109372319359,-0.132459759935758,0.00421246821323264,0.716477515622818
0.1,0.23,0.102961996286153,0.23429559885916,0.00296199628615338,0.00429559885915998,0.00521781482595951,-0.687830452091669,-0.133819662170847,-0.0796003605331882,0.705238207667953
0.1,0.245,0.104276693424606,0.248934586169419,0.00427669342460599,0.00393458616941889,0.00581128858108513,-0.662922794463417,-0.137717559513209,-0.157496706649888,0.695157462856883
0.1,0.26,0.105343987108768,0.263491732042289,0.0053439871087682,0.00349173204228947,0.00638360328292977,-0.629900101971127,-0.143341832366741,-0.225837216189297,0.684345698648108
0.1,0.275,0.106086075891124,0.277977900710852,0.00608607589112448,0.00297790071085169,0.0067755599323021,-0.589401690066408,-0.149540821470404,-0.281304368464333,0.669995576414665
0.1,0.29,0.10643089860346,0.292404525505823,0.00643089860346022,0.00240452550582332,0.00686572645509137,-0.542169780839359,-0.15488430839404,-0.320992162527411,0.648827933564497
0.1,0.305,0.106313252322443,0.306783272070415,0.00631325232244348,0.0017832720704154,0.00656027546403058,-0.489023887377348,-0.157735991319593,-0.342473348458878,0.617508454017596
0.1,0.32,0.105675634328655,0.32112572024693,0.00567563432865476,0.00112572024693003,0.00578619660113209,-0.430833900260403,-0.156331664462234,-0.343842136888854,0.572963864310822
0.1,0.335,0.104468794139001,0.335443078987227,0.00446879413900123,0.000443078987227397,0.00449070596295217,-0.368493429566634,-0.14885786105449,-0.323732262317431,0.51259184601578
0.1,0.35,0.102651999738656,0.349745944859825,0.00265199973865646,-0.000254055140174847,0.00266414087992418,-0.302894768757966,-0.13352625441151,-0.28131200486037,0.434409771578799
0.12,0.05,0.118088982560739,0.0499926605775588,-0.00191101743926148,-7.33942244124375e-06,0.00191103153304263,-0.292016373751647,-0.119435750181757,0.199594083473652,0.373331959838673
0.12,0.065,0.116238693207841,0.066076745365942,-0.00376130679215916,0.00107674536594199,0.00391239177074845,-0.37156289506249,-0.150817348718734,0.275309081546395,0.486416867601148
0.12,0.08,0.114971141040392,0.0820582577360415,-0.0050288589596077,0.00205825773604146,0.00543376916546895,-0.445564745348112,-0.171888507072722,0.328202123816342,0.579476572037197
0.12,0.095,0.114250880549389,0.0979279231604213,-0.00574911945061085,0.00292792316042134,0.0064517523581368,-0.513129659422401,-0.184319003784885,0.358772207523877,0.652684951632159
0.12,0.11,0.114034210004609,0.113677573138238,-0.00596578999539088,0.00367757313823835,0.00700822334519942,-0.573393648115496,-0.189849895178917,0.368015989182469,0.70729440800511
0.12,0.125,0.114269240537305,0.12930043892632,-0.00573075946269455,0.00430043892632037,0.00716487117666987,-0.625547647796561,-0.190228442790486,0.357440904324162,0.745163436347504
0.12,0.14,0.11489622978197,0.144791419775621,-0.00510377021802953,0.00479141977562131,0.00700044097929982,-0.668865045177645,-0.187137240133351,0.329058098505042,0.768562869604804
0.12,0.155,0.115848196142041,0.160147308434279,-0.00415180385795925,0.00514730843427885,0.00661303707781557,-0.702728622729887,-0.182121413900196,0.285353195076154,0.780020236694858
0.12,0.17,0.117051813904127,0.17536695790187,-0.00294818609587256,0.00536695790186981,0.0061234008831971,-0.726655308930394,-0.176518403832374,0.229234368947268,0.78214102342266
0.12,0.185,0.118428571342795,0.190451376092358,-0.00157142865720521,0.0054513760923578,0.00567334903958993,-0.74031710143097,-0.171395075407322,0.163958854023433,0.777391445430822
0.12,0.2,0.11989615548635,0.205403739402357,-0.000103844513650447,0.00540373940235672,0.00540473710846308,-0.743556671989575,-0.167496713637834,0.093040777607626,0.767852254124477
0.12,0.215,0.121370010123676,0.220229321527086,0.0013700101236762,0.00522932152708561,0.00540580533987455,-0.736396452773597,-0.16521175093953,0.0201448306667907,0.754975972896706
0.12,0.23,0.122764999984816,0.234935339986006,0.00276499998481598,0.00493533998600587,0.00565710223466933,-0.719040452382631,-0.164554954822878,-0.0510284179535324,0.739397722468609
0.12,0.245,0.12399710536953,0.249530728689722,0.00399710536952971,0.00453072868972182,0.00604188329869021,-0.691868562898407,-0.165170345068702,-0.116858986841108,0.720851044368304
0.12,0.26,0.124985069014826,0.26402585017472,0.00498506901482564,0.00402585017471951,0.00640768153951675,-0.655423693618199,-0.166353510270283,-0.173918981952322,0.698217411576528
0.12,0.275,0.125651920874252,0.278432164947988,0.00565192087425243,0.00343216494798781,0.00661240998418931,-0.61039259434021,-0.167091435359147,-0.219072869903085,0.669698958811639
0.12,0.29,0.125926316344118,0.292761877587562,0.00592631634411758,0.00276187758756163,0.00653828671895249,-0.557581659036654,-0.166116626906787,-0.249561323105172,0.633069483992124
0.12,0.305,0.125743637959765,0.307027579493183,0.00574363795976454,0.00202757949318272,0.00609101433375618,-0.497889298668436,-0.161971380876439,-0.263064910464626,0.585947626825234
0.12,0.32,0.12504682806374,0.321241906761195,0.00504682806373974,0.00124190676119479,0.00519738452574488,-0.43227660168023,-0.153077560559418,-0.257745621721344,0.526051850466958
0.12,0.335,0.123786938479615,0.335417228701903,0.00378693847961512,0.000417228701902694,0.00380985338800341,-0.361737959477746,-0.137807250497436,-0.23226594001579,0.451435167863592
0.12,0.35,0.121923400690076,0.349565378845265,0.0019234006900756,-0.000434621154734693,0.00197189395321508,-0.287273162412851,-0.114550076478258,-0.185786737951434,0.360783497340433
0.14,0.05,0.138925454469586,0.049601392590491,-0.00107454553041414,-0.000398607409509033,0.00114609596624738,-0.230138815170367,-0.0833908657928441,0.0886555485735036,0.260341763173836
0.14,0.065,0.13701410844053,0.0658353540872408,-0.0029858915594701,0.000835354087240781,0.00310054267120849,-0.31673796448838,-0.123743056863092,0.170216131047672,0.380275353371166
0.14,0.08,0.135678831107485,0.0819555156590865,-0.0043211688925153,0.00195551565908647,0.00474305198058953,-0.397419645754361,-0.15357272407359,0.230323141969502,0.48433160434524
0.14,0.095,0.134884379908159,0.0979514529078757,-0.00511562009184088,0.00295145290787568,0.00590598367686992,-0.471211907308954,-0.174364048298001,0.269460471398153,0.570136045820413
0.14,0.11,0.134587407114697,0.113813890194528,-0.00541259288530307,0.0038138901945276,0.00662132314254087,-0.5371726554684,-0.187666854483879,0.28857137131994,0.638005448566335
0.14,0.125,0.134736535037546,0.129535016691088,-0.00526346496245425,0.00453501669108797,0.0069476931278972,-0.594417900661034,-0.195038838086328,0.28906928197863,0.68915859185668
0.14,0.14,0.135272689154985,0.145108777385147,-0.00472731084501526,0.00510877738514698,0.00696039325012518,-0.642150894138254,-0.197982817454178,0.27283041555438,0.725257489297464
0.14,0.155,0.136129704378918,0.160531121095715,-0.00387029562108196,0.00553112109571474,0.00675073986834235,-0.679690651117225,-0.197882392169081,0.242166429634348,0.748190722091405
0.14,0.17,0.137235204263696,0.175800188548675,-0.00276479573630432,0.00580018854867531,0.00642544027002592,-0.706498208004412,-0.195939911823055,0.199776778874633,0.759902225846263
0.14,0.185,0.138511735597181,0.190916426288876,-0.00148826440281898,0.00591642628887629,0.0061007401980747,-0.722198937888433,-0.193120861963349,0.148681801575406,0.76222163421179
0.14,0.2,0.139878122942931,0.205882616456974,-0.000121877057069453,0.00588261645697419,0.00588387885640956,-0.726599390681119,-0.190108589562019,0.0921391134453178,0.756694052480876
0.14,0.215,0.141250991310494,0.220703817980529,0.00125099131049363,0.00570381798052905,0.00583939370259764,-0.719697417997032,-0.187272699076469,0.0335472966848023,0.744425049351096
0.14,0.23,0.142546391973604,0.235387220852368,0.00254639197360355,0.00538722085236831,0.00595871299824254,-0.701684786481405,-0.184653493193287,-0.0236579996554526,0.725965015551327
0.14,0.245,0.143681458135973,0.249941921363709,0.00368145813597312,0.00494192136370941,0.00616244438287358,-0.672941997988617,-0.181963597511568,-0.0761097582272454,0.701256385001229
0.14,0.26,0.144576014727098,0.264378631614701,0.00457601472709805,0.00437863161470148,0.00633342921329997,-0.634025617247424,-0.178606550847776,-0.120611129287222,0.669657324815046
0.14,0.275,0.145154070313524,0.278709340798646,0.00515407031352377,0.00370934079864604,0.00635009054716916,-0.585648929155771,-0.173710807970532,-0.154227251488559,0.630039806662321
0.14,0.29,0.145345128528909,0.29294694821281,0.00534512852890925,0.00294694821281022,0.00610367944436345,-0.528657210948259,-0.166176461023121,-0.174362678706026,0.580946037131343
0.14,0.305,0.145085270375695,0.307104888527808,0.00508527037569481,0.00210488852780755,0.00550368335829879,-0.463999202256633,-0.154731151684051,-0.178821013548881,0.520783843002129
0.14,0.32,0.14431797547782,0.32119676861,0.00431797547782009,0.00119676860999957,0.00448075521903796,-0.392696518642639,-0.137991203650744,-0.165844814689839,0.448059877354591
0.14,0.335,0.142994668290523,0.335236032491051,0.00299466829052283,0.000236032491051308,0.00300395564333011,-0.315812732954613,-0.114523961217296,-0.134135363059371,0.361726623592897
0.14,0.35,0.14107499214213,0.349235667330273,0.00107499214212989,-0.000764332669726642,0.00131901953573571,-0.234423699022198,-0.0829076407512013,-0.0828532464777664,0.2620933570196
0.16,0.05,0.159883461588536,0.0490233905026776,-0.00011653841146364,-0.000976609497322423,0.000983538159710554,-0.129684693162265,-0.0288344249202158,-0.0332501881033973,0.136949361585358
0.16,0.065,0.157903386088049,0.0654010292791594,-0.00209661391195096,0.000401029279159359,0.00213462277195044,-0.221378964492892,-0.0783229036580968,0.0545075019089217,0.241069028814446
0.16,0.08,0.156491755631885,0.0816540851016552,-0.00350824436811489,0.00165408510165521,0.0038786306952232,-0.306874700872697,-0.117088264590597,0.122260720433919,0.350470841134584
0.16,0.095,0.155613549466073,0.0977710732968587,-0.00438645053392667,0.00277107329685872,0.00518842900145593,-0.385149943209106,-0.146426420742933,0.170476527706248,0.445919752460857
0.16,0.11,0.155225812133755,0.113741697824554,-0.00477418786624451,0.00374169782455375,0.00606573758025077,-0.455214322336578,-0.167693365536673,0.200041804720942,0.52474736062896
0.16,0.125,0.155277735675964,0.129557186674917,-0.00472226432403593,0.004557186674917,0.00656260091245107,-0.516137946023003,-0.182254659898256,0.212271831594696,0.587092400425673
0.16,0.14,0.155710992366311,0.145210602637085,-0.00428900763368863,0.00521060263708478,0.00674877517209117,-0.567081113998411,-0.19143073800956,0.208902585634869,0.633933046330596
0.16,0.155,0.156460332201213,0.160697110921375,-0.00353966779878749,0.00569711092137498,0.00670718428077112,-0.607323372301377,-0.19644093249985,0.192065380994203,0.666576957776775
0.16,0.17,0.157454444522636,0.176014185972838,-0.00254555547736422,0.00601418597283848,0.0065307186131563,-0.636290271821352,-0.198349543668317,0.164243555909062,0.686432395093959
0.16,0.185,0.158617066481108,0.191161742540732,-0.00138293351889156,0.00616174254073215,0.00631502781117725,-0.653576182207511,-0.198017437141615,0.128212179135087,0.694850352028833
0.16,0.2,0.159868303949757,0.206142180270684,-0.000131696050243268,0.00614218027068442,0.00614359197271715,-0.658961651095615,-0.196062492948733,0.0869630492653705,0.692993062848111
0.16,0.215,0.161126114781648,0.220960336605684,0.00112611478164772,0.00596033660568407,0.00606578494133307,-0.652424083303974,-0.192831731988775,0.0436184602910359,0.681725248392793
0.16,0.23,0.16230789175208,0.23562334903468,0.00230789175207991,0.00562334903467959,0.00607852109522953,-0.634140932886367,-0.188387148072743,0.00133817010007266,0.661536917123071
0.16,0.245,0.163332074579739,0.250140434010123,0.00333207457973922,0.00514043401012343,0.00612591077451981,-0.604485113049899,-0.182506251024877,-0.0367753919122598,0.632508716088001
0.16,0.26,0.164119718048757,0.264522595518653,0.00411971804875681,0.00452259551865275,0.00611767496902137,-0.564012870323897,-0.174697190051971,-0.0677685038897292,0.594327656621979
0.16,0.275,0.164595946809678,0.278782280709615,0.00459594680967801,0.00378228070961467,0.00595217392586211,-0.513444896834278,-0.16422721255173,-0.0889192486793086,0.546356233722547
0.16,0.29,0.16469123636686,0.292933002665847,0.00469123636686006,0.00293300266584712,0.00553264884911528,-0.453641893690303,-0.150162243678847,-0.0978082000314339,0.48775767334521
0.16,0.305,0.164342473089206,0.306988951288512,0.00434247308920591,0.00198895128851206,0.00477629561046542,-0.385576118653797,-0.131414654206636,-0.0923736287896089,0.417698952163498
0.16,0.32,0.163493762025132,0.320964612220027,0.00349376202513219,0.000964612220027028,0.0036244792485654,-0.310300613667772,-0.10679587878059,-0.0709494133683888,0.335746887391111
0.16,0.335,0.162096968546567,0.334874411259545,0.00209696854656669,-0.000125588740454541,0.002100725973805,-0.228917819110273,-0.0750704735042753,-0.0322851326352642,0.24306657996469
0.16,0.35,0.160111996006373,0.348732398036166,0.000111996006373377,-0.00126760196383363,0.00127253991849311,-0.142549154393062,-0.0350084347715621,0.0244509733567638,0.148807642506866
0.18,0.05,0.18095817771556,0.0482367888537487,0.000958177715560227,-0.00176321114625128,0.00200674315268819,0.00934293162251451,0.0474559639461493,-0.163808312406957,0.170799718098048
0.18,0.065,0.178901940956483,0.0647513099456929,-0.00109805904351679,-0.000248690054307055,0.00112586873398289,-0.0855547351558487,-0.0110282916175711,-0.0696149014245853,0.110848880269286
0.18,0.08,0.177405635909262,0.0811309437802054,-0.00259436409073754,0.0011309437802054,0.00283015173962346,-0.174064357456882,-0.0586068082380006,0.00606657193062239,0.183766130589993
0.18,0.095,0.176434483575641,0.0973632406334926,-0.00356551642435857,0.00236324063349258,0.00427759437817111,-0.255141286490083,-0.0963907028906135,0.0636841232697587,0.280078680795874
0.18,0.11,0.175945958229963,0.113436976366783,-0.00405404177003657,0.00343697636678303,0.00531489051806585,-0.327774174123392,-0.125545966592371,0.104065935655099,0.366098175236103
0.18,0.125,0.17588987733177,0.129342504074522,-0.00411012266823013,0.00434250407452236,0.00597916800108029,-0.391013670130689,-0.147249937844609,0.128426846879209,0.437113962430368
0.18,0.14,0.17620873385698,0.145072081526471,-0.00379126614301979,0.00507208152647093,0.0063324331799377,-0.444001831653144,-0.162644320179277,0.138360471347057,0.492682369397823
0.18,0.155,0.176838284236153,0.160620155372988,-0.00316171576384724,0.00562015537298816,0.0064484566361175,-0.486000818000538,-0.172787196060304,0.135815840857835,0.533385608632586
0.18,0.17,0.177708390853158,0.175983584026987,-0.00229160914684249,0.00598358402698695,0.00640739809048147,-0.516419300797464,-0.178606822663361,0.123058380187932,0.560120661002403
0.18,0.185,0.178744102063661,0.191161783698351,-0.00125589793633867,0.00616178369835096,0.00628847024098575,-0.534835023317939,-0.180860118840337,0.102616099555012,0.573839438502399
0.18,0.2,0.179866936465018,0.206156786257331,-0.00013306353498202,0.00615678625733102,0.00615822400719574,-0.541012067405605,-0.180098610911822,0.0772129897212068,0.57540785124047
0.18,0.215,0.18099632318139,0.220973203116606,0.000996323181390191,0.00597320311660599,0.00605572583213663,-0.534911662966385,-0.176644196872583,0.0496926116699332,0.565513581937274
0.18,0.23,0.182051138002175,0.235618095540733,0.00205113800217472,0.00561809554073284,0.00598081638313429,-0.516695755900762,-0.170576432475391,0.0229356828318007,0.544609127858801
0.18,0.245,0.182951267651828,0.250100758196314,0.00295126765182754,0.00510075819631406,0.00589302256316644,-0.486723032770907,-0.161732209414877,-0.000224028477535964,0.512892215770639
0.18,0.26,0.183619132222465,0.264432428510741,0.00361913222246461,0.00443242851074138,0.00572228455658356,-0.445537605215155,-0.149717765344701,-0.0170810594504272,0.470331980318652
0.18,0.275,0.183981099118301,0.278625939016757,0.00398109911830147,0.00362593901675712,0.00538484762486204,-0.393851054948277,-0.133932048789981,-0.025132652977046,0.416759958759582
0.18,0.29,0.183968730346456,0.292695332756319,0.0039687303464562,0.00269533275631922,0.00479746174869271,-0.332518952393623,-0.113599653179911,-0.0221426040458101,0.35208581327441
0.18,0.305,0.183519817601818,0.306655462925033,0.00351981760181844,0.00165546292503271,0.0038896880911236,-0.2625132834094,-0.0878109281769525,-0.00619182486603808,0.276879885434217
0.18,0.32,0.182579174755258,0.320521597147314,0.00257917475525754,0.000521597147313979,0.00263138860722697,-0.18489238327188,-0.0555665128925539,0.0242860568407037,0.194583348963428
0.18,0.335,0.181099173835002,0.33430904447638,0.0010991738350021,-0.000690955523619863,0.00129830761192178,-0.100770006612963,-0.0158234440916674,0.0704846503636533,0.123988175047918
0.18,0.35,0.179040025915484,0.34803281966403,-0.000959974084515841,-0.00196718033597021,0.00218891496343962,-0.0112850685226343,0.0324598481678626,0.133219865455058,0.137581016716357
0.2,0.05,0.202144169291212,0.0472215981884269,0.00214416929121164,-0.00277840181157307,0.00350955532452867,0.185737238139002,0.148163228166273,-0.300779448936369,0.383300780917138
0.2,0.065,0.200004598197603,0.0638657090072129,4.59819760278979e-06,-0.00113429099278711,0.00113430031285333,0.0893955842863744,0.0810835062711996,-0.200021117587636,0.233612132750478
0.2,0.08,0.198415626636336,0.0803651365913265,-0.00158437336366365,0.000365136591326476,0.0016259039595906,-0.00045715698408817,0.0250681528339475,-0.116272282217444,0.118944819016417
0.2,0.095,0.197342738401354,0.0967065653839586,-0.00265726159864552,0.00170656538395864,0.00315806976068642,-0.0827776323879054,-0.0208175780110674,-0.0491064094512597,0.0984730918244237
0.2,0.11,0.196743874126483,0.112877939291702,-0.00325612587351735,0.00287793929170171,0.00434567489245453,-0.156557313429646,-0.0575586397382539,0.00224439778414888,0.166818003753344
0.2,0.125,0.196569529322436,0.128868826540904,-0.00343047067756418,0.00386882654090409,0.00517068156757226,-0.220850319715525,-0.0861531983371754,0.0388940247624447,0.240229196823578
0.2,0.14,0.196763086200972,0.144670760617868,-0.00323691379902809,0.00467076061786759,0.00568274719583418,-0.274801816957203,-0.107572823656349,0.0622944229391646,0.301610272021097
0.2,0.155,0.197261391325183,0.160277538047631,-0.00273860867481673,0.00527753804763137,0.00594578719077451,-0.31767564114087,-0.12272190656333,0.0742142632817306,0.348549294724578
0.2,0.17,0.197995577565144,0.175685454603437,-0.00200442243485639,0.00568545460343689,0.00602844120358632,-0.348879693612011,-0.132398604666645,0.0767040625901154,0.380959944120818
0.2,0.185,0.198892113654605,0.190893464062449,-0.00110788634539545,0.00589346406244912,0.00599669332296499,-0.367987650904861,-0.137259709004853,0.0720485857774462,0.399307879973877
0.2,0.2,0.199874049231943,0.205903247755677,-0.000125950768057409,0.00590324775567713,0.00590459123571491,-0.374755656989023,-0.137791703738781,0.0627082348127809,0.404179856275271
0.2,0.215,0.200862409124113,0.220719188581644,0.000862409124112524,0.00571918858164389,0.0057838453929681,-0.369132915182978,-0.134289958419669,0.0512519744317051,0.396131659879771
0.2,0.23,0.201777679339178,0.235348249405223,0.00177767933917842,0.00534824940522322,0.00563594850343864,-0.351265450190556,-0.126847465246869,0.040285018983444,0.37563424243451
0.2,0.245,0.202541320120511,0.249799762076211,0.00254132012051148,0.00479976207621075,0.00543102420756411,-0.321492738167855,-0.115353860603603,0.0323749236603487,0.343092671546314
0.2,0.26,0.203077239245753,0.264085139222775,0.00307723924575336,0.00408513922277526,0.00511446613490221,-0.280337372960498,-0.0995047244777737,0.0299798542051841,0.298980312670422
0.2,0.275,0.203313161913414,0.278217525611876,0.00331316191341435,0.00321752561187627,0.00461838856394514,-0.228488377560319,-0.0788204043698492,0.0353826158511058,0.244277740935891
0.2,0.29,0.203181841488944,0.29221140900714,0.00318184148894393,0.00221140900713973,0.00387484774637968,-0.166779168184384,-0.0526729534941586,0.0506335460686571,0.182081066721536
0.2,0.305,0.202622067330975,0.306082211716836,0.00262206733097467,0.00108221171683598,0.00283662110409933,-0.0961614683390956,-0.0203192622913887,0.077504665755832,0.125167407327675
0.2,0.32,0.201579440211194,0.319845883491169,0.00157944021119366,-0.000154116508831126,0.00158694148569812,-0.0176766414988578,0.0190618516331083,0.117456619187852,0.120299129460697
0.2,0.335,0.200006901506436,0.333518514293442,6.90150643581355e-06,-0.00148148570655804,0.00148150178181697,0.0675740399649599,0.0663309317670942,0.17161903004312,0.196008092505358
0.2,0.35,0.197865016884384,0.347115982176338,-0.00213498311561586,-0.00288401782366227,0.00358827419676457,0.158458748922886,0.122349786282918,0.240784024372657,0.313138684578123
