target_x,target_y,gaze_x,gaze_y,error_px_x,error_px_y,error_px_xy,error_deg_x,error_deg_y,error_deg_z,error_deg_xyz
-0.2,0.05,-0.19794705200706,0.0528737188129757,0.00205294799294028,0.00287371881297571,0.00353169297614729,-0.151579874612208,0.119795461884352,-0.240488297379776,0.30848381178249
-0.2,0.065,-0.200039267072207,0.0660083938554968,-3.92670722073885e-05,0.00100839385549679,0.00100915809998406,-0.062323709642653,0.0625208551771603,-0.163726467312093,0.186009377726857
-0.2,0.08,-0.20158991033872,0.0793177820455718,-0.00158991033871975,-0.00068221795442816,0.00173009717140746,0.020654894153433,0.0149261462990706,-0.103328392512261,0.106424501177926
-0.2,0.095,-0.202633457153625,0.0928172886598658,-0.00263345715362484,-0.00218271134013416,0.00342042765956658,0.0962951027436272,-0.0239556734866661,-0.058593379793152,0.115238056811162
-0.2,0.11,-0.203211721906445,0.106520397569994,-0.00321172190644473,-0.00347960243000621,0.00473527091888543,0.163589410034173,-0.0551189731048825,-0.0284512140743007,0.174954541626111
-0.2,0.125,-0.203373746889403,0.120438189112212,-0.00337374688940317,-0.00456181088778844,0.00567382469324729,0.221614341153458,-0.0795442529155568,-0.0114621600922095,0.235736428846944
-0.2,0.14,-0.203175464942837,0.134578902959043,-0.00317546494283717,-0.00542109704095697,0.00628266430192322,0.269561143524445,-0.098154616090525,-0.0058312083882554,0.286935034146444
-0.2,0.155,-0.202679125038949,0.148947573516483,-0.00267912503894931,-0.00605242648351705,0.00661888036700344,0.306764895658326,-0.111772312352927,-0.00943733469666742,0.326629917852053
-0.2,0.17,-0.201952483032196,0.163545763362139,-0.00195248303219573,-0.00645423663786092,0.00674309725337834,0.332730382141449,-0.121077978894494,-0.0198776049695527,0.354633479607074
-0.2,0.185,-0.20106777436322,0.17837141565796,-0.00106777436321952,-0.00662858434204022,0.00671403548324625,0.347153134149785,-0.126575241504057,-0.0345249255237729,0.371118636456287
-0.2,0.2,-0.200100500196111,0.193418839625369,-0.000100500196111269,-0.0065811603746314,0.00658192769377155,0.349934231077892,-0.128563133677979,-0.0505972060526782,0.376222050457909
-0.2,0.215,-0.199128071926832,0.208678834502411,0.000871928073167733,-0.00632116549758865,0.00638101808590786,0.34118779151738,-0.127118340878316,-0.0652347844376912,0.369897599334466
-0.2,0.23,-0.19822836963027,0.224138947880567,0.00177163036972969,-0.00586105211943251,0.00612295730130898,0.321240532631238,-0.122088616401012,-0.075582267671091,0.351872389356845
-0.2,0.245,-0.197478276736829,0.23978385489623,0.00252172326317104,-0.00521614510377047,0.00579372574079984,0.290623293384595,-0.113097904594394,-0.0788705534253856,0.321673546734834
-0.2,0.26,-0.196952255061188,0.25559583646375,0.00304774493881242,-0.00440416353624956,0.00535587580756751,0.250054957518707,-0.0995628370544484,-0.0724947675932169,0.278739815721424
-0.2,0.275,-0.196721021237037,0.271555328566424,0.0032789787629634,-0.00344467143357585,0.00475578206116076,0.20041971043431,-0.080719430872746,-0.0540841854489474,0.222730438960649
-0.2,0.29,-0.196850377823995,0.287641511041907,0.0031496221760052,-0.00235848895809344,0.00393479224572689,0.142738975931392,-0.0556581087294403,-0.0215608592077081,0.154716274233861
-0.2,0.305,-0.197400240924764,0.303832903690818,0.00259975907523616,-0.00116709630918158,0.00284971244938468,0.0781396592965371,-0.0233646482190652,0.026815428646436,0.0858532569782045
-0.2,0.32,-0.198423892286026,0.32010793962845,0.00157610771397393,0.000107939628450432,0.00157979950925367,0.0078204562495725,0.0172356039753504,0.092417236100915,0.0943354287578086
-0.2,0.335,-0.199967469102121,0.336445490182539,3.25308978787187e-05,0.00144549018253942,0.00144585619171986,-0.0669820312167584,0.067232940129082,0.176234850853589,0.200163993136566
-0.2,0.35,-0.202069690479684,0.352825321586193,-0.00206969047968411,0.00282532158619328,0.00350229364090231,-0.145025782466374,0.12769040491494,0.278876321731132,0.339278139973312
-0.18,0.05,-0.179109433505517,0.0518748959905469,0.00089056649448313,0.00187489599054685,0.00207565499456548,0.0107043399399839,0.0212039740770557,-0.0909001194342544,0.0939522490517268
-0.18,0.065,-0.181119686241139,0.0651472146175303,-0.00111968624113878,0.000147214617530311,0.00112932255012025,0.098949252765323,-0.0273564896321903,-0.0209016005918111,0.104767419138723
-0.18,0.08,-0.182579576471479,0.0785845235483885,-0.00257957647147905,-0.00141547645161148,0.00294241199652172,0.181032941861269,-0.0663947663340015,0.0311202641850229,0.195319478862455
-0.18,0.095,-0.183523833152692,0.0922013319850475,-0.00352383315269167,-0.00279866801495247,0.00449999363843183,0.25588146680345,-0.097060922857492,0.0658871381324453,0.281491424646621
-0.18,0.11,-0.183994712868285,0.106010248700381,-0.00399471286828471,-0.00398975129961916,0.00564586984731779,0.322472199811757,-0.120536628679119,0.0845322514933669,0.354490480697422
-0.18,0.125,-0.184041895967235,0.120021511051809,-0.00404189596723462,-0.00497848894819065,0.00641266521948588,0.379865760903147,-0.137986864697559,0.0886023772869118,0.413750524252377
-0.18,0.14,-0.183722148526505,0.134242559967068,-0.00372214852650514,-0.00575744003293223,0.00685583732203259,0.427238108267166,-0.150508679391964,0.0800435345504546,0.459992790889775
-0.18,0.155,-0.183098738268182,0.148677688458167,-0.0030987382681824,-0.00632231154183294,0.00704086657214096,0.463911101226903,-0.159079826593688,0.0611694003967667,0.494229816161117
-0.18,0.17,-0.182240606265509,0.163327789111456,-0.00224060626550911,-0.00667221088854397,0.00703837442725545,0.489379749846215,-0.164510449709471,0.0346125143511027,0.517451518198763
-0.18,0.185,-0.181221311495578,0.178190221279165,-0.00122131149557807,-0.0068097787208352,0.00691843103571691,0.5033344100119,-0.167401044736116,0.00325959100354217,0.530453836689633
-0.18,0.2,-0.180117780823994,0.19325881160885,-0.000117780823994218,-0.00674118839115011,0.00674221723526302,0.505676389736362,-0.168109697377751,-0.029826502691557,0.533723862701757
-0.18,0.215,-0.179008911157083,0.20852399275267,0.000991088842916616,-0.00647600724732997,0.00655140648731431,0.496525796838779,-0.166731045355164,-0.0614944395708911,0.527371442196851
-0.18,0.23,-0.177974081767669,0.223973075322246,0.00202591823233087,-0.00602692467775372,0.00635831469458751,0.476220948947742,-0.163088604606925,-0.0885972835341413,0.511112019201407
-0.18,0.245,-0.177091641865172,0.239590638662529,0.00290835813482834,-0.00540936133747077,0.0061416396116791,0.445309243444886,-0.156741100808874,-0.108085521638027,0.484305659165797
-0.18,0.26,-0.176437440439623,0.25535901770768,0.00356255956037675,-0.00464098229232048,0.00585068775947444,0.404529975759246,-0.14700237254433,-0.117095265945839,0.446056616419221
-0.18,0.275,-0.176083462145819,0.271258857076553,0.0039165378541805,-0.00374114292344711,0.0054162181581697,0.354790145245201,-0.132973386381923,-0.113027026269492,0.395390563527403
-0.18,0.29,-0.176096624747133,0.287269700251564,0.00390337525286735,-0.00273029974843562,0.00476349399926198,0.297134732294225,-0.113584039852081,-0.0936112537450274,0.331592757716714
-0.18,0.305,-0.176537781550492,0.303370581306364,0.00346221844950764,-0.00162941869363643,0.00382648165699027,0.232713228610628,-0.0876418175534119,-0.0569579463984811,0.255109486554484
-0.18,0.32,-0.177460957665592,0.319540589131461,0.00253904233440788,-0.000459410868539137,0.00258027020330184,0.162744331580987,-0.0538840579026453,-0.00158884752589558,0.171440238921657
-0.18,0.335,-0.17891283336199,0.335759378828663,0.0010871666380102,0.000759378828662879,0.00132611745491258,0.0884806746823645,-0.0110305920658463,0.0735479736029162,0.115584656008566
-0.18,0.35,-0.180932472877787,0.352007611193079,-0.000932472877786888,0.00200761119307866,0.00221359625279383,0.0111752797781113,0.042166201770623,0.169080228476793,0.174616788172011
-0.16,0.05,-0.160158725955772,0.051111025131889,-0.00015872595577221,0.00111102513188902,0.00112230600672223,0.137895736804767,-0.0542932965525649,0.05113996554197,0.15677470359945
-0.16,0.065,-0.162094134896539,0.0645289754576109,-0.00209413489653931,-0.000471024542389134,0.00214645407228681,0.22342518815129,-0.0937839432025782,0.114549776674643,0.268022433826497
-0.16,0.08,-0.163471206045498,0.0781016055175089,-0.0034712060454978,-0.0018983944824911,0.00395640910693689,0.303003435382986,-0.123932249717739,0.158389419282108,0.36367284274479
-0.16,0.095,-0.164324900432861,0.0918424135358135,-0.00432490043286091,-0.00315758646418653,0.0053549151284567,0.375567032100462,-0.146079566096186,0.18339861598943,0.442748080760997
-0.16,0.11,-0.164697879660569,0.105763022521664,-0.00469787966056893,-0.00423697747833562,0.00632629840089057,0.440101413656581,-0.161603654715431,0.190771456334015,0.506162434689028
-0.16,0.125,-0.164640408865141,0.119872724171803,-0.00464040886514136,-0.00512727582819675,0.00691537069534911,0.495673372062412,-0.171862866089376,0.182160602428766,0.555350192365681
-0.16,0.14,-0.164210018135679,0.134178069745528,-0.00421001813567883,-0.00582193025447185,0.00718464505669412,0.541463833644152,-0.178136618782668,0.159663096067347,0.591955369327672
-0.16,0.155,-0.163470909563076,0.148682535304543,-0.00347090956307594,-0.00631746469545748,0.00720816019337831,0.57679917835719,-0.181565523585787,0.125786464427825,0.61764816884576
-0.16,0.17,-0.162493111338975,0.163386286440596,-0.00249311133897542,-0.00661371355940357,0.00706801324237345,0.601179217794487,-0.183094914875635,0.0833951043738121,0.633955079954736
-0.16,0.185,-0.161351396248931,0.178286062780902,-0.00135139624893051,-0.00671393721909777,0.00684859290683931,0.614299986466745,-0.183425655387764,0.0356383766295446,0.642093336791975
-0.16,0.2,-0.160123998152439,0.193375195316437,-0.000123998152438964,-0.00662480468356282,0.00662596503440549,0.616069715990106,-0.182975809974676,-0.014136688352804,0.642826743794712
-0.16,0.215,-0.158891174875647,0.208643760595446,0.00110882512435286,-0.00635623940455396,0.00645223004273721,0.606616750970248,-0.181856133651614,-0.0624838468945965,0.636367763173122
-0.16,0.23,-0.157733677811659,0.224078866021672,0.00226632218834089,-0.00592113397832823,0.00634003500390017,0.586288691537791,-0.179861335673259,-0.105962030692849,0.62234740290302
-0.16,0.245,-0.156731195892532,0.239665050896014,0.00326880410746766,-0.00533494910398563,0.0062567373474611,0.555642668862063,-0.17647786928225,-0.141239878020514,0.599862654107896
-0.16,0.26,-0.155960843712536,0.255384779638745,0.0040391562874643,-0.00461522036125492,0.00613311034447485,0.51542729621554,-0.170907691149991,-0.165194589825003,0.567597237306205
-0.16,0.275,-0.155495760071532,0.271218997672241,0.00450423992846832,-0.00378100232775928,0.00588082952785825,0.466557425588211,-0.162106193107183,-0.174999795405113,0.524004858263085
-0.16,0.29,-0.15540387456303,0.287147717369301,0.00459612543696955,-0.00285228263069916,0.0054092407265481,0.410083309335596,-0.148831474187408,-0.168198078272628,0.46755848296688
-0.16,0.305,-0.155746887124259,0.303150601477293,0.00425311287574084,-0.00184939852270684,0.00463780594997061,0.347156071864495,-0.129701404592095,-0.142755120284215,0.397139079426407
-0.16,0.32,-0.156579490122404,0.319207514200358,0.00342050987759557,-0.000792485799641668,0.00351111400631801,0.278991516131623,-0.103254593888855,-0.0970938956919595,0.312930096406151
-0.16,0.335,-0.157948846295082,0.335299015219141,0.00205115370491807,0.000299015219140497,0.00207283420043108,0.206834226487203,-0.0680114187906956,-0.0301088262810785,0.219801162423215
-0.16,0.35,-0.159894320278947,0.35140677844228,0.000105679721052993,0.00140677844228039,0.0014107422830222,0.131923709564928,-0.0225316436076821,0.0588388698229709,0.146197005126282
-0.14,0.05,-0.141090181864614,0.0505608394419595,-0.00109018186461432,0.00056083944195949,0.00122598424850868,0.228763031309241,-0.109015470298403,0.182875945222095,0.312507201053565
-0.14,0.065,-0.142958117622846,0.0641318686055037,-0.0029581176228457,-0.000868131394496333,0.00308287398196885,0.309730426690749,-0.139340191836367,0.239959126124703,0.415848250703233
-0.14,0.08,-0.144260620680808,0.0778467073732666,-0.00426062068080818,-0.00215329262673337,0.00477384098206828,0.385053483850624,-0.160520058429052,0.275934323035992,0.500174183631498
-0.14,0.095,-0.145032863498356,0.0917177318368296,-0.00503286349835555,-0.00328226816317036,0.00600857714338772,0.453706408306676,-0.174090916897572,0.291557037277093,0.566714457754846
-0.14,0.11,-0.145317874580689,0.105755472327563,-0.00531787458068861,-0.00424452767243681,0.0068041020875657,0.514709605798633,-0.181630184738361,0.288079669974379,0.617178322423356
-0.14,0.125,-0.145166447630992,0.119968175970275,-0.0051664476309915,-0.00503182402972466,0.00721189532577201,0.567161841586168,-0.184693206410711,0.267258119774599,0.653617373292717
-0.14,0.14,-0.144636802461809,0.134361417247333,-0.00463680246180898,-0.00563858275266677,0.00730024331981537,0.610272806474569,-0.184745101726624,0.231337808852573,0.678296547350728
-0.14,0.155,-0.143793983972109,0.1489377835551,-0.00379398397210894,-0.0060622164448997,0.00715155805439848,0.643394299111351,-0.183091985751301,0.183017523967553,0.693527350571638
-0.14,0.17,-0.14270900023493,0.163696660335433,-0.00270900023493002,-0.00630333966456671,0.00686081432482696,0.666048096036799,-0.180815965694203,0.125390934339052,0.701458132677231
-0.14,0.185,-0.141457717295791,0.178634135393673,-0.0014577172957908,-0.00636586460632681,0.00653063334604937,0.677948613885164,-0.178718465554737,0.0618673324535425,0.70383834043481
-0.14,0.2,-0.140119545178958,0.193743034635084,-0.000119545178957792,-0.00625696536491586,0.00625810727197679,0.679018686563819,-0.177276122721524,-0.0039251389061829,0.701793961702454
-0.14,0.215,-0.138775965121862,0.209013092382086,0.00122403487813809,-0.00598690761791368,0.00611075479857696,0.669397185604311,-0.17661273381948,-0.0682489551187391,0.695664081981473
-0.14,0.23,-0.137508960377403,0.224431249560994,0.00249103962259709,-0.00556875043900634,0.00610051308114998,0.649437761336066,-0.176489554551685,-0.127373380011623,0.684943452994936
-0.14,0.245,-0.136399420694483,0.239982063527155,0.0036005793055173,-0.00501793647284451,0.00617607138728356,0.619698631975219,-0.176314808501199,-0.177690690717517,0.668350471565873
-0.14,0.26,-0.135525592706391,0.255648205226137,0.00447440729360947,-0.00435179477386255,0.00624166951888059,0.580924011651578,-0.175171700619612,-0.215825791439528,0.64400541203042
-0.14,0.275,-0.134961644835122,0.271411013665733,0.00503835516487833,-0.00358898633426728,0.00618593935267825,0.534018376352272,-0.171862755469773,-0.238733154175282,0.609679800593823
-0.14,0.29,-0.134776406216395,0.287251074928079,0.00522359378360457,-0.00274892507192069,0.00590275537923998,0.480015244625741,-0.164967083559042,-0.243776179213909,0.563079169480487
-0.14,0.305,-0.135032325914634,0.303148793267481,0.00496767408536644,-0.00185120673251875,0.00530139153288493,0.420042451958302,-0.152906354441026,-0.228785607245331,0.502155835216035
-0.14,0.32,-0.135784682640565,0.319084925036508,0.00421531735943509,-0.000915074963491844,0.00431349772569366,0.355286002378538,-0.134014892013416,-0.192095345749433,0.425546224375552
-0.14,0.335,-0.137081058308472,0.335041051513677,0.00291894169152848,4.10515136765183e-05,0.0029192303481086,0.286954490283158,-0.10660940211529,-0.132555779074734,0.333586260244516
-0.14,0.35,-0.138961072551531,0.350999973511096,0.00103892744846865,0.000999973511096056,0.0014419837953581,0.216245838864623,-0.0690543358373533,-0.0495261439409853,0.232343876693057
-0.12,0.05,-0.121899692458276,0.0502010227278696,-0.00189969245827643,0.000201022727869621,0.00191029881776451,0.283204368820545,-0.145802717233509,0.301526064685941,0.438613786909786
-0.12,0.065,-0.123707760354745,0.0639319262306971,-0.00370776035474471,-0.00106807376930293,0.0038585319002037,0.357683394305825,-0.16716979946879,0.352634661856408,0.529373545505843
-0.12,0.08,-0.124944240356211,0.0777952431298887,-0.00494424035621063,-0.00220475687011132,0.00541354463880043,0.426922280110274,-0.179602247998674,0.381193075950019,0.599859190695792
-0.12,0.095,-0.125644496525758,0.0918021219498089,-0.00564449652575769,-0.00319787805019109,0.00648743131394734,0.489962686724616,-0.184827427475694,0.387971255488519,0.651729151678856
-0.12,0.11,-0.125851885285195,0.105961899169709,-0.00585188528519526,-0.00403810083029055,0.00710990996473781,0.54588971605143,-0.18461944893896,0.374277116333047,0.687145502912069
-0.12,0.125,-0.125617669924309,0.120281684129516,-0.00561766992430865,-0.00471831587048413,0.00733626063005837,0.593862758486771,-0.180727663812525,0.34196556611254,0.708718785572948
-0.12,0.14,-0.125000680947426,0.134765993014284,-0.00500068094742591,-0.00523400698571611,0.00723889764152481,0.633146786490244,-0.174799805624452,0.293424799213306,0.719398872090277
-0.12,0.155,-0.124066707795172,0.149416458246163,-0.00406670779517199,-0.00558354175383707,0.00690753579854311,0.663142333741719,-0.16830421505895,0.231537928077999,0.722288574413722
-0.12,0.17,-0.122887622648493,0.164231637085461,-0.00288762264849341,-0.00576836291453897,0.00645076547968694,0.683412252330862,-0.162456220329116,0.159619686662595,0.720367691050301
-0.12,0.185,-0.121540254145166,0.179206938124521,-0.00154025414516619,-0.00579306187547898,0.0059943263779035,0.693703372715101,-0.158153935939411,0.0813298670492155,0.716141229651625
-0.12,0.2,-0.120105046338457,0.194334676922724,-0.000105046338456621,-0.00566532307727607,0.00566629687742709,0.693961408749065,-0.155928398465242,0.000567123118216282,0.711268529319738
-0.12,0.215,-0.118664554315849,0.20960426289939,0.00133544568415066,-0.00539573710061028,0.00555854243792551,0.68433785745179,-0.155912065622326,-0.0786514335734764,0.706271363979413
-0.12,0.23,-0.117301840682609,0.225002509801764,0.00269815931739132,-0.00499749019823628,0.00567934608766655,0.665188202081933,-0.157828331421974,-0.15231806552302,0.70042275024844
-0.12,0.245,-0.116098845169974,0.240514052674111,0.00390115483002554,-0.00448594732588897,0.00594497539258843,0.637061378518906,-0.161003006276283,-0.216562148217303,0.69186281041201
-0.12,0.26,-0.115134801815408,0.256121846386365,0.0048651981845919,-0.00387815361363514,0.00622175448135874,0.600681135702846,-0.164396883913536,-0.267770285037471,0.677901503672877
-0.12,0.275,-0.114484774362658,0.271807715413189,0.0055152256373418,-0.00319228458681056,0.00637247163304636,0.556920521554828,-0.166656795649854,-0.30269199343497,0.655409857894934
-0.12,0.29,-0.11421837108672,0.287552922130466,0.00578162891327991,-0.00244707786953408,0.00627817035372867,0.506771197000668,-0.166181149993251,-0.31852550430561,0.62120487585245
-0.12,0.305,-0.114398686447216,0.303338721618299,0.00560131355278418,-0.00166127838170055,0.00584247887271399,0.451309565026899,-0.161195026296281,-0.312980009232126,0.572383936605522
-0.12,0.32,-0.11508150036826,0.319146874461957,0.00491849963173968,-0.000853125538043065,0.00499193968423945,0.391661780797867,-0.149829511512301,-0.284312678381859,0.50663912664817
-0.12,0.335,-0.116314748421484,0.334960094716703,0.00368525157851637,-3.990528329742e-05,0.00368546762685449,0.328969599226735,-0.130200132072273,-0.231340717581537,0.422720250020746
-0.12,0.35,-0.11813825949197,0.350762417134902,0.00186174050803004,0.000762417134901855,0.00201180456477062,0.26435874427068,-0.100479854236492,-0.153430427527362,0.321749770657702
-0.1,0.05,-0.102583857223,0.0500063448337602,-0.00258385722300031,6.34483376021899e-06,0.00258386501306982,0.30242088344898,-0.167878628196879,0.404405419196055,0.532153552422599
-0.1,0.065,-0.104339878585463,0.063903160278497,-0.00433987858546259,-0.00109683972150297,0.00447633818106088,0.368485579024893,-0.180832619486383,0.449982651072241,0.609073015238775
-0.1,0.08,-0.105519149165746,0.0779205054492082,-0.00551914916574639,-0.0020794945507918,0.00589790684061149,0.429809279095747,-0.185069725169763,0.47170504493283,0.664452719887196
-0.1,0.095,-0.106157205485718,0.0920682035627181,-0.00615720548571774,-0.00293179643728193,0.00681957548114336,0.48553221297483,-0.182498700132697,0.470356860405715,0.700206386406711
-0.1,0.11,-0.106297692042934,0.106354303795948,-0.00629769204293421,-0.00364569620405229,0.00727681426723797,0.534835362093358,-0.175079805673541,0.447298596391271,0.718877330717811
-0.1,0.125,-0.10599228017424,0.120784692114057,-0.00599228017424001,-0.00421530788594345,0.00732640718632857,0.576968902346538,-0.164745695878774,0.404478315736526,0.723632452998367
-0.1,0.14,-0.105300327696282,0.135362752255737,-0.00530032769628226,-0.00463724774426323,0.00704255211763827,0.611281050495501,-0.153316125169462,0.344418172919282,0.718192862936388
-0.1,0.155,-0.104288264198548,0.150089102318438,-0.00428826419854784,-0.00491089768156243,0.00651967222146347,0.637245649270771,-0.142411464054234,0.270173897715114,0.706656428277336
-0.1,0.17,-0.10302870241079,0.164961429707632,-0.00302870241079021,-0.00503857029236764,0.0058787948496487,0.65448668606473,-0.133370758513524,0.185266849332735,0.693159611501123
-0.1,0.185,-0.101599293699569,0.179974441989887,-0.00159929369956873,-0.00502555801011302,0.00527389549104752,0.662797974026759,-0.12718030424665,0.0935904154816155,0.681352053580994
-0.1,0.2,-0.100081363739586,0.195119943710163,-8.13637395860878e-05,-0.00488005628983697,0.00488073451952642,0.662156434541441,-0.12441832283471,-0.000705236205126374,0.673748314245712
-0.1,0.215,-0.0985583810032943,0.210387040143292,0.00144161899670571,-0.00461295985670761,0.00483297671950307,0.65272781962071,-0.125220305085004,-0.0933440307422526,0.671157202236222
-0.1,0.23,-0.0971143238779004,0.225762459265938,0.00288567612209965,-0.00423754073406248,0.00512678048627936,0.634864252078835,-0.129268006160529,-0.180062925189308,0.672451249964776
-0.1,0.245,-0.0958320205229442,0.241230974072839,0.00416797947705586,-0.00376902592716126,0.00561939581812605,0.609093593908306,-0.135803115538272,-0.256750535179522,0.674806337631168
-0.1,0.26,-0.0947915378325745,0.25677589983546,0.00520846216742547,-0.00322410016453976,0.00612559385043506,0.576101292665429,-0.143664525941688,-0.319577081955643,0.674289963078028
-0.1,0.275,-0.0940686918892153,0.27237963586523,0.00593130811078468,-0.00262036413476958,0.00648434453926123,0.536705928570377,-0.151346161071604,-0.365108138984927,0.666534228422449
-0.1,0.29,-0.0937337425514841,0.288024219361986,0.00626625744851586,-0.00197578063801428,0.00657036464289712,0.491830121939194,-0.157070738338691,-0.390396211746154,0.647287991549534
-0.1,0.305,-0.093850320546879,0.30369186002523,0.00614967945312103,-0.00130813997477004,0.00628727187019381,0.442468710494151,-0.158873817720385,-0.393046226177952,0.612787373436353
-0.1,0.32,-0.0944746183178999,0.319365427955408,0.00552538168210015,-0.000634572044592344,0.00556170157529744,0.38965616256832,-0.154692105603219,-0.371253247508827,0.559993788086809
-0.1,0.335,-0.0956548578368258,0.335028873286065,0.00434514216317425,2.88732860647678e-05,0.00434523809299822,0.334435060179226,-0.142450223295864,-0.323812925411435,0.486821437526189
-0.1,0.35,-0.0974310314572595,0.350667563053679,0.0025689685427405,0.000667563053679154,0.00265428706138346,0.277827203971014,-0.12014091070053,-0.250107030401549,0.392652421038664
-0.08,0.05,-0.0831400436875149,0.0499498363665185,-0.00314004368751492,-5.0163633481537e-05,0.00314044435544181,0.289029834561037,-0.17866150494376,0.48906546771408,0.59552195850296
-0.08,0.065,-0.0848520357817511,0.0640177445555044,-0.00485203578175111,-0.00098225544449565,0.00495046230019323,0.344848231917483,-0.184096167811257,0.529645699314693,0.658286438952333
-0.08,0.08,-0.0859831513375815,0.0781938548166058,-0.00598315133758154,-0.00180614518339423,0.00624982082558387,0.396514399884582,-0.181033724725517,0.545245837509476,0.698065849257031
-0.08,0.095,-0.0865690806632992,0.0924865769265734,-0.00656908066329923,-0.00251342307342656,0.00703349957751934,0.443297852898668,-0.171546473046686,0.536665623982028,0.716908554968379
-0.08,0.11,-0.0866537156265857,0.106902588962436,-0.00665371562658568,-0.00309741103756395,0.00733933830635251,0.484506322768353,-0.157762059764609,0.505315121518518,0.717624796534983
-0.08,0.125,-0.0862890717291373,0.121446477410061,-0.00628907172913726,-0.00355352258993896,0.00722356878637146,0.519510673085898,-0.141777351068507,0.453228027867251,0.703856542381756
-0.08,0.14,-0.0855349468198117,0.136120428499673,-0.00553494681981175,-0.00387957150032681,0.00675919457659654,0.547770080218837,-0.125565375438749,0.383048299916825,0.680110399477418
-0.08,0.155,-0.0844583007943448,0.150923995084649,-0.0044583007943448,-0.00407600491535065,0.00604071701396598,0.568855984568291,-0.110880848616077,0.297987558049543,0.651684630019394
-0.08,0.17,-0.0831323564974761,0.165853960569107,-0.00313235649747613,-0.00414603943089348,0.00519627753202275,0.582473199105638,-0.0991706419764904,0.201752778099821,0.624353973945588
-0.08,0.185,-0.0816354400696982,0.180904316043546,-0.00163544006969822,-0.00409568395645404,0.00441013506513458,0.588476598897595,-0.0914958314998045,0.0984461675359344,0.603631686352116
-0.08,0.2,-0.0800495974146539,0.196066359333179,-4.95974146539069e-05,-0.00393364066682123,0.00393395332956685,0.586882013573835,-0.0884715371942844,-0.00755841280378541,0.593563805589059
-0.08,0.215,-0.0784590404054153,0.211328915669953,0.00154095959458466,-0.00367108433004687,0.00398138375825016,0.577870320575764,-0.0902296136149396,-0.111755885093464,0.595456177863158
-0.08,0.23,-0.0769484900287139,0.226678670227627,0.00305150997128609,-0.00332132977237293,0.00451031535058351,0.561784231014864,-0.096407468759224,-0.209658962382852,0.60733537396485
-0.08,0.245,-0.0756014920499571,0.242100593894619,0.00439850795004293,-0.00289940610538053,0.00526815223304232,0.539117839236845,-0.106164078353012,-0.296946550728132,0.624579837245688
-0.08,0.26,-0.0744987831590572,0.257578436574322,0.00550121684094278,-0.00242156342567834,0.00601060364320053,0.510499584477733,-0.118221905613971,-0.369602409602018,0.64124603547152
-0.08,0.275,-0.073716781387212,0.273095257653891,0.00628321861278797,-0.00190474234610882,0.0065655829551644,0.476669783451662,-0.130931244431539,-0.424035905848216,0.651281882018323
-0.08,0.29,-0.0733262646030204,0.288633961784584,0.0066737353969796,-0.0013660382154157,0.00681210720371271,0.438454270784924,-0.142351756509937,-0.457178453021419,0.649247886747686
-0.08,0.305,-0.0733912862063824,0.304177809607025,0.00660871379361763,-0.000822190392975375,0.00665966178182143,0.396735889888821,-0.150344868798773,-0.466551506138204,0.630616577878547
-0.08,0.32,-0.0739683596250614,0.319710877220151,0.00603164037493858,-0.000289122779848661,0.00603856585576548,0.352425603312458,-0.152670324484445,-0.450304470676199,0.591852401301447
-0.08,0.335,-0.075105924732227,0.335218444306307,0.004894075267773,0.00021844430630652,0.0048989479117036,0.306434844275331,-0.147080508008616,-0.407223269246195,0.530441128014759
-0.08,0.35,-0.0768440918058353,0.350687297993742,0.0031559081941647,0.000687297993741842,0.0032298815864049,0.259650460786065,-0.13140706650505,-0.336712326523195,0.445041981789839
-0.06,0.05,-0.0635664354540901,0.0500030009740899,-0.00356643545409013,3.00097408986733e-06,0.00356643671667346,0.247094162339334,-0.18153516179146,0.553441183170609,0.632701944947603
-0.06,0.065,-0.0652425899935241,0.0642462372791966,-0.00524258999352406,-0.00075376272080338,0.00529649960629391,0.291028988066539,-0.180682554691256,0.589648657516917,0.68193481096406
-0.06,0.08,-0.0663348155121324,0.0785849520213397,-0.00633481551213239,-0.00141504797866029,0.00649093586123478,0.331481761141822,-0.17154881525504,0.599969505594872,0.70659669508285
-0.06,0.095,-0.0668789376403431,0.0930260648008702,-0.00687893764034311,-0.00197393519912983,0.00715654967355729,0.367879632989466,-0.156344175816718,0.585221356789239,0.70870964860512
-0.06,0.11,-0.0669190540109926,0.107574810248093,-0.00691905401099258,-0.00242518975190678,0.00733177016414086,0.399685588983472,-0.137336631519797,0.546860677690991,0.691138418295548
-0.06,0.125,-0.0665074582858366,0.122234410484016,-0.00650745828583663,-0.00276558951598402,0.00707074951563301,0.42641875799582,-0.116759735914581,0.486997577430711,0.657751613377589
-0.06,0.14,-0.0657042976630003,0.137005799830316,-0.00570429766300035,-0.00299420016968385,0.00644237894602964,0.447674756788142,-0.0967128675476504,0.408382292382232,0.613633247598919
-0.06,0.155,-0.064576947837082,0.151887424769256,-0.004576947837082,-0.00311257523074385,0.00553503171358663,0.463144817684877,-0.0790599388249627,0.314360586678842,0.565312981529824
-0.06,0.17,-0.0631991055107198,0.166875139122841,-0.00319910551071981,-0.00312486087715888,0.00447202767995862,0.472632366065228,-0.06533346035238,0.208797504987579,0.520814823402048
-0.06,0.185,-0.0616496168516802,0.181962209090517,-0.00164961685168021,-0.00303779090948289,0.00345679177375268,0.476065756484534,-0.0566511774969143,0.0959714956184166,0.48893756156462
-0.06,0.2,-0.0600110790784876,0.197139435294463,-1.10790784876025e-05,-0.00286056470553739,0.00286058616030812,0.473506062393322,-0.0536520250444863,-0.0195564023509417,0.476938462763204
-0.06,0.215,-0.0583682695930971,0.212395390204397,0.00163173040690294,-0.00260460979560276,0.00307352180863606,0.4651491422128,-0.0564568743967922,-0.133091200222483,0.487099373618326
-0.06,0.23,-0.0568064708676921,0.22771676012596,0.00319352913230792,-0.00228323987403997,0.00392578815542885,0.451321629478118,-0.0646575800592906,-0.239961500940499,0.515223375435083
-0.06,0.245,-0.055409767859871,0.243088772482146,0.00459023214012902,-0.0019112275178538,0.00497222502761843,0.432470987748828,-0.0773353987296949,-0.335676070006389,0.552894850098656
-0.06,0.26,-0.0542593970792997,0.258495682470202,0.00574060292070026,-0.0015043175297976,0.00593443283925336,0.40915024816688,-0.0931072698679554,-0.416069646759803,0.590922952235123
-0.06,0.275,-0.053432222171474,0.27392128907385,0.00656777782852597,-0.00107871092615044,0.00665577364902636,0.381998466286001,-0.110196059329219,-0.477429298519049,0.621295837107473
-0.06,0.29,-0.0529994006771297,0.289349449363573,0.00700059932287031,-0.000650550636427411,0.00703076148151311,0.351718229924727,-0.126518985464502,-0.516594560151727,0.637641672837442
-0.06,0.305,-0.0530252916344707,0.304764561911383,0.0069747083655293,-0.000235438088616785,0.00697868095543534,0.319051699848312,-0.139787285797114,-0.531027090901194,0.635081390956377
-0.06,0.32,-0.0535666358503037,0.320151994625742,0.00643336414969631,0.000151994625741642,0.00643515941130071,0.284756656793911,-0.147609830774447,-0.518848280786335,0.609985301947023
-0.06,0.335,-0.0546720218560699,0.335498438579491,0.00532797814393013,0.000498438579490584,0.00535124210998921,0.249583885035355,-0.147593806744758,-0.478845795565379,0.559796245268652
-0.06,0.35,-0.05638163279272,0.350792176591581,0.00361836720727995,0.000792176591581401,0.00370406870872672,0.214256970039788,-0.137436624716338,-0.410452192117067,0.482977492553706
-0.04,0.05,-0.0438620667996256,0.0501360620610868,-0.00386206679962564,0.000136062061086767,0.00386446281509317,0.182050807701108,-0.179597609060572,0.595993420310361,0.648544867916692
-0.04,0.065,-0.0455107269616481,0.064557840813132,-0.00551072696164809,-0.000442159186867991,0.00552843706596783,0.212758490904728,-0.173990441410409,0.628539560563047,0.686007616794478
-0.04,0.08,-0.0465735056028969,0.079062030498099,-0.00657350560289693,-0.000937969501900976,0.00664008755196901,0.240724734403842,-0.160308034823574,0.634545416714248,0.697352818048249
-0.04,0.095,-0.0470863451087575,0.0936539968011984,-0.00708634510875752,-0.0013460031988016,0.00721304454523857,0.265558274280277,-0.140865786023769,0.614849858296949,0.684405058837792
-0.04,0.11,-0.0470935063213015,0.10833747161256,-0.00709350632130154,-0.00166252838744022,0.00728572800544938,0.286901341394998,-0.118037385011275,0.570952285158849,0.649797077210688
-0.04,0.125,-0.0466474931725869,0.123114260549819,-0.00664749317258694,-0.00188573945018058,0.00690978861858721,0.304444421892974,-0.0941578182965185,0.505028261070728,0.59716737470872
-0.04,0.14,-0.0458087086763868,0.137984003689691,-0.00580870867638676,-0.00201599631030899,0.00614860452544399,0.317940743895516,-0.0714184479153195,0.419915537449781,0.531524219618792
-0.04,0.155,-0.0446448260307423,0.152944010956318,-0.0046448260307423,-0.00205598904368157,0.00507951767430727,0.327219550160785,-0.0517605141520614,0.319067545923065,0.459953280042996
-0.04,0.17,-0.0432298748865904,0.167989190460536,-0.0032298748865904,-0.00201080953946384,0.00380466119214656,0.332197182191541,-0.0367744144421101,0.20647377065501,0.392860468949829
-0.04,0.185,-0.0416430613364899,0.183112082662632,-0.00164306133648985,-0.00188791733736768,0.00250277494557567,0.332885052401238,-0.0276124267094967,0.086549145390926,0.34505944221223
-0.04,0.2,-0.0399673591625048,0.19830300586235,3.2640837495157e-05,-0.00169699413765032,0.00169730802375171,0.329393749135451,-0.0249220287111487,-0.0360025418023558,0.332291802478679
-0.04,0.215,-0.0382879273327955,0.213550309974138,0.00171207266720454,-0.00144969002586168,0.00224338895175841,0.321932778954172,-0.0288055860562503,-0.156343704110694,0.359046308479594
-0.04,0.23,-0.0366904226507195,0.228840726716917,0.00330957734928048,-0.00115927328308316,0.00350673876639547,0.310805787532603,-0.038810060130593,-0.269667029118027,0.41331284241248
-0.04,0.245,-0.0352592851285206,0.244159796400663,0.0047407148714794,-0.000840203599337314,0.00481459443577601,0.296401464226465,-0.0539477720542167,-0.371358157956774,0.478197029454366
-0.04,0.26,-0.0340760759725031,0.259492345341125,0.0059239240274969,-0.000507654658875173,0.0059456361422671,0.279180693924953,-0.0727464972879379,-0.457146687860767,0.540573005803051
-0.04,0.275,-0.0332179437590361,0.274822984439031,0.0067820562409639,-0.000177015560968857,0.00678436595154053,0.259660807071839,-0.093324630002263,-0.523236413698142,0.591534169755385
-0.04,0.29,-0.0327562839706034,0.290136598857735,0.00724371602939664,0.000136598857735398,0.00724500387594599,0.23839798062245,-0.113485180221883,-0.566407817907425,0.624927332635893
-0.04,0.305,-0.0327556419026289,0.305418801070167,0.00724435809737109,0.000418801070167146,0.00725645358142111,0.215968920742458,-0.130821174706896,-0.584088479829593,0.636333457261733
-0.04,0.32,-0.0332728908584147,0.320656324271761,0.00672710914158525,0.00065632427176085,0.0067590501516487,0.192952924150886,-0.142824712779861,-0.574389934663765,0.62254103427947
-0.04,0.335,-0.0343566985366937,0.335837339551068,0.0056433014633063,0.000837339551067545,0.0057050844804908,0.169915279124578,-0.146992426558296,-0.536112202602818,0.581289228879824
-0.04,0.35,-0.0360472765668558,0.350951687355325,0.00395272343314421,0.000951687355324832,0.00406567723278822,0.147392760164688,-0.140921242855649,-0.468719432595598,0.511158548704984
-0.02,0.05,-0.0240268425651652,0.0503182395140401,-0.00402684256516522,0.000318239514040142,0.00403939815231464,0.100529844588609,-0.175412383905261,0.615832172494687,0.64817397308072
-0.02,0.065,-0.0256564784430877,0.0649206938539049,-0.0056564784430877,-7.93061460950817e-05,0.00565703436810528,0.117047767911135,-0.166819830007582,0.645511041285857,0.676918658303541
-0.02,0.08,-0.0266993969841722,0.0795922034960286,-0.00669939698417224,-0.000407796503971436,0.00671179692334232,0.131621740953659,-0.150341083838337,0.648275273039366,0.678375213077788
-0.02,0.095,-0.0271916383219694,0.0943365308231092,-0.0071916383219694,-0.000663469176890807,0.00722217786423894,0.144059742258684,-0.128358036856701,0.624988778844219,0.654098322377557
-0.02,0.11,-0.0271775829400832,0.109155860092546,-0.00717758294008317,-0.000844139907453967,0.00722705119984142,0.154200747016674,-0.103309207842836,0.577189836776493,0.606302070548767
-0.02,0.125,-0.0267098755292502,0.124050542306629,-0.00670987552925019,-0.000949457693370737,0.00677671745976851,0.161923214677354,-0.0775895268430729,0.507106765118926,0.537957860214146
-0.02,0.14,-0.0258490791330788,0.139018894142405,-0.00584907913307876,-0.000981105857594811,0.00593079214007912,0.167152943713442,-0.0534420566956646,0.417643113036314,0.453015451171964
-0.02,0.155,-0.0246630433087767,0.154057070663872,-0.00466304330877669,-0.000942929336127885,0.0047574245797971,0.169869724152031,-0.0328482640835416,0.312329378156918,0.357050115053029
-0.02,0.17,-0.0232259863795061,0.169159028247981,-0.00322598637950614,-0.00084097175201886,0.00333379987528538,0.170112227589639,-0.0174244863324434,0.195240692098818,0.25953964193191
-0.02,0.185,-0.021617310484409,0.184316588687733,-0.00161731048440901,-0.000683411312267013,0.00175577453698185,0.167980649685701,-0.00833254920939191,0.0708827502292877,0.182513896715355
-0.02,0.2,-0.0199201871799265,0.199519608229717,7.98128200734938e-05,-0.000480391770283417,0.000486976733740041,0.163636749535044,-0.00621192674904155,-0.0559488017478106,0.173048735946947
-0.02,0.215,-0.0182199689216271,0.214756247042627,0.00178003107837287,-0.000243752957373444,0.0017966430208034,0.157301118590831,-0.0111393709914873,-0.180327681035234,0.239553508927897
-0.02,0.23,-0.0166024956830461,0.230013326233407,0.00339750431695385,1.3326233406552e-05,0.00339753045199258,0.149247726687157,-0.0226197053871624,-0.297365186051178,0.333485985965845
-0.02,0.245,-0.0151523746782554,0.245276752124181,0.00484762532174463,0.000276752124180768,0.00485551881864938,0.139796018058627,-0.039608738262121,-0.402376559312308,0.427807812676991
-0.02,0.26,-0.013951313446,0.260531981971096,0.00604868655399997,0.000531981971096218,0.006072035395657,0.129301026698639,-0.0605663772061279,-0.491034913186932,0.511374680093346
-0.02,0.275,-0.013076582162205,0.275764502368426,0.00692341783779504,0.000764502368426068,0.00696549915139092,0.11814213370654,-0.083535404127318,-0.559503422178777,0.577912310348687
-0.02,0.29,-0.0125996705719533,0.290960291525674,0.00740032942804672,0.000960291525674284,0.00746237465274266,0.106711171041904,-0.106239348293174,-0.604538692412547,0.623012783289809
-0.02,0.305,-0.0125851896366837,0.306106239313495,0.00741481036331634,0.00110623931349524,0.00749687789300759,0.0954005862808451,-0.126191701164189,-0.623560993826926,0.643318178028741
-0.02,0.32,-0.0130900498036467,0.321190503944291,0.00690995019635327,0.00119050394429082,0.00701175522657876,0.0845923231903262,-0.140808436052888,-0.614690003680704,0.636263182712553
-0.02,0.335,-0.0141629286794765,0.33620279061864,0.0058370713205235,0.00120279061864009,0.00595970694524207,0.0746479582333,-0.147516362540535,-0.576747474719456,0.599978611177014
-0.02,0.35,-0.0158440228632152,0.351134544522109,0.00415597713678481,0.00113454452210898,0.00430805492468766,0.0659004825611199,-0.143851077765092,-0.509230507922827,0.533248318243122
0,0.05,-0.00406154253303037,0.0505180508045491,-0.00406154253303037,0.000518050804549142,0.0040944479949938,0.0100694078488621,-0.170790607258715,0.612806401365192,0.636244190390251
0,0.065,-0.00568072496203606,0.0653021900100024,-0.00568072496203606,0.000302190010002368,0.00568875688498329,0.0118815029766964,-0.161131331238921,0.640487700760214,0.660555678018798
0,0.08,-0.006713477248808,0.0801417995986839,-0.006713477248808,0.000141799598683934,0.00671497460132572,0.0125880960152776,-0.14375087872236,0.64117584931232,0.657216844716101
0,0.095,-0.00719591748295312,0.0950390046654892,-0.00719591748295312,3.90046654891729e-05,0.00719602319238899,0.0122062834968012,-0.121054939413179,0.615763397905355,0.627671724682486
0,0.11,-0.00717250116082907,0.109994412375053,-0.00717250116082907,-5.58762494717868e-06,0.00717250333730469,0.0107812393145094,-0.0955018578092198,0.565822522219376,0.573929195004961
0,0.125,-0.0066959428719013,0.125006895989212,-0.0066959428719013,6.89598921227441e-06,0.0066959464229064,0.00838799292959525,-0.0695009848496704,0.493619892379146,0.498560840650873
0,0.14,-0.00582686829962008,0.140073433650426,-0.00582686829962008,7.34336504255584e-05,0.00582733100845766,0.00513221025378335,-0.0453031116007969,0.402100651070303,0.404678052136675
0,0.155,-0.00463318037906463,0.155189019790298,-0.00463318037906463,0.000189019790298395,0.00463703449481173,0.00114980836262187,-0.0248897300430704,0.294838548970068,0.295889819454673
0,0.17,-0.00318913982297146,0.170346663555457,-0.00318913982297146,0.000346663555456594,0.00320792587681577,-0.00339469855042737,-0.00986889079642136,0.175951762110452,0.176261073623254
0,0.185,-0.00157417882121773,0.185537483223613,-0.00157417882121773,0.000537483223612634,0.00166340830130052,-0.00831114075035359,-0.00138570929801153,0.0499867981439496,0.0506919659052337
0,0.2,0.000128514203468683,0.200750898526123,0.000128514203468683,0.000750898526122645,0.000761816577022547,-0.01338784436866,-5.49626254621583e-05,-0.0782241365783038,0.0793615394687096
0,0.215,0.00183358343029368,0.2159749149065,0.00183358343029368,0.000974914906499758,0.00207665290088714,-0.0183968179802796,-0.00592169953785949,-0.203724291687418,0.2046390504702
0,0.23,0.00345519874462808,0.231196485874871,0.00345519874462808,0.00119648587487081,0.00365649788918917,-0.0230997149012502,-0.018453492184299,-0.32160209065602,0.32295868013728
0,0.245,0.00490877518083035,0.246401932808741,0.00490877518083035,0.00140193280874135,0.00510504548228138,-0.0272542485240284,-0.036565166909743,-0.427158520885191,0.429587094760542
0,0.26,0.00611263850389247,0.261577396687261,0.00611263850389247,0.0015773966872612,0.00631288601102946,-0.0306207050293213,-0.0586739378443039,-0.51606153200754,0.520289941814828
0,0.275,0.0069895611476869,0.276709293899243,0.0069895611476869,0.00170929389924257,0.00719552990899503,-0.0329682024446391,-0.0827802292861376,-0.584478128692251,0.59123367074047
0,0.29,0.00746810325510819,0.291784748752959,0.00746810325510819,0.00178474875295881,0.00767840441368814,-0.0340803761810503,-0.106567456822585,-0.629177105783404,0.639050983078682
0,0.305,0.00748370884170499,0.306791978376967,0.00748370884170499,0.00179197837696671,0.00769526377266755,-0.0337602361148524,-0.127512871180378,-0.647598203532694,0.660899055869563
0,0.32,0.00697952532890739,0.321720610889827,0.00697952532890739,0.001720610889827,0.00718848215209936,-0.0318340173843722,-0.143001329915331,-0.637886456774979,0.654497192349177
0,0.335,0.00590693377528492,0.336561924186918,0.00590693377528492,0.00156192418691803,0.00610994875520911,-0.0281539324681251,-0.150434477127866,-0.598893290868551,0.618142423594318
0,0.35,0.00422579515596608,0.351308999625826,0.00422579515596608,0.0013089996258262,0.00442389248519892,-0.0225998139376287,-0.147329090653507,-0.530148181194119,0.550705040252113
0.02,0.05,0.0160321900032821,0.0507036298167856,-0.00396780999671786,0.000703629816785595,0.00402971600601382,-0.0812544340320355,-0.166630765651205,0.587548474887854,0.61610466886838
0.02,0.065,0.0144148172541843,0.0656693155930793,-0.00558518274581568,0.000669315593079284,0.00562514441301699,-0.0941818044608359,-0.157870338496126,0.614167376448933,0.641092123139748
0.02,0.08,0.0133824686492102,0.0806767188728964,-0.0066175313507898,0.000676718872896415,0.00665204251426733,-0.107353236059595,-0.141522403180411,0.614015589884306,0.63919691021006
0.02,0.095,0.0128989690477066,0.0957263096033773,-0.00710103095229336,0.000726309603377301,0.00713807860879848,-0.120541308715655,-0.119972046515914,0.588016975893088,0.612120108175946
0.02,0.11,0.012919833664026,0.110817104513934,-0.00708016633597403,0.000817104513934103,0.0071271603834733,-0.13349413690194,-0.0956508631477593,0.537771365839592,0.562290273501419
0.02,0.125,0.0133923498995145,0.12594649158761,-0.00660765010048553,0.000946491587610371,0.00667509446943364,-0.145940399830186,-0.0709357703462244,0.465567802899727,0.493036877842205
0.02,0.14,0.0142559277512321,0.141110109811502,-0.00574407224876787,0.00111010981150192,0.00585035980027366,-0.157595697652097,-0.0480403307810022,0.374366977776913,0.40901787468669
0.02,0.155,0.0154427346673299,0.156301800071524,-0.00455726533267015,0.00130180007152406,0.00473955174447723,-0.168169989026264,-0.0289053187173356,0.267750052317069,0.317501198638628
0.02,0.17,0.0168786144352237,0.171513639472024,-0.00312138556477629,0.0015136394720239,0.00346902757199516,-0.177375750297435,-0.0150962413817444,0.149833532256117,0.232680500029667
0.02,0.185,0.0184842711865787,0.186736065958024,-0.00151572881342129,0.00173606595802442,0.00230463855006523,-0.184936403366813,-0.00771576233624591,0.0251527148050562,0.186798544557396
0.02,0.2,0.020176680706682,0.201958093293893,0.000176680706682031,0.00195809329389271,0.0019660481732911,-0.190594508928053,-0.00733832521410305,-0.101480837498065,0.216052154675389
0.02,0.215,0.0218706738420373,0.217167608976908,0.00187067384203725,0.00216760897690813,0.00286320612252333,-0.19411921687481,-0.0139727328512909,-0.225139755650595,0.29759975858952
0.02,0.23,0.0234806230412609,0.23235174035254,0.00348062304126088,0.00235174035253952,0.00420064512201624,-0.195312518519838,-0.0270561406189873,-0.34094933506878,0.393860476033452
0.02,0.245,0.0249221544960107,0.247497268050424,0.00492215449601066,0.0024972680504243,0.0055194159653235,-0.194013945193539,-0.0454801524995242,-0.444253225796517,0.48690061669276
0.02,0.26,0.0261138061667779,0.262591061669712,0.00611380616677791,0.00259106166971182,0.00664019776973408,-0.190103493903717,-0.0676468356025782,-0.530765822011048,0.567829577960028
0.02,0.275,0.0269785564080859,0.277620510929854,0.00697855640808592,0.0026205109298543,0.00745434954065899,-0.183502712155769,-0.0915498854454251,-0.596702209870078,0.630961312174023
0.02,0.29,0.0274451583784491,0.292573926507377,0.00744515837844914,0.00257392650737717,0.00787753012977864,-0.174174025694546,-0.11487421715565,-0.638878798541516,0.672089261646396
0.02,0.305,0.0274492306212489,0.307440888186248,0.00744923062124894,0.00244088818624846,0.00783893946821381,-0.162118518978673,-0.135106145264975,-0.654780570004164,0.687953025675084
0.02,0.32,0.0269340723152757,0.32221252329725,0.00693407231527571,0.00221252329725022,0.00727850384449634,-0.147372469864325,-0.149646116828634,-0.642593844493394,0.676050853662653
0.02,0.335,0.0258511906422274,0.336881704874136,0.00585119064222736,0.00188170487413633,0.00614631964390378,-0.130002991420654,-0.155916601303988,-0.60120619097824,0.634557928196173
0.02,0.35,0.0241605456390805,0.351443165712381,0.0041605456390805,0.00144316571238082,0.0044037333352808,-0.110103142512688,-0.151459025561478,-0.530177328570524,0.562274910891412
0.04,0.05,0.0362518751897587,0.0508430560042496,-0.00374812481024134,0.000843056004249637,0.00384176821521653,-0.165251043718424,-0.162837302648396,0.541465839638643,0.589077420073203
0.04,0.065,0.0346276248517224,0.0659889985950287,-0.0053723751482776,0.000988998595028739,0.00546264889543521,-0.19246761126464,-0.156879751382873,0.56800904708414,0.619913755445369
0.04,0.08,0.0335858885135319,0.0811628010284123,-0.00641411148646809,0.00116280102841235,0.00651866032191574,-0.219063371848566,-0.143430083935542,0.56829812839772,0.625721666493107
0.04,0.095,0.0330904563067778,0.0963632767171066,-0.00690954369322222,0.00136327671710659,0.00704274928248563,-0.244608198179921,-0.124809216787511,0.543289316256562,0.608750587998138
0.04,0.11,0.0330968609724668,0.111587855026917,-0.0069031390275332,0.00158785502691658,0.00708340398537005,-0.26865201617178,-0.10337662409044,0.494602340340184,0.572271639917577
0.04,0.125,0.0335524644832293,0.126832446947595,-0.00644753551677073,0.00183244694759491,0.00670287819192396,-0.29073639604448,-0.0814315000625426,0.424531311898102,0.520948601671228
0.04,0.14,0.0343968110505478,0.14209136631995,-0.00560318894945221,0.00209136631995019,0.00598076412237477,-0.310407717714242,-0.0611071065804924,0.336025389295941,0.461520577695499
0.04,0.155,0.0355622619722024,0.157357320442425,-0.00443773802779759,0.00235732044242534,0.00502498542004226,-0.327231269505369,-0.0442648865375074,0.23263664994284,0.403930898288736
0.04,0.17,0.0369749115895446,0.172621480120277,-0.00302508841045538,0.00262148012027733,0.00400291367782028,-0.340805481646679,-0.0323958188006958,0.118435012732706,0.362250127348664
0.04,0.185,0.0385557653915282,0.187873633914241,-0.00144423460847181,0.00287363391424092,0.00321614450505311,-0.350775402624639,-0.0265366631089953,-0.00210716433119492,0.351784602385136
0.04,0.2,0.0402221426156415,0.203102424791184,0.000222142615641518,0.00310242479118397,0.00311036765136165,-0.356844525124541,-0.0272080650611608,-0.124255371100154,0.378837978593306
0.04,0.215,0.0418892486031767,0.218295660339047,0.00188924860317673,0.00329566033904674,0.00379876787326771,-0.358784155119806,-0.0343799600933531,-0.243170205363929,0.434788118001838
0.04,0.23,0.043471848566169,0.233440681008263,0.00347184856616895,0.00344068100826336,0.00488794622178207,-0.35643970608862,-0.0474674755660523,-0.354071921474025,0.50464938053501
0.04,0.245,0.0448859660839668,0.248524765400409,0.00488596608396677,0.00352476540040883,0.00602466892879541,-0.349733549918668,-0.0653578526333492,-0.452401795092333,0.575547890716255
0.04,0.26,0.046050527480175,0.263535548104236,0.00605052748017502,0.00353554810423615,0.00700778018959791,-0.338664350239463,-0.08646615328709,-0.533970143051964,0.638199234229594
0.04,0.275,0.0468888776861905,0.278461424527554,0.00688887768619051,0.00346142452755396,0.00770961059556484,-0.32330309305631,-0.108815055107603,-0.595082210018157,0.685925697248642
0.04,0.29,0.0473301035287411,0.293291918652099,0.00733010352874111,0.00329191865209918,0.00803536845167049,-0.303786281088977,-0.13013218439216,-0.632635346148805,0.713760856045873
0.04,0.305,0.0473101154224549,0.308017993385366,0.00731011542245488,0.00301799338536549,0.00790860743517609,-0.280306943138799,-0.147957401501192,-0.644183627513896,0.717943357939464
0.04,0.32,0.0467724563162456,0.322632288636231,0.00677245631624557,0.00263228863623091,0.0072660242237337,-0.25310420888999,-0.159752290718125,-0.627968927523386,0.695653256843251
0.04,0.335,0.0456688254677244,0.337129278635537,0.00566882546772438,0.00212927863553666,0.00605552720176149,-0.222452214201571,-0.163004743161732,-0.582920078342921,0.644868778555682
0.04,0.35,0.0439593223259407,0.351505346573517,0.00395932232594068,0.00150534657351711,0.00423583540604354,-0.188649044052821,-0.155322772017842,-0.508623892725168,0.564282254973514
0.06,0.05,0.056594238294362,0.0509046860112087,-0.00340576170563797,0.000904686011208689,0.00352387139017115,-0.234051557437336,-0.158329098082084,0.476678730775349,0.554141895941393
0.06,0.065,0.0549544105501394,0.0662284603327039,-0.00504558944986064,0.00122846033270385,0.00519298446806572,-0.274656457794299,-0.156913406485801,0.504166520333987,0.59518488949451
0.06,0.08,0.0538935073350142,0.0815661963951727,-0.00610649266498578,0.00156619639517269,0.00630414338477299,-0.313792779319124,-0.148056879866912,0.506192329630423,0.613694568378455
0.06,0.095,0.0533753080392768,0.0969150661351881,-0.00662469196072318,0.0019150661351881,0.0068959424212079,-0.350843507543256,-0.133976007557648,0.483743693947817,0.612415112108476
0.06,0.11,0.0533554107972987,0.112270930958377,-0.00664458920270128,0.00227093095837666,0.0070219436832239,-0.385177213967794,-0.11691664935703,0.438450870130579,0.595208652993768
0.06,0.125,0.0537813250375329,0.127628248790241,-0.00621867496246709,0.00262824879024076,0.00675126728786656,-0.416165631844371,-0.0990592987636999,0.372594802974646,0.567305997072708
0.06,0.14,0.0545928272125947,0.142980036730302,-0.00540717278740534,0.00298003673030206,0.00617398869992537,-0.443202946539958,-0.0824184037274566,0.289085928929308,0.53553189197061
0.06,0.155,0.055722594550705,0.158317900988813,-0.00427740544929497,0.00331790098881291,0.0054133782750907,-0.465725800447224,-0.0687420357849192,0.191411549551159,0.508198842169706
0.06,0.17,0.0570971157547782,0.17363214196299,-0.00290288424522183,0.00363214196299005,0.00464964430687664,-0.483232828089473,-0.0594189860691977,0.0835518283825947,0.493990892337166
0.06,0.185,0.0586378596425968,0.188911937078713,-0.00136214035740316,0.00391193707871285,0.00414230347283668,-0.495302453241767,-0.0554004679980947,-0.0301328965675635,0.499302815145624
0.06,0.2,0.0602626644088712,0.204145597784738,0.000262664408871155,0.00414559778473761,0.00415391063752087,-0.501607725156844,-0.0571429113632623,-0.145038147090812,0.525274803186972
0.06,0.215,0.0618872934274997,0.219320890516708,0.00188729342749968,0.00432089051670842,0.00471507914449633,-0.501927150544409,-0.0645768492356296,-0.256467046348227,0.567343819727687
0.06,0.23,0.06342709026592,0.234425405416911,0.00342709026592004,0.00442540541691128,0.00559724582225862,-0.496150778302868,-0.0771047682532705,-0.359788504939353,0.617707215540961
0.06,0.245,0.0647986573829535,0.249446951820731,0.00479865738295354,0.00444695182073124,0.00654236143719371,-0.484281181014565,-0.0936282732568291,-0.450591895307439,0.668081304112646
0.06,0.26,0.0659214809983431,0.264373956740755,0.00592148099834315,0.00437395674075469,0.00736175487120648,-0.466429400775952,-0.112602341763986,-0.524828601313608,0.711116885883434
0.06,0.275,0.066719428940268,0.279195842134341,0.006719428940268,0.00419584213434115,0.00792185688457092,-0.442806331863146,-0.132112156795586,-0.578932160426548,0.740743652365208
0.06,0.29,0.0671220584944563,0.293903358685605,0.00712205849445627,0.00390335868560548,0.00812157165990355,-0.413710347838368,-0.149966297879355,-0.609910825402794,0.752094062794973
0.06,0.305,0.0670656860267024,0.308488857877667,0.00706568602670241,0.00348885787766662,0.00788010458804285,-0.379512209748732,-0.163799124496737,-0.615408956267508,0.741347099240697
0.06,0.32,0.0664941876852956,0.322946489649721,0.00649418768529558,0.00294648964972144,0.00713135856255737,-0.34063839465031,-0.171175055056239,-0.593736347717388,0.705595180012864
0.06,0.335,0.0653595189011891,0.337272319263309,0.0053595189011891,0.00227231926330862,0.00582132954629839,-0.297553969164025,-0.169688055277394,-0.543867080394669,0.642750444833629
0.06,0.35,0.0636219577158478,0.351464363171818,0.00362195771584781,0.00146436317181847,0.00390678092479828,-0.250746005181562,-0.157050824540893,-0.465411478832004,0.551496793718749
0.08,0.05,0.0770552648065892,0.0508574797826736,-0.00294473519341082,0.000857479782673587,0.00306704041985204,-0.280515713085834,-0.151136658703088,0.395909375879057,0.508209880012234
0.08,0.065,0.0753911796007333,0.0663555610986915,-0.00460882039926666,0.0013555610986915,0.0048040369862213,-0.333221525889713,-0.155748359847489,0.425373895952044,0.562351871099848
0.08,0.08,0.0743013845944702,0.0818537303982318,-0.00569861540552982,0.00185373039823183,0.00599253985631056,-0.383648709006668,-0.152922428449524,0.430415351010821,0.596516713556726
0.08,0.095,0.0737496742720324,0.0973475492413896,-0.00625032572796763,0.00234754924138963,0.00667664280506627,-0.431016083550966,-0.144736125623281,0.41204909858878,0.613605303547481
0.08,0.11,0.0736917609731928,0.112831346321256,-0.00630823902680716,0.00283134632125565,0.00691450660641964,-0.47453456591145,-0.133286342131455,0.371905043492808,0.61746688544487
0.08,0.125,0.0740753743710145,0.128298165538819,-0.00592462562898553,0.00329816553881895,0.00678078791624433,-0.513429881474138,-0.120600477523848,0.312232334402308,0.612900751404518
0.08,0.14,0.0748406199308165,0.143739769437543,-0.00515938006918351,0.00373976943754273,0.00637221140141056,-0.546967007767434,-0.10854237221682,0.235876371539119,0.605471244823715
0.08,0.155,0.0759206104373765,0.15914670753047,-0.00407938956262355,0.00414670753047031,0.00581692380446066,-0.574475049324206,-0.0987191779570709,0.14622621333882,0.600959628272228
0.08,0.17,0.0772423691349492,0.174508455180729,-0.0027576308650508,0.00450845518072862,0.00528494996234776,-0.595371046777619,-0.0923957153089096,0.0471326529467698,0.604341397418137
0.08,0.185,0.0787279854513007,0.189813623570331,-0.00127201454869931,0.00481362357033094,0.00497885457599921,-0.609181159419244,-0.0904228959528039,-0.0572003162330715,0.61850915616582
0.08,0.2,0.0802959864488552,0.205050235393224,0.000295986448855229,0.00505023539322436,0.00505890161051605,-0.615557751267839,-0.0931860911705141,-0.162345495957611,0.643393660744443
0.08,0.215,0.0818628708406802,0.220206054873199,0.00186287084068017,0.00520605487319925,0.00552931235433649,-0.614291168115396,-0.100577923962475,-0.263796701187259,0.676064760660396
0.08,0.23,0.0833447395243561,0.235268955296347,0.00334473952435613,0.0052689552963473,0.00624092720680961,-0.605315387624812,-0.111997985116046,-0.357118511961542,0.711681396932051
0.08,0.245,0.0846589486700728,0.250227303219406,0.00465894867007277,0.00522730321940607,0.00700217835091237,-0.588707216600061,-0.126379661903008,-0.438092280673284,0.744634579295249
0.08,0.26,0.0857257095020388,0.265070336405339,0.00572570950203875,0.00507033640533872,0.0076480102356783,-0.564679233562035,-0.142241922620427,-0.502849477605524,0.769390598947818
0.08,0.275,0.0864695631625186,0.279788512709788,0.00646956316251857,0.00478851270978792,0.00804891927438819,-0.533567165615487,-0.157761829428279,-0.547984717065814,0.780947762063132
0.08,0.29,0.0868206690343586,0.294373809514896,0.0068206690343586,0.00437380951489613,0.00810257587121862,-0.495812785089756,-0.170862012905388,-0.570642771209051,0.775026758523579
0.08,0.305,0.0867158592726907,0.308819957596346,0.00671585927269067,0.00381995759634618,0.00772624370625649,-0.451943669975492,-0.179306496670533,-0.56857627017074,0.748124874211657
0.08,0.32,0.0860994294463278,0.323122598903173,0.0060994294463278,0.00312259890317318,0.0068522743290698,-0.402551279372972,-0.180798154091553,-0.54017327684769,0.697516080727192
0.08,0.335,0.0849236530388212,0.337279363797342,0.00492365303882122,0.00227936379734173,0.00542566664727253,-0.348268748867215,-0.173071641441598,-0.48445621293653,0.621245939970756
0.08,0.35,0.0831490247050199,0.351289869441953,0.0031490247050199,0.0012898694419527,0.0034029575034239,-0.289749643713083,-0.153976729016319,-0.401055467564428,0.518180477598439
0.1,0.05,0.0976302672266508,0.0506713134014926,-0.00236973277334923,0.000671313401492568,0.00246298499794639,-0.298571187689125,-0.138574825262405,0.302333983099931,0.446939130700669
0.1,0.065,0.0959332976783021,0.0663391314145704,-0.00406670232169792,0.00133913141457043,0.00428151149931805,-0.361790987047113,-0.150380532637949,0.33479471683037,0.515360374879273
0.1,0.08,0.0948049825555643,0.0819932524817913,-0.00519501744443573,0.00199325248179127,0.00556428447369099,-0.421979524322578,-0.15470230483108,0.344081090157788,0.566033501189361
0.1,0.095,0.09420915922159,0.0976276741651662,-0.00579084077840997,0.00262767416516618,0.00635912796216412,-0.478219273778933,-0.153450426658275,0.331230402771944,0.601629132197103
0.1,0.11,0.0941017038247297,0.113235242700523,-0.00589829617527032,0.00323524270052289,0.00672730949953212,-0.529592107013999,-0.148545223956443,0.297860135530298,0.625506218729297
0.1,0.125,0.0944306385344507,0.12880764119914,-0.00556936146554934,0.00380764119914045,0.00674654864618478,-0.575206103745358,-0.14183475568376,0.24616925744574,0.6415471636534
0.1,0.14,0.0951364925991964,0.144335432673769,-0.00486350740080362,0.00433543267376946,0.00651534194854417,-0.614223986630022,-0.13500859955348,0.178913656016682,0.653844907841037
0.1,0.155,0.0961529305040035,0.159808165284218,-0.0038470694959965,0.00480816528421846,0.00615779157713139,-0.645891653688786,-0.129513122167033,0.099354160703689,0.666202616833659
0.1,0.17,0.097407645285866,0.175214543312986,-0.00259235471413397,0.00521454331298593,0.00582338088458062,-0.669565088659505,-0.126474157329948,0.011177633326967,0.681500943197958
0.1,0.185,0.0988234980316277,0.190542662400265,-0.00117650196837231,0.00554266240026541,0.00566615066556651,-0.68473388767668,-0.12663297864003,-0.0816061707239485,0.70111490434315
0.1,0.2,0.10031986729424,0.205780302036899,0.000319867294240439,0.005780302036899,0.00578914559531054,-0.691039776400336,-0.130300771049004,-0.174787088076782,0.724618374193038
0.1,0.215,0.101814156387527,0.220915262802825,0.00181415638752709,0.00591526280282451,0.00618720433030012,-0.688288809862147,-0.137335507973793,-0.264089642844245,0.749902590125113
0.1,0.23,0.103223394088342,0.23593573109259,0.00322339408834236,0.0059357310925896,0.00675449280496289,-0.676456408148897,-0.147143348562532,-0.345312752976108,0.773624215741609
0.1,0.245,0.104465856681606,0.2508306507433,0.00446585668160648,0.00583065074329986,0.0073444103909703,-0.655684947934952,-0.15870460053666,-0.414465563019269,0.791771166693609
0.1,0.26,0.105462637460091,0.265590079549648,0.00546263746009105,0.00559007954964824,0.00781597066216254,-0.626274218062139,-0.170622209102597,-0.467891284856639,0.800164979873122
0.1,0.275,0.106139093979182,0.280205509377573,0.00613909397918211,0.00520550937757275,0.00804896283785854,-0.588665592811516,-0.181188901739456,-0.502372093069178,0.794823533369692
0.1,0.29,0.106426113036297,0.294670131370283,0.00642611303629728,0.00467013137028255,0.00794386906809063,-0.543421210122435,-0.188467763539963,-0.515209911957067,0.772189735941452
0.1,0.305,0.106261147309749,0.30897903223729,0.00626114730974867,0.00397903223729013,0.00741853511009869,-0.491199719903887,-0.190380277488157,-0.504280097694255,0.729264980391387
0.1,0.32,0.10558899416875,0.323129313156481,0.00558899416874975,0.00312931315648129,0.00640542400233159,-0.432730271543758,-0.1847957750633,-0.468057270258216,0.663692323297193
0.1,0.335,0.104362304604793,0.337120128863717,0.00436230460479251,0.00212012886371654,0.00485022142419889,-0.368786346428497,-0.16961674406597,-0.405614622118755,0.573845958006921
0.1,0.35,0.102541826692814,0.3509526500892,0.00254182669281358,0.000952650089199536,0.00271448432096255,-0.300160848371974,-0.142855402164202,-0.316599728661915,0.459065045924294
0.12,0.05,0.118313961455722,0.0503172714446145,-0.00168603854427773,0.000317271444614464,0.00171563024639866,-0.283457712663168,-0.117468441943989,0.199412731258451,0.365941255293201
0.12,0.065,0.116575568048316,0.0661492810735531,-0.0034244319516841,0.00114928107355305,0.00361214357103123,-0.355405186514038,-0.13727778034738,0.2358505758833,0.448089893986093
0.12,0.08,0.115399243332146,0.0819539610909872,-0.00460075666785356,0.00195396109098722,0.00499849235889093,-0.423643855364664,-0.149508914695051,0.250530072017411,0.514387136242416
0.12,0.095,0.114748897299533,0.0977238056328989,-0.00525110270046689,0.00272380563289892,0.00591550477107935,-0.487150683438443,-0.155885378352237,0.244502469309517,0.56692161649268
0.12,0.11,0.114580620092018,0.113450242556297,-0.00541937990798219,0.003450242556297,0.0064244729187945,-0.544909820783662,-0.158131947980319,0.219360055258766,0.608321243911811
0.12,0.125,0.114842797610016,0.129123660392541,-0.00515720238998442,0.0041236603925412,0.0066031289192529,-0.595942369721298,-0.157899980314797,0.177234168243047,0.641479509076848
0.12,0.14,0.115476474943831,0.144733489254487,-0.00452352505616881,0.00473348925448708,0.00654738111431828,-0.639337564493077,-0.156689857117264,0.120769402856612,0.669249261314298
0.12,0.155,0.116415979959819,0.160268341046902,-0.00358402004018134,0.00526834104690199,0.00637186134774556,-0.674283689934603,-0.155775374587272,0.053072846707172,0.694080024331039
0.12,0.17,0.11758980460223,0.175716210396427,-0.00241019539777044,0.00571621039642684,0.00620355568618934,-0.700096885889541,-0.156135321631805,-0.0223609955279183,0.717649382079507
0.12,0.185,0.118921725048202,0.19106473296413,-0.0010782749517977,0.00606473296412985,0.00615984275756107,-0.716245971621606,-0.158397396966315,-0.101746952169947,0.740579573961174
0.12,0.2,0.120332125144279,0.206301492609412,0.000332125144278966,0.00630149260941171,0.00631023899847959,-0.72237159646239,-0.162798964772286,-0.181123055257921,0.762324314447068
0.12,0.215,0.12173947241891,0.221414363938532,0.0017394724189103,0.00641436393853162,0.00664603859694514,-0.718298381305877,-0.169167974115349,-0.256475369572781,0.781255041586774
0.12,0.23,0.12306188404176,0.236391872663178,0.00306188404175981,0.0063918726631782,0.00708739515107407,-0.70403921979879,-0.176925780320554,-0.323866544719453,0.79490479223354
0.12,0.245,0.124218712838965,0.251223553546686,0.0042187128389653,0.0062235535466863,0.00751865391982649,-0.679791511700216,-0.185111795474602,-0.379560467245054,0.800287096591948
0.12,0.26,0.125132081771484,0.265900284937967,0.00513208177148365,0.00590028493796679,0.00781995048951031,-0.645925721983582,-0.192428084120101,-0.420135750109493,0.794212033582154
0.12,0.275,0.125728299342316,0.280414580131482,0.00572829934231567,0.00541458013148211,0.00788232778786919,-0.602967228136172,-0.197300437359014,-0.442581850363239,0.77355331063212
0.12,0.29,0.125939097751528,0.294760818941368,0.00593909775152793,0.00476081894136776,0.00761171985130103,-0.551572867168153,-0.197951290745835,-0.444373205799328,0.735453814989246
0.12,0.305,0.125702649040617,0.308935407504983,0.0057026490406166,0.00393540750498272,0.00692875445594082,-0.49250387649301,-0.192479213546405,-0.423518701233853,0.677481921487968
0.12,0.32,0.124964330472113,0.32293685985319,0.00496433047211264,0.00293685985319048,0.00576799123037025,-0.426597024724527,-0.178939620760236,-0.378585773880533,0.597774906542401
0.12,0.335,0.123677227246489,0.336765800653252,0.00367722724648903,0.00176580065325238,0.00407922200540101,-0.354735661299645,-0.155421795994794,-0.308700319794759,0.495268350337067
0.12,0.35,0.121802376498597,0.350424893771,0.00180237649859719,0.000424893770999857,0.00185178177961928,-0.277822195991782,-0.120118141576547,-0.213525067619003,0.370414595971476
0.14,0.05,0.139100550473891,0.0497679124961822,-0.00089944952610882,-0.000232087503817813,0.000928910146055992,-0.231861891037238,-0.0844033999125966,0.0907143683295573,0.262893682517843
0.14,0.065,0.137312315617842,0.0657576791227935,-0.002687684382158,0.000757679122793509,0.00279244068714326,-0.310654094684663,-0.112659060987548,0.132046137554178,0.355857583997986
0.14,0.08,0.136078672297631,0.0817066973766673,-0.00392132770236908,0.00170669737666729,0.00427663733380447,-0.385149656775048,-0.133198856533583,0.153157758217752,0.435362382801655
0.14,0.095,0.135363634777936,0.0976060313598629,-0.00463636522206445,0.00260603135986287,0.00531857893811472,-0.454251796641508,-0.147547985429932,0.15510484109625,0.502169521922889
0.14,0.11,0.135123557679223,0.113445767007232,-0.0048764423207775,0.00344576700723231,0.0059710133123282,-0.51687881284014,-0.157225383016812,0.139441615775544,0.557969490999052
0.14,0.125,0.13530726037954,0.129215075951161,-0.00469273962045975,0.00421507595116072,0.00630782612470304,-0.571995652290365,-0.163677160174795,0.108215935089362,0.604717555690028
0.14,0.14,0.135856392454498,0.144902332165013,-0.0041436075455018,0.00490233216501268,0.0064189052140733,-0.618646607082067,-0.168208080000749,0.0639426965197201,0.644290792482561
0.14,0.155,0.136706051464265,0.160495284745103,-0.00329394853573496,0.00549528474510341,0.00640689092975967,-0.655987391301158,-0.171915325495884,0.00955486576475754,0.678211621002403
0.14,0.17,0.1377856501711,0.175981286307997,-0.00221434982889967,0.00598128630799649,0.00637801936834424,-0.683314699201218,-0.175629107273992,-0.0516670976563637,0.707418127981694
0.14,0.185,0.139020014428311,0.191347571898373,-0.000979985571688841,0.00634757189837337,0.00642277515765091,-0.700091360874185,-0.179864522287514,-0.116184885500983,0.73211022399462
0.14,0.2,0.140330677034345,0.206581578541545,0.000330677034345334,0.00658157854154479,0.00658988037824407,-0.705965412226958,-0.184788469545513,-0.180306875306128,0.751699817707183
0.14,0.215,0.141637318328166,0.221671291150097,0.00163731832816612,0.00667129115009663,0.00686927484652538,-0.700781774730679,-0.190204387507319,-0.240302009960224,0.764870282371689
0.14,0.23,0.142859292977823,0.236605597037201,0.00285929297782282,0.00660559703720076,0.00719787944820572,-0.684585763278339,-0.195556202487626,-0.292516582886869,0.769723819012371
0.14,0.245,0.1439171754978,0.25137462928785,0.00391717549780016,0.00637462928785004,0.00748198920328554,-0.657618249712932,-0.199951325118008,-0.333487191526471,0.763979482267813
0.14,0.26,0.144734255449912,0.265970079055222,0.00473425544991175,0.00597007905522207,0.00761938439709012,-0.62030293339441,-0.202200991600589,-0.360043464561774,0.745184604052459
0.14,0.275,0.145237917224174,0.28038545857708,0.00523791722417349,0.00538545857707995,0.00751258550252424,-0.573226738097499,-0.200874906759991,-0.369395106377066,0.710914094671708
0.14,0.29,0.145360848220381,0.294616300122058,0.00536084822038138,0.00461630012205794,0.00707452616497235,-0.517114791507595,-0.19436615555551,-0.359199193134335,0.658949737429073
0.14,0.305,0.145042032141615,0.308660280830897,0.00504203214161522,0.00366028083089731,0.00623054924369556,-0.452801735706051,-0.180961815331163,-0.327605345841349,0.587456276109726
0.14,0.32,0.144227499510237,0.322517268952108,0.00422749951023682,0.0025172689521078,0.00492020274849507,-0.381201204342557,-0.158914629493165,-0.273278130093962,0.495227908021924
0.14,0.335,0.142870823511909,0.336189292430459,0.00287082351190851,0.00118929243045862,0.00310741759692399,-0.303275234012598,-0.126511472194569,-0.195397666690644,0.382311143719722
0.14,0.35,0.140933364764846,0.34968043595653,0.000933364764845929,-0.000319564043470444,0.000986555098377721,-0.220005168421106,-0.0821350350391551,-0.0936407555933341,0.252818379333923
0.16,0.05,0.159983812860172,0.048997502521812,-1.61871398280111e-05,-0.00100249747818804,0.00100262815503515,-0.141942864064361,-0.0359752795017811,-0.020249118656108,0.147824342791373
0.16,0.065,0.158137475367921,0.0651377990964601,-0.00186252463207898,0.000137799096460056,0.00186761521628148,-0.22569627510368,-0.0727685673038524,0.026806098522308,0.238647694811367
0.16,0.08,0.156837425306826,0.0812242015643534,-0.0031625746931736,0.00122420156435343,0.00339124581239218,-0.304665670564771,-0.101672239053087,0.0552565524015524,0.325901807242508
0.16,0.095,0.156047814589241,0.0972464286110335,-0.0039521854107589,0.00224642861103347,0.00454601045153717,-0.377711331220468,-0.124009354845197,0.0661516826082401,0.403014744890925
0.16,0.11,0.155725312783574,0.1131933113976,-0.00427468721642624,0.00319331139759954,0.00533574629084976,-0.443716213450174,-0.141090817550469,0.0609953357387647,0.469587438297129
0.16,0.125,0.15581924050756,0.129052892113027,-0.00418075949243973,0.00405289211302662,0.00582277291446767,-0.501618238372137,-0.154157020681146,0.0417381846437684,0.526430688423785
0.16,0.14,0.156271936390815,0.144812573811135,-0.00372806360918539,0.00481257381113498,0.0060876370589708,-0.550443378597819,-0.164318337253833,0.0107508539900645,0.574549193755627
0.16,0.155,0.157019367842078,0.160459323036788,-0.0029806321579222,0.00545932303678787,0.00621999807723786,-0.589337793241645,-0.17249812130787,-0.0292227565349184,0.614761930882612
0.16,0.17,0.157991982199619,0.17597992289037,-0.00200801780038091,0.00597992289036958,0.00630805938949632,-0.617597140854997,-0.179382092096498,-0.075131052687648,0.647497722300903
0.16,0.185,0.159115779708601,0.191361269860187,-0.000884220291399219,0.00636126986018737,0.00642242942801634,-0.634691241311764,-0.185377805115196,-0.123696849106453,0.672684183453378
0.16,0.2,0.160313574534677,0.20659070335975,0.000313574534676703,0.00659070335975037,0.00659815881629281,-0.640282475836768,-0.190587363314342,-0.171512216112208,0.689715431667342
0.16,0.215,0.161506396284991,0.221656353047271,0.00150639628499126,0.00665635304727114,0.00682468062676571,-0.63423669843949,-0.194795617511057,-0.215141155186703,0.697490678673164
0.16,0.23,0.162614973721719,0.236547486124951,0.00261497372171918,0.00654748612495099,0.00705036609841699,-0.616625948137562,-0.197474935548041,-0.251224457505852,0.694509570856223
0.16,0.245,0.16356123586199,0.251254835441805,0.00356123586198998,0.00625483544180544,0.00719759454740186,-0.587722843073145,-0.197806315032741,-0.276580877907333,0.679005048916993
0.16,0.26,0.164269764196585,0.265770889610413,0.00426976419658527,0.00577088961041305,0.00717872225329932,-0.547987141547653,-0.194715330491869,-0.288299079179488,0.649095395483478
0.16,0.275,0.164669133503482,0.280090128382984,0.00466913350348236,0.00509012838298367,0.00690725811220324,-0.498045489099258,-0.186920288368639,-0.283815606889734,0.602945401395786
0.16,0.29,0.164693087295839,0.29420919036407,0.00469308729583898,0.00420919036406964,0.00630415354249418,-0.438665809689198,-0.172989149094953,-0.260975376434815,0.538946404644695
0.16,0.305,0.164281506216806,0.308126964840513,0.00428150621680587,0.00312696484051345,0.00530181144500204,-0.370728047857115,-0.151401318233314,-0.218072568318966,0.455980687163287
0.16,0.32,0.163381142301174,0.321844604950821,0.00338114230117376,0.00184460495082112,0.00385158288050255,-0.295193082980456,-0.120610357924535,-0.153871344998282,0.35406581935104
0.16,0.335,0.161946107399939,0.3353654646787,0.00194610739993947,0.000365464678700134,0.00198012586556425,-0.213071554306083,-0.0791039631890633,-0.0676071820709488,0.237123882325731
0.16,0.35,0.159938118812235,0.348694966996795,-6.18811877654279e-05,-0.00130503300320534,0.00130649929998236,-0.125394141563952,-0.0254581322767785,0.04102922890012,0.134369688310362
0.18,0.05,0.180957193700159,0.0479822120706121,0.000957193700159037,-0.00201778792938789,0.00223331321305535,-0.0132611629763349,0.0309881588199792,-0.130165443525887,0.13445882424154
0.18,0.065,0.179044682668359,0.0642651252137539,-0.000955317331641253,-0.00073487478624612,0.00120526849937864,-0.100173951130743,-0.0141186277687333,-0.0766638232339791,0.126931101456778
0.18,0.08,0.177669397226871,0.0804813274651873,-0.00233060277312949,0.000481327465187309,0.00237978684231645,-0.181922230543743,-0.0511353711973845,-0.04011689969216,0.193183656524562
0.18,0.095,0.176795661807787,0.0966192861657002,-0.00320433819221344,0.00161928616570023,0.00359024664006609,-0.257351666136046,-0.0811860597183582,-0.0194921840212327,0.270557087534558
0.18,0.11,0.176380511007094,0.112666673709197,-0.00361948899290579,0.00266667370919721,0.00449575902836104,-0.32533752957221,-0.105378381114061,-0.0133474153295533,0.342239116849904
0.18,0.125,0.17637383197484,0.128610498220118,-0.00362616802516018,0.00361049822011833,0.00511710777140483,-0.3848167540359,-0.124753382457605,-0.0198402188081683,0.405020564909621
0.18,0.14,0.176718732296166,0.144437283739665,-0.0032812677038342,0.00443728373966484,0.00551871404681556,-0.434820446181514,-0.140234627561014,-0.036754786109301,0.458352054513495
0.18,0.155,0.177352142516241,0.16013329968214,-0.00264785748375912,0.00513329968214038,0.0057759773961609,-0.474505161294497,-0.152579965936255,-0.0615458296041287,0.502220368121055
0.18,0.17,0.178205649395923,0.175684835567317,-0.00179435060407684,0.00568483556731736,0.00596129595958692,-0.503181159237669,-0.162339146877464,-0.09139885720969,0.53656419260322
0.18,0.185,0.17920654157583,0.191078512951535,-0.00079345842417038,0.00607851295153489,0.0061300812370526,-0.520335922344781,-0.169820332698948,-0.12330456178751,0.561065903398295
0.18,0.2,0.180279034915562,0.206301622510852,0.000279034915561971,0.00630162251085192,0.00630779729805725,-0.525651441587576,-0.175068074066904,-0.154143958760068,0.575083824425997
0.18,0.215,0.181345631751682,0.221342470856669,0.00134563175168155,0.00634247085666872,0.0064836456857871,-0.519014153379095,-0.177854539903606,-0.180779973077865,0.577660933450951
0.18,0.23,0.182328558196538,0.236190719382141,0.00232855819653816,0.00619071938214144,0.0066141658387953,-0.500516900526247,-0.177684817045642,-0.200150593320892,0.567584316555398
0.18,0.245,0.183151217490985,0.250837696640124,0.00315121749098549,0.00583769664012429,0.00663391843012946,-0.470452845812027,-0.173816017230574,-0.209358551294738,0.543480547623437
0.18,0.26,0.183739596043578,0.265276666501105,0.00373959604357825,0.00527666650110536,0.00646744060143065,-0.429301831333353,-0.165288876456532,-0.205752774629354,0.503940786692699
0.18,0.275,0.184023562481057,0.279503037004246,0.00402356248105673,0.00450303700424626,0.00603874136725349,-0.377710174498043,-0.150969619773113,-0.186997563314518,0.447689524579729
0.18,0.29,0.183938007982045,0.293514498510523,0.00393800798204522,0.0035144985105226,0.0052782200264026,-0.316465291047426,-0.129599195674801,-0.151126452229807,0.373879569567905
0.18,0.305,0.183423787961011,0.307311084719952,0.00342378796101064,0.00231108471995184,0.00413079127828511,-0.246466780841256,-0.0998466144706477,-0.0965789457186409,0.282918496870528
0.18,0.32,0.182428438867542,0.320895155363801,0.00242843886754174,0.00089515536380147,0.00258816893937199,-0.168695705442577,-0.0603630730565208,-0.0222195688059535,0.180542731317891
0.18,0.335,0.180906658637366,0.334271304422753,0.000906658637366359,-0.000728695577247362,0.00116319694334661,-0.0841837278108208,-0.00983378786780212,0.0726601347885487,0.111638266476082
0.18,0.35,0.178820553196332,0.347446202168942,-0.00117944680366791,-0.0025537978310578,0.00281300162186195,0.00601640229682888,0.0529750692047971,0.188355024879802,0.195755479431985
0.2,0.05,0.20201389551547,0.0467002746076691,0.00201389551546988,-0.00329972539233087,0.00386574220713471,0.153368491892991,0.119247576650624,-0.236034533959994,0.305703126853205
0.2,0.065,0.200027363094699,0.0631173167227116,2.73630946988901e-05,-0.00188268327728836,0.00188288211567605,0.0649522864541068,0.0663168561156246,-0.175484290272161,0.198523299594384
0.2,0.08,0.198568309417308,0.0794552122006175,-0.00143169058269241,-0.000544787799382496,0.00153183930976005,-0.0180277828853793,0.0216925826704902,-0.1302421632862,0.133261390510421
0.2,0.095,0.197601267492285,0.095701278692427,-0.00239873250771502,0.000701278692427032,0.00249914174228293,-0.0944275245920501,-0.0155588698208595,-0.0993029893352282,0.137912032483061
0.2,0.11,0.197083686247431,0.111842132752542,-0.00291631375256901,0.00184213275254214,0.00344939690111353,-0.163138324088163,-0.0463524056815431,-0.0812957029182993,0.188073606259621
0.2,0.125,0.196966081713988,0.127863849826273,-0.00303391828601189,0.00286384982627341,0.0041720853291422,-0.223118177226006,-0.0715414425527418,-0.0744945332392124,0.245864652307402
0.2,0.14,0.197192405131804,0.143752171698554,-0.00280759486819619,0.0037521716985543,0.00468629719494543,-0.273422856933444,-0.0918751503151618,-0.0768450359432996,0.298507056940166
0.2,0.155,0.197700636033013,0.159492759579609,-0.0022993639669875,0.00449275957960887,0.00504697565803995,-0.313235618659006,-0.1079582909044,-0.0860050093782224,0.342299219257511
0.2,0.17,0.198423595918175,0.175071487359379,-0.00157640408182497,0.00507148735937862,0.00531084116365116,-0.341893792606051,-0.120216316429474,-0.099399325987306,0.375797898403884
0.2,0.185,0.199289964516115,0.190474765756787,-0.000710035483884642,0.00547476575678657,0.00552061685684291,-0.358910690668085,-0.128868201013804,-0.114286668039378,0.398102973122053
0.2,0.2,0.200225466996143,0.205689884493642,0.000225466996142981,0.00568988449364166,0.00569434991174002,-0.363991481091103,-0.13390905345376,-0.127835208247943,0.40836745625428
0.2,0.215,0.201154188313572,0.220705356801911,0.0011541883135721,0.00570535680191087,0.0058209317896963,-0.357042037839707,-0.135103911388604,-0.137203521185223,0.40565696996237
0.2,0.23,0.201999961299266,0.235511248693834,0.00199996129926572,0.00551124869383407,0.00586290946236153,-0.338170224820079,-0.131993313468323,-0.139622552122906,0.388942635530733
0.2,0.245,0.202687769501587,0.250099475297268,0.00268776950158739,0.00509947529726834,0.00576443867181475,-0.307679590228873,-0.123910373195639,-0.132474366593227,0.357169961992182
0.2,0.26,0.203145104491285,0.264464047671982,0.00314510449128537,0.00446404767198233,0.00546071459415654,-0.266055946307579,-0.110008224187865,-0.113363654431504,0.309417398957299
0.2,0.275,0.20330322075295,0.27860125632228,0.00330322075294959,0.00360125632227976,0.00488674886212467,-0.213947770468093,-0.0892959753724404,-0.0801785557011379,0.245308198850186
0.2,0.29,0.20309823897724,0.292509781769709,0.00309823897723985,0.00250978176970867,0.00398724081184598,-0.152141719282851,-0.060680775198247,-0.0311382326007023,0.166729926438865
0.2,0.305,0.202472059470956,0.306190727223038,0.00247205947095638,0.00119072722303776,0.00274388581169632,-0.0815347747027843,-0.0230132840943173,0.0351743836418091,0.0917320543391345
0.2,0.32,0.201373060468092,0.319647573581215,0.00137306046809221,-0.00035242641878519,0.00141756813934829,-0.00310462754415943,0.0248661913275611,0.119795178402594,0.12238813931759
0.2,0.335,0.199756570026839,0.332886061822018,-0.000243429973160597,-0.00211393817798228,0.00212790807418084,0.0821201421140022,0.0840834607253307,0.223376290570577,0.252410016314833
0.2,0.35,0.197585113344838,0.345914011917654,-0.0024148866551624,-0.00408598808234645,0.00474625917606262,0.173088696719677,0.155690291027231,0.346197063213495,0.417195804438933
