target_x,target_y,gaze_x,gaze_y,error_px_x,error_px_y,error_px_xy,error_deg_x,error_deg_y,error_deg_z,error_deg_xyz
-0.2,0.05,-0.195661234919337,0.0534696742817755,0.00433876508066328,0.00346967428177551,0.00555549476165691,-0.341288790421792,0.19728912036187,-0.27649075654678,0.481507568447042
-0.2,0.065,-0.199311398275215,0.0667558794563253,0.000688601724785187,0.00175587945632526,0.00188607661576146,-0.185678340457967,0.112736939611,-0.187415255063257,0.2868984375733
-0.2,0.08,-0.20211346466769,0.0802225944212445,-0.00211346466768961,0.000222594421244546,0.0021251543892013,-0.0436096259544769,0.040191456465494,-0.112228130694736,0.126934284403836
-0.2,0.095,-0.204112768079728,0.0938765543222003,-0.00411276807972805,-0.00112344567779966,0.00426344830725044,0.083798364811505,-0.0208920431775263,-0.0506769056819952,0.100133884051727
-0.2,0.11,-0.20536661736693,0.107722917027537,-0.00536661736693,-0.00227708297246322,0.0058297245926816,0.195535626571948,-0.0711421101060015,-0.00225228733375463,0.208087725445276
-0.2,0.125,-0.205944342514597,0.121765041472924,-0.00594434251459727,-0.00323495852707602,0.00676758188740635,0.290729935791238,-0.111249743197492,0.0338206801451541,0.313120557214325
-0.2,0.14,-0.205926914952611,0.136004313487558,-0.00592691495261101,-0.0039956865124416,0.00714799493292991,0.36867462740811,-0.141943242288189,0.0585832476184493,0.399376398443697
-0.2,0.155,-0.205406113067602,0.150440030926274,-0.0054061130676018,-0.00455996907372642,0.00707243780128439,0.42885408094843,-0.163960303681326,0.0733343838191672,0.464949375826571
-0.2,0.17,-0.204483231022926,0.165069356949309,-0.00448323102292612,-0.0049306430506912,0.00666412794732038,0.470965601085677,-0.17801865648386,0.0796124300731317,0.5097441440254
-0.2,0.185,-0.2032673592344,0.179887346463506,-0.00326735923440015,-0.00511265353649372,0.00606752524105518,0.494936426362775,-0.184786766116931,0.0791669684969167,0.534207535808835
-0.2,0.2,-0.201873295628423,0.194887046098323,-0.00187329562842331,-0.00511295390167694,0.00544532222298583,0.500934735571904,-0.184856250496846,0.0739214892936356,0.539049137410712
-0.2,0.215,-0.200419174950039,0.210059663498616,-0.000419174950039274,-0.00494033650138366,0.00495808757341419,0.489373769263878,-0.178717649770692,0.0659280664421052,0.525142956617068
-0.2,0.23,-0.199023925723746,0.225394796990716,0.000976074276253992,-0.00460520300928448,0.00470750631964393,0.460908508993271,-0.166741040848682,0.0573158299834114,0.493483371725275
-0.2,0.245,-0.197804678341746,0.240880713041066,0.00219532165825415,-0.00411928695893395,0.00466775773077856,0.416424761587143,-0.149162707453085,0.0502354995180984,0.44517827642467
-0.2,0.26,-0.196874251401063,0.256504656157429,0.00312574859893656,-0.00349534384257057,0.00468910789826273,0.357020920958911,-0.126078676814402,0.0468025615638317,0.381511190261922
-0.2,0.275,-0.196338836473896,0.272253174633874,0.00366116352610354,-0.00274682536612576,0.00457702610401807,0.283983112396296,-0.0974454616762509,0.0490418002299363,0.304215945865453
-0.2,0.29,-0.196295984738333,0.288112445574115,0.00370401526166664,-0.00188755442588491,0.00415723354760556,0.198754799831643,-0.0630878399469879,0.0588358014951775,0.216668533680414
-0.2,0.305,-0.19683297468473,0.304068584187288,0.00316702531527008,-0.000931415812712402,0.00330114900659335,0.102902249716257,-0.0227130261823209,0.0778797652927131,0.131034422503075
-0.2,0.32,-0.198025610929054,0.320107924786477,0.00197438907094569,0.000107924786476851,0.00197733658313547,-0.00192256949860572,0.0240698269490393,0.107644499841581,0.110319512995285
-0.2,0.335,-0.199937473926652,0.336217264068827,6.25260733480015e-05,0.00121726406882698,0.00121886887034887,-0.114019991686782,0.0777261610264183,0.149348892834333,0.203339739845571
-0.2,0.35,-0.20261961124979,0.352384060892687,-0.00261961124978957,0.00238406089268654,0.00354204876308351,-0.231679949007872,0.138770116528667,0.203942514803118,0.338416350532504
-0.18,0.05,-0.177628985221551,0.052249819089469,0.00237101477844942,0.002249819089469,0.00326854662120103,-0.0474265346804492,0.056955995138435,-0.152931305765933,0.169944894103193
-0.18,0.065,-0.181141050199411,0.0656607989032846,-0.00114105019941052,0.000660798903284632,0.00131857906405227,0.104231505264246,-0.0175691222124874,-0.0680042623448779,0.125687973877767
-0.18,0.08,-0.183790501374497,0.0792447214260671,-0.00379050137449691,-0.000755278573932927,0.00386501570427665,0.242431467978694,-0.0803040296480123,0.00160959799180007,0.255390784174846
-0.18,0.095,-0.185623154857995,0.0930075209987092,-0.00562315485799547,-0.00199247900129079,0.00596572234751022,0.366050063566761,-0.131966051765193,0.0561809544102572,0.393147038575691
-0.18,0.11,-0.186697195574425,0.106953530066977,-0.0066971955744255,-0.00304646993302266,0.00735754086736292,0.474075757915286,-0.173359622779967,0.0962725665183594,0.513878935440146
-0.18,0.125,-0.187083235487342,0.121085270506336,-0.00708323548734199,-0.00391472949366406,0.00809304219547286,0.56563911558583,-0.205349156814138,0.122749728118131,0.614155511673466
-0.18,0.14,-0.186863927718611,0.135403295263398,-0.00686392771861073,-0.00459670473660156,0.00826094414469726,0.640042057931742,-0.228827599274971,0.136780979977745,0.693347538428282
-0.18,0.155,-0.186133105647729,0.14990609188484,-0.00613310564772879,-0.00509390811515964,0.00797263349037769,0.696784635371713,-0.244681976682711,0.139827891015252,0.751623601641188
-0.18,0.17,-0.184994444517063,0.164590056272055,-0.00499444451706314,-0.00540994372794551,0.00736287764216947,0.735587855678122,-0.253757621609623,0.133623254412041,0.78952356618895
-0.18,0.185,-0.183559674979332,0.179449540910236,-0.00355967497933215,-0.00555045908976359,0.00659385183831291,0.756411174151915,-0.256823017163308,0.120137724089516,0.807811741012017
-0.18,0.2,-0.181946410601795,0.194476976973817,-0.00194641060179473,-0.00552302302618307,0.00585596256635298,0.759463409216471,-0.254537323125347,0.1015356585998,0.807399650959042
-0.18,0.215,-0.180275681205959,0.209663064873882,-0.000275681205959204,-0.00533693512611805,0.00534405058618571,0.745206139559443,-0.247422601790786,0.0801217119044186,0.789290488282056
-0.18,0.23,-0.178669287516892,0.224997023094666,0.00133071248310816,-0.00500297690533391,0.00517692704487946,0.714349018355534,-0.235842529610165,0.0582804088270271,0.754533665705509
-0.18,0.245,-0.177247107235439,0.240466881475545,0.00275289276456125,-0.00453311852445498,0.00530354429885625,0.667836903847299,-0.219988982475494,0.0384115047500294,0.704189582664421
-0.18,0.26,-0.176124486381602,0.256059802579994,0.00387551361839812,-0.0039401974200064,0.00552673153998042,0.60682919034554,-0.199877342721876,0.0228642868045817,0.639311844529612
-0.18,0.275,-0.175409842066003,0.27176241367227,0.00459015793399739,-0.00323758632772964,0.00561707353419386,0.532672203883251,-0.17535075537923,0.0138740746491749,0.560965745721356
-0.18,0.29,-0.175202584939291,0.287561132424939,0.00479741506070924,-0.00243886757506112,0.005381753089227,0.44686594179585,-0.146092919534047,0.0135040238996847,0.470335956499358
-0.18,0.305,-0.175591443542506,0.303442471238908,0.00440855645749383,-0.00155752876109244,0.00467560326380893,0.351026751007303,-0.111648407997625,0.0235949265189338,0.369110198558002
-0.18,0.32,-0.176653241863892,0.319393307959521,0.00334675813610838,-0.000606692040479195,0.0034013034639074,0.24684772842038,-0.0714490249784798,0.0457250961203157,0.261016601842723
-0.18,0.335,-0.178452149075126,0.335401114374716,0.00154785092487419,0.000401114374716294,0.00159897943302531,0.136058668796942,-0.0248443786025413,0.0811816884810039,0.160373588347685
-0.18,0.35,-0.181039390037174,0.351454137562269,-0.00103939003717407,0.00145413756226903,0.00178741369005008,0.0203873005531388,0.0288653089451204,0.13094401689479,0.13562887685204
-0.16,0.05,-0.159393365468904,0.0512606516421383,0.000606634531096162,0.0012606516421383,0.00139901680373906,0.190789556748547,-0.046544547059669,-0.0342143986113045,0.199343209017101
-0.16,0.065,-0.162776000714517,0.0648023681009749,-0.00277600071451717,-0.000197631899025094,0.00278302682964288,0.336180797622065,-0.110350703318114,0.0462963275987106,0.356845299785466
-0.16,0.08,-0.165282871881947,0.0785090180965858,-0.00528287188194701,-0.00149098190341422,0.00548924059933385,0.468327530005876,-0.162644907543836,0.11004330081387,0.507833887903579
-0.16,0.095,-0.166960261458634,0.0923856603843222,-0.00696026145863438,-0.00261433961567782,0.00743505287127493,0.586130599693332,-0.204332632976645,0.157316351253151,0.640354282761112
-0.16,0.11,-0.167867188791417,0.106435729655413,-0.00786718879141662,-0.00356427034458705,0.0086369371057739,0.688605060493254,-0.236409603245212,0.188734700716597,0.752127210295238
-0.16,0.125,-0.168075478850459,0.120660842967868,-0.00807547885045876,-0.00433915703213213,0.00916742288834263,0.774911400277798,-0.259928170421961,0.205259166526564,0.842730360727067
-0.16,0.14,-0.167669369658218,0.135060659360252,-0.00766936965821848,-0.00493934063974828,0.00912229778673505,0.844385578234475,-0.275958751399522,0.208192939406064,0.912415546912881
-0.16,0.155,-0.166744625671817,0.149632803887238,-0.00674462567181738,-0.00536719611276186,0.00861955738804401,0.896566362978778,-0.285548014752684,0.199169520899213,0.961799944082511
-0.16,0.17,-0.165407154025707,0.164372863789265,-0.00540715402570677,-0.00562713621073486,0.00780397184719938,0.931218399588186,-0.289675943953918,0.180127068571803,0.991740982983213
-0.16,0.185,-0.163771154183335,0.179274460143685,-0.00377115418333531,-0.00572553985631451,0.00685590333367773,0.948349503702215,-0.28921420810974,0.153269223499142,1.00325909479319
-0.16,0.2,-0.161956865798459,0.194329393342853,-0.00195686579845911,-0.00567060665714726,0.00599875850599621,0.948220882767922,-0.284888390612003,0.121013413879185,0.997473615158358
-0.16,0.215,-0.160088011116141,0.209527855651431,-8.80111161410783e-05,-0.00547214434856934,0.00547285206525297,0.931349307263292,-0.277246521362321,0.0859285560990696,0.975542860838463
-0.16,0.23,-0.15828905300027,0.224858699394937,0.0017109469997296,-0.00514130060506289,0.00541851562215186,0.898500696174791,-0.266636024416465,0.0506649170594466,0.938607961926764
-0.16,0.245,-0.156682405083385,0.240309745699171,0.00331759491661549,-0.0046902543008286,0.0057449909866939,0.850675094429516,-0.253190646081475,0.017879549900484,0.887743805283037
-0.16,0.26,-0.155385734243338,0.25586811632768,0.00461426575666175,-0.00413188367232016,0.00619386076326286,0.789083561621734,-0.236828219789445,-0.00983889237245444,0.823922918029188
-0.16,0.275,-0.15450948726478,0.27152057048544,0.00549051273521986,-0.00347942951456016,0.00650016613960011,0.715118009258836,-0.217259327345226,-0.0300420925192987,0.748001240900739
-0.16,0.29,-0.154154754393188,0.287253829309748,0.00584524560681174,-0.00274617069025208,0.00645820018766464,0.630315457372701,-0.194006116100368,-0.0404871356010124,0.66074200366548
-0.16,0.305,-0.154411554822153,0.303054873027139,0.00558844517784657,-0.00194512697286138,0.0059172830290894,0.536318502757969,-0.166429819574634,-0.0391916394550414,0.562916472238661
-0.16,0.32,-0.155357596383734,0.318911199094544,0.00464240361626586,-0.00108880090545597,0.00476837485397699,0.434833948902602,-0.133764971833676,-0.024476665860549,0.455602712600777
-0.16,0.335,-0.157057527620437,0.334811033525434,0.00294247237956277,-0.000188966474566191,0.00294853387855724,0.327591556417517,-0.0951579593619465,0.00500395280676544,0.341169530480456
-0.16,0.35,-0.159562668602129,0.350743491561269,0.000437331397871166,0.000743491561269363,0.000862576636156291,0.216304730060053,-0.0497074355288634,0.0502482769229839,0.227559932320425
-0.14,0.05,-0.140948818925418,0.0504846942663072,-0.000948818925418038,0.000484694266307234,0.00106545102422521,0.370768653236208,-0.116980246949185,0.0775094794254443,0.396436777812568
-0.14,0.065,-0.144211301188306,0.0641626104657219,-0.00421130118830632,-0.00083738953427806,0.00429374882017435,0.507351794653608,-0.169670946160129,0.153429201975467,0.556540231126576
-0.14,0.08,-0.146586360678627,0.0779970202409485,-0.00658636067862697,-0.00200297975905153,0.00688419021411623,0.631044867839285,-0.211182788317632,0.211141253758475,0.698142145092827
-0.14,0.095,-0.148120730737404,0.091992035975713,-0.00812073073740427,-0.00300796402428705,0.00865991427675977,0.740806626955295,-0.242620262344918,0.250955964297455,0.818931843017947
-0.14,0.11,-0.14887421963608,0.106150126747002,-0.00887421963608021,-0.00384987325299835,0.00967332922077728,0.835712219048517,-0.265180907458472,0.27355160692701,0.918468493165354
-0.14,0.125,-0.148919788022595,0.120471941921737,-0.00891978802259533,-0.00452805807826329,0.010003295873269,0.91498440359645,-0.280114565876307,0.279988426839912,0.997035221460989
-0.14,0.14,-0.148343149093403,0.134956190854251,-0.00834314909340318,-0.00504380914574884,0.00974926394624199,0.978023424506872,-0.288677029339483,0.271709426207998,1.05533015912923
-0.14,0.155,-0.147241857052525,0.149599589426628,-0.00724185705252511,-0.00540041057337218,0.00903376598823535,1.02443394541632,-0.292080200357363,0.250526250151595,1.09433795514358
-0.14,0.17,-0.145723880287478,0.164396880401974,-0.00572388028747826,-0.00560311959802628,0.00800985360510218,1.05404740430455,-0.291441407193871,0.218589318047333,1.11524642274774
-0.14,0.185,-0.143905690874962,0.179340929992458,-0.00390569087496169,-0.0056590700075424,0.00687600862136058,1.0669382357019,-0.287734860585381,0.17834234464642,1.11937232151401
-0.14,0.2,-0.141909937919796,0.19442289773245,-0.00190993791979632,-0.00557710226754968,0.00589507697661224,1.06343263675026,-0.281748346269156,0.132462506850165,1.10808649916261
-0.14,0.215,-0.139862805194097,0.20963247158293,0.00013719480590298,-0.00536752841707,0.00536928149036915,1.04410892384829,-0.274048071971071,0.0837886168786659,1.08273783057749
-0.14,0.23,-0.13789117955302,0.224958155454421,0.00210882044698039,-0.00504184454557877,0.00546510019115706,1.0097890121932,-0.264954123288412,0.0352406563394348,1.04457965865215
-0.14,0.245,-0.136119772535664,0.240387592808454,0.00388022746433631,-0.00461240719154626,0.00602747586271546,0.961521109775177,-0.254528260574398,-0.0102652292672714,0.994704833621054
-0.14,0.26,-0.134668341323007,0.255907907870069,0.00533165867699333,-0.00409209212993142,0.00672099711708054,0.900554299251683,-0.242574880589944,-0.0499017641824174,0.933996853410152
-0.14,0.275,-0.13364914616328,0.27150604566373,0.00635085383672016,-0.00349395433627017,0.00724852132226458,0.828306216955391,-0.22865496864144,-0.0810110727253938,0.863105535188904
-0.14,0.29,-0.133164761114374,0.287169093354101,0.00683523888562593,-0.00283090664589916,0.00739827838496017,0.746325479754633,-0.212111894118939,-0.101176549363664,0.782457274614512
-0.14,0.305,-0.133306325540455,0.302884568085908,0.00669367445954508,-0.00211543191409211,0.00701999501093309,0.656250806472997,-0.192107062293872,-0.10828263904072,0.692315828150233
-0.14,0.32,-0.134152289505393,0.318640660271371,0.00584771049460725,-0.00135933972862876,0.00600362578168962,0.559768907394346,-0.167662814635834,-0.100560077768545,0.592931291027137
-0.14,0.335,-0.135767670304831,0.334426425498113,0.00423232969516907,-0.000573574501886998,0.00427101888989323,0.458573169461984,-0.137709623267275,-0.0766152678189609,0.484896478345887
-0.14,0.35,-0.138203804268697,0.350231922421036,0.00179619573130324,0.000231922421035952,0.00181110659943891,0.354324963088472,-0.101134565598388,-0.0354435974025332,0.370177126641793
-0.12,0.05,-0.122291145270045,0.0499028393355616,-0.00229114527004542,-9.71606644384199e-05,0.00229320449222603,0.491537882310665,-0.159075845666498,0.179904245551757,0.547067112604835
-0.12,0.065,-0.125443351326705,0.063721840266734,-0.00544335132670543,-0.00127815973326599,0.00559140107394277,0.616628929289874,-0.200628119419755,0.251163623265838,0.695393399729292
-0.12,0.08,-0.127698083209679,0.0776884783885381,-0.00769808320967916,-0.00231152161146188,0.00803763754242498,0.729333026219429,-0.231380551224124,0.302816645382235,0.822905331004071
-0.12,0.095,-0.129102509414959,0.0918058541640936,-0.0091025094149586,-0.00319414583590642,0.00964667016490397,0.828705021527525,-0.252640980315923,0.335196139786637,0.928953622859898
-0.12,0.11,-0.129717177504376,0.106075408928397,-0.00971717750437595,-0.0039245910716026,0.0104797878666914,0.913918114904661,-0.265812437935524,0.349041608671919,1.01378470638356
-0.12,0.125,-0.129616098065221,0.12049676766117,-0.00961609806522148,-0.00450323233882995,0.0106183069977017,0.984293966962124,-0.27234484443138,0.345515042635727,1.07815642301123
-0.12,0.14,-0.128886336933942,0.135067640736479,-0.00888633693394227,-0.00493235926352077,0.0101634222586679,1.03933122473433,-0.27368042730677,0.326201594197354,1.12319110180163
-0.12,0.155,-0.127627079671978,0.149783794794591,-0.00762707967197779,-0.00521620520540904,0.00924019161422712,1.07873084442652,-0.27119545451727,0.293093196941125,1.15028486598746
-0.12,0.17,-0.125948164408305,0.164639098906756,-0.00594816440830479,-0.00536090109324365,0.00800749151481067,1.10241656280398,-0.266141489724136,0.24855418124312,1.16102492489502
-0.12,0.185,-0.123968115686881,0.179625647282663,-0.00396811568688134,-0.00537435271733676,0.00668053959159129,1.11054898095154,-0.259589763986556,0.195269119999212,1.15710043562368
-0.12,0.2,-0.121811749339462,0.194733954339543,-0.00181174933946182,-0.00526604566045659,0.0055689920602434,1.1035319870825,-0.25238234451549,0.136174458120212,1.14020440336906
-0.12,0.215,-0.119607452758051,0.209953212641945,0.00039254724194861,-0.00504678735805526,0.00506203081525467,1.08201064916096,-0.24509351494517,0.0743767771035379,1.11193011699183
-0.12,0.23,-0.117484271934354,0.225271599515152,0.00251572806564585,-0.00472840048484759,0.00535599279736121,1.04686023444186,-0.23800416498123,0.0130616961538139,1.07366972278213
-0.12,0.245,-0.115568953169123,0.240676614700033,0.00443104683087697,-0.00432338529996691,0.00619078641768514,0.999166595254606,-0.231091062124266,-0.0446017570493218,1.02652543452366
-0.12,0.26,-0.113983091003918,0.256155429695178,0.0060169089960815,-0.00384457030482245,0.00714030214317637,0.940198757708929,-0.224031745078059,-0.0955560432167682,0.971245320491376
-0.12,0.275,-0.112840524270181,0.271695229354702,0.00715947572981879,-0.00330477064529759,0.00788540434878801,0.87137508643258,-0.216224562843861,-0.136944067620175,0.908195215945018
-0.12,0.29,-0.112245100723956,0.287283528114901,0.00775489927604361,-0.0027164718850992,0.00821691440165444,0.794224812942594,-0.206822227026355,-0.166187505576392,0.837376411901222
-0.12,0.305,-0.112288899908473,0.302908446395708,0.00771110009152653,-0.00209155360429177,0.00798972221677114,0.710346973436849,-0.194776281299145,-0.181050728585577,0.758497456053567
-0.12,0.32,-0.113050967826618,0.318558936889173,0.00694903217338208,-0.00144106311082744,0.00709688037352236,0.621368874862696,-0.178889219644499,-0.179687764776203,0.671113607186689
-0.12,0.335,-0.114596579861251,0.334224954961559,0.00540342013874873,-0.000775045038441349,0.00545872182909588,0.528906102354372,-0.157870659548199,-0.160671064984405,0.574876311797997
-0.12,0.35,-0.116977013786686,0.349897571874429,0.00302298621331432,-0.000102428125571111,0.00302472100643951,0.434525823217292,-0.130394000728911,-0.123002159887373,0.47004899427091
-0.1,0.05,-0.103417593396978,0.0494944457985162,-0.00341759339697817,-0.000505554201483821,0.0034547835934696,0.554094256137199,-0.178315807405274,0.270554718978671,0.641888726459452
-0.1,0.065,-0.106469985968761,0.0634587637191569,-0.00646998596876064,-0.00154123628084313,0.00665102456087381,0.664981359669349,-0.209144432237597,0.337199515204439,0.774373452046507
-0.1,0.08,-0.108616564291691,0.0775614635417546,-0.00861656429169058,-0.0024385364582454,0.00895497851761964,0.764137264709378,-0.22958742697308,0.3829279373542,0.885022895022633
-0.1,0.095,-0.109904915595182,0.0918045747115828,-0.00990491559518225,-0.00319542528841718,0.0104075979803959,0.850753897145482,-0.241152047228347,0.4080981793497,0.973911425543813
-0.1,0.11,-0.110396272696955,0.106188455678737,-0.0103962726969551,-0.00381154432126302,0.0110729560688376,0.92414326518707,-0.245441803218365,0.413512712448619,1.04177978325374
-0.1,0.125,-0.110165602009869,0.120711657729394,-0.0101656020098691,-0.00428834227060609,0.0110331021772175,0.9837651747732,-0.244100461590613,0.400435704770527,1.08984564047872
-0.1,0.14,-0.109301187000788,0.135370850596582,-0.00930118700078776,-0.00462914940341771,0.0103894708153392,1.02925302929815,-0.238749134572233,0.37059338024751,1.11970634638324
-0.1,0.155,-0.107903669813375,0.150160819315821,-0.00790366981337526,-0.00483918068417916,0.0092674519806143,1.06043613867342,-0.23091955669393,0.326155155846203,1.13325535482436
-0.1,0.17,-0.106084546940455,0.165074537542217,-0.00608454694045511,-0.00492546245778333,0.00782827515444077,1.07735696202386,-0.221987352654591,0.269694526999863,1.13258700118697
-0.1,0.185,-0.103964152595383,0.180103317379463,-0.00396415259538309,-0.00489668262053669,0.00630015924288812,1.0802818538683,-0.213109523359977,0.204130054457227,1.11988104629572
-0.1,0.2,-0.101669202150437,0.195237030162044,-0.00166920215043675,-0.00476296983795557,0.00504699093483406,1.0697041751311,-0.205170428855864,0.132648333703249,1.09726674286421
-0.1,0.215,-0.0993300035114218,0.210464387256101,0.000669996488578201,-0.00453561274389874,0.00458483132266868,1.04633906780914,-0.198740175528483,0.0586123270593079,1.06667303756057
-0.1,0.23,-0.0970774722645385,0.22577326522803,0.00292252773546151,-0.00422673477197014,0.00513872116358956,1.01110972461398,-0.194048522172032,-0.0145402654007822,1.02967842470929
-0.1,0.245,-0.0950401033070799,0.241151056614175,0.00495989669292013,-0.00384894338582464,0.00627813191894877,0.965125580507118,-0.190976276245148,-0.0834030023551069,0.987380125497473
-0.1,0.26,-0.0933410553419019,0.256585025954756,0.00665894465809815,-0.00341497404524399,0.00748355474953607,0.909653424752338,-0.189064776681933,-0.144705047709669,0.940305396407708
-0.1,0.275,-0.0920954942757982,0.272062651226928,0.00790450572420184,-0.00293734877307159,0.00843262880474439,0.846082938262992,-0.187542619906686,-0.195407996450214,0.888385428389798
-0.1,0.29,-0.0914083191118788,0.287571933029972,0.00859168088812118,-0.0024280669700277,0.00892818512880676,0.775888519690391,-0.185367448927293,-0.232789991131519,0.831003833670921
-0.1,0.305,-0.0913723617551361,0.303101657522304,0.0086276382448639,-0.00189834247769641,0.00883401640517295,0.700589463188087,-0.181279549987776,-0.25451306701698,0.767120305548433
-0.1,0.32,-0.092067114659355,0.318641603704863,0.00793288534064499,-0.00135839629513737,0.00804834829778527,0.621710550406411,-0.173863297182636,-0.258671109022229,0.695463252530412
-0.1,0.335,-0.0935580017603402,0.3341826904727,0.00644199823965985,-0.000817309527299859,0.00649363813152502,0.540744957492518,-0.161612204350978,-0.243817342641623,0.614796012341635
-0.1,0.35,-0.0958961724567344,0.349717063524358,0.00410382754326563,-0.000282936475641843,0.0041135694419949,0.459121061174551,-0.142993475468346,-0.208971779315359,0.524318992465255
-0.08,0.05,-0.0843269308444249,0.0492374629568967,-0.00432693084442487,-0.000762537043103306,0.00439360822952389,0.561673484656745,-0.180643084179142,0.347105050654195,0.684541099898157
-0.08,0.065,-0.0872905378018983,0.0633506093174405,-0.00729053780189831,-0.00164939068255954,0.00747478635578452,0.655758224962962,-0.201639956817294,0.409303018023184,0.798884736388877
-0.08,0.08,-0.0893417918471548,0.0775925041386844,-0.00934179184715481,-0.00240749586131556,0.0096470260307423,0.738919689978672,-0.212688257121993,0.449409418259015,0.890630900114571
-0.08,0.095,-0.0905286811948863,0.0919640543546115,-0.0105286811948863,-0.00303594564538853,0.0109576500065162,0.810528368763112,-0.21548111245898,0.467811654148404,0.960342481207996
-0.08,0.11,-0.0909130652180988,0.106464488531002,-0.0109130652180988,-0.00353551146899819,0.0114714791462085,0.870076244190059,-0.211807395587768,0.465376393144254,1.0092059071795
-0.08,0.125,-0.0905707637735834,0.121091243492152,-0.0105707637735834,-0.00390875650784753,0.0112702894459079,0.917200718223333,-0.203488261510983,0.443468239575198,1.03892169238507
-0.08,0.14,-0.0895911310391828,0.135839915381657,-0.00959113103918281,-0.00416008461834338,0.0104544774447388,0.951706192761903,-0.19230623989953,0.403949480274556,1.05163329982852
-0.08,0.155,-0.0880760755794358,0.150704283906797,-0.00807607557943579,-0.00429571609320265,0.00914746814797184,0.973581856566615,-0.179930498588871,0.349158532110102,1.04984719524528
-0.08,0.17,-0.0861385224343775,0.165676413871291,-0.00613852243437749,-0.00432358612870948,0.0075083190322285,0.983014271910795,-0.167842676835044,0.28186600632214,1.03632328306896
-0.08,0.185,-0.0839003518888655,0.180746832796542,-0.00390035188886547,-0.00425316720345778,0.00577080376702806,0.980393539472662,-0.157268135471142,0.205208892687224,1.01392419661083
-0.08,0.2,-0.0814898893639664,0.195904777624463,-0.00148988936396638,-0.00409522237553736,0.00435782246333671,0.966312137363466,-0.149117474529781,0.122605097681137,0.985419258033645
-0.08,0.215,-0.0790390574435674,0.211138498087139,0.000960942556432604,-0.00386150191286061,0.00397927224750825,0.941555980784041,-0.143942676217012,0.0376522589035111,0.953250130796458
-0.08,0.23,-0.0766803296672204,0.226435599701068,0.00331967033277956,-0.00356440029893237,0.00487084803800795,0.907087773282367,-0.141911252526522,-0.0459838108657894,0.919282150119151
-0.08,0.245,-0.0745436430216031,0.241783406442222,0.00545635697839691,-0.00321659355777754,0.00633390129317127,0.864023280580764,-0.142800404379603,-0.124684714348302,0.884584651466421
-0.08,0.26,-0.0727534295306935,0.2571693219691,0.0072465704693065,-0.00283067803089976,0.00777981501587561,0.813601680219385,-0.146011586102414,-0.194992365029619,0.849295182356836
-0.08,0.275,-0.0714259165067004,0.272581169116956,0.00857408349329961,-0.00241883088304434,0.0089087401236562,0.757151568699559,-0.150604211360072,-0.253712702054858,0.81261388778806
-0.08,0.29,-0.0706668215855053,0.288007490161354,0.00933317841449466,-0.00199250983864591,0.00954349594089555,0.696054486977831,-0.155345738117011,-0.298004607239498,0.772942400040445
-0.08,0.305,-0.0705695353130845,0.303437794416542,0.0094304646869155,-0.00156220558345829,0.00955898271240975,0.631707934466132,-0.158774205559309,-0.325449749077705,0.728140671588797
-0.08,0.32,-0.0712138453970083,0.318862744730843,0.0087861546029917,-0.00113725526915742,0.00885945044880881,0.565489769420581,-0.159268584336871,-0.334100740103109,0.67585039922057
-0.08,0.335,-0.072665217014879,0.334274279596037,0.00733478298512097,-0.000725720403963459,0.00737059777382737,0.498725665112472,-0.155122088406496,-0.322506745725138,0.613843918719118
-0.08,0.35,-0.0749746070439223,0.349665672415175,0.00502539295607771,-0.000334327584824601,0.00503650169234262,0.432660942870431,-0.144613855172346,-0.289717331635465,0.540413689630858
-0.06,0.05,-0.0650194869109632,0.0491085804492072,-0.00501948691096316,-0.000891419550792832,0.00509802684034383,0.51988627852664,-0.172067104243775,0.40742128762906,0.682558749356792
-0.06,0.065,-0.0679058731788221,0.0633732862772708,-0.00790587317882213,-0.00162671372272918,0.00807149479683501,0.594842022793029,-0.184605470531684,0.465465790268568,0.777549929184211
-0.06,0.08,-0.0698752433563444,0.0777567530075976,-0.0098752433563444,-0.00224324699240244,0.0101268251893645,0.659829283814156,-0.18764135360141,0.500424358328761,0.84912996444677
-0.06,0.095,-0.0709759669174165,0.092258722211786,-0.0109759669174165,-0.00274127778821401,0.0113131098149173,0.714436243483477,-0.18302993274603,0.51271834685901,0.89822921886499
-0.06,0.11,-0.0712704661646786,0.106877254778816,-0.0112704661646786,-0.00312274522118383,0.0116950820982835,0.758373453707506,-0.172719553720368,0.503279168304948,0.926429144502456
-0.06,0.125,-0.0708353040038308,0.121608641836267,-0.0108353040038308,-0.00339135816373295,0.0113536391985191,0.791492564592723,-0.158681456776127,0.473567675566529,0.935909239236194
-0.06,0.14,-0.0697607472738953,0.136447382639057,-0.00976074727389527,-0.00355261736094289,0.0103871688856072,0.813802194209572,-0.142831702638843,0.425572909375429,0.92941172186832
-0.06,0.155,-0.0681497667369134,0.151386237288093,-0.00814976673691342,-0.00361376271190741,0.00891504227718932,0.825479705722929,-0.126949402805948,0.361787670854552,0.910187143392949
-0.06,0.17,-0.0661164696008062,0.166416357224912,-0.00611646960080618,-0.00358364277508777,0.00708898412447262,0.826877760958479,-0.112596208732861,0.285159829436804,0.88189354265646
-0.06,0.185,-0.0637840001458423,0.181527490977702,-0.00378400014584231,-0.00347250902229762,0.00513585202412151,0.818524738232964,-0.101042467192935,0.199020046610124,0.848418799192786
-0.06,0.2,-0.0612819848017777,0.196708256660931,-0.00128198480177771,-0.00329174333906937,0.00353257119422901,0.801118454232532,-0.0932053921980355,0.106988518956153,0.813594302173071
-0.06,0.215,-0.0587436352627198,0.211946467305843,0.00125636473728015,-0.00305353269415684,0.0033018955567016,0.775513056453442,-0.0896039773993663,0.0128651890673394,0.780784426442019
-0.06,0.23,-0.0563026524774482,0.227229490685369,0.00369734752255183,-0.00277050931463144,0.00462018404016331,0.742699449048594,-0.0903342091979609,-0.0794905844628138,0.752389280015761
-0.06,0.245,-0.05409009184334,0.242544622534324,0.00590990815666004,-0.00245537746567639,0.00639967912626159,0.703780100060687,-0.0950665482561416,-0.166283885176684,0.72938439304369
-0.06,0.26,-0.0522313532961659,0.257879451313215,0.00776864670383411,-0.00212054868678482,0.00805286274203263,0.65993950443352,-0.103065813799813,-0.24390426890237,0.711082621062418
-0.06,0.275,-0.0508434485161537,0.273222194042129,0.00915655148384631,-0.001777805957871,0.00932754142848852,0.612411896093346,-0.113231758823938,-0.309034971687497,0.695254130985681
-0.06,0.29,-0.0500326734274013,0.288561985837559,0.00996732657259872,-0.00143801416244085,0.0100705254945416,0.562447967640325,-0.124156994715176,-0.358745344078847,0.678576657297336
-0.06,0.305,-0.0498927795667442,0.303889110481029,0.0101072204332558,-0.00111088951897073,0.010168086369115,0.511282361724387,-0.134197703324069,-0.39056211463692,0.657238296919564
-0.06,0.32,-0.0505036984778109,0.319195164606473,0.00949630152218914,-0.000804835393526687,0.00953034640561428,0.460103544001908,-0.141551883225021,-0.402516945912905,0.627499828154712
-0.06,0.335,-0.0519308324653258,0.334473153597861,0.00806916753467415,-0.00052684640213882,0.00808634848581769,0.410027388760051,-0.144339751699734,-0.393169674907074,0.586124400319291
-0.06,0.35,-0.0542248878814353,0.349717522211939,0.00577511211856474,-0.000282477788060675,0.00578201640284261,0.362075440573088,-0.140681316003005,-0.361608400450358,0.530709436827345
-0.04,0.05,-0.0454971673079581,0.0490834025525675,-0.00549716730795807,-0.000916597447432527,0.00557306013715291,0.436679174867496,-0.158211801214932,0.449764283905874,0.646538492630031
-0.04,0.065,-0.0483183989850145,0.063501569074645,-0.00831839898501446,-0.00149843092535501,0.00845228116616751,0.49061212437999,-0.16410791278211,0.504074261724804,0.722308406917192
-0.04,0.08,-0.0502198831954699,0.0780281821248331,-0.0102198831954699,-0.00197181787516687,0.0104083657824788,0.535667798109567,-0.160941563670205,0.534527174594851,0.773673427360529
-0.04,0.095,-0.0512503482220149,0.0926617846494397,-0.0112503482220149,-0.00233821535056025,0.0114907609035341,0.571685687575598,-0.150696151664452,0.541583666365129,0.801783769956514
-0.04,0.11,-0.0514727105767532,0.107399242165373,-0.0114727105767532,-0.00260075783462674,0.0117638016513505,0.598627643188724,-0.135443181143359,0.52623948151792,0.808479281016321
-0.04,0.125,-0.0509641581844682,0.122235679255541,-0.0109641581844682,-0.00276432074445851,0.011307264650316,0.616590111538265,-0.117266286651971,0.490044854536558,0.796297000780464
-0.04,0.14,-0.0498157023780553,0.137164485375262,-0.00981570237805525,-0.00283551462473755,0.0102170522344588,0.625812946018915,-0.0981773359720916,0.435101801947068,0.768507036549731
-0.04,0.155,-0.0481311594967963,0.152177396801212,-0.00813115949679627,-0.00282260319878755,0.00860713910542556,0.626683865618282,-0.0800291538654409,0.364036686636261,0.729155139589609
-0.04,0.17,-0.0460255582106353,0.167264656492216,-0.00602555821063525,-0.00273534350778382,0.00661736018781878,0.619737798268913,-0.0644302911324103,0.279947016685431,0.683082762082906
-0.04,0.185,-0.043623009080654,0.182415247906305,-0.00362300908065396,-0.00258475209369549,0.00445052111379828,0.605650616819123,-0.0526676998229635,0.186323369217647,0.635851479247407
-0.04,0.2,-0.0410541141906716,0.197617192818969,-0.00105411419067164,-0.00238280718103098,0.00260555690572057,0.585227124418494,-0.0456430400134595,0.0869494011700415,0.593411678637056
-0.04,0.215,-0.0384530326016185,0.212857897727101,0.00154696739838152,-0.00214210227289888,0.00264229261801448,0.55938355421342,-0.0438275863582855,-0.0142151155506252,0.56128015012344
-0.04,0.23,-0.0359543468877592,0.228124529224564,0.00404565311224084,-0.0018754707754364,0.00445922636049125,0.529125261791901,-0.0472393634002756,-0.113161694730127,0.543150880118668
-0.04,0.245,-0.0336898936721061,0.243404396236979,0.00631010632789392,-0.00159560376302081,0.00650871671206337,0.49552066989499,-0.0554443561155086,-0.205963401484087,0.53947927099459
-0.04,0.26,-0.0317857242120721,0.258685316659467,0.0082142757879279,-0.00131468334053311,0.00831881716387695,0.45967281722835,-0.0675816282153918,-0.288900131490993,0.547112361226378
-0.04,0.275,-0.0303593492583908,0.273955947781076,0.00964065074160922,-0.00104405221892412,0.00969701973585342,0.422690034282806,-0.0824101920307295,-0.358571546630112,0.560387689251039
-0.04,0.29,-0.0295173975317247,0.289206063470739,0.0104826024682753,-0.000793936529261074,0.0105126252534934,0.385657301633083,-0.0983737604551776,-0.411991511580318,0.572842639934846
-0.04,0.305,-0.0293537820147112,0.304426766234824,0.0106462179852888,-0.000573233765176179,0.0106616393833137,0.349609734464517,-0.113678274072469,-0.446659611445532,0.578495780361813
-0.04,0.32,-0.0299484278803356,0.319610627883492,0.0100515721196644,-0.000389372116507858,0.0100591109309883,0.315509405872945,-0.126376453785551,-0.460607356838154,0.572432577763124
-0.04,0.335,-0.0313665744619345,0.334751758282908,0.00863342553806548,-0.000248241717091729,0.00863699371722742,0.284226404803848,-0.1344536035243,-0.452418742796739,0.55095143025235
-0.04,0.35,-0.0336586259744503,0.349845806704163,0.00634137402554968,-0.000154193295836519,0.00634324838741139,0.256524664537282,-0.135909410041643,-0.421226678999097,0.511575923012997
-0.02,0.05,-0.0257634391959938,0.0491366440696022,-0.00576343919599381,-0.000863355930397769,0.00582774526111693,0.32209346077745,-0.143850819705407,0.472954139678649,0.590021991504882
-0.02,0.065,-0.0285320396129099,0.0637093050768464,-0.00853203961290988,-0.00129069492315359,0.00862911312597754,0.353688449836365,-0.145280739365263,0.524069933585575,0.648734001105725
-0.02,0.08,-0.0303801300859407,0.0783798019799492,-0.0103801300859407,-0.00162019802005076,0.0105058146864118,0.377617983817703,-0.13806606661272,0.550815980315012,0.681954041609293
-0.02,0.095,-0.0313567718635209,0.0931454561700975,-0.0113567718635209,-0.00185454382990247,0.0115071977465015,0.393997890088336,-0.124275898398407,0.553697585197766,0.690844146209273
-0.02,0.11,-0.0315253017090961,0.108001920904407,-0.011525301709096,-0.00199807909559294,0.0116972175989822,0.403064995601765,-0.106059680161232,0.533773067476568,0.677221583697892
-0.02,0.125,-0.0309634074475631,0.122943144408758,-0.0109634074475631,-0.00205685559124219,0.0111546832220599,0.405181821531182,-0.0855670473744995,0.492672329728993,0.643602678776387
-0.02,0.14,-0.0297626678529982,0.137961404353951,-0.00976266785299819,-0.00203859564604925,0.00997324199125115,0.400837287802374,-0.0648599183106993,0.432592210426998,0.593309789553143
-0.02,0.155,-0.028027517767275,0.153047419446074,-0.00802751776727501,-0.001952580553926,0.00826157444579941,0.39064287944432,-0.0458217213689162,0.356265992252753,0.530687252561299
-0.02,0.17,-0.0258736349611939,0.168190538661967,-0.0058736349611939,-0.0018094613380335,0.00614603433046035,0.375323969026008,-0.0300695241336858,0.266906142889652,0.461532554575592
-0.02,0.185,-0.0234257861180538,0.18337900273469,-0.00342578611805385,-0.00162099726530957,0.00378993966453182,0.355706292745023,-0.0188752239225601,0.168121415797194,0.393889149717078
-0.02,0.2,-0.0208152110130634,0.198600266418431,-0.000815211013063366,-0.00139973358156911,0.00161982193317417,0.332697924372275,-0.013101735656722,0.0638116053569489,0.339015959290324
-0.02,0.215,-0.0181766621388163,0.213841364784092,0.00182333786118368,-0.00115863521590759,0.00216032324423154,0.30726743874705,-0.0131592317579583,-0.0419547026095395,0.310397933315305
-0.02,0.23,-0.0156452467746754,0.229089302630882,0.00435475322532456,-0.000910697369117697,0.00444896003034333,0.280419272113776,-0.0189850051474981,-0.145072415538616,0.316293626879033
-0.02,0.245,-0.0133532360549357,0.244331444066178,0.0066467639450643,-0.000668555933822174,0.00668030223702907,0.253167519950487,-0.0300485993956025,-0.241534293549151,0.35119213059198
-0.02,0.26,-0.0114270085565376,0.259555879297839,0.00857299144346237,-0.000444120702160877,0.00858448749126975,0.226509542773336,-0.0453817155149113,-0.327559218764417,0.400826359043667
-0.02,0.275,-0.00998428376192379,0.27475174798096,0.0100157162380762,-0.000248252019039885,0.0100187923836469,0.20140075476886,-0.0636303367361494,-0.399706826973905,0.452081509942271
-0.02,0.29,-0.0091317752724838,0.289909502597037,0.0108682247275162,-9.04974029632133e-05,0.0108686014973288,0.178731850952322,-0.0831247714858525,-0.454972289904303,0.495838805606836
-0.02,0.305,-0.00896335810580263,0.305021100785298,0.0110366418941974,2.11007852978506e-05,0.0110366620653118,0.159309501150447,-0.1019621044197,-0.490856913605007,0.526040151804481
-0.02,0.32,-0.00955880340562633,0.320080121597838,0.0104411965943737,8.01215978382952e-05,0.0104415040005164,0.143841243716178,-0.118094973868815,-0.505412351905316,0.538591225091303
-0.02,0.335,-0.0109830921061968,0.33508180654453,0.00901690789380322,8.18065445303551e-05,0.00901727898404273,0.13292496953955,-0.129420669337041,-0.497258370473568,0.530741611706662
-0.02,0.35,-0.0132862810772211,0.350023031441004,0.00671371892277889,2.30314410044619e-05,0.00671375842739028,0.127043063958123,-0.133865181246289,-0.465575991376673,0.500821752319239
0,0.05,-0.0058232864028413,0.0492423443262824,-0.0058232864028413,-0.000757655673717605,0.0058723680614751,0.187821414081453,-0.132487554088239,0.476504874605355,0.52904510174242
0,0.065,-0.00855218403755981,0.0639696415263711,-0.00855218403755981,-0.00103035847362892,0.00861402869721663,0.196453734148813,-0.131863572544681,0.525079328989929,0.575928090991539
0,0.08,-0.0103617950224859,0.0787839014419982,-0.0103617950224859,-0.00121609855800181,0.0104329138686557,0.198731838298845,-0.12297417238496,0.54905448861202,0.596725264012564
0,0.095,-0.0113014836797839,0.0936812118795089,-0.0113014836797839,-0.0013187881204911,0.0113781692495397,0.195061770534794,-0.107925318585801,0.548984977614388,0.592523926344145
0,0.11,-0.0114349278186902,0.108656008261919,-0.0114349278186902,-0.00134399173808072,0.0115136392166284,0.185967358722898,-0.0888929336777826,0.525988151239893,0.564935335280287
0,0.125,-0.0108401836289561,0.123701064094395,-0.0108401836289561,-0.00129893590560462,0.0109177294157878,0.172086688345993,-0.0680404164533379,0.481760971886891,0.516080188835822
0,0.14,-0.00960921286322132,0.138807554499726,-0.00960921286322132,-0.00119244550027392,0.009682917851651,0.154164081270498,-0.0474288941743799,0.418572970236078,0.44857599488611
0,0.155,-0.00784683356133825,0.153965197507348,-0.00784683356133825,-0.00103480249265203,0.00791477183108542,0.133037475324229,-0.0289253114175837,0.339232771246674,0.365533814798842
0,0.17,-0.00566909150325249,0.169162472273034,-0.00566909150325249,-0.00083752772696577,0.00573062397699291,0.109621400771319,-0.0141143015467808,0.247027439074193,0.27062660037853
0,0.185,-0.00320109049082819,0.184386907418222,-0.00320109049082819,-0.000613092581778413,0.00325927336139551,0.0848860892085622,-0.00422011100462234,0.145636015615879,0.16862184628773
0,0.2,-0.000574361447015836,0.199625426570242,-0.000574361447015836,-0.00037457342975844,0.000685708630614437,0.0598335659147533,-4.45293117735087e-05,0.0390208362970938,0.0714330730085291
0,0.215,0.00207611148591582,0.214864733013538,0.00207611148591582,-0.000135266986461963,0.00208051341249656,0.0354718498869974,-0.00192579131086365,-0.0686977447141301,0.0773391352647723
0,0.23,0.00461505998383497,0.230091711453713,0.00461505998383497,9.17114537133668e-05,0.00461597114864652,0.0127885687751175,-0.00972183367738451,-0.173375988301632,0.174118689958494
0,0.245,0.00691013037116672,0.245293823122788,0.00691013037116672,0.000293823122788028,0.0069163743228664,-0.007274631694064,-0.0228192796590428,-0.270982608380924,0.272039248752629
0,0.26,0.00883494427390953,0.260459471011912,0.00883494427390953,0.000459471011912294,0.00884688385443567,-0.0238455573263234,-0.0401673434224172,-0.357727545125076,0.360765093413236
0,0.275,0.0102718654513515,0.275578314594549,0.0102718654513515,0.000578314594548601,0.0102881323679732,-0.0361416621579846,-0.0603337705117525,-0.430176130742032,0.435888521809175
0,0.29,0.011114343048881,0.290641518113517,0.011114343048881,0.000641518113516537,0.0111328418159148,-0.0434860862080703,-0.0815782237652789,-0.485342536835819,0.494069769318597
0,0.305,0.0112687373036853,0.305641922277492,0.0112687373036853,0.000641922277491713,0.0112870060082295,-0.0453189816738054,-0.101937380391261,-0.520758345966339,0.532575193473824
0,0.32,0.0106555749897118,0.320574135558661,0.0106555749897118,0.000574135558660732,0.0106710313466455,-0.0412039268118524,-0.119315522573442,-0.534514277423443,0.549219245819338
0,0.335,0.0092102238558544,0.335434547359467,0.0092102238558544,0.000434547359467408,0.00922046934177267,-0.0308295617610861,-0.131574573526495,-0.52527524913897,0.542382350796139
0,0.35,0.00688301338801672,0.350221270516372,0.00688301338801672,0.000221270516371996,0.00688656909796402,-0.0140068644929964,-0.136618253958191,-0.492270833082063,0.511070488741168
0.02,0.05,0.0143168642453183,0.0493740951301294,-0.00568313575468166,-0.000625904869870603,0.00571749848380118,0.0465897796871542,-0.126038345273014,0.460709347436937,0.479906992394473
0.02,0.065,0.0116143958124153,0.0642552673354841,-0.00838560418758466,-0.000744732664515857,0.00841860940609756,0.032387093160518,-0.125856456856686,0.507493613973134,0.523870644029885
0.02,0.08,0.00982800888370545,0.0792123032480967,-0.0101719911162945,-0.000787696751903294,0.0102024442876663,0.0132144833993402,-0.117733522953007,0.529743799041738,0.542831927701699
0.02,0.095,0.00890807055977659,0.0942400562964708,-0.0110919294402234,-0.000759943703529192,0.0111179320531936,-0.01023067707239,-0.103760442272064,0.528066950906068,0.538263626506537
0.02,0.11,0.00879064634684577,0.10933175009169,-0.0112093536531542,-0.000668249908310409,0.0112292549735697,-0.037138749971622,-0.0860854416164464,0.503633740796706,0.512287695758323
0.02,0.125,0.00939744876919403,0.124478996651095,-0.010602551230806,-0.000521003348905452,0.0106153444169954,-0.0665998030966725,-0.0668313366156109,0.458192815990537,0.467807475030108
0.02,0.14,0.0106363233455129,0.139671889070628,-0.00936367665448713,-0.000328110929372433,0.00936942352931924,-0.0976204485970195,-0.0480063035872334,0.394061020814245,0.408802096692714
0.02,0.155,0.0124023099080117,0.154899172150913,-0.0075976900919883,-0.000100827849087159,0.00759835909845334,-0.129145189745952,-0.0314133383784493,0.31408716064661,0.34105185205345
0.02,0.17,0.0145792812935327,0.170148488837398,-0.0054207187064673,0.000148488837398125,0.00542275208998866,-0.160081553744908,-0.0185643456471502,0.221588808567233,0.273993580081549
0.02,0.185,0.0170421206164198,0.185406694207257,-0.00295787938358018,0.000406694207256891,0.00298570772615556,-0.18932794671468,-0.0106050332925895,0.120263766616725,0.224546156133996
0.02,0.2,0.0196593566208074,0.200660222771179,-0.000340643379192596,0.000660222771178859,0.000742921274006097,-0.215802888807525,-0.00825638047608556,0.0140799846816061,0.216419399062977
0.02,0.215,0.0222961385999729,0.215895489696552,0.00229613859997293,0.000895489696552038,0.00246457993721374,-0.238474114302133,-0.0117773854492366,-0.0928502745247937,0.256183318774762
0.02,0.23,0.024817402975908,0.231099303005907,0.00481740297590803,0.00109930300590683,0.00494123856245408,-0.25638597758467,-0.0209521678607868,-0.19640471241917,0.323647728904494
0.02,0.245,0.027091066353513,0.246259262370134,0.00709106635351303,0.00125926237013446,0.00720201109043587,-0.268683707599355,-0.0351024825878776,-0.292585586354285,0.398785764979564
0.02,0.26,0.0289910776249834,0.261364121042638,0.00899107762498337,0.00136412104263819,0.00909397069917453,-0.274633292046155,-0.0531245512831471,-0.377646462166039,0.469961436422574
0.02,0.275,0.0304001739755254,0.276404090543899,0.0104001739755254,0.00140409054389865,0.0104945266199415,-0.273636107718901,-0.0735471093533737,-0.448203779551127,0.530258928864152
0.02,0.29,0.0312122119555243,0.291371072828398,0.0112122119555243,0.00137107282839785,0.0112957309474143,-0.265237824421481,-0.0946059515937654,-0.501327369984217,0.575007214294288
0.02,0.305,0.0313339803278917,0.306258810719135,0.0113339803278917,0.00125881071913481,0.0114036710974863,-0.249131522685507,-0.11432921669895,-0.534606029101726,0.600786650052727
0.02,0.32,0.0306864428283885,0.321062954066785,0.0106864428283885,0.00106295406678505,0.0107391774206645,-0.225155359369094,-0.130627264370068,-0.546186422804913,0.605046633285781
0.02,0.335,0.0292054007333286,0.335781045259295,0.00920540073332859,0.000781045259294483,0.00923847575946557,-0.193285430079322,-0.141381243858318,-0.534785705217479,0.585957896632412
0.02,0.35,0.0268416031052403,0.350412432925512,0.00684160310524032,0.000412432925512518,0.00685402319573554,-0.153624695551354,-0.144525226307154,-0.499680045667779,0.542374808466263
0.04,0.05,0.0346492435739313,0.0495052780233549,-0.00535075642606869,-0.000494721976645129,0.00537357833899266,-0.0885703803869689,-0.124666015260347,0.426660002094193,0.453239623447305
0.04,0.065,0.0319596531943395,0.0645386646193587,-0.00804034680566051,-0.000461335380641331,0.00805357107677872,-0.12472571447602,-0.127341408414212,0.472483697303937,0.50498993376212
0.04,0.08,0.0301809821019183,0.0796366295917532,-0.00981901789808173,-0.000363370408246827,0.00982573918524397,-0.164424519495501,-0.122330899252984,0.494130528334637,0.534946099485033
0.04,0.095,0.0292633683702775,0.0947928025648656,-0.0107366316297225,-0.000207197435134449,0.0107386307101736,-0.206690145965609,-0.111658944482503,0.492260749464961,0.545446082272434
0.04,0.11,0.0291427100945803,0.10999921295882,-0.0108572899054197,-7.87041179867165e-07,0.0108572899339458,-0.250441779908535,-0.0973931647426217,0.468090192746751,0.539737988747519
0.04,0.125,0.0297406301329509,0.125246336056874,-0.0102593698670491,0.00024633605687388,0.0102623268083721,-0.294514586794983,-0.0815634551051099,0.423401409183073,0.522170546429838
0.04,0.14,0.0309649754765843,0.140523214515881,-0.00903502452341572,0.000523214515880666,0.00905016141117669,-0.337684910991462,-0.0660756240152078,0.360530953307769,0.498378592597341
0.04,0.155,0.0327108880608209,0.155817657583809,-0.00728911193917914,0.000817657583808834,0.00733482902229111,-0.3786997128496,-0.0526246572967482,0.282330779805687,0.475283906352339
0.04,0.17,0.0348624481313004,0.171116514602553,-0.00513755186869961,0.00111651460255277,0.00525747506520881,-0.416309028014359,-0.0426133602793787,0.192103522193927,0.460471508105328
0.04,0.185,0.0372948508092074,0.186406013109051,-0.00270514919079258,0.00140601310905139,0.00304872186453112,-0.449299897511705,-0.0370822602407943,0.0935134906758957,0.460425244383174
0.04,0.2,0.0398770351723958,0.201672146031579,-0.000122964827604211,0.00167214603157853,0.0016766611761926,-0.476530004445573,-0.0366561658074681,-0.00952268300657244,0.478034022540179
0.04,0.215,0.0424746476788768,0.216901087483168,0.0024746476788768,0.00190108748316817,0.00312057923360857,-0.496959179620174,-0.0415116793936599,-0.112959948344782,0.511325073617048
0.04,0.23,0.0449531927525083,0.232079613324781,0.00495319275250831,0.00207961332478065,0.00537204895957828,-0.509677042134738,-0.0513683382723831,-0.212756096467656,0.554686355598832
0.04,0.245,0.0471812065573687,0.247195501742867,0.0071812065573687,0.00219550174286734,0.00750932457165948,-0.51392530791533,-0.0655041054982777,-0.305002480014645,0.601198668489137
0.04,0.26,0.0490332878408474,0.262237890210029,0.00903328784084735,0.00223789021002882,0.00930636566054351,-0.509113693755095,-0.0827938864731981,-0.386046367380234,0.644273041728177
0.04,0.275,0.0503928323023159,0.277197568892949,0.0103928323023159,0.00219756889294898,0.0106226301970518,-0.494828840490345,-0.101767873534511,-0.452597956944128,0.67827912023923
0.04,0.29,0.0511543429851734,0.292067195876771,0.0111543429851734,0.00206719587677076,0.0113442790085498,-0.470836184957048,-0.120685045391137,-0.501816560842791,0.69862543691667
0.04,0.305,0.0512252246779752,0.306841426046936,0.0112252246779752,0.00184142604693607,0.0113752590720985,-0.437075203272039,-0.137616233109638,-0.531372390324177,0.701666395966178
0.04,0.32,0.050527011353668,0.321516952284273,0.010527011353668,0.00151695228427315,0.0106357469071531,-0.393648836439612,-0.150530870053436,-0.539482460398023,0.68459173967439
0.04,0.335,0.0489960170925472,0.336092463910616,0.00899601709254719,0.00109246391061593,0.00906210797361185,-0.340808217431338,-0.157381845714722,-0.52492114043139,0.645341686951149
0.04,0.35,0.046583438548935,0.35056853252928,0.00658343854893501,0.000568532529279658,0.00660794161327509,-0.278933956613373,-0.156183665169577,-0.487007582308751,0.582560553391039
0.06,0.05,0.0551648647405022,0.0496093058083462,-0.0048351352594978,-0.000390694191653801,0.00485089424014077,-0.205087829452244,-0.126789216089893,0.376199992090608,0.446837743635042
0.06,0.065,0.0524743979677713,0.0647923645152876,-0.00752560203222868,-0.000207635484712421,0.00752846587572769,-0.26161712446752,-0.134499250303434,0.421945887306108,0.514367258750067
0.06,0.08,0.0506877764220191,0.0800285719397407,-0.00931222357798092,2.85719397406792e-05,0.00931226741035954,-0.320255507320607,-0.13469800161686,0.444147127069153,0.563893942789408
0.06,0.095,0.0497549540423691,0.095310355735251,-0.0102450459576309,0.000310355735250983,0.010249745721547,-0.379771345501978,-0.129296300190885,0.443515084822468,0.598040705695659
0.06,0.11,0.0496117552939982,0.110628580124202,-0.0103882447060018,0.0006285801242015,0.0104072446422824,-0.438839550167395,-0.120233367173987,0.421300154198772,0.620107883227763
0.06,0.125,0.0501798583869622,0.125972619577185,-0.00982014161303776,0.000972619577185446,0.00986818981080321,-0.496069145572432,-0.109399752674012,0.379299204357262,0.633975465009681
0.06,0.14,0.051367307990921,0.141330508487265,-0.00863269200907897,0.00133050848726518,0.00873462215315011,-0.550035865524237,-0.0985559756644149,0.319839936334865,0.643859209047244
0.06,0.155,0.0530695927983322,0.156689167895665,-0.00693040720166782,0.00168916789566487,0.00713329041611752,-0.599318542892996,-0.089251735203519,0.245740461434396,0.65386665505194
0.06,0.17,0.0551712879943742,0.172034704496173,-0.00482871200562583,0.00203470449617263,0.00523989332143509,-0.642537644537307,-0.0827510876738422,0.16024416560984,0.667372156510153
0.06,0.185,0.0575482228254559,0.187352770996298,-0.00245177717454411,0.00235277099629777,0.00339804983404239,-0.678394009237638,-0.0799690086257212,0.0669318695882905,0.686366507780949
0.06,0.2,0.060070092803973,0.202628971081926,7.00928039729654e-05,0.00262897108192631,0.00262990531213076,-0.705705686415702,-0.0814242126467485,-0.0303847485796789,0.711041587950658
0.06,0.215,0.0626033992889223,0.217849287544405,0.0026033992889223,0.00284928754440519,0.00385955015102326,-0.723440822793932,-0.0872120058642439,-0.127782799068133,0.739803085743463
0.06,0.23,0.0650145708751967,0.233000509071997,0.00501457087519672,0.00300050907199748,0.00584371249750622,-0.730744773515741,-0.0969993923909636,-0.221354001284158,0.76967740551033
0.06,0.245,0.0671731046541691,0.248070630643022,0.00717310465416915,0.00307063064302243,0.00780270484675228,-0.726960014022306,-0.110042827550698,-0.307329202434166,0.79689507565924
0.06,0.26,0.0689545635601675,0.263049203970649,0.00895456356016745,0.00304920397064942,0.00945948483838856,-0.711637976272479,-0.12522713631314,-0.382194276344632,0.817431491700929
0.06,0.275,0.0702432785732091,0.277927618529266,0.0102432785732091,0.00292761852926565,0.010653436355527,-0.684542519324235,-0.141122425172727,-0.442790941062115,0.827399367879134
0.06,0.29,0.0709346303373953,0.292699299292965,0.0109346303373953,0.00269929929296547,0.0112628751785896,-0.645645344193346,-0.15605451664577,-0.486397475509794,0.823289189179115
0.06,0.305,0.0709368197974851,0.307359814076134,0.0109368197974851,0.00235981407613384,0.0111885097200914,-0.595114181905847,-0.168183658348681,-0.510786131238565,0.8020970086569
0.06,0.32,0.0701720779090521,0.321906890283258,0.0101720779090521,0.00190689028325849,0.0103492704834791,-0.533294984731206,-0.175586053344718,-0.514255988537079,0.761381478121858
0.06,0.335,0.0685773052878405,0.336340347249373,0.00857730528784045,0.00134034724937249,0.00868139946953924,-0.460689601628426,-0.176333088105193,-0.495641863944511,0.699281913244194
0.06,0.35,0.0661041697035111,0.350661955500698,0.00610416970351113,0.000661955500698308,0.00613995707266492,-0.377930515746685,-0.16856389409357,-0.454301448313533,0.614523138050238
0.08,0.05,0.075853668244337,0.0496598631742775,-0.00414633175566298,-0.000340136825722537,0.00416025961788827,-0.291563417666934,-0.129265405106619,0.311809760640841,0.446032625506674
0.08,0.065,0.0731484473025458,0.0649892016484389,-0.00685155269745424,-1.07983515611476e-05,0.00685156120678995,-0.366302883761778,-0.143818307617784,0.358383934489279,0.532261768439893
0.08,0.08,0.0713381504607766,0.0803601589923895,-0.00866184953922336,0.000360158992389503,0.00866933399633115,-0.441744921170626,-0.150947269801041,0.382290969576424,0.603384954888391
0.08,0.095,0.0703725978608626,0.095763993619201,-0.00962740213913738,0.000763993619200987,0.00965766836243856,-0.516437346635174,-0.152409619006066,0.384288191907812,0.661527399901828
0.08,0.11,0.07018763808689,0.111190444448836,-0.00981236191310997,0.00119044444883559,0.00988431101795237,-0.588847566416587,-0.149976705878417,0.365647801177506,0.709182067089954
0.08,0.125,0.0707051518257442,0.126627831627206,-0.00929484817425583,0.00162783162720614,0.00943631487334963,-0.65739642774705,-0.145362360654358,0.328160424319368,0.748997685047626
0.08,0.14,0.0718335776015072,0.142063233355889,-0.00816642239849276,0.0020632333558892,0.00842302716791642,-0.720496849645417,-0.14014828261389,0.274116762712865,0.783522059719002
0.08,0.155,0.0734689931800317,0.157482738661705,-0.00653100681996827,0.0024827386617054,0.0069869908648,-0.776595652528186,-0.135710875935548,0.206266033687725,0.814908044218293
0.08,0.17,0.0754967515294492,0.17287177005501,-0.00450324847055081,0.00287177005500977,0.00534100271825142,-0.824216606448756,-0.133154433653582,0.127751553018788,0.844628022236685
0.08,0.185,0.0777936312279022,0.188215463964251,-0.00220636877209781,0.00321546396425149,0.00389965019763161,-0.86200246513948,-0.133255497314513,0.0420255926641356,0.873261810687736
0.08,0.2,0.0802304214404889,0.20349909112953,0.000230421440488904,0.00349909112952951,0.00350666975533612,-0.888753681238689,-0.136422641392849,-0.0472525868150179,0.900413091519151
0.08,0.215,0.0826748257329613,0.218708494663867,0.00267482573296131,0.00370849466386663,0.00457248568872985,-0.903461629176831,-0.142674870587723,-0.136330126335022,0.92477213573156
0.08,0.23,0.0849945415476206,0.233830520861467,0.00499454154762061,0.00383052086146668,0.00629430975890446,-0.90533450954676,-0.151640380588112,-0.221478929266811,0.944297876326662
0.08,0.245,0.0870603563054639,0.248853417478402,0.00706035630546392,0.00385341747840234,0.00804347297023872,-0.893814619385859,-0.162575780716617,-0.2991120962381,0.956464713859568
0.08,0.26,0.0887490995641341,0.263767176207537,0.00874909956413412,0.00376717620753664,0.00952566846797442,-0.868586302930008,-0.174404214218149,-0.365891747861071,0.958518228412326
0.08,0.275,0.0899463030846632,0.278563800417368,0.00994630308466324,0.00356380041736809,0.0105654918705574,-0.829574566196696,-0.185769341667392,-0.418822395556252,0.947700841325424
0.08,0.29,0.0905484460287889,0.29323748512133,0.0105484460287889,0.00323748512133004,0.0110340846259717,-0.776934974450723,-0.195101045960026,-0.455325369310079,0.921429250237289
0.08,0.305,0.0904646968533353,0.30778470306906,0.0104646968533353,0.00278470306906009,0.0108288711976382,-0.7110359842847,-0.200688081575354,-0.473291480647533,0.877421077954033
0.08,0.32,0.0896181031086225,0.322204197911317,0.00961810310862249,0.00220419791131687,0.00986744120024777,-0.632435247692365,-0.200752761086892,-0.471110877384849,0.81377675370595
0.08,0.335,0.0879462202752796,0.336496891715387,0.00794622027527964,0.00149689171538669,0.00808598178769026,-0.541851638660625,-0.193523108269847,-0.447680724267493,0.729026469375487
0.08,0.35,0.0854012070765306,0.350665719254512,0.00540120707653061,0.000665719254511865,0.00544207864785067,-0.440134797571166,-0.177298614088309,-0.402392758509809,0.622155265224985
0.1,0.05,0.0967046828617173,0.0496311412717381,-0.00329531713828274,-0.000368858728261867,0.0033158968324233,-0.338354342405103,-0.127718191367011,0.23644373040287,0.432090407125799
0.1,0.065,0.0939707910392578,0.0651025617091047,-0.00602920896074216,0.000102561709104665,0.00603008122635741,-0.428704109611981,-0.150461037952281,0.284742937652846,0.536196210712418
0.1,0.08,0.0921211380725229,0.0806040168160636,-0.00787886192747714,0.000604016816063591,0.00790198086471591,-0.518412955894675,-0.165778820078564,0.311458251141908,0.627092319962077
0.1,0.095,0.0911054660336152,0.0961256388293548,-0.00889453396638484,0.00112563882935479,0.0089654780828088,-0.605849767893742,-0.17524501812393,0.317384887009952,0.706048321567413
0.1,0.11,0.090859748622224,0.111656091452384,-0.00914025137777597,0.00165609145238371,0.00928907068266755,-0.689317860403363,-0.180434121198904,0.303802512034288,0.774610024579286
0.1,0.125,0.0913062168548416,0.127182696739496,-0.00869378314515842,0.00218269673949623,0.00896359472709739,-0.767093697738266,-0.182856892919611,0.272474951540031,0.834340628710456
0.1,0.14,0.0923538971921129,0.142691637750328,-0.00764610280788709,0.00269163775032832,0.00810603490788014,-0.83746994464749,-0.18389375861264,0.225629534064491,0.886621224457902
0.1,0.155,0.0938996937128248,0.158168235549741,-0.00610030628717523,0.00316823554974083,0.00687396925334927,-0.898801021683468,-0.184730377300623,0.165915158174892,0.932478214637485
0.1,0.17,0.0958300120146346,0.173597293406897,-0.00416998798536537,0.00359729340689707,0.005507206156791,-0.949548959619664,-0.186299714140169,0.0963396740839468,0.972447861565268
0.1,0.185,0.0980228845290625,0.188963494871642,-0.0019771154709375,0.00396349487164194,0.00442925244064417,-0.988327158733426,-0.189234776564288,0.0201887764952949,1.00649590690102
0.1,0.2,0.100350518349214,0.204251837048848,0.000350518349214402,0.00425183704884813,0.00426626082220644,-1.01393965649805,-0.193835589146815,-0.0590698495515989,1.03400392992553
0.1,0.215,0.102682151958715,0.219448076128827,0.00268215195871526,0.00444807612882669,0.00519416214393409,-1.02541372499431,-0.200052994702856,-0.137892099881888,1.05382163860391
0.1,0.23,0.104887080783201,0.234539159942304,0.0048870807832013,0.00453915994230364,0.0066698974177531,-1.02202404218077,-0.207490579762339,-0.212766844514297,1.06437201811729
0.1,0.245,0.106837696236391,0.249513622261092,0.00683769623639074,0.00451362226109192,0.00819309927542543,-1.00330726207742,-0.215424577377481,-0.280322922554463,1.0637888228305
0.1,0.26,0.108412381769399,0.264361915993563,0.0084123817693993,0.004361915993563,0.00947599483795884,-0.96906649141831,-0.222840174114213,-0.337427773512552,1.05006474703083
0.1,0.275,0.109498121495558,0.279076666922762,0.0094981214955584,0.00407666692276237,0.0103360304345301,-0.919365878898828,-0.22848140964364,-0.381272540902825,1.02119230803962
0.1,0.29,0.10999270186287,0.293652835855995,0.00999270186286957,0.00365283585599496,0.0106394219913978,-0.854516166855014,-0.230910945227134,-0.40943971049964,0.975285387539226
0.1,0.305,0.10980642022624,0.308087784064461,0.00980642022624043,0.00308778406446136,0.0102810645403265,-0.775052579009571,-0.228575476893845,-0.419950844846068,0.910675255038614
0.1,0.32,0.108863252750686,0.322381243984754,0.00886325275068564,0.00238124398475376,0.0091775580759515,-0.681706776503126,-0.219872499971245,-0.411293548448575,0.825979566182914
0.1,0.335,0.107101472952892,0.336535203510125,0.00710147295289174,0.00153520351012543,0.00726551910864973,-0.575374793631125,-0.203214457499095,-0.382428282281356,0.720146156934503
0.1,0.35,0.104473747506258,0.350553717177766,0.0044737475062582,0.000553717177766311,0.00450788414477402,-0.45708287042627,-0.177086939170903,-0.332776888438997,0.592476261012197
0.12,0.05,0.117706197760456,0.0494980613506854,-0.00229380223954373,-0.000501938649314582,0.0023480781762564,-0.337977331276129,-0.116959693405439,0.153338213254836,0.389129073718806
0.12,0.065,0.114929766696752,0.0651066168417833,-0.00507023330324791,0.000106616841783258,0.00507135414857965,-0.441069241915527,-0.148732402061712,0.204216852428635,0.508300719019303
0.12,0.08,0.113025224525743,0.0807336154895886,-0.00697477547425732,0.000733615489588557,0.00701325064452039,-0.542271923442597,-0.172995206865586,0.234754637212169,0.615710620699528
0.12,0.095,0.1119422960599,0.0963681159752509,-0.00805770394009997,0.00136811597525094,0.00817302478327574,-0.639820786394248,-0.191118050596659,0.245774251466276,0.711553397824319
0.12,0.11,0.111617183534083,0.111997766165766,-0.00838281646591693,0.00199776616576613,0.00861757979680652,-0.731901568840643,-0.204460977455541,0.238547693081108,0.796491943467918
0.12,0.125,0.111972615422922,0.127608954982423,-0.00802738457707761,0.0026089549824232,0.00844070786419091,-0.816692373061193,-0.214317036171369,0.214792437025662,0.871245454185462
0.12,0.14,0.11291839604204,0.143187039229923,-0.00708160395795994,0.00318703922992331,0.00776571527101426,-0.892409447787296,-0.221854371028963,0.176649027375019,0.936396486603715
0.12,0.155,0.114352485331714,0.15871664280102,-0.00564751466828589,0.00371664280102035,0.00676075851061704,-0.957354724218211,-0.228061051952144,0.126639548812719,0.992271180442108
0.12,0.17,0.116162605248038,0.174182019990927,-0.00383739475196174,0.00418201999092654,0.00567581621327654,-1.0099628023422,-0.233696331114655,0.0676077658851015,1.03886438676439
0.12,0.185,0.118228332421925,0.189567468618053,-0.00177166757807453,0.00456746861805268,0.00489903823052,-1.04884494660584,-0.239251801470627,0.00264312196238702,1.07580580709591
0.12,0.2,0.12042359950554,0.204857773514799,0.000423599505539884,0.00485777351479877,0.00487620754912811,-1.07282771648852,-0.244925361088494,-0.0650078931127786,1.10236620692152
0.12,0.215,0.12261949425403,0.220038656985082,0.0026194942540302,0.00503865698508216,0.00567889200110501,-1.08098413560719,-0.250609996110593,-0.13203842560197,1.11749980084773
0.12,0.23,0.124687220014295,0.235097210856929,0.00468722001429476,0.00509721085692855,0.00692470865686027,-1.07265577258902,-0.255898273674305,-0.195180720285852,1.11991507594867
0.12,0.245,0.126501066822683,0.250022285054713,0.00650106682268348,0.00502228505471281,0.00821506037736713,-1.04746472184907,-0.260102210703108,-0.251302872550576,1.10816375970887
0.12,0.26,0.127941241222258,0.264804810310197,0.0079412412222581,0.00480481031019742,0.00928167626385831,-1.00531516341611,-0.262286997784738,-0.297497659381868,1.08073703277832
0.12,0.275,0.128896415012505,0.279438037413711,0.00889641501250538,0.00443803741371052,0.00994195031974237,-0.94638487625068,-0.261316047102084,-0.331158973294175,1.03615922332985
0.12,0.29,0.129265876887687,0.293917681724459,0.00926587688768651,0.00391768172445889,0.0100600549000451,-0.871107703183692,-0.255904106732554,-0.350042475633551,0.973071444384957
0.12,0.305,0.128961203522128,0.308241968788423,0.00896120352212804,0.00324196878842253,0.00952961332846752,-0.780148459862961,-0.244674803469154,-0.352308391055713,0.890300246908249
0.12,0.32,0.127907403813283,0.322411583985279,0.00790740381328342,0.00241158398527946,0.00826696875428869,-0.67437210992744,-0.226218955899806,-0.336545734022662,0.786908840484005
0.12,0.335,0.126043527619206,0.336429535407499,0.00604352761920601,0.00142953540749918,0.00621029770344383,-0.5548091751757,-0.199150300330127,-0.30177853462817,0.662230495416345
0.12,0.35,0.123322764564325,0.350300944072814,0.00332276456432487,0.000300944072814446,0.0033363650407135,-0.422619331244483,-0.162155825499157,-0.247455707853529,0.515885390581411
0.14,0.05,0.138845940733659,0.0492364829796737,-0.00115405926634099,-0.000763517020326288,0.00138376697118967,-0.285307850118935,-0.0914494310498245,0.0658137384558631,0.306749475472552
0.14,0.065,0.136013238989073,0.0649765440507009,-0.00398676101092715,-2.34559492991449e-05,0.00398683001140084,-0.398172807115441,-0.13258425664528,0.120053072350325,0.436501811179466
0.14,0.08,0.134038525176808,0.0807234971462863,-0.00596147482319223,0.000723497146286334,0.00600521691433701,-0.508022419820423,-0.166050931147477,0.15530587373413,0.556580669115981
0.14,0.095,0.132871572299697,0.0964653886238754,-0.00712842770030298,0.00146538862387535,0.00727748894175938,-0.613004621963004,-0.193006837436044,0.172410297906326,0.665399573874895
0.14,0.11,0.132448915993136,0.11218891809941,-0.00755108400686388,0.00218891809941035,0.00786194836695343,-0.711233808791938,-0.214591136373684,0.172615626470753,0.762697601168634
0.14,0.125,0.132693927111057,0.127879613854682,-0.00730607288894317,0.00287961385468222,0.00785308073373935,-0.800834650684227,-0.231875669962446,0.157575369232826,0.848496092175044
0.14,0.14,0.133517371600236,0.143522081941742,-0.00648262839976423,0.00352208194174247,0.00737763730294314,-0.879988977066169,-0.245815939608727,0.129323738833622,0.922794187568145
0.14,0.155,0.134818484653995,0.159100325306776,-0.00518151534600453,0.00410032530677562,0.00660762959784105,-0.946983677901571,-0.257205176695315,0.0902352616959021,0.985443519457866
0.14,0.17,0.136486554363951,0.174598123630854,-0.0035134456360487,0.00459812363085432,0.00578679887002223,-1.00025731908875,-0.266634563661145,0.0429684570792522,1.03609084328496
0.14,0.185,0.138402974615123,0.18999945875095,-0.00159702538487734,0.00499945875095037,0.00524834048842078,-1.03844308966896,-0.274462415506588,-0.00960429221844928,1.07415999962877
0.14,0.2,0.140443691325672,0.205288965639259,0.000443691325671902,0.00528896563925857,0.00530754364331885,-1.06040581898663,-0.280794597615505,-0.0644774552995438,1.09886325866817
0.14,0.215,0.142481934254123,0.220452385223338,0.00248193425412276,0.00545238522333841,0.00599070131666293,-1.06527111670501,-0.285477674639843,-0.11859956738682,1.10923592693473
0.14,0.23,0.144391102312122,0.235476993778967,0.00439110231212207,0.00547699377896693,0.00701991740481084,-1.05244517789157,-0.288105337774215,-0.168962322837224,1.10418818111987
0.14,0.245,0.146047656855409,0.250351984099205,0.00604765685540903,0.00535198409920479,0.00807575923606671,-1.02162440736202,-0.288037647340094,-0.212686796166204,1.08256762106037
0.14,0.26,0.147333876276242,0.26506877672581,0.00733387627624217,0.00506877672581013,0.00891505685519404,-0.972794687612655,-0.284431668975885,-0.247102324728993,1.04322600806893
0.14,0.275,0.148140337218272,0.279621244389215,0.00814033721827184,0.00462124438921513,0.00936060840608312,-0.906220776079223,-0.276281282189909,-0.269814246130944,0.98508429734406
0.14,0.29,0.148368010410588,0.294005839281717,0.00836801041058755,0.00400583928171672,0.00927741055373999,-0.822426899878568,-0.262463379458083,-0.278757629955056,0.907191292396543
0.14,0.305,0.14792989053904,0.308221619910556,0.00792989053903953,0.00322161991055642,0.00855932233352864,-0.722170071682968,-0.241787398888467,-0.272235262989718,0.808772933703512
0.14,0.32,0.146752115237635,0.322270181292437,0.00675211523763489,0.00227018129243728,0.00712353727321149,-0.606407943078057,-0.213045146507135,-0.248939304897627,0.689271597496412
0.14,0.335,0.144774564486813,0.336155498457584,0.00477456448681285,0.00115549845758389,0.00491239684107597,-0.476263138393941,-0.175058136127819,-0.207957116395363,0.548379782528232
0.14,0.35,0.141950964659354,0.34988369795724,0.00195096465935427,-0.000116302042760363,0.00195442811768546,-0.332985975541928,-0.126720143159157,-0.148762672551893,0.386093967086934
0.16,0.05,0.160111257657196,0.0488233929482166,0.000111257657195829,-0.00117660705178341,0.00118185549903156,-0.177582490684916,-0.0457337995366853,-0.022907183119706,0.184802299941543
0.16,0.065,0.157208778803956,0.0646887224779149,-0.00279122119604397,-0.000311277522085152,0.00280852442770231,-0.297301197034395,-0.0960937738996353,0.0353749045116794,0.314441802521627
0.16,0.08,0.155148961634799,0.0805494810391146,-0.00485103836520054,0.000549481039114563,0.00488205926152007,-0.413020891621615,-0.138568726894313,0.0760884851397066,0.442241989803136
0.16,0.095,0.153881696787622,0.0963927714101629,-0.00611830321237761,0.00139277141016292,0.00627482640393799,-0.522845724600573,-0.174104201600319,0.10007452288722,0.560086897623082
0.16,0.11,0.153343958549805,0.112204419531717,-0.00665604145019516,0.00220441953171729,0.00701158707130795,-0.62486188102156,-0.203621955554983,0.108545478084617,0.666109142298013
0.16,0.125,0.153459901402035,0.127969171774157,-0.00654009859796542,0.00296917177415651,0.00718253929300474,-0.717181757058927,-0.227978806096552,0.103075950636553,0.759576928502711
0.16,0.14,0.154141428670048,0.143670964190064,-0.00585857132995189,0.00367096419006413,0.00691367023460531,-0.797990504610084,-0.247926231958663,0.0855786882848551,0.839995602269301
0.16,0.155,0.15528925782884,0.159293259099651,-0.0047107421711598,0.00429325909965056,0.00637363048033659,-0.865592916374809,-0.264073225163795,0.0582659796833598,0.906861542944244
0.16,0.17,0.15679447642624,0.17481943873455,-0.00320552357375962,0.00481943873455026,0.00578812327944145,-0.918458433374811,-0.276854856263892,0.023597446684411,0.95957952630059
0.16,0.185,0.158540548682453,0.19023324014666,-0.00145945131754656,0.0052332401466596,0.00543293664429268,-0.955262032061098,-0.286508753841162,-0.0157837562038265,0.997440258109516
0.16,0.2,0.160405698828874,0.205519210901958,0.000405698828874146,0.00551921090195828,0.00553410160008334,-0.974918905887935,-0.293061216033464,-0.057123436595565,1.01962849774763
0.16,0.215,0.162265566999519,0.220663161794631,0.00226556699951859,0.005663161794631,0.0060995241897607,-0.976611188092421,-0.296324006187865,-0.0976339722930374,1.02525010071092
0.16,0.23,0.163996010474266,0.235652591472697,0.00399601047426588,0.00565259147269731,0.00692241937964271,-0.959805444964351,-0.295902104791852,-0.134573054426001,1.01337121750266
0.16,0.245,0.165475910436799,0.250477058708061,0.00547591043679885,0.0054770587080607,0.00774491879901824,-0.924260252432416,-0.291211878575198,-0.165319525626833,0.983064405887375
0.16,0.26,0.166589843467016,0.265128481294563,0.00658984346701581,0.00512848129456273,0.00835029085172791,-0.870023794317269,-0.281508374483925,-0.187442550874887,0.933457203288883
0.16,0.275,0.167230488542992,0.279601345555473,0.00723048854299155,0.0046013455554727,0.00857043438171021,-0.797422027385525,-0.265919831530002,-0.198760935040171,0.863779651970872
0.16,0.29,0.167300662003796,0.293892816970161,0.00730066200379614,0.00389281697016058,0.00827367449546107,-0.707038487694178,-0.243487086173956,-0.197390208170171,0.773408922265858
0.16,0.305,0.166714902937936,0.308002749488152,0.00671490293793631,0.00300274948815249,0.00735570703294426,-0.599687218906686,-0.213205356656519,-0.18177603606751,0.661912898101457
0.16,0.32,0.165400565520077,0.321933598054784,0.00540056552007684,0.00193359805478355,0.00573628009899321,-0.476380564309763,-0.174065930528415,-0.150713483896892,0.52910673210505
0.16,0.335,0.163298409436263,0.335690244898255,0.00329840943626342,0.000690244898254533,0.00336985798347615,-0.33829366878621,-0.125095516474244,-0.103352556539775,0.375198279023864
0.16,0.35,0.160362711109341,0.349279754769475,0.000362711109341191,-0.000720245230524552,0.000806419581193861,-0.186727498692728,-0.0653914129468871,-0.0391912065719996,0.201690823622911
0.18,0.05,0.181489288457414,0.0482370716625564,0.00148928845741397,-0.00176292833744357,0.00230779037877101,-0.01423545677195,0.025178130754412,-0.109851161223084,0.113595195081848
0.18,0.065,0.178503836970056,0.0642209061886377,-0.00149616302994399,-0.000779093811362264,0.00168685831624181,-0.138061464969757,-0.0338678047509262,-0.0469629776886935,0.149711490324391
0.18,0.08,0.176344430784623,0.0801888421025216,-0.00365556921537682,0.000188842102521625,0.0036604436381531,-0.257059885970477,-0.0847709360664161,-0.00020533483564162,0.270677067743489
0.18,0.095,0.174961150830696,0.0961271136582192,-0.00503884916930364,0.00112711365821916,0.00516336965067737,-0.369330310802903,-0.128273837014205,0.0312530956234119,0.392219852215397
0.18,0.11,0.174291514578993,0.112020753376856,-0.00570848542100733,0.0020207533768562,0.00605559658596318,-0.472968702550117,-0.165092396825706,0.0485755072695318,0.503305177701909
0.18,0.125,0.174260596270041,0.127853809281523,-0.00573940372995871,0.00285380928152268,0.00640975682774073,-0.566110728982738,-0.195882207983082,0.053245793361749,0.601406378579812
0.18,0.14,0.174781602637914,0.143609632030952,-0.00521839736208581,0.0036096320309521,0.00634516464936092,-0.646976787778253,-0.221206184896683,0.0470447011747083,0.685368473961494
0.18,0.155,0.175756926154426,0.159271226362495,-0.00424307384557365,0.00427122636249538,0.00602055232505015,-0.713916789064881,-0.241505419987368,0.0320135200816933,0.754344175181964
0.18,0.17,0.177079668595262,0.174821655733333,-0.00292033140473844,0.00482165573333315,0.00563708253658628,-0.765452627090838,-0.257075204377656,0.0104063474406404,0.807542241815052
0.18,0.185,0.178635595432584,0.190244483890704,-0.00136440456741551,0.00524448389070437,0.00541905998337737,-0.800316290751889,-0.268047881374948,-0.0153672129943517,0.844159270299936
0.18,0.2,0.180305449391039,0.205524232574801,0.000305449391038881,0.00552423257480145,0.00553267068159523,-0.817481744300835,-0.274383777373127,-0.0428063601398287,0.863370921788112
0.18,0.215,0.181967522912537,0.220646831701717,0.00196752291253656,0.00564683170171731,0.00597978717672093,-0.816189039746769,-0.275870901390901,-0.0693873234272143,0.864348351094321
0.18,0.23,0.183500367632558,0.235600037282898,0.0035003676325576,0.00560003728289821,0.00660401325959502,-0.795959579620544,-0.27213347746674,-0.0926321396473272,0.846287194842521
0.18,0.245,0.184785507177745,0.250373793441993,0.00478550717774512,0.00537379344199279,0.00719574422179213,-0.756601985778843,-0.262648738877733,-0.11017459578775,0.808443077742194
0.18,0.26,0.185710018823246,0.26496051830726,0.00571001882324602,0.00496051830726019,0.00756379910088094,-0.698208595535183,-0.246770836521909,-0.119820214202994,0.750170654945117
0.18,0.275,0.186168860609838,0.279355298640343,0.00616886060983846,0.00435529864034345,0.00755138844651724,-0.621143148082745,-0.22376025510058,-0.119597654033224,0.670966620558117
0.18,0.29,0.186066841119954,0.293555984554859,0.0060668411199544,0.00355598455485889,0.00703218225938183,-0.526020691409662,-0.192816830610516,-0.10779957617017,0.570525666458987
0.18,0.305,0.185320157570987,0.307563182678407,0.00532015757098656,0.00256318267840688,0.00590541971607528,-0.413681097828936,-0.15311434116877,-0.0830117928667275,0.448851913526978
0.18,0.32,0.183857460262471,0.321380152890091,0.00385746026247105,0.00138015289009114,0.0040969283221177,-0.285157802405868,-0.103834696845932,-0.0441303173581253,0.306666473491214
0.18,0.335,0.181620434282627,0.335012619664594,0.00162043428262665,1.2619664594149e-05,0.00162048342177457,-0.141643468527315,-0.0441999598685898,0.00963333161129453,0.14869203783664
0.18,0.35,0.178563919518806,0.348468513511581,-0.00143608048119367,-0.00153148648841883,0.00209947088874195,0.0155457486275403,0.0264992538959166,0.078757594901005,0.0845378069716086
0.2,0.05,0.202967135348817,0.0474572346311417,0.00296713534881671,-0.00254276536885828,0.00390762688844043,0.203385736350456,0.125530095215593,-0.192404995444045,0.306828078593304
0.2,0.065,0.199885908589239,0.0635523699813885,-0.000114091410760964,-0.00144763001861153,0.00145211897611548,0.0779361172114344,0.0586557807453779,-0.124478046432303,0.158143412453145
0.2,0.08,0.19761296261516,0.0796204604694984,-0.00238703738483984,-0.000379539530501571,0.00241702249303484,-0.0420174177268088,0.000204062754149176,-0.071261642601115,0.0827268271371744
0.2,0.095,0.196098643600266,0.0956469519162921,-0.00390135639973399,0.000646951916292049,0.00395463380602292,-0.154603272458354,-0.050379738142425,-0.0319455623171788,0.165713089301384
0.2,0.11,0.195281114869846,0.111616167985223,-0.004718885130154,0.00161616798522318,0.00498797311821635,-0.257958826674768,-0.0936230789729256,-0.00542615539977871,0.274477001617385
0.2,0.125,0.195086500113728,0.127511545350635,-0.00491349988627235,0.00251154535063525,0.00551818277884087,-0.350271970881705,-0.129999478462978,0.00968131908610854,0.373743951424137
0.2,0.14,0.195429464267925,0.143315936308122,-0.00457053573207512,0.00331593630812166,0.00564670084896437,-0.429823724280058,-0.159903318952252,0.0150195247099502,0.458850974462667
0.2,0.155,0.196214251597119,0.159011972396546,-0.00378574840288071,0.00401197239654555,0.00551614117663401,-0.495030140388397,-0.183627737710599,0.0124553983670479,0.528139278878233
0.2,0.17,0.197336172651346,0.17458247724205,-0.00266382734865409,0.00458247724205046,0.00530047864040106,-0.544481622466831,-0.201347071628409,0.00403704872305781,0.58053428966579
0.2,0.185,0.198683501246672,0.190010911971872,-0.00131649875332831,0.00501091197187203,0.00518096590968957,-0.576977822213847,-0.213105076661215,-0.008057120704755,0.61513066310431
0.2,0.2,0.200139712310131,0.205281832310332,0.000139712310131213,0.00528183231033164,0.0052836797862915,-0.591556484404257,-0.218809781272588,-0.0215748356598141,0.631099275057548
0.2,0.215,0.201585964587478,0.220381333958836,0.00158596458747802,0.0053813339588365,0.00561017280030315,-0.58751491752561,-0.218235383677351,-0.0342493004810781,0.627676202952395
0.2,0.23,0.202903711917544,0.235297462006199,0.00290371191754361,0.00529746200619929,0.00604107992061103,-0.564423188716481,-0.211031109870606,-0.0438586551343265,0.604180957529433
0.2,0.245,0.20397731595061,0.250020561526306,0.00397731595060974,0.00502056152630559,0.00640508237342773,-0.522128620606802,-0.196736462669496,-0.0482827439704497,0.560051116359191
0.2,0.26,0.204696532421431,0.26454354996605,0.00469653242143077,0.00454354996604978,0.00653462034700879,-0.46075166759314,-0.174801862437602,-0.0455546388982753,0.494898513037184
0.2,0.275,0.204958753732591,0.278862097091835,0.00495875373259072,0.00386209709183455,0.00628530289860714,-0.380673720090513,-0.144613347438978,-0.033904777100739,0.408626654887206
0.2,0.29,0.204670909969486,0.292974704691113,0.00467090996948621,0.00297470469111272,0.00553771324125525,-0.282517789642257,-0.105519795015129,-0.0117961313594371,0.301811344961456
0.2,0.305,0.203750957363607,0.306882685048312,0.00375095736360703,0.00188268504831218,0.00419692555744512,-0.167123337933235,-0.0568610559139175,0.022050540686391,0.177903461274172
0.2,0.32,0.202128913756805,0.320590043860999,0.00212891375680499,0.000590043860998812,0.00220916851820225,-0.0355167054536019,0.00200454394358656,0.0686416785364399,0.0773119363420496
0.2,0.335,0.19974743172475,0.33410327894408,-0.000252568275250137,-0.000896721055920369,0.000931611177366271,0.111121322863931,0.0716747031554696,0.128705845239207,0.184527600915046
0.2,0.35,0.196561928600442,0.347431110372846,-0.0034380713995579,-0.00256888962715446,0.00429179785928459,0.27148930895869,0.152680756427677,0.202697804973087,0.371624464431502
