target_x,target_y,gaze_x,gaze_y,error_px_x,error_px_y,error_px_xy,error_deg_x,error_deg_y,error_deg_z,error_deg_xyz
-0.2,0.05,-0.200925629517039,0.0504594419979665,-0.000925629517039311,0.000459441997966478,0.00103338131989593,0.0816918352557688,-0.0166751823602833,-0.0481057869216968,0.0962589557798571
-0.2,0.065,-0.199832026952006,0.0664707209996892,0.000167973047994235,0.00147072099968922,0.00148028213654672,-0.0964328224888878,0.0777538716993765,-0.175705947634293,0.214982762274991
-0.2,0.08,-0.199565368913499,0.0818726813519132,0.00043463108650138,0.00187268135191322,0.0019224566645719,-0.200370186353944,0.121874103557033,-0.229313406551611,0.32800372093264
-0.2,0.095,-0.199745144421231,0.0968282414219272,0.000254855578768781,0.00182824142192715,0.00184591930020784,-0.249164676475231,0.13436885373406,-0.235948654327511,0.368524436830925
-0.2,0.11,-0.200092255681336,0.111482427874193,-9.22556813360564e-05,0.00148242787419255,0.00148529576614283,-0.259478203306239,0.128444626544226,-0.215807818570579,0.361109964255606
-0.2,0.125,-0.200417161741451,0.125962076735226,-0.000417161741450872,0.000962076735226483,0.00104862555900301,-0.245487634801339,0.113241025608608,-0.183120229946701,0.326528736731218
-0.2,0.14,-0.200607776407819,0.14037514453488,-0.000607776407818894,0.000375144534879843,0.000714230763795184,-0.218879469681346,0.0949048698424344,-0.147084122743219,0.280266038530949
-0.2,0.155,-0.200616598132381,0.154810176390131,-0.000616598132380908,-0.000189823609869341,0.000645155996422145,-0.188923381012673,0.0774237310120049,-0.112824567890593,0.233272236458148
-0.2,0.17,-0.20044722417021,0.169336206862332,-0.000447224170210085,-0.000663793137668053,0.000800394145427925,-0.16260357313969,0.0632731088053182,-0.0823279724013162,0.192928324785161
-0.2,0.185,-0.200140737894695,0.184003093480946,-0.00014073789469491,-0.000996906519054305,0.00100679181697912,-0.144778081840198,0.053905175463122,-0.0553195855121353,0.164093680160277
-0.2,0.2,-0.199762449410763,0.198842074318279,0.000237550589237457,-0.00115792568172086,0.00118204152500485,-0.138329589730672,0.0500922908439062,-0.0300686054882449,0.150161402962887
-0.2,0.215,-0.199389216963661,0.213866260861816,0.000610783036338831,-0.0011337391381835,0.00128779670403692,-0.144272115242269,0.0521312801673403,-0.00412737913540394,0.153457365232246
-0.2,0.23,-0.199097262617327,0.229070844875387,0.000902737382672804,-0.000929155124613321,0.00129547830073303,-0.161787508583179,0.0599112172470375,0.0249689088984753,0.174321604336626
-0.2,0.245,-0.19895020696633,0.24443297748269,0.00104979303366977,-0.000567022517310015,0.00119313869632921,-0.188182123564191,0.0728458017142683,0.0590037890332828,0.210239195136067
-0.2,0.26,-0.198987093567988,0.259911491565246,0.00101290643201218,-8.85084347541781e-05,0.00101676604144429,-0.218772955493552,0.0896701326657002,0.0983438679387478,0.256074138211276
-0.2,0.275,-0.199210436379039,0.275446792513972,0.000789563620960748,0.000446792513971769,0.000907212357767387,-0.246728724574739,0.10809997880068,0.141138916134161,0.304107020151392
-0.2,0.29,-0.199574668878145,0.290961268720782,0.000425331121854708,0.000961268720782241,0.0010511632208047,-0.262900534865567,0.12434822820998,0.182449535675331,0.343318159761181
-0.2,0.305,-0.199975615985167,0.306360453058057,2.43840148325958e-05,0.001360453058057,0.00136067156336715,-0.255676983629611,0.132485597849534,0.213314724190583,0.358366772778636
-0.2,0.32,-0.200241599134608,0.321534937817189,-0.00024159913460764,0.00153493781718943,0.00155383533377299,-0.210891362852606,0.123617225161422,0.219788145907795,0.328730148906238
-0.2,0.335,-0.200126470433129,0.336362783280179,-0.000126470433128689,0.00136278328017865,0.00136863911941397,-0.111798820425849,0.0848192778054002,0.181982476085739,0.229806393594138
-0.2,0.35,-0.199304318087198,0.350711944381942,0.000695681912802421,0.00071194438194179,0.000995408522556901,0.0608629297227745,-0.00226333534255672,0.0731702350672062,0.0952013880524749
-0.18,0.05,-0.17869469182012,0.0520388779898497,0.00130530817988,0.00203887798984972,0.00242091984624756,-0.00404216161610107,0.0368731701153442,-0.130995712208043,0.136146447195182
-0.18,0.065,-0.178564665385541,0.0674023995927371,0.00143533461445935,0.00240239959273714,0.00279851911886425,-0.110104359528019,0.0871297945474659,-0.210628892655524,0.253138708497029
-0.18,0.08,-0.179012491904639,0.0822846123689803,0.000987508095361217,0.00228461236898028,0.00248890054339293,-0.154111083591884,0.0994562251477629,-0.228361687870291,0.292901031282105
-0.18,0.095,-0.179692471907959,0.0968291637520674,0.000307528092041293,0.0018291637520674,0.00185483518385647,-0.153844909509718,0.0898174103020839,-0.21045434445383,0.275729217165872
-0.18,0.11,-0.180357963145631,0.111164344510186,-0.000357963145630774,0.00116434451018579,0.00121812797030102,-0.124725185508955,0.0691428864873495,-0.176003498502199,0.226526839421408
-0.18,0.125,-0.180850561287053,0.125402079366458,-0.000850561287052923,0.000402079366458363,0.000940809396192812,-0.0797355792621281,0.0446466319835274,-0.137901485792212,0.165432533514863
-0.18,0.14,-0.181088120500679,0.139636945116044,-0.00108812050067889,-0.000363054883955938,0.00114708982767782,-0.0294449632298855,0.0208558341694913,-0.103866673532092,0.109955724084998
-0.18,0.155,-0.181051501168163,0.153945705708221,-0.00105150116816344,-0.00105429429177853,0.00148902355935891,0.0178852429064712,0.000428265021188508,-0.0774872174503803,0.0795256889814728
-0.18,0.17,-0.180770625254727,0.168387547150473,-0.000770625254726862,-0.00161245284952719,0.00178713946718525,0.056126383073209,-0.0152016142894992,-0.0592232191741982,0.0829978966455532
-0.18,0.185,-0.180310686704827,0.183004880798633,-0.000310686704827104,-0.00199511920136705,0.00201916489079516,0.0810753370348775,-0.0253299290145288,-0.047324126548005,0.09723369169973
-0.18,0.2,-0.179759193595464,0.19782435398336,0.000240806404535557,-0.00217564601663967,0.00218893200309772,0.0902600035391192,-0.0296362182289724,-0.0386417985471832,0.102559080895951
-0.18,0.215,-0.179214053533991,0.212857635897074,0.000785946466009248,-0.00214236410292601,0.00228198067409397,0.0828025604426265,-0.0279775487062799,-0.0293498678976419,0.092197743071513
-0.18,0.23,-0.178772404348272,0.22810165609325,0.00122759565172809,-0.00189834390675034,0.00226068588539803,0.0593735516678754,-0.0203211309878325,-0.0156078591886724,0.0646666275109061
-0.18,0.245,-0.178519592630822,0.243538219414043,0.00148040736917806,-0.0014617805859567,0.00208048274691154,0.0222488452125831,-0.00681423658723623,0.00577496854470578,0.0239748869673959
-0.18,0.26,-0.178517760509138,0.25913320982579,0.00148223949086151,-0.000866790174209764,0.00171707865701487,-0.0245427339267777,0.0120079329606504,0.0366211746786736,0.0456907735537911
-0.18,0.275,-0.178793893654043,0.274835815568463,0.00120610634595732,-0.000164184431537068,0.00121723007082378,-0.0750139907499608,0.0348742359990996,0.0765735948436545,0.112724578827571
-0.18,0.29,-0.179327729097017,0.290578272596129,0.000672270902983302,0.000578272596129109,0.00088676229195421,-0.121000558683907,0.0592857062748502,0.122179156678621,0.181889263786677
-0.18,0.305,-0.180040362582693,0.306276504710304,-4.03625826926601e-05,0.00127650471030438,0.00127714267547166,-0.151972683269143,0.0808721137765847,0.165885028606052,0.239068862219567
-0.18,0.32,-0.180784512846084,0.321831775971636,-0.000784512846084301,0.00183177597163622,0.00199270259093903,-0.154910474716892,0.0925783401488832,0.19498551792054,0.265683049742135
-0.18,0.335,-0.181337107906972,0.33713315379261,-0.00133710790697239,0.00213315379261017,0.00251757872921886,-0.114259033046525,0.0836381801449287,0.190567973125249,0.237416732441991
-0.18,0.35,-0.181394228361746,0.35206030983495,-0.00139422836174566,0.00206030983494998,0.00248771970701838,-0.0119664502375011,0.0382511848548905,0.126507099100171,0.132704193865798
-0.16,0.05,-0.157454570207847,0.0526621079039452,0.00254542979215258,0.00266210790394518,0.00368320937757078,-0.0266819883732106,0.0529952854404776,-0.166936515894501,0.177167305476084
-0.16,0.065,-0.158078149911854,0.0675746232691049,0.00192185008814633,0.00257462326910492,0.00321281694765272,-0.0753904810309969,0.0717826412996422,-0.205108732950249,0.230013337892918
-0.16,0.08,-0.159065837571476,0.0821100546942651,0.000934162428524205,0.0021100546942651,0.00230759404047949,-0.0732368337662925,0.0629980361111015,-0.193075609550064,0.215894957160634
-0.16,0.095,-0.160101372129042,0.0963946413610973,-0.000101372129041849,0.00139464136109732,0.00139832071951676,-0.0365085886761471,0.0401976774001851,-0.156251486582072,0.165418488636029
-0.16,0.11,-0.160966624616625,0.110540991909689,-0.000966624616625292,0.000540991909689412,0.00110771629753082,0.020798030936367,0.0122499709504323,-0.11258054134008,0.11513905779015
-0.16,0.125,-0.161531169073015,0.124646647143854,-0.0015311690730145,-0.000353352856146183,0.00157141241280026,0.0870383457456887,-0.0154064631261536,-0.0735902615100917,0.115015493599903
-0.16,0.14,-0.161739878614642,0.138793019525832,-0.00173987861464174,-0.00120698047416821,0.00211754089894646,0.152881015066096,-0.0397555972222135,-0.0455201975601129,0.164393488939265
-0.16,0.155,-0.161598863871976,0.15304514977033,-0.00159886387197627,-0.00195485022966961,0.00252543166637909,0.211170425394801,-0.0593863921781662,-0.0304595038024872,0.221466779844189
-0.16,0.17,-0.161160798232214,0.167452377793409,-0.00116079823221436,-0.00254762220659129,0.00279961273097353,0.256709144181867,-0.0738394474999446,-0.0274226999611929,0.268521852296458
-0.16,0.185,-0.160510862093927,0.182049676298957,-0.000510862093927405,-0.00295032370104266,0.00299422611369715,0.286001740779686,-0.0831086888867206,-0.0333064553054108,0.299689129978852
-0.16,0.2,-0.159754178844344,0.19685914860159,0.000245821155655734,-0.00314085139841022,0.00315045640304121,0.297015110156626,-0.087292767912657,-0.0437017019599834,0.312646900333658
-0.16,0.215,-0.159004903636411,0.211891131120403,0.000995096363589281,-0.00310886887959722,0.00326424301842811,0.289010478298074,-0.0863902962150138,-0.0535767107361896,0.306367471210388
-0.16,0.23,-0.158376391841842,0.227144487318974,0.00162360815815847,-0.00285551268102595,0.00328482208387893,0.262487525424818,-0.0802334919914419,-0.057884893795712,0.280513693692782
-0.16,0.245,-0.157971446181122,0.242605983604926,0.00202855381887842,-0.00239401639507375,0.00313788863664218,0.219255253417366,-0.068558011553651,-0.0521735928876202,0.235574253836894
-0.16,0.26,-0.157871710659042,0.258248992300284,0.00212828934095771,-0.00175100769971609,0.00275601949980388,0.162614447269031,-0.0512111677202807,-0.0332697073207325,0.173703594367842
-0.16,0.275,-0.158125819176083,0.274032046736364,0.00187418082391703,-0.000967953263636162,0.00210938078149068,0.0976110976558339,-0.028503710242848,-9.51474872014655e-05,0.101687755664907
-0.16,0.29,-0.158736685566282,0.289897877905347,0.00126331443371777,-0.000102122094652948,0.00126743531616251,0.0313059517486033,-0.00171061211560993,0.0453722903317564,0.0551510088211482
-0.16,0.305,-0.159649001476229,0.305773451622944,0.000350998523770685,0.000773451622943594,0.000849368810778498,-0.0269939769621337,0.0262740265996636,0.0970163946387988,0.104072969934841
-0.16,0.32,-0.16073828962102,0.321571237625788,-0.000738289621019572,0.00157123762578763,0.00173604701583684,-0.0655816445482259,0.0501180210857917,0.143430903725933,0.165484776705732
-0.16,0.335,-0.16180260649701,0.33719157570171,-0.00180260649700958,0.00219157570170968,0.00283767408970541,-0.0702911422886414,0.061040229797314,0.166762004411064,0.190987837908623
-0.16,0.35,-0.162557275171566,0.352525678015814,-0.0025572751715659,0.00252567801581365,0.00359426011060298,-0.0245295392312533,0.0455411418226561,0.14160223715174,0.150754437984012
-0.14,0.05,-0.136915093240299,0.0527078648952367,0.00308490675970058,0.00270786489523668,0.0041047755123638,-0.0126590409620518,0.0480778999600405,-0.165490259099056,0.172796945204716
-0.14,0.065,-0.138122151774785,0.067332467853777,0.00187784822521461,0.00233246785377697,0.00299444823729592,-0.0185676152803248,0.0458139222505872,-0.168557573240695,0.175656914104779
-0.14,0.08,-0.139510442206927,0.0816648746133198,0.000489557793072914,0.00166487461331979,0.00173535999459339,0.0162753231063457,0.0245855899972558,-0.132448540444138,0.135690684460701
-0.14,0.095,-0.140789141465249,0.0958149176447085,-0.000789141465249277,0.000814917644708535,0.00113438750867289,0.0772661448958572,-0.0041882458920234,-0.0816904289916615,0.112520792781528
-0.14,0.11,-0.141765594151096,0.109880092022559,-0.00176559415109608,-0.000119907977441255,0.00176966116232422,0.151976744150601,-0.0335066382485744,-0.03305582394999,0.159098489403925
-0.14,0.125,-0.142334764592898,0.123943912526915,-0.00233476459289822,-0.00105608747308528,0.00256250784487752,0.230212186981375,-0.0595620376532457,0.00329164444696912,0.237815482012208
-0.14,0.14,-0.142465979624776,0.13807492126962,-0.00246597962477549,-0.00192507873037959,0.00312841551395714,0.303960797498238,-0.0807335154930426,0.0225630630585514,0.31530843576181
-0.14,0.155,-0.14218773205619,0.152326737762183,-0.00218773205618956,-0.00267326223781729,0.00345434545779939,0.367230530341472,-0.096756957501436,0.0241031958568147,0.380528142908071
-0.14,0.17,-0.141572082762859,0.166739172432662,-0.00157208276285877,-0.00326082756733774,0.00362000561286684,0.415792665239067,-0.108061592730834,0.0102343741852057,0.429728351832029
-0.14,0.185,-0.140720296402729,0.181340052777821,-0.000720296402728898,-0.00365994722217931,0.00373015288921544,0.446880789620891,-0.115270073078515,-0.014739369494446,0.461744553648894
-0.14,0.2,-0.139750774805583,0.196147156783103,0.000249225194417301,-0.00385284321689665,0.00386089549865298,0.458909603643889,-0.118855489049894,-0.0453344355425452,0.476215464016449
-0.14,0.215,-0.138789369583021,0.21116959781318,0.00121063041697853,-0.00383040218682033,0.00401716403938296,0.451278077240599,-0.118943682120775,-0.0755177012795022,0.472761772764342
-0.14,0.23,-0.137961176656782,0.226408179213068,0.00203882334321758,-0.00359182078693192,0.00413013040838726,0.424304155863737,-0.11524964747227,-0.0992368429987977,0.450738834271009
-0.14,0.245,-0.137382346891823,0.241854580531251,0.00261765310817658,-0.00314541946874949,0.00409215975117478,0.379308071147166,-0.107143673077957,-0.110953075495877,0.409469996567506
-0.14,0.26,-0.137150524437905,0.257489638700775,0.00284947556209462,-0.0025103612992254,0.00379755511238785,0.318826556560328,-0.0938522754409811,-0.106277719901468,0.348932590659346
-0.14,0.275,-0.137333219809789,0.273281313996656,0.00266678019021123,-0.00171868600334417,0.00317263268611325,0.24691037963849,-0.0748053848244013,-0.0827833461400338,0.270949811558573
-0.14,0.29,-0.137954458081549,0.289183071541507,0.00204554191845137,-0.000816928458492641,0.00220263792903801,0.169440700209978,-0.0501411192439577,-0.0410100747660712,0.181400486349091
-0.14,0.305,-0.138980992489075,0.305133314857344,0.00101900751092465,0.000133314857343844,0.00102769117856945,0.0944002693629356,-0.0213743751534338,0.0143652999323123,0.0978500839949121
-0.14,0.32,-0.140309850358009,0.321056209471776,-0.000309850358008512,0.00105620947177644,0.00110072053339086,0.0320525956946338,0.00776753087991127,0.0732682222093442,0.0803488448573487
-0.14,0.335,-0.141758784725725,0.336863833870076,-0.00175878472572466,0.00186383387007576,0.0025626549527168,-0.00499021381240034,0.0303291013639864,0.118957228528832,0.122864090059042
-0.14,0.35,-0.143060408788693,0.352459223196156,-0.00306040878869326,0.00245922319615588,0.00392605153843172,-0.0018021044616536,0.0348843210492578,0.126818141973208,0.131540914434405
-0.12,0.05,-0.116843390670181,0.0524415514337392,0.00315660932981879,0.00244155143373921,0.00399065857530972,0.0163944580432066,0.033530050466783,-0.136740028102495,0.141742329845825
-0.12,0.065,-0.118495722529904,0.0669122546805726,0.0015042774700956,0.00191225468057256,0.00243301637281973,0.0394649872422978,0.018443764981764,-0.110751267757846,0.119010529305856
-0.12,0.08,-0.120174371132831,0.0811593282653144,-0.000174371132830531,0.00115932826531435,0.00117236825218077,0.0943427152851507,-0.00853991195040445,-0.05570695860148,0.10989425354909
-0.12,0.095,-0.121610726525138,0.0952767031388859,-0.00161072652513825,0.00027670313888585,0.00163432082708788,0.168266365007896,-0.0378909987504598,0.00475530108608562,0.172545451310591
-0.12,0.11,-0.122634977194978,0.109347136342246,-0.00263497719497803,-0.000652863657754063,0.00271465205388652,0.250489875169747,-0.0642877509790996,0.0550189222811555,0.264396101230372
-0.12,0.125,-0.123165066561356,0.12344054101464,-0.00316506656135575,-0.00155945898535968,0.00352839321289895,0.332341072805967,-0.0854001438787382,0.0862499664321963,0.353812418888412
-0.12,0.14,-0.123192281800961,0.137613150610506,-0.00319228180096104,-0.00238684938949425,0.0039859394256406,0.407164374567778,-0.100866684377007,0.0950503508347411,0.430107374792114
-0.12,0.155,-0.122764710720069,0.151907857863449,-0.00276471072006895,-0.00309214213655136,0.00414788721619822,0.4701382363654,-0.111445485199998,0.0821046444590498,0.49009457721488
-0.12,0.17,-0.121970610973157,0.16635568717073,-0.00197061097315712,-0.00364431282926972,0.00414298486662782,0.51799008522683,-0.118342893858185,0.0509379626465771,0.533774770487653
-0.12,0.185,-0.12092373188312,0.180977982820249,-0.000923731883120435,-0.00402201717975062,0.00412673027784739,0.548661978670638,-0.122720475578663,0.00688170245735966,0.562263440799028
-0.12,0.2,-0.119751833354286,0.195788645466848,0.000248166645714118,-0.00421135453315218,0.00421866017687445,0.560998585256905,-0.12536819650789,-0.0437103071166721,0.576498041808532
-0.12,0.215,-0.118588382537684,0.210795710121051,0.00141161746231585,-0.00420428987894882,0.00443494275567864,0.554528843239709,-0.1265219862788,-0.0940238322398705,0.576500941878927
-0.12,0.23,-0.11756617893636,0.226001747357543,0.00243382106363964,-0.00399825264245708,0.00468075946431036,0.529393387611034,-0.125805417979108,-0.137218198173743,0.561173514520038
-0.12,0.245,-0.11681094469214,0.241402929529833,0.00318905530786016,-0.0035970704701672,0.00480718105795278,0.486436654562677,-0.122287858099566,-0.166864052146082,0.528602433755936
-0.12,0.26,-0.11643299756735,0.2569870255825,0.00356700243264985,-0.00301297441750048,0.00466920991122077,0.427444344078876,-0.114668297414995,-0.177515810525984,0.476833997349525
-0.12,0.275,-0.116515973031697,0.272730940488912,0.00348402696830299,-0.0022690595110884,0.00415777283899966,0.355473799942464,-0.101605995092196,-0.165510263053883,0.405067563836412
-0.12,0.29,-0.117102855763186,0.288598584879155,0.002897144236814,-0.00140141512084457,0.00321829288130158,0.275205721903312,-0.0822197003503391,-0.130018038183133,0.315282745442506
-0.12,0.305,-0.118180818384636,0.304539788770833,0.0018191816153644,-0.000460211229167423,0.00187649037437756,0.193245598295725,-0.0567670850382667,-0.0743058213145162,0.214680628387303
-0.12,0.32,-0.119667062589226,0.320490681756045,0.000332937410774281,0.000490681756044498,0.000592972094797044,0.118321931196595,-0.0275036783590812,-0.00711679797886426,0.12168478172945
-0.12,0.335,-0.121397745805923,0.336375547826024,-0.00139774580592292,0.00137554782602374,0.00196107755064754,0.0613594516105002,0.000279891699778857,0.0559400286253643,0.0830322145430046
-0.12,0.35,-0.123121206337872,0.352109762975614,-0.00312120633787197,0.00210976297561431,0.00376736364276733,0.0354385403116141,0.0170176589966849,0.0910824750232885,0.0992043878683284
-0.1,0.05,-0.0970542111662866,0.0520404299406321,0.00294578883371338,0.00204042994063205,0.00358343776218566,0.0443250820145224,0.0165924525132228,-0.0907417384298112,0.102342993184213
-0.1,0.065,-0.0990398877822307,0.0664652923277045,0.000960112217769316,0.00146529232770454,0.00175182678262998,0.0837929284211186,-0.00517163698017707,-0.0413246951361859,0.093572074126776
-0.1,0.08,-0.100923020820454,0.0807210011303361,-0.000923020820453813,0.00072100113033613,0.00117124295726259,0.147321599419336,-0.0331432016531104,0.0281572876474117,0.153606550806357
-0.1,0.095,-0.102454312540378,0.0948858356991454,-0.00245431254037778,-0.000114164300854577,0.0024569663272917,0.224126938565099,-0.0594381171107401,0.0949207026419801,0.250551021116035
-0.1,0.11,-0.103484197105107,0.109028169680617,-0.00348419710510738,-0.00097183031938293,0.00361719278403993,0.305229230620119,-0.0802156168932607,0.144449212006228,0.347081217654345
-0.1,0.125,-0.103951062056816,0.123204916518254,-0.00395106205681633,-0.00179508348174592,0.00433972534652261,0.383512112757664,-0.0944493929433366,0.169163372708172,0.429673527630275
-0.1,0.14,-0.103865524180479,0.137460888652817,-0.00386552418047927,-0.0025391113471834,0.00462486363293724,0.453662221316836,-0.102876634680951,0.16695767044829,0.494236169638651
-0.1,0.155,-0.103292454618591,0.151829355877026,-0.00329245461859125,-0.00317064412297378,0.00457091255331264,0.511978798297265,-0.107127888699693,0.139730603044432,0.541410654668683
-0.1,0.17,-0.102333292354866,0.166333718452069,-0.0023332923548659,-0.00366628154793119,0.00434578803003281,0.556076818162532,-0.109053566718512,0.0920540815823602,0.574100008351637
-0.1,0.185,-0.101111074373641,0.180989852384221,-0.00111107437364127,-0.00401014761577906,0.00416122219595407,0.584539179693677,-0.110248461431509,0.0301023684873259,0.595609035389816
-0.1,0.2,-0.0997595899900888,0.195808452410631,0.00024041000991116,-0.00419154758936865,0.00419843639547006,0.596592361416959,-0.111752605031453,-0.0391070600303676,0.608230159303662
-0.1,0.215,-0.0984165281604134,0.21079666960217,0.00158347183958661,-0.00420333039782955,0.00449170006791212,0.59187940621438,-0.113892596084299,-0.108196883136667,0.612374795562781
-0.1,0.23,-0.0972190142953624,0.225958527499324,0.00278098570463756,-0.00404147250067594,0.00490585175714862,0.570384078668036,-0.116231292482696,-0.169754320164901,0.606356059799855
-0.1,0.245,-0.0962990772167379,0.241293950144784,0.00370092278326208,-0.0037060498552161,0.00523752183546909,0.532525935804404,-0.117613896947768,-0.21666035646795,0.586823330625754
-0.1,0.26,-0.0957766649368976,0.256796647026882,0.00422333506310241,-0.00320335297311812,0.005300757429426,0.479406767698138,-0.116324774527218,-0.242586579179245,0.549738909788192
-0.1,0.275,-0.0957488174246722,0.272451452886141,0.00425118257532779,-0.00254854711385936,0.00495657600368758,0.413154507364517,-0.110388639069565,-0.242773902874934,0.491754970451899
-0.1,0.29,-0.0962751479613114,0.28823190568668,0.00372485203868865,-0.00176809431331981,0.00412318811248248,0.337290316736139,-0.0980523346947636,-0.215127124710588,0.41189735198297
-0.1,0.305,-0.0973613096223857,0.304098800591245,0.00263869037761436,-0.000901199408754993,0.0027883413139813,0.257043710355411,-0.0784684427247128,-0.161573082214142,0.313583915239425
-0.1,0.32,-0.098943054211331,0.320000191291064,0.00105694578866902,1.91291064349786e-07,0.0010569458059794,0.179559445445381,-0.0525792351196906,-0.0895662188607397,0.207432699865961
-0.1,0.335,-0.100873479764317,0.335872908324424,-0.000873479764316953,0.000872908324424188,0.00123488292624048,0.113972419829292,-0.0241868616191064,-0.0136035361555075,0.117302079092126
-0.1,0.35,-0.102915133480733,0.351645260060885,-0.00291513348073297,0.0016452600608855,0.00334736969551247,0.0713623272880199,-0.00121215399229496,0.0433651737868803,0.0835140144294203
-0.08,0.05,-0.0774028357049522,0.0516136793500243,0.00259716429504783,0.00161367935002427,0.00305764998326591,0.0606699410616923,0.00122146266708344,-0.037005187074924,0.0710754404649387
-0.08,0.065,-0.0796318344406744,0.0660773980486913,0.000368165559325645,0.00107739804869128,0.00113856595522497,0.105611196851881,-0.0230130652772823,0.0307057076901856,0.112366234270618
-0.08,0.08,-0.0816542068778604,0.0804142724991022,-0.00165420687786044,0.000414272499102225,0.00170529237911661,0.168039311354751,-0.0490090344358688,0.110823776741887,0.207173965232317
-0.08,0.095,-0.083237064204207,0.094687074369111,-0.00323706420420697,-0.000312925630888972,0.00325215422645135,0.239260582822245,-0.0702748612967498,0.181343498067898,0.308334033716433
-0.08,0.11,-0.0842482503326338,0.108950201176188,-0.0042482503326338,-0.00104979882381229,0.00437603798648971,0.312117794159024,-0.0842311737943444,0.228745864816964,0.396027402028927
-0.08,0.125,-0.0846437313234021,0.123248347979128,-0.00464373132340207,-0.00175165202087174,0.00496311650136984,0.381045579461693,-0.0909561712330132,0.246581055001468,0.462895388696153
-0.08,0.14,-0.0844505497233568,0.137616060363878,-0.00445054972335683,-0.00238393963612199,0.00504881778525874,0.442011913818886,-0.0921015553908953,0.233892396505146,0.508492456892544
-0.08,0.155,-0.0837474650374061,0.152078396632601,-0.00374746503740611,-0.00292160336739944,0.00475176392963507,0.492334810625262,-0.0900028958860245,0.193632235578903,0.536646657523878
-0.08,0.17,-0.0826462741160171,0.166652595364483,-0.00264627411601712,-0.0033474046355173,0.0042670697780778,0.530396881620312,-0.08701089531032,0.131245423509901,0.553280659255493
-0.08,0.185,-0.0812765900613182,0.18135032782345,-0.00127659006131815,-0.00364967217654977,0.00386649572364147,0.555311240631282,-0.0850428526168167,0.0535644083881924,0.564335521892922
-0.08,0.2,-0.0797756275241863,0.196179913757459,0.000224372475813695,-0.00382008624254082,0.00382666981961502,0.566610107342529,-0.0853203423631122,-0.0319218515573364,0.573888780738825
-0.08,0.215,-0.0782827529264466,0.211147858795386,0.00171724707355345,-0.00385214120461397,0.00421757387272738,0.564026719202412,-0.0882407762220232,-0.117468883054054,0.582850274593607
-0.08,0.23,-0.0769368669286198,0.226259240400822,0.00306313307138022,-0.003740759599178,0.00483488020449582,0.54742201155324,-0.0933372799533986,-0.195287293524173,0.588661941797522
-0.08,0.245,-0.0758737003282757,0.241516781232002,0.00412629967172429,-0.00348321876799762,0.00539992240375756,0.516875222687019,-0.099309915110163,-0.257758615904901,0.586058831283549
-0.08,0.26,-0.0752201734996554,0.256918819305737,0.00477982650034459,-0.00308118069426289,0.00568686344517738,0.472920328176856,-0.104148099419708,-0.297851179422271,0.568523034222825
-0.08,0.275,-0.0750840775802966,0.27245671069129,0.00491592241970344,-0.00254328930870978,0.0055348544465361,0.416877274280989,-0.105391895785911,-0.309873653887675,0.530016790405979
-0.08,0.29,-0.0755391015014797,0.288112385249948,0.00446089849852029,-0.00188761475005189,0.00484383162988909,0.351206828192446,-0.100585443072244,-0.290608304253103,0.466816944321804
-0.08,0.305,-0.0766070221659264,0.303856756280908,0.00339297783407363,-0.0011432437190923,0.003580405673071,0.279816163428637,-0.0879565534120973,-0.240762227432223,0.379473868852312
-0.08,0.32,-0.0782400359639752,0.319649459224997,0.00175996403602477,-0.000350540775002794,0.00179453399049451,0.208259734329585,-0.067323255415877,-0.166596646021816,0.275062039252885
-0.08,0.335,-0.0803063116875661,0.335440032560367,-0.000306311687566119,0.000440032560367287,0.000536148770513366,0.143811244131474,-0.0412023561406561,-0.0815665925267006,0.170389079764826
-0.08,0.35,-0.0825808754322221,0.351170274682284,-0.0025808754322221,0.00117027468228381,0.00283380677334255,0.0954174564600103,-0.0161009375519158,-0.00783180285967151,0.0970828026908764
-0.06,0.05,-0.0577793678187698,0.0512189604106969,0.0022206321812302,0.00121896041069686,0.00253319398530026,0.0604192455656509,-0.0109842572990785,0.0159736367299878,0.0634531057207345
-0.06,0.065,-0.0601797705744197,0.0657853567311289,-0.00017977057441973,0.000785356731128867,0.000805669072607742,0.10188177524617,-0.0352030148881055,0.0973621958679671,0.145253422922888
-0.06,0.08,-0.0622933562377958,0.0802570025963256,-0.00229335623779581,0.000257002596325551,0.00230771167348848,0.155334592500224,-0.0578662637325416,0.185012606051618,0.248409140658567
-0.06,0.095,-0.063900532726619,0.0946812792250871,-0.00390053272661903,-0.000318720774912934,0.00391353273702765,0.214266030088005,-0.073600049502465,0.257578856854392,0.343036613125119
-0.06,0.11,-0.0648833229448182,0.109099064253944,-0.00488332294481816,-0.000900935746055848,0.00496573541400554,0.273372883187588,-0.0808395278410238,0.302384108763214,0.415577512512629
-0.06,0.125,-0.0652119656263519,0.123543711694418,-0.00521196562635186,-0.00145628830558236,0.00541159508086565,0.328606723452762,-0.0805433980240511,0.313927592193062,0.461542308694579
-0.06,0.14,-0.064926688291887,0.138040771744624,-0.004926688291887,-0.00195922825537601,0.00530196500196674,0.377122534541569,-0.0750773662788546,0.292207781965574,0.482954227474005
-0.06,0.155,-0.0641171380767322,0.152608620301355,-0.0041171380767322,-0.00239137969864509,0.00476125223087057,0.417119738930935,-0.067309069311224,0.241035783491109,0.486435049718323
-0.06,0.17,-0.062902849845566,0.167259900099698,-0.00290284984556603,-0.00274009990030236,0.00399182723693545,0.447595065874279,-0.0599493570600587,0.166541965312737,0.481324066583276
-0.06,0.185,-0.0614178239611473,0.182003421872166,-0.0014178239611473,-0.00299657812783355,0.00331507243676723,0.468053486269573,-0.0551355516749279,0.0760417689600458,0.477386283954693
-0.06,0.2,-0.0598008765036036,0.196846014424848,0.000199123496396428,-0.00315398557515154,0.00316026504823268,0.478238826074607,-0.0542095491567009,-0.0226679980169134,0.481836337760458
-0.06,0.215,-0.0581914249748501,0.211793797205893,0.00180857502514986,-0.00320620279410744,0.00368112482517751,0.477944946965643,-0.0576217904536475,-0.121632879551417,0.496535742403076
-0.06,0.23,-0.0567284983036606,0.226852483857029,0.00327150169633945,-0.00314751614297126,0.00453977766189233,0.466951976707441,-0.064902132812702,-0.212844837331477,0.517263160719517
-0.06,0.245,-0.0555496619429772,0.242026575620214,0.00445033805702276,-0.00297342437978559,0.00535226693692387,0.445104501818201,-0.0746755448333822,-0.288351135665881,0.535577184538701
-0.06,0.26,-0.0547866029093567,0.257317605354693,0.00521339709064332,-0.00268239464530681,0.00586299840166266,0.412516743928727,-0.0847476265529109,-0.340592134763442,0.541624788078682
-0.06,0.275,-0.0545553182133434,0.272721866918251,0.00544468178665658,-0.00227813308174901,0.00590207167832695,0.369861175271921,-0.0923213669349502,-0.363127589330897,0.526482782468022
-0.06,0.29,-0.0549407982070871,0.28822823104966,0.00505920179291294,-0.00177176895034015,0.00536047460536872,0.318679002755907,-0.0944157939317099,-0.351801811359776,0.483979913009417
-0.06,0.305,-0.0559781205186008,0.303816650568352,0.00402187948139918,-0.00118334943164805,0.00419235380666774,0.26164862586565,-0.0885346608182094,-0.30627808356033,0.412438345187296
-0.06,0.32,-0.0576332402809128,0.319457784528302,0.0023667597190872,-0.000542215471697888,0.00242807520180951,0.202762667464218,-0.0735904339231949,-0.23178084430713,0.316624171842192
-0.06,0.335,-0.0597869787237456,0.335113873221853,0.000213021276254416,0.000113873221852911,0.000241547458674735,0.147391245903156,-0.0510504739804323,-0.140850185095832,0.210164588904159
-0.06,0.35,-0.0622247215925115,0.35074067089242,-0.00222472159251147,0.000740670892419804,0.00234477707577175,0.102240099312746,-0.0262673258315383,-0.0549451926068076,0.119004157898654
-0.04,0.05,-0.0381038494714422,0.0508762922575016,0.00189615052855782,0.000876292257501632,0.00208884536227731,0.0433757744735664,-0.0198742758810299,0.0611056403974574,0.077526413940029
-0.04,0.065,-0.0406181454809286,0.0655907553426249,-0.000618145480928589,0.000590755342624927,0.000855041350130116,0.0745822983123074,-0.0430187964314232,0.152042861422265,0.174728908424284
-0.04,0.08,-0.0427886914571481,0.0802345223260213,-0.00278869145714813,0.000234522326021336,0.00279853546780695,0.113184810177262,-0.0623194402642735,0.24475868172629,0.276769714966451
-0.04,0.095,-0.0444057803912103,0.0948397036355501,-0.00440578039121031,-0.000160296364449891,0.00440869547372339,0.15492197615702,-0.0732184793169095,0.318407539944923,0.361587554877724
-0.04,0.11,-0.0453619429497548,0.109434107591627,-0.00536194294975476,-0.000565892408372737,0.00539172202679984,0.196357468453499,-0.0748912826177057,0.360947743052313,0.417670929519757
-0.04,0.125,-0.0456379303304286,0.124040586068597,-0.00563793033042859,-0.000959413931403225,0.00571898011034635,0.234911212721325,-0.0689329541378396,0.367591316070776,0.441655263210254
-0.04,0.14,-0.04528357961708,0.138676884658213,-0.00528357961707998,-0.00132311534178706,0.00544672817181979,0.268820098043377,-0.0582152975858945,0.339048838828238,0.436587108563058
-0.04,0.155,-0.0443963224907426,0.153356109933972,-0.00439632249074264,-0.00164389006602783,0.00469361544992712,0.297020118835113,-0.0459712056735335,0.279762147658797,0.410611597021033
-0.04,0.17,-0.0431010076477346,0.168087744401711,-0.00310100764773458,-0.00191225559828856,0.00364320873743109,0.31896378873705,-0.0351475203237275,0.196350147334868,0.376200924405925
-0.04,0.185,-0.0415343313634647,0.182878966857175,-0.00153433136346474,-0.002121033142825,0.00261781479976595,0.334406652764711,-0.0280181019327491,0.0964515971791752,0.349164877034306
-0.04,0.2,-0.0398356275520652,0.197735925636284,0.000164372447934832,-0.0022640743637157,0.00227003326541149,0.343208262081961,-0.0259984089629542,-0.0119561787834214,0.344399674460666
-0.04,0.215,-0.0381436121151136,0.212664598605573,0.00185638788488638,-0.00233540139442676,0.00298333297709849,0.345192631913778,-0.0295783660987415,-0.120818188083663,0.366920056070021
-0.04,0.23,-0.0365966639331774,0.227670962344273,0.00340333606682264,-0.00232903765572692,0.00412396808735588,0.340101310273635,-0.0383031074433086,-0.222018793409372,0.407957200011544
-0.04,0.245,-0.035333038595604,0.242760363168655,0.00466696140439597,-0.00223963683134529,0.00517653377139954,0.327652051121818,-0.0507749794067433,-0.307402244763404,0.452140648586278
-0.04,0.26,-0.0344874457621463,0.257936194240063,0.00551255423785366,-0.00206380575993692,0.00588621681897865,0.307692588156819,-0.0647058470736297,-0.369044529363164,0.484826610918994
-0.04,0.275,-0.034181678715184,0.273198182942332,0.00581832128481599,-0.00180181705766785,0.0060909282775818,0.280417612371464,-0.0770926060841187,-0.399954440546684,0.494512264544137
-0.04,0.29,-0.03450906570368,0.288540723759024,0.00549093429632,-0.00145927624097633,0.00568153558415163,0.246603122085022,-0.0846016483074994,-0.39526188872943,0.473501610793469
-0.04,0.305,-0.0355147151694324,0.303951707777547,0.00448528483056765,-0.00104829222245309,0.00460615855078567,0.207809898999209,-0.0842234352531081,-0.353818311297887,0.418887479088808
-0.04,0.32,-0.0371750680636333,0.319412185957555,0.00282493193636665,-0.00058781404244479,0.00288544031191074,0.166518188883273,-0.0742077839678584,-0.280030596707279,0.334144510618602
-0.04,0.335,-0.0393805894779682,0.334896989644155,0.000619410522031849,-0.000103010355844674,0.000627917612601378,0.126175844452852,-0.055241402386147,-0.185710164446164,0.231214822167087
-0.04,0.35,-0.0419244368330551,0.350376187584019,-0.00192443683305507,0.000376187584019055,0.00196086058219067,0.0911657140124117,-0.0318146846930902,-0.0917531028032609,0.133199104493218
-0.02,0.05,-0.0183221062924864,0.0505796760310553,0.00167789370751359,0.000579676031055298,0.0017752046627625,0.0131863207778415,-0.025932238691234,0.0930115077994805,0.0974551329135183
-0.02,0.065,-0.0209033395299955,0.0654713886912572,-0.000903339529995467,0.000471388691257235,0.00101893552528982,0.029640022691929,-0.0480087613662005,0.189764417320599,0.197974607441687
-0.02,0.08,-0.0231066924631777,0.0803108893268276,-0.00310669246317771,0.000310889326827629,0.00312220919130998,0.0495423770489908,-0.0648997143218737,0.285585892602739,0.297028482952302
-0.02,0.095,-0.0247286471025028,0.0951151388644668,-0.00472864710250281,0.000115138864466846,0.00473004866551275,0.070925430125944,-0.0725379157345173,0.359938710035516,0.373963283366217
-0.02,0.11,-0.0256681864926005,0.109899245763567,-0.00566818649260054,-0.000100754236432937,0.00566908189489783,0.0922211992941192,-0.0705420830752055,0.401165674816846,0.417630944687507
-0.02,0.125,-0.0259124309219921,0.124676214692761,-0.00591243092199212,-0.000323785307238839,0.00592129009021787,0.112272455019773,-0.0608860370631891,0.404907983142162,0.424574508603496
-0.02,0.14,-0.0255169747834338,0.139456897044404,-0.00551697478343376,-0.000543102955595565,0.00554364244711188,0.130308947231129,-0.0467393436928285,0.372303417237914,0.397209584943581
-0.02,0.155,-0.0245838483206957,0.154250199448064,-0.00458384832069567,-0.000749800551936242,0.00464476762549305,0.145883664004637,-0.0315459641292061,0.308169286374398,0.342411812435053
-0.02,0.17,-0.0232409510061648,0.169063525884753,-0.00324095100616477,-0.000936474115246666,0.00337353630377494,0.158775438649805,-0.0183858910405295,0.219409784281329,0.271456206756895
-0.02,0.185,-0.0216263903428009,0.183903348978527,-0.00162639034280091,-0.00109665102147283,0.00196157819371379,0.168875235998839,-0.00960889858036704,0.113843625161658,0.203891125664505
-0.02,0.2,-0.0198795398524636,0.198775750363403,0.000120460147536446,-0.00122424963659709,0.0012301617047578,0.176080119147394,-0.00667404585068859,-0.000463487423858972,0.176207237478756
-0.02,0.215,-0.0181383793740023,0.213686756025448,0.00186162062599768,-0.00131324397455176,0.00227821006314968,0.180219200801482,-0.010102222832589,-0.115419594934783,0.214249274503398
-0.02,0.23,-0.0165405812760788,0.228642326821452,0.00345941872392123,-0.00135767317854776,0.00371629578574752,0.181029879061042,-0.0194635690305255,-0.222866782809073,0.287785379463278
-0.02,0.245,-0.0152245586348559,0.243647942467323,0.00477544136514414,-0.0013520575326772,0.00496315421920364,0.178191969994569,-0.0333698431738743,-0.314542972518439,0.363047720216387
-0.02,0.26,-0.0143267043778384,0.258707823998008,0.00567329562216158,-0.00129217600199161,0.00581859106971445,0.17141453443006,-0.0495031713734043,-0.382308614896386,0.421893574085122
-0.02,0.275,-0.0139723352855126,0.273823949994815,0.00602766471448736,-0.00117605000518531,0.00614132196884126,0.160558194174286,-0.0647616283715578,-0.41882878573505,0.453201527867907
-0.02,0.29,-0.014260014019023,0.288995103553144,0.00573998598097697,-0.00100489644685622,0.00582728546844209,0.145767577191694,-0.0756177767751641,-0.418774677408103,0.449821636259428
-0.02,0.305,-0.0152412398133358,0.30421620933782,0.00475876018666424,-0.000783790662179706,0.00482287531627148,0.127586690004972,-0.0787607697536167,-0.380466615481458,0.408946424096898
-0.02,0.32,-0.0168991577966448,0.31947816755938,0.00310084220335521,-0.000521832440620484,0.00314444454016806,0.107035412957239,-0.0720372027641426,-0.307769217957544,0.333718660814251
-0.02,0.335,-0.0191303342907029,0.334768275293691,0.000869665709297085,-0.000231724706308584,0.000900008214096406,0.0856365071344763,-0.055649580755843,-0.212005113172602,0.235322614829038
-0.02,0.35,-0.0217326578464457,0.350071182401965,-0.00173265784644566,7.11824019646035e-05,0.00173411941549571,0.0653958538415182,-0.0335499583822661,-0.113688840816479,0.135378648460255
0,0.05,0.00159750762074579,0.0503068436306772,0.00159750762074579,0.00030684363067715,0.0016267094430254,-0.0238618524840759,-0.0296364488852596,0.108230458911066,0.114723771467226
0,0.065,-0.0010101685284204,0.0653905068898383,-0.0010101685284204,0.000390506889838271,0.00108302173885024,-0.0243401734161212,-0.0513021065442806,0.207317103790872,0.21495298531766
0,0.08,-0.00322832895940081,0.0804375910974627,-0.00322832895940081,0.000437591097462747,0.003257851107507,-0.0249895291412217,-0.0673329328096662,0.304599832265419,0.312952874595573
0,0.095,-0.00485576443734029,0.0954500197525606,-0.00485576443734029,0.000450019752560621,0.00487657318704778,-0.0254688028621444,-0.0738110082710909,0.379638280085138,0.387585502078937
0,0.11,-0.00579360897947592,0.110430423590031,-0.00579360897947592,0.000430423590031065,0.00580957567072839,-0.0254814176642459,-0.0704876682346405,0.420881878002865,0.427504639896985
0,0.125,-0.0060309637257235,0.125382313257521,-0.0060309637257235,0.000382313257520861,0.00604306932674687,-0.0247888668155875,-0.0594505821975036,0.424086899110424,0.428951532296443
0,0.14,-0.00562515061979445,0.140310119025172,-0.00562515061979445,0.000310119025172029,0.00563369268820616,-0.0232180222271742,-0.0439610242266967,0.390506068524122,0.393658795624227
0,0.155,-0.00467955797700284,0.155219096648499,-0.00467955797700284,0.000219096648499062,0.00468468421577319,-0.0206644682647118,-0.0275312853644358,0.325059063499932,0.326877158110658
0,0.17,-0.00332297426790319,0.170115126581227,-0.00332297426790319,0.000115126581226588,0.00332496798704162,-0.017093971553043,-0.0132889930757054,0.234728369615056,0.235725024293827
0,0.185,-0.00169389361786828,0.185004452619497,-0.00169389361786828,4.45261949694187e-06,0.00169389947000266,-0.0125433762784993,-0.00361716709743291,0.127381053149061,0.128048271022699
0,0.2,6.83573920695116e-05,0.199893408304704,6.83573920695116e-05,-0.000106591695296226,0.000126627495263345,-0.00712107265509333,-1.51852963125529e-06,0.0111040983813738,0.0131913107249285
0,0.215,0.00182609851227275,0.214788165243909,0.00182609851227275,-0.000211834756091128,0.00183834429321956,-0.00100615683040324,-0.0029892080222511,-0.106004224506662,0.106051150581146
0,0.23,0.00344193915878799,0.229694515038113,0.00344193915878799,-0.000305484961887231,0.00345546903252474,0.00555512228585666,-0.0121780545051766,-0.215775628191682,0.216190521457474
0,0.245,0.00477742468918378,0.244617677654546,0.00477742468918378,-0.000382322345453795,0.00479269830436426,0.0122568334489202,-0.0262047385558148,-0.309912217041735,0.311259921655013
0,0.26,0.00569553353403157,0.259562124006212,0.00569553353403157,-0.000437875993787917,0.00571234081819475,0.0187450463767896,-0.0427638824668299,-0.380195182273689,0.38305228044037
0,0.275,0.00606959188628689,0.274531412334863,0.00606959188628689,-0.000468587665136661,0.00608765308357809,0.0246326929476274,-0.0587409976429089,-0.419157656622188,0.423970795767669
0,0.29,0.00579899181198329,0.28952806138499,0.00579899181198329,-0.000471938615010381,0.00581816397945152,0.0295152761037087,-0.0705593886370704,-0.42128910155113,0.428176528034103
0,0.305,0.00482973626424865,0.30455350553369,0.00482973626424865,-0.000446494466309788,0.00485033088465558,0.0329843775154605,-0.0748156545293203,-0.38469350895395,0.393287495945838
0,0.32,0.00317611991841835,0.319608185203108,0.00317611991841835,-0.000391814796892376,0.00320019633323294,0.0346361135668148,-0.0692214351568384,-0.313008755218499,0.322437626020342
0,0.335,0.000939413253487065,0.334691812772223,0.000939413253487065,-0.000308187227777201,0.000988674176962334,0.0340727829929979,-0.0538099663518355,-0.217347906333392,0.226487629251009
0,0.35,-0.00167960934315362,0.349803823691822,-0.00167960934315362,-0.00019617630817842,0.00169102711081148,0.0308974612702357,-0.0323418584000483,-0.11805819588864,0.126247348419444
0.02,0.05,0.021666199634047,0.0500276182510833,0.00166619963404696,2.76182510832723e-05,0.00166642851280549,-0.0601841300307469,-0.0310595084314105,0.10533983550888,0.125233021850886
0.02,0.065,0.0190703968750521,0.0653044083166749,-0.000929603124947914,0.000304408316674887,0.000978175031972175,-0.077455642438046,-0.0531808114900812,0.203349554448482,0.224005983107979
0.02,0.08,0.0168534229621589,0.0805602459468107,-0.0031465770378411,0.000560245946810672,0.00319606360637373,-0.0985412247465705,-0.0700917668995805,0.300531543981799,0.32394863366092
0.02,0.095,0.0152180878247414,0.0957821150691394,-0.00478191217525861,0.000782115069139389,0.00484545024051031,-0.120804462166069,-0.0776800407759268,0.376329620070602,0.402805856501116
0.02,0.11,0.0142654631781554,0.110960210302373,-0.00573453682184463,0.00096021030237281,0.00581437153834142,-0.142090682751169,-0.0755160491113393,0.419017174450609,0.448852825147195
0.02,0.125,0.014008918885632,0.126088539922718,-0.00599108111436795,0.00108853992271815,0.00608916842288728,-0.160766442388149,-0.0655350115925488,0.424144298074556,0.458301420713151
0.02,0.14,0.0143934869974826,0.141165068194517,-0.00560651300251735,0.00116506819451712,0.00572628779797798,-0.175712346543866,-0.0508849566483884,0.392758881412791,0.433271901975978
0.02,0.155,0.0153176822406411,0.156191336608573,-0.00468231775935891,0.0011913366085729,0.00483149899250055,-0.186267963404485,-0.0350075799360177,0.329604323328017,0.380211553330215
0.02,0.17,0.0166539636851945,0.171171638161062,-0.00334603631480553,0.00117163816106247,0.00354523553525788,-0.19213896212921,-0.0209982905930524,0.241532828962887,0.309348749658179
0.02,0.185,0.01826439730214,0.186111936300776,-0.00173560269785998,0.00111193630077608,0.00206124211624992,-0.193286067611166,-0.0112365474455269,0.136331676720206,0.236795628804103
0.02,0.2,0.0200096625078141,0.2010187819051,9.66250781406877e-06,0.00101878190509977,0.00101882772548453,-0.189820009462532,-0.00722189026297015,0.0220503472010245,0.191232955976015
0.02,0.215,0.0217517784139534,0.215898470296471,0.0017517784139534,0.000898470296470583,0.00196874998037664,-0.181925132452005,-0.00952380976280611,-0.0932255344335588,0.204642374793921
0.02,0.23,0.023353033911565,0.230756604267734,0.00335303391156501,0.000756604267733579,0.00343733711324007,-0.169827487580727,-0.0177670368714249,-0.201336596463875,0.263995438430142
0.02,0.245,0.0246748859987948,0.245598115657787,0.0046748859987948,0.000598115657786918,0.00471299283277808,-0.153813047644996,-0.0306213482940938,-0.294009049777795,0.33322328088952
0.02,0.26,0.0255806212734718,0.260427681740042,0.00558062127347178,0.000427681740041624,0.00559698539114502,-0.134290654186803,-0.0458263308248099,-0.363075299416138,0.389818280244468
0.02,0.275,0.0259443272445511,0.275250384826942,0.00594432724455107,0.000250384826941646,0.00594959821768451,-0.111884826292193,-0.0603313141766746,-0.401149160780602,0.420808183159643
0.02,0.29,0.0256665742952495,0.290072425315899,0.0056665742952495,7.24253158987387e-05,0.0056670371156333,-0.0875377525256032,-0.0706474988059294,-0.402823302645339,0.418235958603377
0.02,0.305,0.0246948739557985,0.304901716859665,0.00469487395579854,-9.82831403351925e-05,0.00469590257953778,-0.0625991433156834,-0.0734847650579634,-0.36631408097699,0.378820791573005
0.02,0.32,0.0230452771511127,0.3197482580432,0.00304527715111272,-0.000251741956799806,0.00305566472962964,-0.0388874493390172,-0.0666904945853738,-0.295365661117721,0.305288306447735
0.02,0.335,0.0208210299838649,0.334624264360034,0.000821029983864935,-0.000375735639966429,0.000902921649727282,-0.0187149327229239,-0.0504507690584987,-0.201178949243242,0.208251161270252
0.02,0.35,0.0182251605152277,0.349544127980257,-0.00177483948477233,-0.000455872019743064,0.0018324504072666,-0.00487950573493877,-0.0286917796782361,-0.104164397547538,0.108153839445298
0.04,0.05,0.041875442275468,0.0497115242483659,0.00187544227546799,-0.000288475751634071,0.00189749887691492,-0.0882936042437651,-0.029745123600968,0.0849917133588431,0.126111580307109
0.04,0.065,0.039331990642908,0.0651691296641453,-0.000668009357091964,0.000169129664145312,0.000689087327162767,-0.119919251783294,-0.0529520069272255,0.178400082545439,0.221384715855718
0.04,0.08,0.0371344033614793,0.080624206039724,-0.00286559663852065,0.000624206039724046,0.00293279342517144,-0.159365919759793,-0.0722650676949272,0.273760418544554,0.324907349930441
0.04,0.095,0.0354908569429757,0.0960488905234796,-0.00450914305702432,0.00104889052347962,0.00462952939713704,-0.201747008305845,-0.0830463958234497,0.350206218363242,0.412605974659865
0.04,0.11,0.0345088325947449,0.111420814766493,-0.00549116740525507,0.00142081476649261,0.00567200441406908,-0.243061193758671,-0.0843812203783719,0.39557172598061,0.471886833217804
0.04,0.125,0.034208490117091,0.126724128436328,-0.00579150988290901,0.00172412843632835,0.00604269853532251,-0.280257037644203,-0.0777903451362469,0.404898014580659,0.498537175359804
0.04,0.14,0.0345412121809366,0.141949779852378,-0.00545878781906343,0.00194977985237799,0.00579655120966721,-0.311215863721573,-0.0661023973101731,0.378722840700899,0.494628497247615
0.04,0.155,0.0354106594496969,0.15709492988597,-0.00458934055030311,0.00209492988596985,0.00504487640223089,-0.334648150285698,-0.0525436168470495,0.321342938012026,0.466918308158732
0.04,0.17,0.036692727930762,0.172161605213173,-0.003307272069238,0.00216160521317307,0.0039510233658609,-0.349920000188286,-0.0400886516990403,0.239272678906792,0.425797317767703
0.04,0.185,0.0382511038486038,0.187154906169914,-0.00174889615139623,0.00215490616991432,0.00277529428160391,-0.356844899511309,-0.0310676753984514,0.140085731010757,0.384614157671316
0.04,0.2,0.0399465840158318,0.202081205221693,-5.34159841682448e-05,0.00208120522169333,0.00208189059322729,-0.355485969854397,-0.0269743990786533,0.0317248229897958,0.357917272491009
0.04,0.215,0.0416404510242196,0.216946768765621,0.00164045102421955,0.00194676876562111,0.00254577850365284,-0.346012435887162,-0.0283934344482472,-0.0777684885476152,0.355779619202716
0.04,0.23,0.0431942214062371,0.231757113855229,0.00319422140623707,0.00175711385522936,0.00364561373328307,-0.32864186400322,-0.0349762925116367,-0.180274562967061,0.376468117862793
0.04,0.245,0.0444693335812301,0.246517212716265,0.0044693335812301,0.00151721271626484,0.0047198386716822,-0.303680391949745,-0.0454377755932916,-0.267611767539245,0.407312077793123
0.04,0.26,0.0453303908269952,0.261232438552674,0.00533039082699523,0.00123243855267446,0.00547101189494532,-0.271651378402741,-0.0576001738268906,-0.331797443039517,0.432669255003023
0.04,0.275,0.045654386500921,0.275909964617535,0.005654386500921,0.000909964617535314,0.0057271391031617,-0.233483613610814,-0.068557879735804,-0.365736858680978,0.439293951527876
0.04,0.29,0.0453462824337218,0.290560232076459,0.00534628243372182,0.000560232076459444,0.00537555539833946,-0.190717990375398,-0.0750499419137038,-0.36440487979689,0.418087954460211
0.04,0.305,0.0443590739881958,0.305198116419273,0.00435907398819577,0.000198116419272948,0.0043635737819075,-0.145689646003943,-0.0741052088743854,-0.326450792324823,0.365085778577014
0.04,0.32,0.0427148521893362,0.319843541019158,0.00271485218933618,-0.00015645898084235,0.00271935687665846,-0.101651885735961,-0.063974566889399,-0.256050015591225,0.282820833708074
0.04,0.335,0.0405229619237097,0.334521470957477,0.000522961923709653,-0.000478529042522741,0.00070885768542623,-0.0628261081294847,-0.0453144745669874,-0.164782652104391,0.182082046906318
0.04,0.35,0.0379922919292914,0.349261409760225,-0.0020077080707086,-0.000738590239774656,0.0021392538978529,-0.0343829189105928,-0.0225692537879505,-0.0733500302457496,0.0840939030840506
0.06,0.05,0.0621962069995282,0.0493353837463911,0.00219620699952822,-0.000664616253608946,0.0022945674863333,-0.102167852991625,-0.0248687644511185,0.0498666619308969,0.116376175657491
0.06,0.065,0.0597519772917713,0.0649471364929145,-0.000248022708228657,-5.28635070854988e-05,0.00025359379759461,-0.143449197417869,-0.0491274675403732,0.134877658103454,0.202936458078954
0.06,0.08,0.0575982938233071,0.0805801749916451,-0.00240170617669289,0.00058017499164506,0.00247078845312485,-0.197211103701928,-0.0717492959227354,0.226323438053744,0.308646577607721
0.06,0.095,0.0559521706402843,0.0961918992719702,-0.00404782935971568,0.00119189927197022,0.00421966188217722,-0.256394426158436,-0.087265519805908,0.302867667758011,0.406303936334862
0.06,0.11,0.054931360556284,0.111747138000195,-0.00506863944371602,0.00174713800019488,0.00536130553150246,-0.315174209391277,-0.0939928587336545,0.351683339221779,0.481510098970642
0.06,0.125,0.0545668164602421,0.127219562999878,-0.00543318353975787,0.00221956299987755,0.00586906664531263,-0.369046335467437,-0.0927868744781722,0.367041065336264,0.528701928185339
0.06,0.14,0.054820051554713,0.142592156308046,-0.00517994844528699,0.00259215630804563,0.00579233460887507,-0.414806528642051,-0.0859495634987015,0.34869793043271,0.548675068611117
0.06,0.155,0.0556030535117865,0.15785653924124,-0.00439694648821345,0.0028565392412401,0.00524337246979053,-0.450413867910152,-0.0763345217081049,0.300255316153871,0.54667644334341
0.06,0.17,0.0567974624158504,0.173011279086301,-0.00320253758414963,0.00301127908630106,0.00439591272814703,-0.474759491246433,-0.0666876148031663,0.227686932720207,0.530742089950058
0.06,0.185,0.0582699308361605,0.188059576680958,-0.00173006916383946,0.00305957668095799,0.0035148469068126,-0.487386885903034,-0.0592233313979996,0.138206529789283,0.510055038673244
0.06,0.2,0.0598818954943247,0.20300691432679,-0.000118104505675287,0.00300691432679029,0.00300923286618326,-0.488224729938855,-0.055394004544646,0.0395546980485973,0.492948228233173
0.06,0.215,0.0614939388935216,0.217859254531867,0.0014939388935216,0.00285925453186681,0.00322601765270704,-0.477392325260976,-0.055785350959384,-0.0603358677005773,0.484414339502552
0.06,0.23,0.0629668150262212,0.23262222670035,0.00296681502622118,0.00262222670034987,0.00395955354400462,-0.455121792188784,-0.0600793241113557,-0.153448894906628,0.484038560149458
0.06,0.245,0.0641623975291297,0.2473014704059,0.00416239752912967,0.00230147040589984,0.00475629259189734,-0.421814828659876,-0.0670604953452274,-0.23178782766378,0.485954599126963
0.06,0.26,0.0649478703074795,0.261903996871234,0.00494787030747952,0.00190399687123444,0.00530156813266679,-0.378221552345654,-0.0746892530644651,-0.287700152383031,0.481043411914973
0.06,0.275,0.0652053781189989,0.276440168339234,0.00520537811899895,0.00144016833923402,0.005400930124255,-0.325701860022316,-0.0803032271177583,-0.314589200517629,0.459888911025779
0.06,0.29,0.0648474384961029,0.290925749450194,0.00484743849610288,0.000925749450193886,0.00493504529037317,-0.266512483910449,-0.0810201650045703,-0.3080725823064,0.415334374409498
0.06,0.305,0.063836341468327,0.30538349710294,0.00383634146832698,0.000383497102939806,0.00385546182571796,-0.204060189716334,-0.0743950480038714,-0.267524917567069,0.344594143375681
0.06,0.32,0.0622042785464155,0.319843921418762,0.00220427854641547,-0.000156078581238395,0.00220979737390307,-0.143074429378546,-0.0593417054023275,-0.197846342017471,0.251266803568587
0.06,0.335,0.0600705998862607,0.334345116403247,7.0599886260736e-05,-0.00065488359675317,0.000658678122633807,-0.0896775317719198,-0.0372891178220737,-0.111259010335672,0.147685874310794
0.06,0.35,0.0576535129685205,0.348931837374406,-0.00234648703147947,-0.00106816262559414,0.00257817237275119,-0.0513593925083094,-0.0135348186292015,-0.028961859717571,0.0604960178186799
0.08,0.05,0.0825768132949096,0.0488916366719245,0.00257681329490958,-0.00110836332807551,0.00280507326532577,-0.0985066565160369,-0.0156565550077691,0.00453660080329047,0.0998462435973369
0.08,0.065,0.0802890597372295,0.0646149153345651,0.000289059737229508,-0.000385084665434854,0.000481503614981513,-0.142576454476633,-0.0398859140666906,0.0769789495954323,0.166867342142562
0.08,0.08,0.0782139850941884,0.0803909481034358,-0.00178601490581159,0.000390948103435818,0.00182830239932055,-0.204645236661188,-0.0657416169823868,0.161891458545273,0.269092197098654
0.08,0.095,0.0765805228486532,0.0961625487254682,-0.00341947715134677,0.00116254872546817,0.00361169538135075,-0.275591496406803,-0.0866538085270541,0.237354702706107,0.373894779881543
0.08,0.11,0.0755200834826084,0.111881472549613,-0.00447991651739157,0.00188147254961279,0.00485897015402897,-0.347809925328655,-0.0999179515221131,0.289713929712915,0.463563021044944
0.08,0.125,0.0750779594949008,0.127510168128059,-0.00492204050509916,0.00251016812805938,0.00552516305324665,-0.415315524041923,-0.105492746909609,0.312265418226185,0.530214486598686
0.08,0.14,0.0752292479810926,0.14302247656033,-0.00477075201890738,0.00302247656032978,0.00564760474747054,-0.473725065759094,-0.104950085231969,0.303764891122871,0.572455931479654
0.08,0.155,0.0758973372463954,0.158403020639376,-0.00410266275360457,0.00340302063937553,0.0053303274891727,-0.520105894142699,-0.100602340826842,0.266902541251625,0.593187223050618
0.08,0.17,0.0769720761248838,0.173645383786855,-0.00302792387511625,0.00364538378685469,0.0047388971234837,-0.552714443084045,-0.0948367310259087,0.206918294544501,0.597750518659639
0.08,0.185,0.0783248446388586,0.188749525489222,-0.00167515536114136,0.00374952548922208,0.00410671241728548,-0.570676858912886,-0.0896609168108137,0.130505110483858,0.592238013013787
0.08,0.2,0.0798188569225193,0.203719104436156,-0.000181143077480737,0.00371910443615597,0.00372351320953132,-0.573681912484944,-0.0864306899688783,0.0450715280183595,0.581906825996773
0.08,0.215,0.0813147530256389,0.218559411236821,0.00131475302563886,0.00355941123682102,0.00379446753461329,-0.56175640700382,-0.0857104412126616,-0.0416691654939887,0.569785517080378
0.08,0.23,0.0826732506458677,0.233276442631485,0.00267325064586768,0.00327644263148513,0.00422863397955477,-0.53517553913751,-0.0872213935047626,-0.121913594756546,0.555774932617591
0.08,0.245,0.0837577162607412,0.247877331649022,0.00375771626074119,0.00287733164902249,0.00473280772002256,-0.494530016192897,-0.0898594541453375,-0.18797831210299,0.53663079425676
0.08,0.26,0.0844395842696426,0.262371975702108,0.00443958426964257,0.00237197570210779,0.0050335054602779,-0.440935945254455,-0.0918013709088229,-0.232702212817833,0.506955615468209
0.08,0.275,0.0846085578262732,0.276775382033836,0.00460855782627319,0.00177538203383576,0.00493870292730497,-0.376341372141805,-0.0907474761302791,-0.250186539808081,0.460936420108473
0.08,0.29,0.0841877938797611,0.291110069100368,0.00418779387976115,0.00111006910036782,0.004332420915257,-0.303862966271073,-0.0843575343253591,-0.236924212167078,0.394439593147593
0.08,0.305,0.083152417096287,0.305407877137866,0.003152417096287,0.00040787713786633,0.00317869427730264,-0.228083250207428,-0.0709189525478325,-0.193264723960042,0.30725062507265
0.08,0.32,0.0815484081067653,0.319710746574076,0.00154840810676535,-0.000289253425924285,0.00157519370539168,-0.155254026455067,-0.0502534880945928,-0.125077812231575,0.205605764197525
0.08,0.335,0.0795086624386027,0.334070351658526,-0.000491337561397298,-0.000929648341473799,0.00105150303758231,-0.0933806295985858,-0.0248409248070878,-0.0454455345310006,0.106781615640808
0.08,0.35,0.0772639031669049,0.34854682053157,-0.00273609683309509,-0.0014531794684301,0.00309805688255393,-0.052195092366297,-0.001141129960112,0.0237634369548267,0.0573614073771231
0.1,0.05,0.102939613927645,0.0483980212254563,0.00293961392764464,-0.00160197877454371,0.00334778524366347,-0.077792733250577,-0.00200690106693532,-0.0447746041527615,0.0897803086703521
0.1,0.065,0.100879676170054,0.064172214437364,0.000879676170054106,-0.000827785562635963,0.00120791518819394,-0.115791416255802,-0.023763128136036,0.0105177953381946,0.118671678973976
0.1,0.08,0.098931665274214,0.0800401700013389,-0.00106833472578599,4.0170001338935e-05,0.00106908966664532,-0.178276937062974,-0.0514858164625184,0.0856756348005843,0.204386433702806
0.1,0.095,0.0973391181519722,0.095930317816989,-0.00266088184802779,0.000930317816989046,0.00281882660867444,-0.254206868534755,-0.0772713881999421,0.158133903278127,0.30919017255431
0.1,0.11,0.0962499612223492,0.111781124384736,-0.0037500387776508,0.00178112438473577,0.00415152922521149,-0.334267090219516,-0.0971777278663784,0.213305141874275,0.408261910019287
0.1,0.125,0.0957268428460846,0.127543099840943,-0.00427315715391544,0.00254309984094336,0.00497264807351826,-0.410988501036657,-0.110062384809551,0.243372164322408,0.490159925117908
0.1,0.14,0.0957615008627538,0.143179757172371,-0.00423849913724623,0.00317975717237073,0.0052986536602877,-0.478736540810706,-0.11657659325841,0.245926268124216,0.550691239730659
0.1,0.155,0.0962916501748911,0.158667201991247,-0.00370834982510886,0.00366720199124665,0.00521538386602446,-0.533562725831355,-0.118320406711487,0.222570814583259,0.590109944665076
0.1,0.17,0.0972179803469037,0.173992413451767,-0.00278201965309634,0.00399241345176699,0.00486610712172105,-0.572940300694931,-0.117178116053871,0.177634316575961,0.611186380423092
0.1,0.185,0.0984188438753135,0.189150659692343,-0.00158115612468655,0.00415065969234257,0.00444162476716248,-0.595437431308911,-0.114840022502739,0.117116911266913,0.617619648272523
0.1,0.2,0.0997611076011073,0.20414275203025,-0.000238892398892741,0.00414275203025033,0.0041496341962144,-0.600400726299173,-0.112493755047941,0.0479314912062277,0.612729045302922
0.1,0.215,0.101107105894221,0.21897289580266,0.00110710589422099,0.00397289580266047,0.00412426775559202,-0.587722916410261,-0.110652710215444,-0.0225854849888368,0.59847774351363
0.1,0.23,0.102319128132831,0.233647725148251,0.00231912813283139,0.00364772514825124,0.00432252866429761,-0.557750623637944,-0.109090857969875,-0.0870008247437034,0.574942162941205
0.1,0.245,0.103263837903147,0.248176767298518,0.00326383790314652,0.00317676729851823,0.00455461176467882,-0.511356069029761,-0.106871778875018,-0.138108498452763,0.540354261520932
0.1,0.26,0.103819091759067,0.262574171359569,0.00381909175906725,0.00257417135956911,0.0046056291701136,-0.450158594100004,-0.102486136322061,-0.169415382012058,0.491781683699347
0.1,0.275,0.103884755794273,0.276861178261799,0.00388475579427294,0.00186117826179899,0.00430758773599915,-0.376847688562389,-0.0941326851793605,-0.175910429407832,0.426404105462003
0.1,0.29,0.103397607611929,0.291068609411468,0.00339760761192889,0.00106860941146825,0.00356169391707312,-0.295537688388605,-0.080182781498762,-0.155160684297328,0.343288499952282
0.1,0.305,0.102348811502368,0.305238672857392,0.00234881150236835,0.000238672857391986,0.00236090664925861,-0.21208128727299,-0.0598549367009651,-0.108689603745402,0.245712450541954
0.1,0.32,0.100801373423474,0.319425620170886,0.000801373423474083,-0.000574379829114346,0.000985957175512202,-0.134285269188985,-0.0341030588459554,-0.0435243982951702,0.145223746965574
0.1,0.335,0.0989048400771684,0.333695156213789,-0.00109515992283157,-0.00130484378621148,0.00170352357277238,-0.0720022465152739,-0.00670741791723277,0.0262284515916039,0.0769236343382098
0.1,0.35,0.0969053579672384,0.348122885836797,-0.00309464203276161,-0.00187711416320335,0.00361944289810373,-0.0371067518250274,0.0144286530935163,0.0779006137011639,0.0874848796318781
0.12,0.05,0.123176778707526,0.0479091049583157,0.00317677870752595,-0.0020908950416843,0.00380312569236546,-0.045063183487381,0.0147637751993948,-0.0905384326165608,0.10220503956975
0.12,0.065,0.12143358364492,0.0636534372101163,0.00143358364491972,-0.00134656278988365,0.00196682317814301,-0.0664301743915306,-0.000487111705556817,-0.0573527526969444,0.087764144699266
0.12,0.08,0.11967814077527,0.0795436553401534,-0.000321859224730103,-0.000456344659846619,0.000558429770977864,-0.119759679966573,-0.0271897992978589,0.00422819914947138,0.1228802245585
0.12,0.095,0.118170970030151,0.0954940381942423,-0.00182902996984871,0.000494038194242319,0.00189457762257844,-0.192258974774843,-0.055908298976293,0.0709806873369323,0.21243248561795
0.12,0.11,0.117078893757839,0.111429661345792,-0.00292110624216103,0.00142966134579164,0.00325219821684394,-0.273010173356121,-0.08128376804026,0.12733895512497,0.312020922058053
0.12,0.125,0.116484414693473,0.127288549265547,-0.00351558530652714,0.00228854926554695,0.00419485372668762,-0.353095867662595,-0.100901572643394,0.164296410164108,0.40230808405252
0.12,0.14,0.11639855877549,0.143022890234328,-0.00360144122450973,0.003022890234328,0.00470194047839759,-0.425601175873861,-0.114325312957334,0.178174754478751,0.475346376073967
0.12,0.155,0.116776122782242,0.15859893677148,-0.00322387721775798,0.00359893677147993,0.00483174194264236,-0.485482374843899,-0.122282890415451,0.169357959325589,0.528517114777956
0.12,0.17,0.117531420052997,0.173995594503045,-0.00246857994700331,0.00399559450304537,0.0046966650282422,-0.529322711742361,-0.126011571258632,0.141106662421935,0.562116601652405
0.12,0.185,0.118552507877352,0.189202096252545,-0.00144749212264755,0.0042020962525452,0.00444441743772804,-0.555025937470774,-0.12676724100984,0.0985529480411729,0.577788228781638
0.12,0.2,0.119712546748113,0.204215440185679,-0.000287453251887473,0.00421544018567865,0.00422522961873733,-0.561517294897829,-0.125490294422613,0.0479261294808728,0.577364028271677
0.12,0.215,0.120878128777139,0.219038347090396,0.0008781287771388,0.00403834709039647,0.00413271791582161,-0.548523540556529,-0.122610039150486,-0.00400876158417881,0.562076418384915
0.12,0.23,0.121915659713975,0.233678335548406,0.00191565971397532,0.00367833554840641,0.00414727676269842,-0.516486877780183,-0.117969539977484,-0.0503846346249101,0.532180566003609
0.12,0.245,0.122697699230719,0.248148173414764,0.00269769923071884,0.00314817341476425,0.00414591087565199,-0.466636728329385,-0.110864334315093,-0.0846656461236965,0.487042541110066
0.12,0.26,0.123111229872278,0.262467545627429,0.00311122987227827,0.00246754562742924,0.00397096118611122,-0.401206197157481,-0.100205360895698,-0.101212523449442,0.425737402448719
0.12,0.275,0.123069092455871,0.276665411863643,0.00306909245587135,0.001665411863643,0.00349183693465907,-0.323746653127372,-0.0848296089055649,-0.0960777291259925,0.348194286458253
0.12,0.29,0.122524558859867,0.290782327967287,0.00252455885986665,0.000782327967286833,0.00264299725412841,-0.239472958860033,-0.0639842998187899,-0.0680654861021662,0.257049236280073
0.12,0.305,0.121487695641003,0.304872036444199,0.00148769564100287,-0.000127963555801303,0.00149318886677884,-0.155569186423217,-0.0380012712111968,-0.0200212738884323,0.161390015200547
0.12,0.32,0.1200413240638,0.319001882188965,4.13240637996692e-05,-0.000998117811035482,0.000998972894004227,-0.0814005853836237,-0.0091654257180957,0.0397393554175688,0.0910454745818174
0.12,0.335,0.118354349040445,0.333251994878904,-0.00164565095955518,-0.0017480051210963,0.00240076841533368,-0.0286067585397809,0.0172211083084108,0.0959747135961501,0.101617230630583
0.12,0.35,0.116691037913874,0.347713571885293,-0.00330896208612588,-0.00228642811470731,0.00402206210930942,-0.0110835135399164,0.0315533209399897,0.125130919449935,0.12952301139175
0.14,0.05,0.143145339316409,0.047530055870221,0.00314533931640865,-0.00246994412977902,0.0039992228519521,-0.0103081004639142,0.0311408303832321,-0.124368933783775,0.12862210887075
0.14,0.065,0.141828964742238,0.0631414715954694,0.00182896474223831,-0.0018585284045306,0.00260753520758549,-0.00319720657826045,0.0281421783764209,-0.118528989595656,0.121866038364313
0.14,0.08,0.140351876988027,0.0789634641544288,0.0003518769880273,-0.00103653584557117,0.00109463417352882,-0.0364532446873874,0.00699385690929647,-0.0748786069970734,0.0835736807111578
0.14,0.095,0.138993856237607,0.0948963559822618,-0.00100614376239327,-0.000103644017738214,0.00101146791991433,-0.0957312379752235,-0.0211618881647962,-0.0172690636680637,0.0995515870662144
0.14,0.11,0.137942680420255,0.11085184916672,-0.00205731957974467,0.000851849166720209,0.00222670403422698,-0.168649991344559,-0.0494028604547945,0.0377617315237115,0.179748260265431
0.14,0.125,0.137302796270801,0.126755185277916,-0.00269720372919917,0.00175518527791552,0.00321800921636612,-0.244925612183391,-0.073906028870259,0.079997111421488,0.268049110222292
0.14,0.14,0.137106812610384,0.142546571165715,-0.00289318738961586,0.00254657116571461,0.00385429085221669,-0.316389702422533,-0.0930121488537525,0.104436277034989,0.345920515541347
0.14,0.155,0.137329201110496,0.158181448877685,-0.00267079888950368,0.00318144887768546,0.00415388777767288,-0.376885289499289,-0.106442020648277,0.110153211135615,0.40682533165461
0.14,0.17,0.137900802972206,0.173629544053782,-0.00209919702779385,0.00362954405378157,0.00419287707902816,-0.422059244346145,-0.114658345773743,0.0992100310097166,0.448468726986095
0.14,0.185,0.13872254566411,0.188873008339776,-0.00127745433589006,0.00387300833977616,0.00407824511037039,-0.449096343728355,-0.118374719559729,0.0757027671127945,0.470565886779944
0.14,0.2,0.139677225314274,0.203904257812571,-0.000322774685726247,0.00390425781257137,0.00391757738465627,-0.456457668560326,-0.118209481819344,0.0449798269819689,0.473657626687951
0.14,0.215,0.140639117175793,0.218724204608197,0.00063911717579266,0.00372420460819656,0.0037786466794483,-0.44368823673029,-0.114476622512069,0.0130203309836503,0.458404623053339
0.14,0.23,0.141482166248674,0.233341448487995,0.00148216624867364,0.00334144848799456,0.00365541991932916,-0.411344129393225,-0.107105477790249,-0.0140922352070925,0.425294013283746
0.14,0.245,0.142088173845122,0.247772680167423,0.00208817384512217,0.0027726801674231,0.00347105536087711,-0.36106145903527,-0.0956871339712677,-0.0306991029600475,0.374785726218979
0.14,0.26,0.142356451883552,0.262044151777527,0.00235645188355212,0.00204415177752743,0.00311952271494613,-0.295755769354597,-0.0796549507837583,-0.0322002799381143,0.307982909769773
0.14,0.275,0.142215825171628,0.276193722132495,0.00221582517162809,0.00119372213249508,0.00251691353066196,-0.219909977668964,-0.0586138390430234,-0.015869278087586,0.228140051636135
0.14,0.29,0.141638847636134,0.290272801220918,0.0016388476361342,0.000272801220918273,0.0016613976286841,-0.139890040918873,-0.0328338283349635,0.0181242795884989,0.144830191983857
0.14,0.305,0.140657069265136,0.304347561433391,0.000657069265136034,-0.000652438566608959,0.000925967657310536,-0.0642252282920307,-0.00391877280500871,0.0655112059460951,0.0918256861607681
0.14,0.32,0.139375574916048,0.318499037348634,-0.000624425083951552,-0.0015009626513664,0.00162566772935454,-0.0038043219278843,0.0243425471907108,0.116607595463438,0.119182083005592
0.14,0.335,0.13798508584314,0.332822114545791,-0.00201491415686028,-0.00217788545420949,0.00296699580572222,0.0280350369292711,0.0449270881664018,0.154974360013852,0.163772638340235
0.14,0.35,0.136770674059283,0.347423786828372,-0.0032293259407167,-0.00257621317162821,0.00413103138901854,0.0155187676161274,0.0462814654100501,0.156128387617345,0.163581471398797
0.16,0.05,0.162661385185827,0.0474331093303946,0.00266138518582693,-0.00256689066960542,0.00369755308508835,0.0115615239932777,0.0406814340768608,-0.137546299349979,0.14390150542758
0.16,0.065,0.161907150491873,0.0627841819679847,0.00190715049187273,-0.00221581803201526,0.00292353767713953,0.0597556036227733,0.0574286217407938,-0.164436918327232,0.184142086591586
0.16,0.08,0.160818029730566,0.0784247316371659,0.000818029730565772,-0.00157526836283411,0.00177500508591823,0.0583690134291358,0.0480412448783081,-0.143483100386376,0.162179901948445
0.16,0.095,0.159695547666034,0.0942411524895205,-0.00030445233396556,-0.000758847510479499,0.000817643423393113,0.023073496666157,0.0255285390973263,-0.0990938745821564,0.104898482414283
0.16,0.11,0.158750440719393,0.110131844104351,-0.0012495592806067,0.000131844104351353,0.00125649562816691,-0.0324617702997656,-0.00150081194734453,-0.0487310669874271,0.058572486345663
0.16,0.125,0.158110985909121,0.126009216391272,-0.00188901409087856,0.00100921639127216,0.00214170305130057,-0.0967144941439836,-0.0277101740242546,-0.00379762288595411,0.100677562901528
0.16,0.14,0.157833450664485,0.141801236832685,-0.00216654933551452,0.00180123683268529,0.0028175148891604,-0.160347158378666,-0.0501166407281642,0.0293737185077748,0.170545377224754
0.16,0.155,0.15791446538338,0.157452064911919,-0.0020855346166203,0.00245206491191946,0.00321901801321275,-0.216136538418075,-0.0673324564931367,0.048494472072539,0.231517709233954
0.16,0.17,0.158304398819406,0.172921635605551,-0.00169560118059404,0.00292163560555081,0.00337801983050043,-0.258812211779183,-0.0789472825517866,0.0543265151854518,0.275985419746684
0.16,0.185,0.1589205557277,0.188184403231819,-0.00107944427229982,0.00318440323181862,0.00336238366041381,-0.284842857650755,-0.0850469338019729,0.0497795651130598,0.301407778780225
0.16,0.2,0.159659274210017,0.203227731904686,-0.000340725789982832,0.00322773190468567,0.0032456659274308,-0.292223876007962,-0.0858676124343598,0.0391310925850891,0.307082250729696
0.16,0.215,0.160406642273757,0.218050527011292,0.000406642273757474,0.0030505270112916,0.00307751084245472,-0.28032196516027,-0.0815837553984424,0.0273601643818249,0.293232125749103
0.16,0.23,0.161048291178551,0.232662605020411,0.00104829117855109,0.00266260502041127,0.0028615345340826,-0.249820059896213,-0.072227616830195,0.0195479252286992,0.260785601117737
0.16,0.245,0.161479229078358,0.24708502896113,0.00147922907835812,0.0020850289611305,0.00255645544358065,-0.20278227182557,-0.0577415921986987,0.0202721237545557,0.211815370865235
0.16,0.26,0.161614721269268,0.261351287840611,0.00161472126926815,0.00135128784061078,0.00210554116692348,-0.142829536357216,-0.0381688110105533,0.0329196631041616,0.151462378724228
0.16,0.275,0.161402768930247,0.275508892697815,0.00140276893024655,0.0005088926978154,0.00149222399443075,-0.0753904949036954,-0.0139909574039232,0.0588607835043416,0.096664717778461
0.16,0.29,0.160837970028004,0.289620808677541,0.000837970028003676,-0.00037919132245906,0.000919771616685758,-0.00797593930821858,0.013376991302328,0.0964645303537183,0.0977137013732073
0.16,0.305,0.159975793624713,0.303766197487763,-2.42063752872168e-05,-0.00123380251223676,0.00123403994579036,0.0495768189363563,0.0409257211549265,0.139975511211399,0.154032248754534
0.16,0.32,0.158945900522103,0.318040190334256,-0.00105409947789742,-0.00195980966574438,0.00222530439159426,0.0849312533019115,0.0632105550602234,0.178303474477546,0.207366988713881
0.16,0.335,0.157963303606636,0.332552764728386,-0.0020366963933644,-0.00244723527161417,0.00318388012861289,0.0831711105058934,0.0712994288120304,0.193791164019494,0.222612038679424
0.16,0.35,0.157336869856201,0.347427146169112,-0.00266313014379874,-0.00257285383088784,0.00370295003989032,0.0268113891687775,0.0514396597120895,0.161022354268346,0.17115229924409
0.18,0.05,0.181492835637464,0.0478775586948969,0.00149283563746433,-0.00212244130510314,0.00259486325922802,0.00119766293789117,0.0333999819889012,-0.121582386558444,0.126092332569607
0.18,0.065,0.181466618359821,0.0628140513987754,0.00146661835982145,-0.00218594860122462,0.00263236408966564,0.10322945200167,0.0790905472018988,-0.186568170854801,0.227418962918501
0.18,0.08,0.180903328031732,0.0781353984418681,0.000903328031731737,-0.00186460155813195,0.00207189297587989,0.145825667979381,0.0892827373093978,-0.193337184554364,0.258100585438836
0.18,0.095,0.180129341528161,0.0937137267263432,0.000129341528160909,-0.00128627327365677,0.00129275990246863,0.145728670925482,0.0790114795783312,-0.166751554265149,0.235129364122923
0.18,0.11,0.179380662216026,0.109434107070257,-0.00061933778397362,-0.000565892929742962,0.000838936289947232,0.117686442878801,0.0586827727486096,-0.125115064015738,0.18151466457254
0.18,0.125,0.178811376316226,0.125196215854413,-0.00118862368377431,0.000196215854412818,0.00120471030673443,0.0742894925088054,0.0352295093699224,-0.0809589823011917,0.115388077126074
0.18,0.14,0.178503476817264,0.140915868770167,-0.00149652318273567,0.00091586877016675,0.00175453618960455,0.0259085922259682,0.0130286116956759,-0.0419230537498637,0.0509759009788018
0.18,0.155,0.178478235614376,0.156525946515651,-0.00152176438562419,0.00152594651565052,0.00215505907435971,-0.0192719104331934,-0.00535668306037132,-0.0116774577565112,0.0231616841498093
0.18,0.17,0.178708644619679,0.171976502901067,-0.00129135538032053,0.00197650290106716,0.00236096641996655,-0.0551424292577245,-0.0185786002717903,0.00916819238943518,0.0589059245715038
0.18,0.185,0.179132136639307,0.187234151416629,-0.00086786336069318,0.00223415141662892,0.0023967935591658,-0.0775108987973045,-0.0260389700732805,0.0222134961497432,0.0847313880144437
0.18,0.2,0.179662890055184,0.202281077405577,-0.000337109944815899,0.00228107740557676,0.00230585282382172,-0.0839439713958263,-0.0275527857215254,0.0304971947243547,0.0934656469412406
0.18,0.215,0.180203427658884,0.217114137558641,0.00020342765888411,0.00211413755864148,0.00212390217035946,-0.0736522241502837,-0.02314123923684,0.0378032118672122,0.0859607543545797
0.18,0.23,0.180655727072747,0.231744447795222,0.000655727072747241,0.00174444779522237,0.00186361908774026,-0.0474550620342609,-0.0129554893404474,0.0480094915152099,0.0687367402458763
0.18,0.245,0.180932417629139,0.246197648489832,0.00093241762913876,0.00119764848983228,0.00151781571355889,-0.00784172433005712,0.00266612430098238,0.0644278321644111,0.0649580392918219
0.18,0.26,0.180968666555103,0.260514752581992,0.000968666555103068,0.000514752581991795,0.00109694353347949,0.0408787596116002,0.0230027850973146,0.0890802547792289,0.100675198080734
0.18,0.275,0.180735028719577,0.274753235451704,0.000735028719576633,-0.000246764548296141,0.000775345059246697,0.0923671698963187,0.0466114594549584,0.121871443290286,0.159865529426056
0.18,0.29,0.18025099193593,0.2889879113469,0.000250991935930478,-0.0010120886530996,0.00104274656251415,0.138025017601692,0.0708346961721284,0.159642720688076,0.222607996870282
0.18,0.305,0.179598448158861,0.303311207292513,-0.000401551841139436,-0.00168879270748679,0.0017358757703197,0.166790410141435,0.0911441325474931,0.195122224324734,0.272395146788506
0.18,0.32,0.178934115125647,0.317832673582234,-0.00106588487435275,-0.00216732641776646,0.00241524623310385,0.164993465069395,0.100297181591942,0.215809342406768,0.289579382764246
0.18,0.335,0.17850017029533,0.332677885842901,-0.00149982970466969,-0.00232211415709871,0.00276436309149284,0.116290672905305,0.0872604245910604,0.202843695653292,0.249566755887886
0.18,0.35,0.17863302186377,0.347987200442969,-0.00136697813622957,-0.00201279955703065,0.00243310322052158,0.00168466355113528,0.0358096350543276,0.129912089939113,0.134767679881463
0.2,0.05,0.19934952744345,0.0492349359568465,-0.000650472556550374,-0.000765064043153463,0.00100420990681804,-0.064263888883861,-0.00469237243686245,-0.0687920834044976,0.0942561325194742
0.2,0.065,0.200255293679746,0.063572199539253,0.000255293679745777,-0.00142780046074698,0.00145044442107494,0.103845791929402,0.0807511345771565,-0.177029046228723,0.220553933340417
0.2,0.08,0.200390076096416,0.0784096373808679,0.000390076096415976,-0.00159036261913209,0.00163750194544245,0.202239624179984,0.119838483447016,-0.216633409869381,0.319675502775904
0.2,0.095,0.200109369261193,0.0936041111627579,0.000109369261193426,-0.00139588883724207,0.00140016687620833,0.248436147185895,0.129793891026809,-0.212780870844114,0.351913429273812
0.2,0.11,0.199677517262249,0.10902699303947,-0.000322482737750721,-0.000973006960530431,0.00102505495530136,0.258018363922174,0.122929546027847,-0.184506256304734,0.340188253765382
0.2,0.125,0.199276867916777,0.124565262530749,-0.000723132083223207,-0.000434737469250823,0.000843751549306635,0.244437850038092,0.107845512932814,-0.145384320872848,0.304166624115661
0.2,0.14,0.199017483268938,0.140122845157223,-0.000982516731061686,0.000122845157223439,0.000990166682669839,0.218920993725638,0.0903617238180999,-0.104309637451269,0.258789986183513
0.2,0.155,0.198947929910956,0.155621689180588,-0.00105207008904356,0.000621689180587859,0.00122202655843485,0.190462428126243,0.0742554476094802,-0.0663244260193919,0.21491577808704
0.2,0.17,0.199067062549382,0.171002302589761,-0.000932937450618003,0.00100230258976081,0.00136930010158724,0.165886738081657,0.0618451776459776,-0.0334502163493278,0.180172638303246
0.2,0.185,0.199336367624033,0.186223730109435,-0.000663632375966911,0.00122373010943522,0.0013920931402639,0.14995027530652,0.0544404030200386,-0.00548893166270749,0.159621387650528
0.2,0.2,0.199692393137862,0.201263170435784,-0.000307606862137582,0.00126317043578356,0.00130008520162017,0.14544754955936,0.0526643927676736,0.0192248719998222,0.155878602219828
0.2,0.215,0.200058998639349,0.216115549356442,5.89986393494217e-05,0.00111554935644198,0.00111710841286923,0.153286050241423,0.0566509966752626,0.0431181386024099,0.169012257582645
0.2,0.23,0.200359467004089,0.230793339774803,0.000359467004088503,0.000793339774802948,0.000870979061351509,0.172501252573499,0.0661136610480892,0.0686973569139761,0.197096584117178
0.2,0.245,0.200528746305334,0.245326770985478,0.000528746305333741,0.000326770985478064,0.000621572145735623,0.200198636872635,0.0802833474787676,0.0978549449509864,0.23685561051549
0.2,0.26,0.200526103543064,0.259764361295192,0.000526103543063969,-0.000235638704807972,0.000576463821265515,0.231427950117315,0.0977107608880631,0.131126391941963,0.28337357540635
0.2,0.275,0.200348252525356,0.274173529226459,0.000348252525355586,-0.000826470773540755,0.000896846564878071,0.259011670687823,0.115926564022382,0.166870291075031,0.329199037019379
0.2,0.29,0.200042671870554,0.288640968398007,4.26718705539703e-05,-0.00135903160199291,0.001359701358296,0.27336021892601,0.130949864883652,0.200361606458286,0.363344041064368
0.2,0.305,0.199720542672092,0.303272547632209,-0.000279457327908128,-0.00172745236779059,0.0017499108780469,0.26230855601055,0.136627714128728,0.222809413551897,0.370293698101631
0.2,0.32,0.199568692490367,0.318192704219819,-0.000431307509632883,-0.00180729578018146,0.00185804849369639,0.211003323924434,0.12377270265932,0.220328198787873,0.329221654852225
0.2,0.335,0.199860234503463,0.333543572690586,-0.000139765496536576,-0.00145642730941442,0.00146311821177588,0.10186117823058,0.0790372370557772,0.172904146622675,0.215681439450394
0.2,0.35,0.200964220764026,0.34948435728198,0.000964220764025747,-0.000515642718020182,0.00109343911326861,-0.0853843328823258,-0.0165826698215667,0.0534088270037231,0.102068480915429
