target_x,target_y,gaze_x,gaze_y,error_px_x,error_px_y,error_px_xy,error_deg_x,error_deg_y,error_deg_z,error_deg_xyz
-0.2,0.05,-0.20068297607679,0.0505731044666034,-0.000682976076790076,0.0005731044666034,0.000891574478721958,0.0621110327038283,-0.00729046086918223,-0.0563320179495346,0.0841678603888888
-0.2,0.065,-0.199802809272152,0.0663774559401687,0.000197190727847768,0.00137745594016871,0.00139149885025292,-0.106004857537388,0.0810196358608278,-0.17491471139046,0.219991879248265
-0.2,0.08,-0.199673611578632,0.0816532756285907,0.000326388421367785,0.00165327562859073,0.00168518536241419,-0.201581195069791,0.120480801986253,-0.220748093768434,0.322305129784026
-0.2,0.095,-0.199943260738717,0.096545206404925,5.67392612831064e-05,0.00154520640492502,0.00154624777367414,-0.243616195356916,0.129548160260834,-0.220724389626562,0.353342933048147
-0.2,0.11,-0.20034967129919,0.111184186687505,-0.000349671299190127,0.00118418668750468,0.00123473403141754,-0.248657087708336,0.12123616438772,-0.194890792643786,0.338395196105067
-0.2,0.125,-0.200712584761741,0.125686062153716,-0.000712584761741117,0.000686062153715819,0.000989170521915626,-0.230729838124948,0.104526517297273,-0.157352904800669,0.298198236731237
-0.2,0.14,-0.200924401076866,0.140149983836221,-0.000924401076866324,0.000149983836221265,0.000936489456448532,-0.201355883408311,0.0854345381905692,-0.117233348652195,0.248167295223944
-0.2,0.155,-0.200939596480581,0.154657105283133,-0.000939596480581339,-0.000342894716866673,0.0010002091447172,-0.169639562884895,0.0678328352988646,-0.079635663207294,0.199300661677827
-0.2,0.17,-0.200762895215967,0.169269863263908,-0.00076289521596655,-0.000730136736092166,0.00105598710405761,-0.142406988156809,0.0540888205839193,-0.046573826472634,0.159293717522315
-0.2,0.185,-0.200436717056028,0.184031863009987,-0.000436717056027495,-0.000968136990012872,0.00106207863101397,-0.124368504633615,0.0455455357356414,-0.0178391992311895,0.133641931654375
-0.2,0.2,-0.20002845907405,0.19896816551166,-2.8459074050429e-05,-0.00103183448833992,0.00103222687923901,-0.118270560981931,0.0428599060028752,0.00820650261040446,0.126064468565198
-0.2,0.215,-0.199617951141137,0.214085663378244,0.000382048858862796,-0.000914336621755815,0.000990945401342678,-0.125003496009091,0.0462048020036111,0.0339033743661399,0.13751438329529
-0.2,0.23,-0.199285110167852,0.229373267981808,0.00071488983214843,-0.00062673201819223,0.000950715780208005,-0.143640807739136,0.0553376112973169,0.0616034612722344,0.165800900166573
-0.2,0.245,-0.199097598754628,0.244801792721192,0.000902401245371658,-0.000198207278807719,0.000923912405491278,-0.171401078152705,0.069536042084361,0.0929809044260029,0.207024360786094
-0.2,0.26,-0.199098301030382,0.260323633353643,0.000901698969618309,0.000323633353642896,0.000958018569444699,-0.203541774119444,0.0874003508583478,0.128304394761518,0.255988675266054
-0.2,0.275,-0.199292669938839,0.275872521515342,0.000707330061160805,0.000872521515341687,0.00112321396454812,-0.233209697582165,0.106519317127326,0.165645554881631,0.305240557897433
-0.2,0.29,-0.199636354444288,0.291363682946024,0.000363645555711889,0.00136368294602367,0.00141133598673909,-0.251281815977584,0.122993847479375,0.20001563827353,0.343913722069274
-0.2,0.305,-0.20002378763256,0.306694636633245,-2.37876325595576e-05,0.00169463663324486,0.00169480357864806,-0.246230752736362,0.130804744686374,0.22244349242381,0.35668050549853
-0.2,0.32,-0.200278433382849,0.321746653476035,-0.00027843338284908,0.00174665347603491,0.00176870673488558,-0.204042727291278,0.120996445820353,0.219024769451927,0.322871026812565
-0.2,0.335,-0.200145075573399,0.336386626063602,-0.000145075573399239,0.00138662606360156,0.00139419466440532,-0.108206941049411,0.080622434805958,0.169983935048671,0.21703297810156
-0.2,0.35,-0.199283942149712,0.350468868177769,0.000716057850287943,0.000468868177769324,0.000855906661432026,0.0602078407814944,-0.00864272933387046,0.048800856607677,0.0779820838797402
-0.18,0.05,-0.178582159317394,0.0520388597162255,0.00141784068260606,0.00203885971622547,0.00248338904396791,-0.00725999264875372,0.0356017077260245,-0.122394544127849,0.127673882470036
-0.18,0.065,-0.178630498607642,0.0672263840610831,0.00136950139235806,0.00222638406108308,0.00261387070283047,-0.105467176578854,0.0818316127401464,-0.194908948063459,0.236239952758624
-0.18,0.08,-0.179195574888411,0.082002437989905,0.000804425111588847,0.00200243798990496,0.00215797536213214,-0.14289589146725,0.0910784399151588,-0.20615988701958,0.266864283443265
-0.18,0.095,-0.179954309007519,0.0964962536609158,4.56909924811399e-05,0.0014962536609158,0.0014969511296625,-0.137339986839238,0.0792234342248223,-0.182394945166785,0.241674630718722
-0.18,0.11,-0.180672920265196,0.110824943798652,-0.000672920265196358,0.000824943798651612,0.00106459097978787,-0.10416270451144,0.0571138161054013,-0.142660582095128,0.185644630506011
-0.18,0.125,-0.181199410580841,0.125091572273167,-0.00119941058084067,9.15722731671953e-05,0.00120290116910973,-0.0562523054423469,0.0318893722965007,-0.0998101752827184,0.118925733558669
-0.18,0.14,-0.181454281286205,0.139383371740638,-0.00145428128620466,-0.000616628259362428,0.00157960896099301,-0.00406227168848897,0.0080092139867032,-0.0615584690615211,0.0622100880357549
-0.18,0.155,-0.181419365794682,0.153770598294062,-0.0014193657946821,-0.00122940170593841,0.00187777203453396,0.04426949703856,-0.0119368636076561,-0.0315315462471133,0.0556463451886476
-0.18,0.17,-0.181125339414534,0.168306238474258,-0.00112533941453417,-0.00169376152574197,0.00203352327352992,0.0827400394764619,-0.0265891052509057,-0.0102642171691865,0.0875114294992728
-0.18,0.185,-0.180638785561184,0.18302647126743,-0.000638785561184064,-0.00197352873257001,0.0020743342670497,0.10727192797364,-0.0353306307470503,0.00389228777265668,0.113007407028277
-0.18,0.2,-0.180049595582928,0.197951533165409,-4.9595582927914e-05,-0.0020484668345909,0.00204906712780836,0.115517843254316,-0.0379433799071807,0.0139676812057883,0.122389435830012
-0.18,0.215,-0.179459055116367,0.213086524919532,0.000540944883632669,-0.00191347508046832,0.00198846882065111,0.106721788911213,-0.0344024208060793,0.0236624296036973,0.114599222239856
-0.18,0.23,-0.178968451901081,0.22842177276834,0.00103154809891888,-0.00157822723165993,0.00188544230225592,0.0816682782748556,-0.0248058029857511,0.0366915477184078,0.0929048281959896
-0.18,0.245,-0.17866769174211,0.243932585140431,0.00133230825789046,-0.00106741485956879,0.00170716717882912,0.0427308907735004,-0.00943897119952515,0.056128547978426,0.0711718887916598
-0.18,0.26,-0.178623410528235,0.259578539247014,0.00137658947176526,-0.000421460752985603,0.00143966237016953,-0.0059915184819918,0.0110252132680932,0.08369599134307,0.0846314001529698
-0.18,0.275,-0.178866431959724,0.275302675550156,0.00113356804027633,0.000302675550156117,0.00117328129218795,-0.0584825632386834,0.0351880738372863,0.118964968028962,0.137153502854167
-0.18,0.29,-0.179378977911484,0.29103107507817,0.000621022088516041,0.00103107507816994,0.00120365453982775,-0.106602890690263,0.0604438945258184,0.158452152554581,0.200311672670605
-0.18,0.305,-0.180082522838673,0.306673204229225,-8.25228386728549e-05,0.00167320422922462,0.00167523801640179,-0.139914398477127,0.0823475938974129,0.194631394056678,0.253453446271684
-0.18,0.32,-0.180827346844992,0.322123164478158,-0.000827346844991722,0.00212316447815758,0.0022786685154335,-0.145566763965156,0.0938127428133019,0.214898790515319,0.275993026970793
-0.18,0.335,-0.181384566005115,0.337261667029862,-0.00138456600511547,0.0022616670298618,0.00265182216154955,-0.108263643215041,0.0840991278427397,0.200541320445826,0.242920952880356
-0.18,0.35,-0.181440760577833,0.351958268948823,-0.0014407605778326,0.00195826894882339,0.00243117426741943,-0.0103136645588985,0.0375096943986289,0.125761870368022,0.131641196109777
-0.16,0.05,-0.157447175715118,0.0525699104117312,0.00255282428488207,0.00256991041173117,0.00362234059053093,-0.0183983238551556,0.0454144765193147,-0.14772936540178,0.15564367412774
-0.16,0.065,-0.158221572003048,0.067327579394528,0.00177842799695152,0.00232757939452798,0.00292923743970546,-0.0605341527314307,0.0614438330662593,-0.180099464487678,0.1996887221172
-0.16,0.08,-0.159310456137249,0.081770264401313,0.000689543862750996,0.00177026440131295,0.00189981756735047,-0.0528715900385541,0.0505298911078198,-0.162450672073246,0.178154206682052
-0.16,0.095,-0.160415468278512,0.0960128679611752,-0.000415468278511771,0.00101286796117518,0.00109476727993885,-0.0117542108193787,0.0262402029733088,-0.120277693432073,0.123666645468206
-0.16,0.11,-0.161327970010147,0.110159128559391,-0.00132797001014735,0.00015912855939107,0.00133747009172715,0.0488338913109445,-0.00256710143214833,-0.0715502329672896,0.0866647345810044
-0.16,0.125,-0.161921669532055,0.12429937316038,-0.00192166953205514,-0.000700626839619953,0.00204540747989853,0.11730341575991,-0.0304728489544959,-0.027819079911031,0.124348675704012
-0.16,0.14,-0.162142725935682,0.138508735775828,-0.0021427259356817,-0.00149126422417227,0.00261058296587929,0.184404538671318,-0.0544880482808405,0.00462937403120193,0.192342005648495
-0.16,0.155,-0.161997590078787,0.152846307929832,-0.00199759007878698,-0.00215369207016816,0.00293747436686235,0.243079135380304,-0.0732398568952566,0.0236288550598383,0.254970533139257
-0.16,0.17,-0.161539585403093,0.167355365507197,-0.00153958540309276,-0.00264463449280265,0.00306013313663603,0.288238588097829,-0.0863231053228122,0.0300616290288226,0.302385641123972
-0.16,0.185,-0.160855501637749,0.182064459281601,-0.000855501637748515,-0.00293554071839856,0.00305765962160054,0.316506255166043,-0.093805793576778,0.0269099447248994,0.331210185646644
-0.16,0.2,-0.160053203195336,0.19698887741698,-5.32031953356556e-05,-0.00301112258302036,0.00301159256705968,0.325976984842361,-0.0958820589466977,0.0184517612284986,0.340286896221555
-0.16,0.215,-0.159250586853417,0.212131884986825,0.000749413146583212,-0.00286811501317492,0.00296440614509401,0.316046211301213,-0.0926663568819958,0.00958364931653559,0.32949113326509
-0.16,0.23,-0.158565469214535,0.227485256634578,0.0014345307854646,-0.00251474336542158,0.00289513605351761,0.287347236470676,-0.0841233979860199,0.00521806558505692,0.299453857426441
-0.16,0.245,-0.158105488752134,0.243028905851918,0.00189451124786604,-0.00197109414808148,0.00273393215147926,0.241810778103589,-0.0701316270536309,0.0096809587298078,0.251961744696563
-0.16,0.26,-0.157957101937371,0.258729775177296,0.00204289806262872,-0.00127022482270391,0.00240559838595418,0.182832444334148,-0.0506824700385372,0.0260359420628225,0.191505404342522
-0.16,0.275,-0.15817325295701,0.274540455429486,0.00182674704299046,-0.00045954457051417,0.00188366291341191,0.115509307445232,-0.0262207200965366,0.0552830580147558,0.130714001485808
-0.16,0.29,-0.158760089584846,0.29039813800288,0.0012399104151541,0.000398138002879508,0.00130226406958977,0.0468928837639462,0.00186799033848712,0.0954163049031742,0.106332997803788
-0.16,0.305,-0.159663833168498,0.306224422181584,0.000336166831502199,0.00122442218158386,0.00126973139575141,-0.0137939335038934,0.030616864826631,0.140362852198043,0.144323963026281
-0.16,0.32,-0.160759253292246,0.321926229157551,-0.000759253292246104,0.00192622915755064,0.00207046476163802,-0.055015049017925,0.0546746331080272,0.178856164356249,0.194950084173192
-0.16,0.335,-0.161840973974917,0.337397712454264,-0.0018409739749172,0.00239771245426415,0.00302294726875211,-0.0628723731960966,0.0653127040278031,0.193307559227968,0.213510069613846
-0.16,0.35,-0.162618104460745,0.352522722165572,-0.00261810446074509,0.00252272216557219,0.00363573900218959,-0.0211479375693113,0.0491803765691492,0.158736970001367,0.167521313090374
-0.14,0.05,-0.136990398558967,0.0525409807900935,0.00300960144103299,0.00254098079009346,0.0039388176156674,0.00392647744451077,0.0371967364568428,-0.140777354441641,0.14566155766275
-0.14,0.065,-0.138326495769978,0.0670245870542423,0.00167350423002188,0.00202458705424231,0.00262670309477617,0.00389168388346147,0.0329290437890648,-0.138960836298484,0.142862142387266
-0.14,0.08,-0.139803042027135,0.0812727801262199,0.000196957972865203,0.00127278012621988,0.00128792922661747,0.0436244811457088,0.0101378535414025,-0.0978489048458713,0.107611723402935
-0.14,0.095,-0.14114323175968,0.0953865374537907,-0.0011432317596802,0.000386537453790678,0.00120680986883787,0.108436213333633,-0.0196889727243295,-0.04211662772193,0.117982554884233
-0.14,0.11,-0.142161174055551,0.109456314541349,-0.00216117405555064,-0.000543685458651175,0.00222851232357686,0.18588303248783,-0.0495176174238181,0.011387246835844,0.192702362714381
-0.14,0.125,-0.142754207784385,0.123559667485877,-0.00275420778438451,-0.0014403325141228,0.00310808916712561,0.265801484553236,-0.0755276384459395,0.0524374066376823,0.281255566739583
-0.14,0.14,-0.142891991254978,0.137759605144983,-0.00289199125497776,-0.00224039485501669,0.00365827589517973,0.340243351228391,-0.0961012810889589,0.0761699474490024,0.361667374111765
-0.14,0.155,-0.142603034865797,0.152104104926905,-0.00260303486579663,-0.00289589507309508,0.00389384113529677,0.403303107505292,-0.110995525837648,0.081833798056476,0.426228825385886
-0.14,0.17,-0.141960162784274,0.166626866242219,-0.00196016278427426,-0.00337313375778078,0.00390131637895905,0.450857808779943,-0.120681949220522,0.0716379101694058,0.472197150351747
-0.14,0.185,-0.141066595468399,0.181348986886898,-0.00106659546839864,-0.00365101311310179,0.00380361967673553,0.480265183444183,-0.125849185374873,0.0497616953265885,0.49896940158288
-0.14,0.2,-0.140043877007061,0.196280956410372,-4.38770070612119e-05,-0.00371904358962781,0.00371930240949837,0.490081612670384,-0.127060412814817,0.0215575218290413,0.506745237999854
-0.14,0.215,-0.139021932457986,0.211424268868393,0.000978067542013735,-0.00357573113160739,0.00370708365730894,0.479861728913187,-0.124554102981485,-0.00707731827099243,0.495815112689179
-0.14,0.23,-0.138130528455877,0.226772100512149,0.00186947154412317,-0.00322789948785079,0.00373018216149744,0.450084865329677,-0.118176845807636,-0.0302294825186274,0.466323037047372
-0.14,0.245,-0.137490756136581,0.242308829799547,0.00250924386341873,-0.00269117020045254,0.003679497494755,0.402224842296216,-0.107443638657024,-0.0424979623363809,0.418492311356234
-0.14,0.26,-0.137205143606395,0.258008586280748,0.00279485639360472,-0.00199141371925189,0.00343175623582122,0.338946352235197,-0.0917301732548162,-0.039620344883583,0.353368394049929
-0.14,0.275,-0.137345654588225,0.273833362775275,0.00265434541177462,-0.00116663722472457,0.00289941235065349,0.264382513619013,-0.0706081538245008,-0.0192663623604219,0.274326377469369
-0.14,0.29,-0.137939880532866,0.28973139276365,0.00206011946713429,-0.000268607236349958,0.00207755675404674,0.184431756751176,-0.0443350725024818,0.0179800634916444,0.190536053521823
-0.14,0.305,-0.138956749193167,0.305636424626458,0.00104325080683326,0.00063642462645766,0.00122205096093413,0.107012351549148,-0.0145052997512752,0.0674808471545981,0.127340953788219
-0.14,0.32,-0.140293623143279,0.321468242590511,-0.00029362314327902,0.00146824259051082,0.00149731454773503,0.0422288680798703,0.0151337108090525,0.119315295631589,0.127469419762657
-0.14,0.335,-0.141766507293793,0.337134391464367,-0.00176650729379293,0.00213439146436734,0.00277059108173469,0.0024308607150619,0.0376877940168179,0.157047628987627,0.161524778133516
-0.14,0.35,-0.143104272525544,0.352532691610001,-0.00310427252554374,0.00253269161000136,0.00400637425912969,0.00217058982490352,0.0419023964280496,0.156565281789259,0.162090182525074
-0.12,0.05,-0.116981566612758,0.0522140463822117,0.00301843338724184,0.00221404638221165,0.00374338636742198,0.0390970345394916,0.0215132075326514,-0.110641789961881,0.119302166936209
-0.12,0.065,-0.118745545968948,0.0665521217572232,0.00125445403105232,0.00155212175722323,0.00199567954974468,0.0676724171331115,0.00488182683569018,-0.0804566853095907,0.10524575810368
-0.12,0.08,-0.120501775270847,0.0807198641286827,-0.000501775270847327,0.000719864128682704,0.000877486630210408,0.127048014806802,-0.023311658776726,-0.0209196130211544,0.130852088833354
-0.12,0.095,-0.121992468313496,0.0948043531077958,-0.00199246831349598,-0.000195646892204165,0.00200205087016156,0.204365114563721,-0.0534392126310926,0.0441431620682035,0.215799729630421
-0.12,0.11,-0.123052401845295,0.108882742146574,-0.00305240184529482,-0.00111725785342594,0.00325044952832699,0.288850267091668,-0.0801256197606583,0.0990140336377189,0.315687539689686
-0.12,0.125,-0.123600574763031,0.12301991249186,-0.0036005747630307,-0.00198008750813999,0.00410912218899191,0.371854716162664,-0.10101309076287,0.13478320299559,0.408223947378257
-0.12,0.14,-0.123627992729993,0.137267045734007,-0.00362799272999316,-0.00273295426599333,0.00454217682052277,0.446783376998713,-0.115732389290115,0.147971442332033,0.484671352973816
-0.12,0.155,-0.12318268405579,0.151661506031991,-0.00318268405579014,-0.00333849396800853,0.00461248520576599,0.508903998277359,-0.125054359379291,0.139168155019478,0.542210145298747
-0.12,0.17,-0.122353938283212,0.166228041091689,-0.00235393828321168,-0.00377195890831085,0.0044462005630825,0.555058396394162,-0.130220573017316,0.111791477638975,0.580988337065211
-0.12,0.185,-0.121257884813753,0.180980910300016,-0.00125788481375271,-0.0040190896999842,0.00421133663118834,0.583327102441362,-0.132451543944837,0.071058290765476,0.602384049490425
-0.12,0.2,-0.120025844721363,0.195926260812538,-2.58447213627145e-05,-0.00407373918746155,0.00407382116901101,0.592716301976784,-0.132619726766952,0.0232016569516728,0.607817726080923
-0.12,0.215,-0.11879566367664,0.211063997273612,0.00120433632336045,-0.00393600272638785,0.00411613209723618,0.582935603963196,-0.131065707287944,-0.025093452906087,0.598017613424679
-0.12,0.23,-0.117704957313561,0.22638855684341,0.00229504268643855,-0.00361144315659018,0.0042789885026554,0.554316616803531,-0.127537448836351,-0.0671267967525652,0.572749029714635
-0.12,0.245,-0.116884386350235,0.241888356302768,0.00311561364976538,-0.00311164369723224,0.00440333679306154,0.5078904825942,-0.121244390697353,-0.0966189388499587,0.531027478084876
-0.12,0.26,-0.116449061097187,0.257544108940495,0.0035509389028133,-0.00245589105950478,0.00431747240728513,0.445605896858954,-0.111034414488001,-0.108273468569864,0.471823757927213
-0.12,0.275,-0.116486976063331,0.27332657783505,0.00351302393666934,-0.00167342216494994,0.0038912310290906,0.370637412830676,-0.0957135661434995,-0.0985549253079148,0.395280750299374
-0.12,0.29,-0.117044690852869,0.289194519313322,0.00295530914713082,-0.000805480686677615,0.00306311137435872,0.287715433773361,-0.0745297259809979,-0.0667099533985607,0.304606774888285
-0.12,0.305,-0.118111784118603,0.305093514430764,0.00188821588139718,9.35144307641217e-05,0.00189053012764189,0.203409111702687,-0.0478322768968445,-0.0159922204263176,0.209568589045566
-0.12,0.32,-0.119606384991013,0.320956107787711,0.000393615008986936,0.000956107787711005,0.00103396077150993,0.126311005033805,-0.0179079636256782,0.0449988394825716,0.135277748392656
-0.12,0.335,-0.121364017360475,0.336703270095012,-0.00136401736047459,0.00170327009501206,0.00218212565546498,0.0671017925395438,0.0100082897402676,0.100974333268678,0.121649652542566
-0.12,0.35,-0.12313110687971,0.352246810439528,-0.00313110687970997,0.0022468104395285,0.00385382763539592,0.0385045439918963,0.0265260063725486,0.128701162660938,0.136931468680413
-0.1,0.05,-0.0972379767577889,0.0517637200071228,0.00276202324221106,0.00176372000712283,0.00327711468429767,0.0714677243638635,0.00506522461829905,-0.0665395784765724,0.0977793943055057
-0.1,0.065,-0.0993211894793805,0.0660602081628361,0.000678810520619549,0.00106020816283611,0.00125889835628144,0.116196918337385,-0.0179353207535659,-0.0135226442095566,0.11834807327436
-0.1,0.08,-0.101272812628112,0.0802387244537786,-0.00127281262811224,0.000238724453778594,0.00129500631315599,0.183887145801204,-0.046867847193378,0.0599250645208932,0.199002840836339
-0.1,0.095,-0.102851766684605,0.0943723036104912,-0.00285176668460513,-0.000627696389508769,0.00292003013354761,0.263660514064836,-0.0737432534312275,0.130816617996752,0.303427317199431
-0.1,0.11,-0.103911377000201,0.108524818033348,-0.00391137700020126,-0.00147518196665199,0.00418031480542299,0.346513501816926,-0.0946642858686823,0.18453524105331,0.403840146985314
-0.1,0.125,-0.104390147868957,0.122748799617855,-0.00439014786895688,-0.00225120038214517,0.00493369045156637,0.425359553951557,-0.108575228785321,0.213434987763723,0.488134474980401
-0.1,0.14,-0.104298081763865,0.137084275847825,-0.00429808176386449,-0.00291572415217518,0.00519374182843566,0.494956194212245,-0.116203601178743,0.21534364031796,0.552141425532366
-0.1,0.155,-0.103700093848836,0.151558957494038,-0.00370009384883635,-0.00344104250596218,0.00505286730659287,0.551706270651868,-0.119189270131282,0.192082246791194,0.596225367264138
-0.1,0.17,-0.102699015591026,0.166189733879919,-0.00269901559102615,-0.00381026612008128,0.00466934824857191,0.593356645280797,-0.119411996847551,0.148135565048309,0.623120619254275
-0.1,0.185,-0.101420714237531,0.180985043524845,-0.00142071423753125,-0.00401495647515476,0.00425890883233149,0.618648547120416,-0.118516473800026,0.0895836191872683,0.636240177830453
-0.1,0.2,-0.100002946870971,0.195947420754031,-2.946870971108e-06,-0.004052579245969,0.00405258031739127,0.626991697032365,-0.117612865570581,0.0233410462788538,0.638357575367689
-0.1,0.215,-0.0985880585174648,0.211075463289658,0.00141194148253519,-0.00392453671034193,0.00417079934076492,0.618233402567762,-0.117117568615137,-0.0433323949190076,0.630722425945935
-0.1,0.23,-0.0973181023284469,0.226364641706626,0.0026818976715531,-0.00363535829337375,0.0045175662742104,0.59257421824537,-0.116702380686727,-0.10316305176966,0.61270697936823
-0.1,0.245,-0.0963299950231526,0.241806724440679,0.00367000497684744,-0.00319327555932096,0.00486476570122771,0.55064880007186,-0.115339325440007,-0.149194144938531,0.582047306779895
-0.1,0.26,-0.095748298625022,0.257388013909655,0.00425170137497799,-0.00261198609034451,0.00498993345828809,0.493752857230271,-0.111453621691606,-0.175273356087496,0.53566466483875
-0.1,0.275,-0.0956741652833903,0.273086951984056,0.00432583471660969,-0.00191304801594434,0.00472996815071034,0.424164303770135,-0.103216258359434,-0.176808685862517,0.470989928916531
-0.1,0.29,-0.0961705530486961,0.288871844423721,0.00382944695130387,-0.00112815557627931,0.00399216720054917,0.345487383253295,-0.0890109361543301,-0.151827135252523,0.387732551462296
-0.1,0.305,-0.0972454223699481,0.304699412729655,0.00275457763005194,-0.000300587270345321,0.00277092956010726,0.262947894347078,-0.0680965310300075,-0.102287215546527,0.290244013357049
-0.1,0.32,-0.0988356337097401,0.320514622486201,0.00116436629025993,0.000514622486200933,0.00127302205840955,0.183585690088279,-0.0414646405229103,-0.0355328448104541,0.191534955668587
-0.1,0.335,-0.100794294547578,0.336251849063475,-0.000794294547578039,0.00125184906347514,0.00148257543013359,0.116321501195806,-0.0128787925232229,0.0342476874606488,0.121940414324941
-0.1,0.35,-0.102883354872095,0.351837056308823,-0.00288335487209537,0.00183705630882264,0.00341884647216297,0.0719086614640524,0.00990441450163016,0.084674138060236,0.111528770301982
-0.08,0.05,-0.0776173232963895,0.0512973588847771,0.00238267670361048,0.00129735888477714,0.00271298513630987,0.0907431251143348,-0.00856965806194412,-0.017262471717698,0.0927671741714841
-0.08,0.065,-0.0799321430357162,0.0656338713729941,6.7856964283769e-05,0.000633871372994088,0.000637493125534087,0.140679763948448,-0.0337951347426065,0.053438589501358,0.154235548203984
-0.08,0.08,-0.0820149649272597,0.0798936095631699,-0.00201496492725969,-0.000106390436830139,0.00201777168756417,0.206874024259578,-0.0605472823797933,0.136896240721963,0.255349807052878
-0.08,0.095,-0.0836390252190597,0.0941353706229419,-0.00363902521905965,-0.000864629377058057,0.00374033267298832,0.280556834539499,-0.0822394163962594,0.210911051645063,0.360498764844961
-0.08,0.11,-0.0846737840100386,0.108409871746621,-0.00467378401003862,-0.00159012825337881,0.00493687804535278,0.354563794250527,-0.0962458321414022,0.261888045685624,0.451181941996445
-0.08,0.125,-0.0850747124401943,0.122757850134004,-0.00507471244019425,-0.00224214986599591,0.00554796740908306,0.423377426456551,-0.102622847944668,0.283342032371694,0.519677258392322
-0.08,0.14,-0.0848681292071853,0.137209167505506,-0.0048681292071853,-0.00279083249449397,0.00561136596473389,0.483057188815675,-0.103015663326988,0.274282246317612,0.564968858832377
-0.08,0.155,-0.08413306132716,0.151783194241814,-0.00413306132716004,-0.00321680575818631,0.00523736911244248,0.531047232089357,-0.0997671023320581,0.237615043311742,0.590278432598692
-0.08,0.17,-0.0829830920655203,0.166490394375356,-0.00298309206552028,-0.00350960562464386,0.00460610137881288,0.565885080634366,-0.0952495621448653,0.17872734270699,0.601036753666081
-0.08,0.185,-0.0815510926425705,0.181334682547417,-0.0015510926425705,-0.00366531745258269,0.00398000507713792,0.586864224891083,-0.0914170114896324,0.104383543564104,0.603047236801404
-0.08,0.2,-0.079978610038584,0.196315892729633,2.13899614160245e-05,-0.00368410727036714,0.00368416936500229,0.593720384143411,-0.0895428471100434,0.0219913777117175,0.60084003281173
-0.08,0.215,-0.0784099108616862,0.211431662616155,0.0015900891383138,-0.00356833738384477,0.00390658612508769,0.586409729203953,-0.0900921516707759,-0.0608079774414949,0.596400694199653
-0.08,0.23,-0.0769889206064672,0.226678207913991,0.00301107939353281,-0.00332179208600866,0.00448340292376535,0.565028207511377,-0.0926833292539458,-0.136361039193774,0.588595323274733
-0.08,0.245,-0.0758562003680708,0.24204978445799,0.00414379963192921,-0.00295021554200958,0.00508673246140305,0.529889576386918,-0.0961213364486787,-0.197223038199193,0.573517172926114
-0.08,0.26,-0.0751430784044803,0.257537017561177,0.00485692159551969,-0.00246298243882287,0.00544572950842909,0.481743886816915,-0.0985200462665561,-0.236566691717537,0.54566420269778
-0.08,0.275,-0.0749611289888227,0.273124606419772,0.00503887101117725,-0.0018753935802284,0.00537655299871994,0.422086865720661,-0.0975583539514379,-0.248912191222261,0.499633681290221
-0.08,0.29,-0.0753869927045489,0.288789089401155,0.00461300729545112,-0.00121091059884451,0.00476929143440399,0.353491890605629,-0.090920773355522,-0.23122024857385,0.432072669594695
-0.08,0.305,-0.0764444029610288,0.304497327892401,0.00355559703897115,-0.000502672107598495,0.0035909538497867,0.279895183461773,-0.0769556426046842,-0.184289801087569,0.343840908347986
-0.08,0.32,-0.0780865163489034,0.320206140668346,0.00191348365109656,0.000206140668346233,0.00192455544429358,0.20678185117943,-0.0555525408315596,-0.114325143735098,0.242724422689684
-0.08,0.335,-0.0801817727946958,0.335863173382267,-0.00018177279469575,0.000863173382267185,0.000882105229973202,0.141250192969646,-0.0292152137588829,-0.0345078975980255,0.148310326700795
-0.08,0.35,-0.0825055116049525,0.351408736264296,-0.00250551160495255,0.00140873626429652,0.00287439145992609,0.0919646126781563,-0.00430986683799363,0.0335665581663346,0.0979937809470834
-0.06,0.05,-0.0580119574002754,0.0508715768123801,0.00198804259972463,0.00087157681238012,0.00217070484363917,0.0919073091581614,-0.0181108446633099,0.0293221923509829,0.0981567597942837
-0.06,0.065,-0.0604881701142652,0.0653096137676646,-0.000488170114265218,0.000309613767664557,0.000578075034566585,0.13798682450642,-0.0430968903115407,0.113012958243578,0.183492951368405
-0.06,0.08,-0.0626548144330769,0.0797025598053183,-0.00265481443307691,-0.000297440194681697,0.00267142477780786,0.194692013632333,-0.0663324380272078,0.203235464884146,0.289153599579058
-0.06,0.095,-0.0642967795071973,0.0940948050346198,-0.00429677950719734,-0.000905194965380163,0.00439109235371116,0.255466640854735,-0.0823701517428732,0.278480076737922,0.386781291872508
-0.06,0.11,-0.0652968002601466,0.108524136246993,-0.00529680026014656,-0.00147586375300676,0.00549856952427883,0.315026635963306,-0.089617918716712,0.32603928812467,0.462142757207758
-0.06,0.125,-0.06562428676572,0.123020198328837,-0.00562428676572001,-0.00197980167116305,0.00596256792667331,0.369397060712012,-0.0890253670549414,0.340426884374804,0.510168489468202
-0.06,0.14,-0.0653188056395807,0.137603843331947,-0.00531880563958073,-0.00239615666805265,0.00583363181984336,0.415850642329917,-0.0829564237293315,0.321654752624101,0.532238050005115
-0.06,0.155,-0.0644705638169849,0.152287575369943,-0.00447056381698487,-0.00271242463005744,0.00522907144868728,0.452739305628579,-0.0742822602764047,0.273529470520968,0.534145271132896
-0.06,0.17,-0.0632012626472598,0.167077000551897,-0.00320126264725976,-0.00292299944810329,0.00433497500688904,0.479239467677575,-0.0657238301469262,0.202157965589297,0.524270779313831
-0.06,0.185,-0.061648528075006,0.181972902738481,-0.00164852807500604,-0.00302709726151906,0.00344687723088295,0.495057799377567,-0.0594366525111792,0.114815572076434,0.511663264088456
-0.06,0.2,-0.0599558061231231,0.196973382946692,4.41938768768878e-05,-0.00302661705330795,0.00302693968987291,0.50015834398838,-0.0567902846335959,0.0192395114540341,0.5037413015214
-0.06,0.215,-0.0582676156255527,0.212075481301154,0.00173238437444728,-0.00292451869884591,0.00339911241954844,0.494570117277649,-0.0582745293736811,-0.0767047961943177,0.503865838908729
-0.06,0.23,-0.0567280993662353,0.227275849163632,0.00327190063376474,-0.0027241508363679,0.00425750296964242,0.478317434701878,-0.0634742972378206,-0.165141103332132,0.509990054757491
-0.06,0.245,-0.0554796106589727,0.242570308709018,0.00452038934102734,-0.00242969129098225,0.00513198982500439,0.451487966226981,-0.0710904939935108,-0.238300203003481,0.515445458404178
-0.06,0.26,-0.0546580475907393,0.257952449968793,0.00534195240926069,-0.00204755003120691,0.00572091921574685,0.414422724673934,-0.079029485570612,-0.28885403142401,0.511302494344429
-0.06,0.275,-0.0543828295855411,0.273411683812568,0.00561717041445892,-0.00158831618743235,0.00583740968035756,0.367985248516407,-0.0846188100290842,-0.310619605594732,0.488937088222509
-0.06,0.29,-0.054741405172386,0.288931316682368,0.00525859482761395,-0.00106868331763163,0.00536608829543387,0.313850845601389,-0.0850161470744279,-0.299681469196736,0.442199109155062
-0.06,0.305,-0.0557702787224208,0.304487193999607,0.00422972127757923,-0.000512806000392829,0.00426069384960306,0.254755506897527,-0.0778576233211572,-0.255865767731464,0.369364239455586
-0.06,0.32,-0.05743597078903,0.320047278906221,0.00256402921096996,4.72789062208601e-05,0.00256446506891411,0.194658594117523,-0.0621508624164336,-0.184409720706522,0.275248594474001
-0.06,0.335,-0.0596195483565728,0.335572250715375,0.000380451643427204,0.000572250715375311,0.000687178531557859,0.138799340866471,-0.039381056078127,-0.0976355059465974,0.174209184620947
-0.06,0.35,-0.0621073241004382,0.351016918240668,-0.00210732410043821,0.00101691824066832,0.00233985845137941,0.0936562122420646,-0.0147918557932536,-0.0164654563390679,0.096236160147219
-0.04,0.05,-0.0383440062975119,0.0505060083998645,0.00165599370248815,0.000506008399864533,0.00173157721266303,0.0747274331621566,-0.0237217719882827,0.0667002259685127,0.102936071078823
-0.04,0.065,-0.0409252849269033,0.0650891863406271,-0.00092528492690333,8.91863406271287e-05,0.00092957323504335,0.110022885088937,-0.0474226332411221,0.159147639389474,0.19920329435847
-0.04,0.08,-0.0431418756164928,0.0796513698487477,-0.00314187561649279,-0.000348630151252277,0.00316115886533311,0.151234203041984,-0.0671337072372622,0.253523211940001,0.302742383966361
-0.04,0.095,-0.0447872984372505,0.0942224186572721,-0.00478729843725054,-0.000777581342727929,0.00485003701757626,0.194096050197722,-0.0782524583014968,0.328863330129605,0.389805592478494
-0.04,0.11,-0.0457542119099065,0.10882745729688,-0.00575421190990646,-0.00117254270311984,0.00587246209819604,0.23522319563516,-0.079950862561577,0.373156948422397,0.44829591298708
-0.04,0.125,-0.0460224361846528,0.123485755172574,-0.00602243618465284,-0.00151424482742626,0.00620988526428654,0.272137132692642,-0.073829699755918,0.381695098504092,0.47455440066085
-0.04,0.14,-0.0456413398897046,0.138210281054932,-0.00564133988970464,-0.00178971894506766,0.00591842966111002,0.303219040344966,-0.062762662780296,0.355260340680549,0.471266485151097
-0.04,0.155,-0.0447092377962372,0.153008072276631,-0.00470923779623718,-0.00199192772336931,0.0051131885039216,0.327582664369643,-0.0499790012382755,0.298337906915311,0.445886546841124
-0.04,0.17,-0.0433534805337552,0.16788133909921,-0.0033534805337552,-0.0021186609007898,0.00396668069080566,0.344882896584501,-0.0384192377885913,0.217559687910559,0.409576833266376
-0.04,0.185,-0.0417146738943211,0.182829017609906,-0.00171467389432111,-0.00217098239009428,0.00276645460869428,0.355095260546808,-0.0303518081894015,0.120550923746383,0.376227205469282
-0.04,0.2,-0.0399369960554214,0.197848358117176,6.30039445785798e-05,-0.00215164188282418,0.00215256411959218,0.358311902029804,-0.0271909015612834,0.0152482898581721,0.359666094309419
-0.04,0.215,-0.0381644114311779,0.212936129801211,0.00183558856882213,-0.00206387019878909,0.00276205459602814,0.354598082210011,-0.0294332483334429,-0.0903701065152525,0.367114877457258
-0.04,0.23,-0.0365404877318463,0.228089134719416,0.00345951226815366,-0.00191086528058396,0.0039521679182503,0.343940417939056,-0.0366447533051817,-0.188316551355191,0.393829383388468
-0.04,0.245,-0.035208242011165,0.243303919113435,0.00479175798883495,-0.00169608088656464,0.00508307338106912,0.32629785493741,-0.0474703649898188,-0.27062691475771,0.426571791362119
-0.04,0.26,-0.0343064190924487,0.258575791363348,0.00569358090755127,-0.00142420863665252,0.00586900620135539,0.301743597141705,-0.0596940347924834,-0.32963327056175,0.450856649223732
-0.04,0.275,-0.033959869430414,0.27389744353106,0.00604013056958601,-0.00110255646894,0.00613993550982816,0.270666259622755,-0.0704175451623233,-0.358645678617348,0.454803983771535
-0.04,0.29,-0.034263832234313,0.289257575290888,0.00573616776568697,-0.000742424709111705,0.00578401375212801,0.233986265611863,-0.0764392478655672,-0.353097308348594,0.430431308821776
-0.04,0.305,-0.0352642016219782,0.304639904912828,0.00473579837802179,-0.00036009508717158,0.00474946889126342,0.193342432624339,-0.0748904001555771,-0.312079186404839,0.374678244828845
-0.04,0.32,-0.0369374300624267,0.320022825651414,0.00306256993757331,2.28256514142322e-05,0.00306265499736589,0.151214421999784,-0.0641387158272173,-0.240091255173621,0.290901304368927
-0.04,0.335,-0.0391740196189502,0.335379768646364,0.000825980381049779,0.000379768646364437,0.000909102752520646,0.11096615450828,-0.0449217455020463,-0.148797150989801,0.190976638826325
-0.04,0.35,-0.0417684886699271,0.350680131501704,-0.0017684886699271,0.00068013150170404,0.00189476411071951,0.0768171730137037,-0.021657644509145,-0.058600821731585,0.0990151017972041
-0.02,0.05,-0.0185612411894956,0.0501948013899821,0.00143875881050437,0.000194801389982124,0.00145188653011966,0.0428905368672338,-0.0262138847173947,0.0900458968519127,0.103126293040941
-0.02,0.065,-0.0212014506765581,0.0649509060419837,-0.00120145067655811,-4.9093958016333e-05,0.00120245330259251,0.062760435779371,-0.0486582178766489,0.187421590078513,0.203551935569607
-0.02,0.08,-0.0234440588791599,0.0797047937169234,-0.00344405887915991,-0.00029520628307661,0.00345668747686107,0.0845215490048466,-0.0658327864856757,0.283875417419008,0.303419372797062
-0.02,0.095,-0.0250878478379314,0.0944717100232624,-0.00508784783793143,-0.00052828997673765,0.00511520145463157,0.106249794317928,-0.0736559323388316,0.358805416988857,0.381387046842343
-0.02,0.11,-0.0260316103105038,0.109264349646448,-0.00603161031050375,-0.000735650353551748,0.00607630680433897,0.126462060619596,-0.0717679407764261,0.400655726254158,0.426226628533684
-0.02,0.125,-0.0262616192856989,0.124092189203155,-0.00626161928569892,-0.000907810796844571,0.00632708436184505,0.144128416000725,-0.0621625943985742,0.405220099257354,0.434558882699087
-0.02,0.14,-0.0258332880290146,0.138961207870268,-0.00583328802901459,-0.00103879212973232,0.00592506019532618,0.158644583805595,-0.0480127593755199,0.373773846497208,0.408877642879994
-0.02,0.155,-0.0248498613088169,0.153874069466569,-0.00484986130881689,-0.00112593053343102,0.00497884266480387,0.169760769274289,-0.0327478965352829,0.311229218035795,0.356026933706676
-0.02,0.17,-0.0234420189351558,0.16883071741116,-0.00344201893515582,-0.0011692825888403,0.00363520510047731,0.177475333989708,-0.0194209581610621,0.224539845780138,0.28686753396527
-0.02,0.185,-0.02175197218782,0.183829221705198,-0.00175197218782004,-0.00117077829480242,0.00210716120941787,0.181912673247698,-0.0103486402555057,0.121534760858435,0.219020710330163
-0.02,0.2,-0.0199240642219033,0.198866652025755,7.59357780967003e-05,-0.00113334797424466,0.00113588902324111,0.183210425381136,-0.00695665078893395,0.010253991932941,0.183629050457651
-0.02,0.215,-0.0181016066440698,0.213939752718489,0.00189839335593019,-0.00106024728151088,0.00217440144218843,0.181440222404085,-0.00973798701858544,-0.101278645861423,0.208021139160392
-0.02,0.23,-0.016427505983151,0.229045260035544,0.00357249401684902,-0.000954739964456192,0.00369786991390339,0.176579115540555,-0.0182477852962859,-0.205030780963507,0.271202736307066
-0.02,0.245,-0.0150449087773998,0.244179807132147,0.00495509122260017,-0.000820192867852926,0.00502251384913631,0.168537640369533,-0.0311055933690812,-0.29293910604312,0.339390852573343
-0.02,0.26,-0.0140940766177198,0.25933947673889,0.00590592338228019,-0.000660523261109908,0.00594274532315083,0.157237996912162,-0.0460348850499697,-0.357141816703656,0.392929867357348
-0.02,0.275,-0.0137030186628428,0.274519153892188,0.0062969813371572,-0.000480846107812544,0.00631531368499654,0.142724893381966,-0.0600160772637477,-0.390645863509835,0.420211026609746
-0.02,0.29,-0.0139716382127998,0.28971187691035,0.0060283617872002,-0.00028812308965015,0.00603524322228733,0.125284930580006,-0.06964356202077,-0.388486544688793,0.414088253056929
-0.02,0.305,-0.0149515289104926,0.30490837181065,0.0050484710895074,-9.16281893498516e-05,0.00504930253269455,0.105549893539703,-0.0717524045602093,-0.349301058792144,0.37188829343953
-0.02,0.32,-0.0166252248536727,0.320096888501129,0.00337477514632734,9.68885011294607e-05,0.00337616567572147,0.0845653583408526,-0.0643274612877155,-0.27713141550713,0.296801854031194
-0.02,0.335,-0.0188890507601689,0.335263358953474,0.00111094923983107,0.000263358953474402,0.00114173821511604,0.0638168611718082,-0.0476541287745159,-0.183229905546256,0.199791757823478
-0.02,0.35,-0.0215426390436149,0.350391801153134,-0.0015426390436149,0.000391801153133559,0.00159161658777542,0.045218023091714,-0.0256491236987253,-0.0876729368538092,0.101926903983049
0,0.05,0.00136615473099769,0.0499162431723009,0.00136615473099769,-8.37568276991496e-05,0.00136871982348967,0.00285886916299944,-0.026396279216942,0.0964544152458744,0.100041958456692
0,0.065,-0.00129309172908407,0.0648588236408279,-0.00129309172908407,-0.000141176359172102,0.00130077553183273,0.00501328323742503,-0.0482800517467047,0.195215148868791,0.201159370448574
0,0.08,-0.00354390218415504,0.0798152111039909,-0.00354390218415504,-0.000184788896009147,0.00354871661688379,0.00540876861118795,-0.0645174097475909,0.292041653957665,0.299132548937892
0,0.095,-0.0051866987048913,0.0947859740091982,-0.0051866987048913,-0.000214025990801781,0.00519111265337787,0.00448408396415073,-0.0712029211511175,0.366480581507957,0.373361048969021
0,0.11,-0.00612231389873483,0.109771499267064,-0.00612231389873483,-0.00022850073293626,0.00612657653666336,0.00265381193556445,-0.0681323055303241,0.407154587937212,0.412825204588806
0,0.125,-0.00633922642081572,0.124771792585652,-0.00633922642081572,-0.000228207414348119,0.0063433327390522,0.000303865052669655,-0.0574256694906212,0.410048807669323,0.414051410586759
0,0.14,-0.0058949318808046,0.139786339044116,-0.0058949318808046,-0.000213660955883876,0.00589880266523603,-0.00221349201609761,-0.0423469747851062,0.376621879309062,0.379002281741114
0,0.155,-0.00489436335643945,0.1548140328202,-0.00489436335643945,-0.000185967179799656,0.00489789510471793,-0.0045864068829507,-0.0263807772029853,0.311941585407659,0.313089088215108
0,0.17,-0.00346931541957422,0.169853170468307,-0.00346931541957422,-0.000146829531692566,0.00347242111384442,-0.00655219618219096,-0.0126044501967364,0.223075930210724,0.223527934384319
0,0.185,-0.00176250029161795,0.184901491718164,-0.00176250029161795,-9.85082818359406e-05,0.00176525101884792,-0.0079071435465099,-0.00333814340498222,0.117923752555738,0.118235707377508
0,0.2,8.17440923585764e-05,0.199956249656293,8.17440923585764e-05,-4.37503437065168e-05,9.27156362754731e-05,-0.00851562077404884,-8.1409149393497e-07,0.00455765456547886,0.00965857203218275
0,0.215,0.00192039305224253,0.215014298265787,0.00192039305224253,1.4298265787166e-05,0.00192044628029682,-0.00831667740203333,-0.0030767631157836,-0.108987302602569,0.109347470720102
0,0.23,0.00361082690101295,0.230072195296296,0.00361082690101295,7.21952962955685e-05,0.00361154856950394,-0.00732672919638501,-0.0121136974091453,-0.214668686121285,0.215135124522117
0,0.245,0.00500991703951793,0.24512632575109,0.00500991703951793,0.000126325751089645,0.00501150944708682,-0.00563787034125399,-0.0257224138046263,-0.304395184138101,0.305532449158516
0,0.26,0.00597695817270308,0.260173050751204,0.00597695817270308,0.000173050751203579,0.00597946281539857,-0.0034123364784616,-0.0416091056830559,-0.370245725555473,0.372592737765633
0,0.275,0.00638295977557898,0.275208876883639,0.00638295977557898,0.000208876883639381,0.00638637651952797,-0.000874436747424696,-0.0567192407726265,-0.405132349713853,0.409085282832335
0,0.29,0.00612654832338497,0.290230626037795,0.00612654832338497,0.000230626037794945,0.00613088759708414,0.00169840136948157,-0.0675867970852003,-0.40396495830766,0.409584254647375
0,0.305,0.00515431826696944,0.305235572448635,0.00515431826696944,0.000235572448634647,0.00515969874854827,0.00398410976845548,-0.0709571671321002,-0.365237451989019,0.372088263205882
0,0.32,0.00348177439242098,0.320221509466009,0.00348177439242098,0.000221509466008712,0.00348881346065535,0.00562343970044687,-0.064697429431197,-0.29284642535846,0.29996102214151
0,0.335,0.00121065642086393,0.335186716918367,0.00121065642086393,0.000186716918366997,0.00122497027595919,0.0062269543136294,-0.0489519086263667,-0.197910659743227,0.203969942631153
0,0.35,-0.00146047465283111,0.350129818355861,-0.00146047465283111,0.000129818355861011,0.00146623293411402,0.00538303857985551,-0.0274782003226442,-0.100393121415514,0.104224807126571
0.02,0.05,0.0214476711529352,0.0496410203775602,0.00144767115293523,-0.000358979622439776,0.00149151538254482,-0.0374602077584807,-0.0246479861927984,0.0850743294920568,0.0961687792291845
0.02,0.065,0.0188072030055758,0.0647702563111085,-0.00119279699442418,-0.000229743688891476,0.00121472088666196,-0.052942661422426,-0.046889779196819,0.181795221373725,0.195066952768901
0.02,0.08,0.0165639416552912,0.0799293122759043,-0.00343605834470875,-7.06877240957138e-05,0.00343678537336571,-0.073812948458717,-0.0639890709071139,0.277437121192539,0.29413347101281
0.02,0.095,0.0149195517924073,0.0951040214432794,-0.00508044820759268,0.000104021443279395,0.00508151300802169,-0.0972770307412433,-0.0718645272519802,0.351470736345909,0.371698122188799
0.02,0.11,0.0139753751398852,0.110282428141533,-0.00602462486011476,0.000282428141533092,0.00603124119566136,-0.121029864857384,-0.0701487505525373,0.392406701752933,0.416596758959936
0.02,0.125,0.0137450844547426,0.125455053755508,-0.00625491554525742,0.000455053755508361,0.00627144659538015,-0.143276772547903,-0.0608193950295573,0.396096091474985,0.425582164546977
0.02,0.14,0.0141731389017369,0.140614892316001,-0.00582686109826314,0.000614892316001259,0.00585921520501933,-0.162715757683316,-0.0470256910700261,0.363859721183986,0.401350705482788
0.02,0.155,0.0151561794218132,0.155757081019387,-0.0048438205781868,0.000757081019386735,0.00490262883192085,-0.17847953219606,-0.0321682630826167,0.300642374990204,0.351106770048927
0.02,0.17,0.0165634693926577,0.170878284978992,-0.00343653060734232,0.000878284978992089,0.00354698845776578,-0.190046293032362,-0.0192691962679355,0.213418054058528,0.286419852764817
0.02,0.185,0.0182528005793554,0.185975927104848,-0.00174719942064463,0.000975927104848201,0.00200128446990385,-0.1971368573462,-0.010615564352325,0.110026449232905,0.226012204313961
0.02,0.2,0.0200798683473672,0.201047454074779,7.98683473672065e-05,0.00104745407477932,0.00105049464143468,-0.1996199714837,-0.00760740316075945,-0.00148832801455212,0.199770521216642
0.02,0.215,0.0219014069576512,0.216089838682607,0.0019014069576512,0.00108983868260723,0.00219159685451304,-0.197446344108095,-0.0107177884198986,-0.113102366856972,0.227798471321935
0.02,0.23,0.0235745521157953,0.231099472826117,0.00357455211579528,0.00109947282611667,0.00373982129571795,-0.190625760256342,-0.0194886554071551,-0.216786115644606,0.289334384405337
0.02,0.245,0.0249562115177301,0.246072513956306,0.00495621151773011,0.00107251395630623,0.00507092879016776,-0.179252182904588,-0.0325335624568863,-0.304482757443143,0.354823800936682
0.02,0.26,0.0259062254456426,0.261005632172237,0.00590622544564265,0.00100563217223673,0.00599122650887064,-0.163571219892105,-0.0475775941818391,-0.368342692294878,0.405827794723591
0.02,0.275,0.0262967692229676,0.27589699400396,0.00629676922296757,0.000896994003960011,0.00636033811133117,-0.144074992218822,-0.0616108066601672,-0.401392830785641,0.430895085362773
0.02,0.29,0.026028214347039,0.290747244330055,0.00602821434703896,0.000747244330055352,0.00607435118367766,-0.121603461488742,-0.0712454908801952,-0.398696560686604,0.42287478178012
0.02,0.305,0.0250492915590357,0.305560235918278,0.00504929155903566,0.000560235918277696,0.00508027652124146,-0.0974302821389203,-0.073342337687866,-0.358924501634673,0.379076615512337
0.02,0.32,0.0233777452559134,0.320343315698465,0.00337774525591342,0.000343315698464658,0.0033951478145521,-0.0733157177250044,-0.0659175828960668,-0.286150575241196,0.302659357886586
0.02,0.335,0.0211173443754927,0.335107092008491,0.00111734437549268,0.000107092008490489,0.00112246476636359,-0.051517883462024,-0.0492898424782152,-0.191646568728875,0.204479907504078
0.02,0.35,0.0184682060277353,0.34986473949385,-0.00153179397226474,-0.000135260506150148,0.00153775426450087,-0.0347638640222253,-0.0274048324680204,-0.0954816176280687,0.105243971338453
0.04,0.05,0.0416732011142942,0.0493397469776922,0.00167320111429417,-0.000660253022307822,0.00179875957880476,-0.0701355419364184,-0.020764580353419,0.057147519516579,0.0928224267613789
0.04,0.065,0.0390914954565596,0.0646424275733724,-0.00090850454344038,-0.000357572426627567,0.000976339359923659,-0.100817264560742,-0.0440490729297972,0.148335659391376,0.184683348026559
0.04,0.08,0.0368736033137315,0.0799936882759443,-0.00312639668626855,-6.31172405574087e-06,0.0031264030574722,-0.140848395259573,-0.0635906992812554,0.241141243759886,0.286411099196571
0.04,0.095,0.0352269403462133,0.0953645702183851,-0.00477305965378674,0.000364570218385096,0.00478696249230555,-0.185116229747113,-0.0747875501929961,0.314742326654403,0.372725660900978
0.04,0.11,0.0342591530880198,0.110730578901938,-0.00574084691198015,0.000730578901937923,0.00578714686168831,-0.229434959134601,-0.0767969569039183,0.357257311900675,0.431476349066183
0.04,0.125,0.0339903386999905,0.126072397673514,-0.00600966130000954,0.00107239767351378,0.00610459382031189,-0.270582035371203,-0.0711889959759329,0.364089029035224,0.459178027093679
0.04,0.14,0.034370885988447,0.141376035616571,-0.00562911401155296,0.00137603561657076,0.0057948596681139,-0.306260746638754,-0.0607923172421285,0.336109332236986,0.458761330521855
0.04,0.155,0.0353022509223943,0.156632291375887,-0.00469774907760571,0.00163229137588658,0.0049732506001547,-0.334985448356353,-0.0487810549010097,0.277868053271604,0.437957110747024
0.04,0.17,0.0366569588440283,0.171835608738706,-0.00334304115597168,0.00183560873870633,0.00381384105753446,-0.355906137333996,-0.0380364753795051,0.196038379368369,0.408102563533403
0.04,0.185,0.038294396124335,0.186982586569121,-0.00170560387566505,0.00198258656912129,0.00261528852801058,-0.368606256271253,-0.0307698392664284,0.0982679577017603,0.382719860086995
0.04,0.2,0.040070451016247,0.202070525195339,7.04510162469988e-05,0.00207052519533921,0.00207172342030125,-0.372916359750498,-0.0283455020904405,-0.00749735110149589,0.374067889766069
0.04,0.215,0.0418412487399184,0.217096404833764,0.00184124873991837,0.00209640483376355,0.00279018102446386,-0.368784126437676,-0.0312213494896576,-0.113278789435348,0.387051880779417
0.04,0.23,0.0434633141079689,0.232056593909248,0.00346331410796895,0.00205659390924781,0.00402791796316806,-0.35622909475163,-0.0389375481128497,-0.211094591772032,0.415905021385153
0.04,0.245,0.0447937540778378,0.246947401249065,0.00479375407783779,0.00194740124906548,0.00517421006373419,-0.335391751793266,-0.0501275907781816,-0.292994523221406,0.448159812091614
0.04,0.26,0.0456940441823659,0.261766362911591,0.00569404418236585,0.00176636291159132,0.00596172601569208,-0.306665686248204,-0.062579119348969,-0.351336072157193,0.470529775026869
0.04,0.275,0.0460397122995007,0.276513950143929,0.00603971229950073,0.00151395014392888,0.00622656965744725,-0.270883147677534,-0.073413509519509,-0.379469585406804,0.47198056001143
0.04,0.29,0.0457360633453502,0.291195258349136,0.00573606334535015,0.00119525834913567,0.00585927173145674,-0.229512919172516,-0.0794647854056708,-0.372883407409036,0.445009958576123
0.04,0.305,0.0447378273004255,0.305821230646322,0.00473782730042555,0.000821230646321863,0.00480847452973558,-0.184828057612492,-0.077914495914615,-0.330732502735527,0.386803097401643
0.04,0.32,0.0430690649972894,0.320409092130826,0.00306906499728937,0.000409092130825572,0.00309620999434635,-0.140010449075819,-0.0671909481597529,-0.257575655384241,0.300770635785194
0.04,0.335,0.0408394032343015,0.33498188581342,0.000839403234301456,-1.81141865801815e-05,0.00083959866216616,-0.0991766020690696,-0.0480945093470845,-0.165108607442636,0.198519449694958
0.04,0.35,0.0382537556565021,0.349567236878914,-0.00174624434349793,-0.000432763121085922,0.0017990701004048,-0.0673291565555194,-0.0250961294689402,-0.0737123867166666,0.102939544601866
0.06,0.05,0.0620123386451662,0.0489904875262803,0.00201233864516623,-0.00100951247371975,0.00225136009057308,-0.0886351775414202,-0.0140979068913747,0.0159611294398653,0.0911575837952366
0.06,0.065,0.0595357256755216,0.0644390988796181,-0.000464274324478431,-0.000560901120381901,0.000728121360224774,-0.129755069297095,-0.0384328196842128,0.0978823513445083,0.167016268951999
0.06,0.08,0.0573671507475919,0.0799604096042418,-0.00263284925240811,-3.95903957581822e-05,0.00263314689779022,-0.184830689294954,-0.0613695884732967,0.185877970924825,0.269219916655689
0.06,0.095,0.055723233009625,0.0955106226234901,-0.00427676699037502,0.000510622623490109,0.00430714190079469,-0.246495888775755,-0.0774618675551551,0.258642330062983,0.365591127473616
0.06,0.11,0.0547217848207157,0.111052385031118,-0.00527821517928426,0.00105238503111824,0.00538210644009838,-0.308700657792868,-0.0850972501470092,0.303653810558042,0.441298354285741
0.06,0.125,0.0543933372274298,0.126555913297484,-0.00560666277257017,0.00155591329748367,0.00581855081911388,-0.366759000135661,-0.0851828540124696,0.315587152118248,0.491289133018893
0.06,0.14,0.0546979932878701,0.141999326379578,-0.00530200671212989,0.00199932637957773,0.00566644343019021,-0.417297039932696,-0.0800201480518794,0.294583948051291,0.517031488492576
0.06,0.155,0.055545203779798,0.157368004411461,-0.00445479622020195,0.0023680044114614,0.00504506236395807,-0.458095901503498,-0.0724035578935905,0.244546247453267,0.524308035052281
0.06,0.17,0.0568130590744595,0.172653068154305,-0.00318694092554045,0.00265306815430455,0.00414672920435728,-0.487851527088505,-0.0649709986509444,0.171643822942969,0.521232979386695
0.06,0.185,0.0583638898630394,0.18784934343026,-0.00163611013696057,0.00284934343025994,0.00328566802398396,-0.50589742160379,-0.0597972438740569,0.0831877560063811,0.516168495978733
0.06,0.2,0.0600543249825439,0.202953348038092,5.43249825438603e-05,0.0029533480380918,0.00295384763280523,-0.511948749610924,-0.0581809183592817,-0.0130688992475238,0.515411611241966
0.06,0.215,0.0617399743983373,0.217961859254721,0.00173997439833729,0.00296185925472059,0.00343513044172171,-0.505923636868355,-0.0605562288292114,-0.10925885244767,0.521119134261802
0.06,0.23,0.0632768515528098,0.232871479910762,0.00327685155280984,0.00287147991076248,0.00435696602890873,-0.487880952099953,-0.0664713398517885,-0.197515480123945,0.530528640424054
0.06,0.245,0.0645228233712964,0.247679358009904,0.00452282337129642,0.00267935800990404,0.00525688982128997,-0.458087808707409,-0.0746113913069087,-0.270092304501593,0.536994659165615
0.06,0.26,0.0653423581444512,0.262384899459559,0.00534235814445118,0.0023848994595585,0.00585051587262066,-0.417200907420442,-0.0828893883771441,-0.319701260585681,0.532107300175955
0.06,0.275,0.0656166218331538,0.276992031539885,0.00561662183315378,0.00199203153988547,0.00595941527941779,-0.36652046994204,-0.0886627739754022,-0.340219998763956,0.507887466852587
0.06,0.29,0.0652589643158279,0.291511408759175,0.0052589643158279,0.00151140875917499,0.0054718426615229,-0.308260100863893,-0.0891419917011682,-0.327812695230089,0.458729628115303
0.06,0.305,0.0642337538993625,0.305961958169913,0.00423375389936245,0.000961958169913402,0.00434166276915077,-0.245774660653159,-0.0820357199855165,-0.282393772156478,0.383251658030932
0.06,0.32,0.0625751314831916,0.320371342619645,0.00257513148319158,0.000371342619644971,0.00260176814818101,-0.183701706800813,-0.0664366265157306,-0.209276200956641,0.286281052848512
0.06,0.335,0.0604020798543362,0.334775220998074,0.000402079854336157,-0.000224779001926162,0.000460644992342158,-0.127996265453997,-0.0439147649702983,-0.120813348380644,0.181404088129271
0.06,0.35,0.0579272700451198,0.349215503740605,-0.00207272995488017,-0.000784496259395084,0.00221622287842681,-0.0858659294822919,-0.0197797723026467,-0.0378726929374543,0.0959090207302009
0.08,0.05,0.0824123250704608,0.0485869999689674,0.00241232507046077,-0.00141300003103262,0.00279568977772423,-0.0891602498267831,-0.00397210775172178,-0.0332916270794514,0.0952557731133657
0.08,0.065,0.0800974606139259,0.0641380748266168,9.7460613925876e-05,-0.000861925173383182,0.000867417763121345,-0.133717006006188,-0.028284356100284,0.0352562565661148,0.141149765133392
0.08,0.08,0.0780121312018423,0.0797936741968131,-0.00198786879815774,-0.000206325803186913,0.00199854764660486,-0.197718479034503,-0.0545617586769542,0.115966778282345,0.235622482731999
0.08,0.095,0.0763853048182049,0.0954951408185059,-0.00361469518179511,0.000495140818505935,0.00364844976496093,-0.271638076685475,-0.0762193828510957,0.186898201123565,0.33841972397041
0.08,0.11,0.075348417094782,0.111191888613661,-0.00465158290521797,0.00119188861366132,0.00480185609858225,-0.347592540481797,-0.0906073456914186,0.234689384037048,0.42908068323851
0.08,0.125,0.0749460414934566,0.126842882495925,-0.0050539585065434,0.0018428824959254,0.00537947139407309,-0.419397041934227,-0.0977311354369152,0.253058096394692,0.499484968526556
0.08,0.14,0.0751514867590722,0.142417193073358,-0.00484851324092782,0.00241719307335847,0.00541764736775517,-0.482505277602908,-0.0991611138629067,0.241178810498184,0.548464935145951
0.08,0.155,0.0758852810182254,0.157893380928793,-0.0041147189817746,0.00289338092879288,0.00503016555374458,-0.533827878618013,-0.0971477111415356,0.202081941527108,0.579007638903112
0.08,0.17,0.0770335316311678,0.173257802897096,-0.0029664683688322,0.00325780289709593,0.00440604292984177,-0.571454207255992,-0.0939626383106007,0.141238733214132,0.596104414841256
0.08,0.185,0.0784632590626117,0.188502265211894,-0.00153674093738835,0.0035022652118939,0.00382458289530864,-0.594330466177695,-0.0914611201363584,0.0654638742208002,0.604882432052221
0.08,0.2,0.0800329745031083,0.203621666840818,3.2974503108277e-05,0.00362166684081755,0.00362181695061092,-0.601961994358484,-0.0908291057965678,-0.0178111061401222,0.609039323236819
0.08,0.215,0.0815985715285606,0.218612307513001,0.00159857152856055,0.0036123075130014,0.00395021474105026,-0.594205081896147,-0.0924628429109164,-0.100941427079641,0.609771873605758
0.08,0.23,0.0830163584227517,0.233471365639293,0.0030163584227517,0.0034713656392929,0.00459878217968285,-0.571194419730576,-0.0959355724283518,-0.176287507921453,0.605431577676902
0.08,0.245,0.0841461194803751,0.248197728964055,0.00414611948037515,0.00319772896405479,0.00523600776098558,-0.53342163652085,-0.10003400978417,-0.236437377324096,0.591989186103808
0.08,0.26,0.0848570669756879,0.262793975660813,0.00485706697568794,0.00279397566081346,0.00560333825496341,-0.481945972031601,-0.10288265375527,-0.274618998496373,0.564158600200484
0.08,0.275,0.0850384261874438,0.27726896562861,0.00503842618744382,0.0022689656286099,0.00552575275144779,-0.418688404259787,-0.10220048062177,-0.285432027110938,0.516931497213966
0.08,0.29,0.0846145773289185,0.291640312732715,0.0046145773289185,0.00164031273271514,0.00489744318861138,-0.346742926861886,-0.0957398696327788,-0.265936025262998,0.447347478035372
0.08,0.305,0.0835628275691334,0.305936031731648,0.0035628275691334,0.000936031731648468,0.00368373393312137,-0.270637906904631,-0.0819393117963177,-0.217032533288512,0.356458213273096
0.08,0.32,0.0819307016174547,0.320194886002945,0.00193070161745473,0.000194886002945427,0.00194051263582239,-0.19649674944023,-0.0607898233179704,-0.145003436419335,0.251659439620637
0.08,0.335,0.07984956457183,0.334465328175314,-0.000150435428169976,-0.000534671824685584,0.000555432064397885,-0.132075397113115,-0.0348900680265259,-0.0630409487751674,0.150450661673352
0.08,0.35,0.0775424231751565,0.348803302293303,-0.00245757682484352,-0.00119669770669723,0.00273345372216585,-0.086685387696951,-0.0106690426560902,0.0073696807276524,0.0876498636799206
0.1,0.05,0.102794854191652,0.0481483266759499,0.00279485419165232,-0.00185167332405012,0.00335259661331263,-0.071791592567378,0.00967511289142772,-0.083749357217422,0.110732105660728
0.1,0.065,0.100712457067581,0.0637403177809268,0.000712457067580718,-0.00125968221907324,0.00144720225476435,-0.110708230005204,-0.0121214955216302,-0.0331241003811988,0.116191451912766
0.1,0.08,0.0987578625567705,0.0794784041478921,-0.00124213744322949,-0.00052159585210787,0.00134720735627773,-0.175589355509439,-0.0403517155966604,0.0372136712511658,0.183969478787066
0.1,0.095,0.0971752122003472,0.095289073629644,-0.00282478779965284,0.000289073629644032,0.00283954039880103,-0.254867501042153,-0.0670301454628032,0.104579194182416,0.2835268159868
0.1,0.11,0.0961125644971974,0.111108152143904,-0.00388743550280261,0.00110815214390414,0.00404229587765289,-0.338879507149693,-0.0882337014923125,0.154628166120721,0.382798799994152
0.1,0.125,0.0956316713839625,0.126882556469242,-0.0043683286160375,0.00188255646924246,0.00475671249473612,-0.419924813669197,-0.102851335183469,0.179951437222136,0.468293697209174
0.1,0.14,0.0957221836925398,0.142571095293889,-0.00427781630746017,0.00257109529388888,0.00499101626631588,-0.492204023181533,-0.111528747395521,0.178571471896098,0.535344111297144
0.1,0.155,0.0963186650399788,0.158144013626388,-0.00368133496002117,0.00314401362638816,0.00484118257978239,-0.551630803900482,-0.115804293266324,0.152458351408702,0.583912388993198
0.1,0.17,0.0973178654476574,0.173581347043709,-0.00268213455234263,0.00358134704370938,0.00447435944067484,-0.595542738617377,-0.117446355815868,0.106201228778634,0.616236287215995
0.1,0.185,0.098593717843391,0.188870525157352,-0.00140628215660904,0.00387052515735176,0.00411808140979386,-0.622365851005304,-0.117989552189964,0.0459449641464924,0.635118773969814
0.1,0.2,0.100008480146522,0.204003915546293,8.48014652226791e-06,0.00400391554629315,0.00400392452660299,-0.631303608027811,-0.118445933591436,-0.0213636039013837,0.642677538759242
0.1,0.215,0.101419987197821,0.218977043598451,0.00141998719782111,0.0039770435984513,0.00422294203440662,-0.622119003137182,-0.11915457764694,-0.0884592511498206,0.639577324610671
0.1,0.23,0.102686505231953,0.2337880410281,0.00268650523195318,0.00378804102809971,0.00464398160976963,-0.595058333837178,-0.119737262466728,-0.148086832094393,0.6247919739988
0.1,0.245,0.103671608706485,0.248438518605518,0.00367160870648471,0.00343851860551797,0.00503032013832396,-0.550932865443548,-0.119147564256097,-0.193332603969311,0.595905916256144
0.1,0.26,0.104251466014977,0.262935632071504,0.00425146601497715,0.0029356320715036,0.0051665170991439,-0.491338092724763,-0.115826023677819,-0.218113476619869,0.549913265163191
0.1,0.275,0.104325927418967,0.277294742347402,0.00432592741896738,0.00229474234740201,0.00489688579355634,-0.418959016729465,-0.107992513112282,-0.217931435570312,0.484442513934307
0.1,0.29,0.103833220474839,0.291541876845657,0.00383322047483949,0.00154187684565654,0.00413170224192165,-0.337891768006623,-0.0941095125066951,-0.190922708780283,0.399348937129855
0.1,0.305,0.102766479374404,0.305715243236156,0.00276647937440411,0.000715243236156293,0.00285744309057428,-0.253911793720846,-0.0735358630782358,-0.139148419621194,0.29873266811002
0.1,0.32,0.10118937641376,0.319865318182438,0.00118937641376032,-0.000134681817561655,0.00119697762952825,-0.174636426155219,-0.0473689001090322,-0.0700119318810285,0.194019072814993
0.1,0.335,0.0992481522370229,0.334053439961108,-0.000751847762977126,-0.000946560038892263,0.00120882213990373,-0.109559245438979,-0.0194601035699869,0.00233358955643652,0.111298577840246
0.1,0.35,0.0971783224097086,0.348349238267351,-0.00282167759029137,-0.00165076173264905,0.00326907918557061,-0.0699655146065709,0.00239710630911756,0.0557025726140298,0.0894633867830587
0.12,0.05,0.123051986307738,0.0477302211951528,0.00305198630773809,-0.00226977880484719,0.00380348737943934,-0.0413454943455858,0.0255049702076785,-0.127223191699143,0.136182607717909
0.12,0.065,0.121290419008162,0.0632811743461641,0.0012904190081624,-0.00171882565383585,0.00214931217949164,-0.0637434716686006,0.0103902741564049,-0.0995183159307378,0.118638476944121
0.12,0.08,0.119530964134699,0.0790313364657338,-0.000469035865300949,-0.000968663534266223,0.00107624517910917,-0.119715865123465,-0.0168251643273667,-0.0432907251650402,0.128409767166951
0.12,0.095,0.118035528177308,0.0948923475541938,-0.00196447182269172,-0.000107652445806239,0.00196741927184771,-0.195799201113837,-0.0465216157576827,0.0179711654799447,0.202050966308215
0.12,0.11,0.116971378775051,0.110786164675147,-0.0030286212249493,0.000786164675146583,0.00312899367539498,-0.280632304877283,-0.0732993665893073,0.0688517950416578,0.298107460220882
0.12,0.125,0.116420122378597,0.126646979419016,-0.00357987762140342,0.00164697941901598,0.00394056658247101,-0.365015238532343,-0.0947448437014017,0.100703642687943,0.390326174689777
0.12,0.14,0.116390527082434,0.142422264080801,-0.003609472917566,0.0024222640808011,0.00434691362000461,-0.44185210153472,-0.110405373136668,0.110264785494433,0.468595959145678
0.12,0.155,0.116834015968529,0.158072588142796,-0.00316598403147129,0.00307258814279587,0.00441183100115825,-0.505971783847527,-0.120947646986324,0.0982937629028062,0.529433128549948
0.12,0.17,0.117660781343385,0.173570225194725,-0.00233921865661488,0.00357022519472461,0.0042683078455638,-0.553851090079478,-0.127498273585363,0.0683301948356755,0.572432162717794
0.12,0.185,0.11875438678739,0.188896958956397,-0.00124561321260971,0.0038969589563968,0.00409119070482777,-0.58329251821909,-0.131163480080949,0.025668802955538,0.598411365964797
0.12,0.2,0.119983459910785,0.204041767922759,-1.65400892146946e-05,0.00404176792275945,0.00404180176604426,-0.593124759455932,-0.132713483127109,-0.0234174182332893,0.608244768826514
0.12,0.215,0.12121033839695,0.21899912622357,0.00121033839694952,0.00399912622356957,0.0041782687308468,-0.582992258151137,-0.132408532788941,-0.0722363438612608,0.602190518157235
0.12,0.23,0.122297807532587,0.233768478249108,0.00229780753258694,0.00376847824910831,0.00441376797881535,-0.553280995338898,-0.129945688923878,-0.114110407843293,0.579680768518683
0.12,0.245,0.12311584490032,0.248355079677107,0.00311584490031998,0.00335507967710674,0.00457876064919151,-0.505196112681648,-0.124517788429262,-0.14281170810911,0.53956012392434
0.12,0.26,0.12355025056685,0.262771960911173,0.00355025056685028,0.00277196091117288,0.00450422539183943,-0.440971405189419,-0.11499234345628,-0.153122819720436,0.480756667360435
0.12,0.275,0.123514193221943,0.277042399038812,0.00351419322194271,0.00204239903881209,0.00406459688467241,-0.364160386392701,-0.100229628995936,-0.141608720939247,0.403376334783309
0.12,0.29,0.122962371730724,0.29120210181199,0.0029623717307239,0.00120210181198999,0.00319698217658181,-0.279941501132464,-0.0795599978613996,-0.10762257606646,0.310290011935421
0.12,0.305,0.121906205518001,0.305300374020856,0.00190620551800064,0.000300374020856142,0.00192972641305999,-0.195370523820574,-0.053430941722596,-0.0545018995490196,0.209749882716291
0.12,0.32,0.120427742124054,0.319399830831445,0.000427742124053526,-0.000600169168555487,0.000736998205950602,-0.119530542825647,-0.0242224517674892,0.00913707195724582,0.122301960741247
0.12,0.335,0.118690093315058,0.333574642379623,-0.00130990668494219,-0.00142535762037738,0.00193584603448314,-0.0635582522814131,0.00277232274754994,0.0681159544340346,0.0932047336233621
0.12,0.35,0.116943123730309,0.347907697166984,-0.00305687626969148,-0.00209230283301592,0.0037043519910032,-0.0405549026492569,0.0181822400520768,0.0995147347173959,0.108988439705267
0.14,0.05,0.143041325861687,0.0474388001211044,0.00304132586168726,-0.00256119987889558,0.00397610460333006,-0.00784261260938526,0.0399382265340153,-0.154633128326764,0.159899935847591
0.14,0.065,0.141710272744041,0.0628440006164452,0.00171027274404106,-0.00215599938355482,0.00275197496371215,-0.00143570582375539,0.0375032192471637,-0.155241709278457,0.159713986620278
0.14,0.08,0.140230595094004,0.0785148085832154,0.000230595094004332,-0.0014851914167846,0.00150298624141059,-0.0372859317286582,0.0159993786171975,-0.117482428219871,0.124291382724497
0.14,0.095,0.138884519248029,0.0943479530419062,-0.00111548075197077,-0.000652046958093844,0.00129207683346491,-0.100203475976579,-0.013103414634345,-0.0656644163017056,0.120516625398542
0.14,0.11,0.137860846820206,0.11025132069542,-0.00213915317979446,0.000251320695419666,0.00215386592400061,-0.17724277735556,-0.0427524886604036,-0.0163128174726661,0.183054401556561
0.14,0.125,0.137263361046331,0.126145902054177,-0.00273663895366925,0.00114590205417736,0.00296686438525724,-0.257762312848808,-0.0690757083207571,0.0206270312997514,0.267653634576865
0.14,0.14,0.137122421738707,0.141967044051924,-0.0028775782612933,0.00196704405192444,0.00348564469676401,-0.333376601975199,-0.090375536123433,0.0405242121392017,0.347779066931724
0.14,0.155,0.137409019673703,0.1576646050776,-0.00259098032629747,0.0026646050775998,0.00371662471482274,-0.397797133819793,-0.106308267099274,0.0428112213330901,0.413977721088091
0.14,0.17,0.138049747099154,0.17320197085798,-0.00195025290084566,0.0032019708579803,0.00374914707001632,-0.446584619514541,-0.117233638119774,0.0298313528808755,0.462679825815776
0.14,0.185,0.138940971436048,0.188554270229618,-0.00105902856395234,0.00355427022961818,0.00370868957509483,-0.476859548363874,-0.123728632900644,0.00585205264908659,0.492686051879873
0.14,0.2,0.139961015438263,0.203706404211801,-3.89845617375064e-05,0.00370640421180141,0.0037066092291086,-0.487032310314259,-0.126256447675033,-0.0237281083685537,0.503692186682707
0.14,0.215,0.140980120053031,0.218651572559215,0.000980120053030848,0.00365157255921472,0.00378082232769052,-0.47661282185846,-0.124977442003933,-0.0530030208527841,0.495570372654666
0.14,0.23,0.141868979715791,0.233390819223287,0.00186897971579079,0.00339081922328704,0.00387178772443046,-0.446142362937734,-0.119689820325836,-0.0760843962877709,0.468143904903064
0.14,0.245,0.142507261519228,0.247933772005492,0.00250726151922846,0.00293377200549172,0.00385919402285124,-0.397261682635469,-0.109894674077612,-0.0876269306284572,0.421394071252453
0.14,0.26,0.142793481049403,0.262300336108684,0.00279348104940297,0.0023003361086838,0.00361871283556571,-0.332897045270613,-0.0949892252077759,-0.0834491460508083,0.356100496801256
0.14,0.275,0.142656915503065,0.276522755795541,0.00265691550306464,0.00152275579554084,0.00306234962133301,-0.257518446344516,-0.0745983987643484,-0.0613154103704797,0.275027991472468
0.14,0.29,0.14207117113312,0.290647301451184,0.00207117113312009,0.000647301451184357,0.0021699652143238,-0.177409009494324,-0.0490549149267594,-0.0218960166456514,0.185363984752807
0.14,0.305,0.141068030569295,0.304734926009089,0.00106803056929541,-0.000265073990910802,0.00110043333174112,-0.100885366239858,-0.020033238631492,0.0301288278083009,0.107177130889465
0.14,0.32,0.13974970386691,0.318860534378034,-0.000250296133089634,-0.00113946562196576,0.00116663192905108,-0.0384246075160989,0.00866060341333912,0.0848926067352222,0.0935853254485634
0.14,0.335,0.138297808807094,0.333110916553478,-0.00170219119290554,-0.00188908344652206,0.00254285098366555,-0.00267839756464621,0.0301334924474211,0.126178578072221,0.129754544974673
0.14,0.35,0.136978237223549,0.347581772371264,-0.00302176277645064,-0.00241822762873584,0.00387025517783053,-0.00837994531556994,0.0332457343641911,0.130342666156124,0.134776560773738
0.16,0.05,0.162580357149233,0.0474468718992508,0.00258035714923294,-0.0025531281007492,0.00362997329417625,0.0134804499503453,0.0463564859659217,-0.156518829291387,0.163795019813251
0.16,0.065,0.161815053544218,0.0625764117799376,0.00181505354421849,-0.00242358822006239,0.00302790343782712,0.0618838398245214,0.0645002242268696,-0.191128479896802,0.210997712541654
0.16,0.08,0.160723665819021,0.0780532439714266,0.000723665819021058,-0.00194675602857336,0.00207690906214166,0.0583545579204267,0.0551862227829709,-0.17673467061524,0.194128703352088
0.16,0.095,0.159611567104326,0.0937589184674373,-0.000388432895674001,-0.00124108153256275,0.00130044741720301,0.0196127894828657,0.0319457138285068,-0.138444203347225,0.143429419330965
0.16,0.11,0.158691415289462,0.109587063077653,-0.00130858471053828,-0.000412936922347007,0.00137219198601798,-0.0399576954269063,0.00364354341039701,-0.0938881051182155,0.10210226185049
0.16,0.125,0.158091340186523,0.125445193259194,-0.00190865981347667,0.000445193259194288,0.00195989268114681,-0.108374405707476,-0.0242590950043143,-0.0543261065287829,0.123631902376242
0.16,0.14,0.15786559998387,0.141256087268913,-0.00213440001613049,0.00125608726891346,0.00247657397547183,-0.176022096127797,-0.0487025254523825,-0.0258022894410197,0.184449184961889
0.16,0.155,0.158007403106442,0.156958284324421,-0.00199259689355838,0.0019582843244208,0.00279380025690648,-0.235521124443655,-0.0682223605196016,-0.0102906300625536,0.245418988037714
0.16,0.17,0.158462840285893,0.172505592972696,-0.00153715971410692,0.00250559297269648,0.00293953331865778,-0.281518748847557,-0.0823106355281448,-0.00676632337890996,0.293383397406596
0.16,0.185,0.159144628986347,0.187865850116564,-0.000855371013653287,0.00286585011656398,0.00299077857114298,-0.310443752449248,-0.0909322034990412,-0.0121521459731846,0.32371583600218
0.16,0.2,0.15994468502064,0.203019434762066,-5.53149793595422e-05,0.00301943476206645,0.00301994139501363,-0.320276651802435,-0.0941887269248583,-0.0221191093581626,0.334571700901872
0.16,0.215,0.160745235065671,0.21795812149844,0.000745235065670608,0.00295812149844049,0.00305055045895669,-0.310386627570847,-0.092122656913037,-0.0317593102225242,0.325323501477937
0.16,0.23,0.161428941925539,0.232684724646822,0.00142894192553902,0.00268472464682196,0.00304131903223198,-0.281471643279612,-0.0846544950284076,-0.0361839799548352,0.296145479715161
0.16,0.245,0.161888983654374,0.247213679514405,0.00188898365437369,0.00221367951440526,0.00291009213582466,-0.23561367792049,-0.0716500373221167,-0.0311197329308042,0.248225839152337
0.16,0.26,0.162039990201663,0.261572339427787,0.00203999020166255,0.00157233942778651,0.00257561862453493,-0.176433236209091,-0.0531187901290717,-0.0135742907930755,0.184755469881106
0.16,0.275,0.161830205016232,0.275802467981082,0.00183020501623225,0.000802467981082355,0.00199840067606676,-0.109303865551124,-0.0295477850494174,0.0173798784141945,0.114553355128903
0.16,0.29,0.161254436232247,0.289961284390624,0.0012544362322473,-3.87156093759056e-05,0.00125503352910755,-0.041574559383057,-0.00237537820699788,0.0596919458844458,0.0727819725319212
0.16,0.305,0.16036664874153,0.304121521189553,0.000366648741529835,-0.000878478810447003,0.000951922433851516,0.0172512878554784,0.0253908768200865,0.107315152094605,0.111619215943104
0.16,0.32,0.159290747514853,0.318370241737504,-0.000709252485147416,-0.00162975826249651,0.00177740009054332,0.0554184942103511,0.0484044251569987,0.149139346544147,0.166303223000105
0.16,0.335,0.158228363356822,0.332806537970421,-0.00177163664317845,-0.00219346202957893,0.00281956948321142,0.0589221333917372,0.0580351007014628,0.167938753398077,0.187198682642363
0.16,0.35,0.157463195186103,0.347538561813673,-0.00253680481389737,-0.00246143818632666,0.00353469328357072,0.0116079507844717,0.0411940508747201,0.139395496653327,0.145817729762262
0.18,0.05,0.181439387620108,0.0480137529320312,0.00143938762010845,-0.00198624706796885,0.00245296028013833,0.00264895829083625,0.0344181351187596,-0.123593807994566,0.128324047871203
0.18,0.065,0.181406085019635,0.0627096239810805,0.00140608501963535,-0.00229037601891952,0.00268754486297151,0.106560568544789,0.0829442971320058,-0.198047575169467,0.239703644177535
0.18,0.08,0.180839900027408,0.077852467452174,0.000839900027408441,-0.00214753254782601,0.0023059332384119,0.148005710460622,0.0940545232907653,-0.21233416472617,0.275386795592821
0.18,0.095,0.180072875193778,0.0933079658401865,7.28751937783823e-05,-0.0016920341598135,0.00169360278455251,0.145007557245663,0.0835616340594384,-0.192296135223205,0.254926752569149
0.18,0.11,0.179344206389805,0.108955156365905,-0.000655793610195146,-0.00104484363409468,0.00123359777840306,0.113209080375264,0.0622976424079779,-0.156631030605136,0.2030532320126
0.18,0.125,0.178808679394339,0.124687906156508,-0.00119132060566148,-0.000312093843492345,0.00123152237195247,0.0657934719130788,0.0374272741129454,-0.117895114331898,0.140102996251001
0.18,0.14,0.178546795897889,0.140416275525367,-0.00145320410211071,0.000416275525367216,0.00151165057980048,0.0134984667830855,0.0134651387206221,-0.0835565941808926,0.0857042844095295
0.18,0.155,0.17857667978286,0.156067292951743,-0.00142332021713985,0.00106729295174263,0.00177903195175312,-0.0352837833898831,-0.00692195141185342,-0.0570453393323564,0.0674316694607338
0.18,0.17,0.178867160733765,0.171584952846153,-0.00113283926623502,0.00158495284615323,0.00194817872066531,-0.0743411440561675,-0.0222854090523344,-0.0387494408585609,0.0867454077236015
0.18,0.185,0.179351129969589,0.186929560355085,-0.000648870030411211,0.00192956035508507,0.0020357395413662,-0.0994442355676134,-0.0319180310548972,-0.0269207831150815,0.107854757394335
0.18,0.2,0.179938397025149,0.202076789606326,-6.16029748512185e-05,0.0020767896063259,0.00207770305757435,-0.108160296852267,-0.0355200522010565,-0.0184741875362486,0.115332666750696
0.18,0.215,0.180527728059239,0.21701690974462,0.000527728059238931,0.00201690974461993,0.00208480738257781,-0.0997198155095433,-0.0330021297255428,-0.00969279397164881,0.105485238631902
0.18,0.23,0.181018269981599,0.231754535298912,0.00101826998159928,0.0017545352989124,0.002028612301687,-0.0749655527917233,-0.0244211190642417,0.00312227956920227,0.078904846347875
0.18,0.245,0.1813208936014,0.246309010957196,0.00132089360140014,0.00130901095719621,0.00185964232912665,-0.0363935888911272,-0.0100463597228241,0.0230055418310678,0.0442117372388336
0.18,0.26,0.181369954525125,0.260715240217592,0.00136995452512459,0.000715240217591506,0.00154542679210944,0.0117266128786113,0.00944377288780673,0.0516328569368061,0.0537833656901591
0.18,0.275,0.181135580532403,0.275024529307458,0.00113558053240344,2.45293074581654e-05,0.00113584542632264,0.0631851848125779,0.0326336560591485,0.0885447557731873,0.113567165524536
0.18,0.29,0.180636030187903,0.289304936330209,0.00063603018790323,-0.000695063669790552,0.000942150680616921,0.10966040154431,0.0569077114600886,0.130279174581252,0.179545484489385
0.18,0.305,0.179949201373489,0.303640725359745,-5.0798626511056e-05,-0.0013592746402552,0.00136022352872472,0.14058489119183,0.0778470469348089,0.169433203321035,0.233520791839361
0.18,0.32,0.179222237283111,0.318130788460921,-0.000777762716888591,-0.00186921153907921,0.00202456578594245,0.143081613288674,0.088470117121713,0.193694418076689,0.256548138253355
0.18,0.335,0.178678478080376,0.332886222891378,-0.0013215219196239,-0.00211377710862165,0.00249288464413806,0.101987076754517,0.0782821106992396,0.184892449548015,0.225199324754181
0.18,0.35,0.178621661580224,0.348027529397675,-0.00137833841977605,-0.00197247060232525,0.00240633685847765,-3.2331148188993e-05,0.0320627309953645,0.118123191875015,0.122397360756744
0.2,0.05,0.199331891723477,0.0495101952051315,-0.000668108276523027,-0.000489804794868487,0.000828418617749946,-0.0640897145467581,-0.0104642692345474,-0.047310857768106,0.0803449485800059
0.2,0.065,0.20023553397803,0.0635820582546202,0.000235533978030028,-0.00141794174537979,0.00143737088049582,0.108520074745901,0.0801184237615055,-0.16743272375156,0.215010092053142
0.2,0.08,0.200366065783212,0.0782225855536677,0.000366065783211578,-0.00177741444633228,0.00181471933688628,0.207464044247321,0.12157383358604,-0.215978617513508,0.323215975675139
0.2,0.095,0.200086972868013,0.0932801607214433,8.69728680133464e-05,-0.00171983927855668,0.00172203699839371,0.251799160833496,0.132235846044599,-0.219422935625288,0.359215789904828
0.2,0.11,0.19966749779869,0.10861849219383,-0.00033250220131005,-0.0013815078061703,0.00142095796291991,0.258213402035363,0.125067305789515,-0.197457153538797,0.348289668220892
0.2,0.125,0.199291911603602,0.124117510264226,-0.000708088396397868,-0.00088248973577415,0.00113144920825463,0.240914870878776,0.109047516307307,-0.163886984824392,0.311111744287483
0.2,0.14,0.199069623043695,0.139674527689848,-0.000930376956304657,-0.000325472310151731,0.000985663992189135,0.21161800627014,0.0902246970204181,-0.127587585442163,0.26306157083982
0.2,0.155,0.199046581468125,0.155205150879025,-0.000953418531874875,0.000205150879025395,0.000975240370415076,0.179608299513038,0.0725285003732254,-0.0934654429053921,0.21507061154255
0.2,0.17,0.199217779249724,0.170643673983284,-0.00078222075027589,0.000643673983284188,0.00101300814356011,0.151864252650648,0.0583972798436926,-0.0633859483405919,0.174616137777614
0.2,0.185,0.199540308686609,0.185942956658796,-0.000459691313391467,0.000942956658795679,0.00104903925759463,0.133207501706555,0.0492491119916985,-0.0370375180172164,0.146770239026958
0.2,0.2,0.199946412625136,0.201074001321039,-5.35873748641369e-05,0.00107400132103902,0.00107533736303468,0.126446690934991,0.045811157846035,-0.0127203124809904,0.135089757700969
0.2,0.215,0.200356208311446,0.21602553828663,0.000356208311445616,0.00102553828663049,0.00108563950669084,0.132482284768098,0.0483147612230705,0.0119321570119132,0.141521229793416
0.2,0.23,0.20069008491833,0.230803869015436,0.000690084918329829,0.000803869015436331,0.00105944447163826,0.150349146294565,0.0565602792359468,0.0392722919863266,0.165367054999189
0.2,0.245,0.200880982273467,0.245433037982418,0.000880982273466495,0.000433037982418449,0.000981657608527146,0.177189411764488,0.0698537726364365,0.0709621724329867,0.203251839920277
0.2,0.26,0.200886727606459,0.259955180452633,0.000886727606458929,-4.48195473667368e-05,0.000887859583426647,0.208165902826761,0.0868162408960956,0.107266426832514,0.249752453190959
0.2,0.275,0.200702345595241,0.274430723383076,0.000702345595240544,-0.000569276616923631,0.000904082519314365,0.236341260669129,0.105064386369678,0.146290553317572,0.297147843128133
0.2,0.29,0.200371898508917,0.288938075632095,0.000371898508916529,-0.00106192436790487,0.00112516303889014,0.252556385866308,0.120758859397465,0.183159775008459,0.334537369049873
0.2,0.305,0.199999154188134,0.303572556034056,-8.45811865879398e-07,-0.00142744396594446,0.00142744421653141,0.245342041345246,0.128009462625432,0.20915353784098,0.346878522951736
0.2,0.32,0.199756383853463,0.318444537804537,-0.000243616146537451,-0.0015554621954631,0.00157442417040918,0.200891112727263,0.118113821255584,0.210826948371676,0.314255252423176
0.2,0.335,0.199890916089808,0.333677056831267,-0.000109083910192209,-0.00132294316873305,0.00132743283338942,0.103110516843085,0.0785831914077045,0.169160910940893,0.213125697230758
0.2,0.35,0.200729648781415,0.349403354133341,0.000729648781414599,-0.000596645866659418,0.00094253574702585,-0.0662317228096226,-0.00812609116434724,0.0587912860648856,0.0889330724156097
