target_x,target_y,gaze_x,gaze_y,error_px_x,error_px_y,error_px_xy,error_deg_x,error_deg_y,error_deg_z,error_deg_xyz
-0.2,0.05,-0.201075647498285,0.0508960692672236,-0.00107564749828482,0.00089606926722359,0.00139998488285731,0.0977438868571214,-0.0116712521452188,-0.0881442603722284,0.132134416102187
-0.2,0.065,-0.199816280809059,0.0665536610432539,0.00018371919094079,0.00155366104325393,0.00156448565939251,-0.101981110572835,0.0854987059412021,-0.199477376225941,0.239794668810867
-0.2,0.08,-0.199438571057547,0.0816721927870609,0.000561428942452757,0.00167219278706095,0.00176392493449191,-0.220335441627018,0.130567301608185,-0.236487236780891,0.348600222486527
-0.2,0.095,-0.199554354220925,0.0964115303654476,0.000445645779074522,0.00141153036544757,0.00148020881398115,-0.278449993779848,0.143323399046564,-0.227770887497329,0.387241712326888
-0.2,0.11,-0.199878457182094,0.110912670700516,0.000121542817905593,0.000912670700515997,0.000920728224920249,-0.294590788249731,0.137592407306272,-0.194436267375088,0.378842167696846
-0.2,0.125,-0.200215534500479,0.125297676028025,-0.000215534500479425,0.000297676028025093,0.000367513453573759,-0.284128519608539,0.122816763128463,-0.1511259186435,0.34445953843937
-0.2,0.14,-0.200447338434346,0.139669135651485,-0.000447338434346078,-0.000330864348514578,0.000556401736123439,-0.259596395220329,0.105242133178599,-0.107093557857128,0.299892364799543
-0.2,0.155,-0.200519729856241,0.154109720186299,-0.000519729856240957,-0.000890279813700615,0.00103088179252087,-0.230821233624426,0.0888279524445093,-0.0672807507962975,0.256311638468499
-0.2,0.17,-0.200429402036268,0.16868213105257,-0.00042940203626838,-0.00131786894742993,0.00138606084691528,-0.205108227308961,0.0759487938300727,-0.033350436509058,0.221246280496101
-0.2,0.185,-0.200210634585068,0.183429477886875,-0.000210634585067676,-0.00157052211312493,0.00158458405780225,-0.187448875272484,0.0679204883250344,-0.00464537367083698,0.199428917724997
-0.2,0.2,-0.199922418153728,0.198375899837236,7.75818462724748e-05,-0.00162410016276417,0.00162595211539628,-0.180714002038739,0.065367185026927,0.0209421927108501,0.19331070921392
-0.2,0.215,-0.199636075561358,0.213527139421027,0.000363924438642096,-0.00147286057897288,0.00151715499608091,-0.18579509340616,0.068437367543708,0.0461808196866305,0.203313062765653
-0.2,0.23,-0.199423206152754,0.228870804229134,0.000576793847245627,-0.00112919577086636,0.00126798037491235,-0.201668659533179,0.076873709539165,0.073761105665731,0.228080215842562
-0.2,0.245,-0.199343567491559,0.244376190304022,0.000656432508440573,-0.000623809695977598,0.00090556180072552,-0.225377337838599,0.0899405881853703,0.105567971373166,0.264629882824317
-0.2,0.26,-0.199432497227757,0.259993729143749,0.000567502772242989,-6.2708562513919e-06,0.00056753741739343,-0.251942661361355,0.106212576018486,0.141926485600072,0.308057741092593
-0.2,0.275,-0.199687679370862,0.275654276520871,0.000312320629138246,0.000654276520871314,0.000724997890444366,-0.274241807322574,0.123226447177102,0.180798933234346,0.350830393472966
-0.2,0.29,-0.200055372225282,0.291268515132293,-5.53722252823602e-05,0.00126851513229288,0.00126972308957062,-0.28288953697548,0.136996902163816,0.216933856271424,0.381910302767878
-0.2,0.305,-0.20041646799245,0.306726660439857,-0.000416467992449904,0.00172666043985693,0.00177617619151429,-0.266165341350608,0.141390024608306,0.24099145727103,0.385891919294334
-0.2,0.32,-0.200572772678983,0.321898453102939,-0.000572772678983341,0.00189845310293908,0.00198297572497718,-0.210016745288262,0.127335225492372,0.238687668538076,0.342481306496429
-0.2,0.335,-0.200233570799411,0.336633142849126,-0.000233570799410776,0.00163314284912559,0.00164976085660542,-0.0981586904323457,0.0818330062436107,0.190009200553562,0.228987631779593
-0.2,0.35,-0.199001857110775,0.350758879833429,0.000998142889224563,0.000758879833428774,0.00125386914344936,0.087715451916728,-0.0133192366446163,0.0685586064069933,0.112123543889275
-0.18,0.05,-0.178607344876241,0.0523072513745676,0.0013926551237593,0.00230725137456764,0.00269497628916792,-0.00482036034413315,0.0391120064990795,-0.138345952590355,0.14384922104382
-0.18,0.065,-0.178358484016508,0.0673318315243743,0.00164151598349152,0.00233183152437433,0.00285166845585598,-0.128673769244568,0.091270745063512,-0.202814818231506,0.256946003932655
-0.18,0.08,-0.178736836165643,0.0819433020727894,0.00126316383435726,0.00194330207278942,0.0023177587921386,-0.184136323750526,0.104222227279616,-0.205214885704606,0.29475718704084
-0.18,0.095,-0.179389050046736,0.0962830463360822,0.000610949953263551,0.0012830463360822,0.00142107978168951,-0.190949178570331,0.0948973198129476,-0.173432587990045,0.274856503576148
-0.18,0.11,-0.180062477916882,0.110476021704938,-6.24779168817285e-05,0.000476021704937546,0.000480104315403984,-0.166030816929017,0.0747384440325408,-0.12747876387355,0.222267776297655
-0.18,0.125,-0.180593115326145,0.12462989718399,-0.000593115326145047,-0.000370102816009688,0.000699115072449769,-0.123469164483025,0.0511768642005827,-0.0806252999124517,0.156090230520316
-0.18,0.14,-0.180893017446676,0.138834160736859,-0.000893017446675665,-0.00116583926314096,0.00146855757379415,-0.0746004589410329,0.0287681068460649,-0.0405866269151304,0.0896666513948277
-0.18,0.155,-0.180936917791373,0.153159712054303,-0.000936917791372546,-0.00184028794569677,0.00206506045210963,-0.028172358415533,0.0100855894368544,-0.0106925415883095,0.0317762704575966
-0.18,0.17,-0.180748456362839,0.167659157018704,-0.000748456362838767,-0.0023408429812965,0.00245758678181645,0.00942674142084226,-0.00357776813594832,0.00900117307123311,0.0135161013033824
-0.18,0.185,-0.180386705905054,0.182367708372062,-0.000386705905053863,-0.00263229162793777,0.00266054518313724,0.0339089539814926,-0.011677973192529,0.0207073123654245,0.0414123783014732
-0.18,0.2,-0.179933557017748,0.19730435533073,6.64429822522316e-05,-0.00269564466927003,0.00269646339727697,0.042847393805777,-0.0140486651199492,0.0280258094936516,0.0530915280099707
-0.18,0.215,-0.179482103877385,0.212472863421649,0.000517896122615498,-0.00252713657835082,0.00257965805475433,0.035503784057728,-0.0106841432816543,0.0351731233034992,0.0511059524428931
-0.18,0.23,-0.17912567856792,0.227862231887749,0.000874321432080404,-0.00213776811225086,0.0023096515902516,0.0127565664253108,-0.00167172738800007,0.0462800029622816,0.0480350233516098
-0.18,0.245,-0.178946847191831,0.243446439921579,0.00105315280816905,-0.00155356007842075,0.00187688032506525,-0.0228615022189393,0.0127306395104775,0.0646989611658934,0.0697902116654928
-0.18,0.26,-0.179005662015094,0.259183576545522,0.000994337984906321,-0.000816423454477688,0.00128656724863057,-0.0670346332482251,0.031874501475783,0.0922656271385535,0.118416961804776
-0.18,0.275,-0.179326775544987,0.275014672558608,0.000673224455012653,1.46725586082364e-05,0.000673384326223291,-0.113484967316869,0.0543610048481276,0.128479348063299,0.179835830923429
-0.18,0.29,-0.179885528544224,0.290862650308799,0.000114471455776297,0.000862650308798785,0.000870212197948399,-0.153795327892087,0.0775429226344957,0.169600868189356,0.241723910463243
-0.18,0.305,-0.180593589678257,0.306631735506649,-0.000593589678257067,0.0016317355066488,0.00173634946649335,-0.177283590413604,0.0968880328623792,0.207697915326943,0.289750522514348
-0.18,0.32,-0.181284910764842,0.322207450355759,-0.0012849107648425,0.00220745035575876,0.00255417946643293,-0.170964822557895,0.105194373068979,0.229693083300339,0.305047470078111
-0.18,0.335,-0.181702518118629,0.337456992968944,-0.00170251811862873,0.00245699296894433,0.00298921099852469,-0.119618854999288,0.0916274993257527,0.216477682045016,0.263755528430374
-0.18,0.35,-0.181485973944213,0.352229487961648,-0.00148597394421257,0.00222948796164835,0.0026793161691024,-0.00596709445943361,0.0405144713056872,0.142153704797727,0.1479348388524
-0.16,0.05,-0.157214449753074,0.0527560132309302,0.00278555024692576,0.00275601323093019,0.00391853277480365,-0.0393827411606656,0.0515499476414542,-0.147906783094507,0.161507991009982
-0.16,0.065,-0.157753151881653,0.0673468013918233,0.00224684811834716,0.00234680139182329,0.00324896956581374,-0.102334233614774,0.0715403650909965,-0.171892817394035,0.212455905064522
-0.16,0.08,-0.158700873340506,0.0816274950696469,0.00129912665949394,0.00162749506964688,0.00208241933316342,-0.108964753798018,0.063152867085296,-0.145743375833322,0.192620789991067
-0.16,0.095,-0.159733585893723,0.0957226812130807,0.000266414106277035,0.000722681213080695,0.00077022374136557,-0.0773752300490592,0.0407809602130234,-0.0965306873033195,0.130262019955962
-0.16,0.11,-0.160627238286594,0.109742122393341,-0.000627238286594028,-0.000257877606658644,0.000678180453998346,-0.0229415224516418,0.0137025386165478,-0.0430973787900724,0.0507095379934656
-0.16,0.125,-0.161246096477666,0.123779381372271,-0.00124609647766631,-0.00122061862772944,0.00174432401405602,0.0416906190598656,-0.012514066789521,0.00270198796896534,0.043612044400441
-0.16,0.14,-0.161529704308526,0.137910798120957,-0.00152970430852639,-0.00208920187904331,0.0025893550862951,0.106515138465417,-0.0348984973818855,0.0347092210674454,0.117337609832972
-0.16,0.155,-0.161478632499984,0.152195292476464,-0.00147863249998383,-0.00280470752353557,0.00317060536216437,0.163973955223872,-0.0521830513425775,0.0511831582119081,0.179527911180875
-0.16,0.17,-0.161139898810047,0.166675124490333,-0.00113989881004681,-0.00332487550966751,0.0035148494209472,0.208683067541682,-0.064091501895144,0.0536036695994981,0.224788259263101
-0.16,0.185,-0.160593149154618,0.181377392517365,-0.000593149154618073,-0.00362260748263483,0.00367084607316434,0.237121323757742,-0.0708005628494074,0.0456183334797634,0.251635402932073
-0.16,0.2,-0.159938379903039,0.19631578676963,6.16200969613131e-05,-0.00368421323037021,0.00368472850603466,0.247342372533147,-0.0725674161683026,0.0321581361881449,0.259766318927635
-0.16,0.215,-0.159285321339844,0.211492024137892,0.000714678660156121,-0.00350797586210787,0.00358003634568338,0.23876955067202,-0.0695155588770362,0.0187038306411507,0.249385730791325
-0.16,0.23,-0.158743882298805,0.226896495455306,0.0012561177011948,-0.00310350454469374,0.0033480699123808,0.212115631642302,-0.0615708260256368,0.0106433640005848,0.221127451247162
-0.16,0.245,-0.158414581544685,0.242507920305995,0.00158541845531467,-0.00249207969400471,0.00295364400016708,0.169439286439986,-0.0485421071385126,0.0126376325278023,0.176708071300811
-0.16,0.26,-0.158377864875339,0.258292135403187,0.00162213512466114,-0.00170786459681267,0.00235544557222312,0.114316371241958,-0.0303453390980189,0.0279151350104962,0.121525028852474
-0.16,0.275,-0.158681646211493,0.274200426069285,0.00131835378850714,-0.00079957393071528,0.00154187391908373,0.0520763833390751,-0.00737168911555269,0.0574449851773779,0.0778859342858694
-0.16,0.29,-0.159327140583834,0.290167947371131,0.000672859416165766,0.000167947371131308,0.000693502785425447,-0.00995968440799256,0.0190001219301337,0.0989824571219297,0.101280449426652
-0.16,0.305,-0.160253771771271,0.306112721571397,-0.000253771771270783,0.00111272157139701,0.00114129286659741,-0.0623009068370287,0.0457495038233603,0.146026754963797,0.165221827171432
-0.16,0.32,-0.161324320494519,0.321935456987482,-0.00132432049451933,0.00193545698748214,0.0023451691884803,-0.0932104103452221,0.0674171766118043,0.186762531673434,0.219348030080727
-0.16,0.335,-0.162311326215517,0.337520084325459,-0.00231132621551716,0.00252008432545862,0.0034195107664634,-0.0887494088659053,0.0751503483612149,0.203066748972438,0.234009002161664
-0.16,0.35,-0.162885046616746,0.352734550942339,-0.00288504661674557,0.00273455094233903,0.00397508023026484,-0.0329365518253511,0.0555410033375643,0.16965314243377,0.181526405236765
-0.14,0.05,-0.13657882833133,0.0526404660761189,0.00342117166866998,0.00264046607611887,0.00432162893891235,-0.0326918865298841,0.0425824327581942,-0.126266072128312,0.13720478487582
-0.14,0.065,-0.137725083441226,0.0669628200925173,0.00227491655877443,0.00196282009251733,0.00300464774390873,-0.0496246490211976,0.0409553664086854,-0.11605664246994,0.132699283943288
-0.14,0.08,-0.139093675466575,0.081059452826545,0.000906324533425235,0.00105945282654496,0.00139422539482057,-0.0212366872145771,0.0199847217623061,-0.0670460088072319,0.0731132957108904
-0.14,0.095,-0.140385893650672,0.095038961809569,-0.000385893650672348,3.89618095689853e-05,0.000387855555889202,0.0362161027741843,-0.00819460072088724,-0.00543159098937936,0.037526787903852
-0.14,0.11,-0.141403337912189,0.108996266725914,-0.00140333791218936,-0.00100373327408643,0.00172535149499928,0.109058702507422,-0.0362749874889395,0.0511518095799946,0.12580218317073
-0.14,0.125,-0.142036096684033,0.123010950509255,-0.00203609668403319,-0.00198904949074474,0.00284640256874583,0.186209619503396,-0.0604088690905807,0.0922870504680919,0.21642599021187
-0.14,0.14,-0.142248769758487,0.137146267710748,-0.00224876975848652,-0.00285373228925177,0.00363328410744353,0.259084666055463,-0.0790966075371212,0.113363611804549,0.293653937063734
-0.14,0.155,-0.14206497608414,0.151449249041676,-0.00206497608414048,-0.00355075095832444,0.0041075489767152,0.321380830373316,-0.0922756511458778,0.114179298959568,0.353323848394376
-0.14,0.17,-0.141551741624016,0.165951953423811,-0.00155174162401622,-0.00404804657618874,0.00433527198116771,0.368761918897634,-0.100596507454328,0.0976497463927791,0.394513748855713
-0.14,0.185,-0.140805279055593,0.180673536753466,-0.000805279055592537,-0.00432646324653449,0.00440076795354967,0.398499146620437,-0.104882063128588,0.0687062667963461,0.417759669305781
-0.14,0.2,-0.139939151371981,0.195622533965351,6.08486280187585e-05,-0.00437746603464903,0.00437788892504569,0.409138480346804,-0.105762496138584,0.0334180099673882,0.423907519140483
-0.14,0.215,-0.139074881040638,0.210798673411366,0.000925118959362498,-0.0042013265886337,0.00430197515024581,0.400265481460854,-0.103471421404651,-0.00168625254064219,0.413427594317949
-0.14,0.23,-0.138334098729238,0.22619368298445,0.001665901270762,-0.00380631701555018,0.00415490989875752,0.372417344018422,-0.0977882966886294,-0.0301772845117381,0.386223332332752
-0.14,0.245,-0.13783070195552,0.24179085875592,0.00216929804447971,-0.00320914124408038,0.00387355670285608,0.327156606704137,-0.0881189018007871,-0.0462776343078167,0.341962501930343
-0.14,0.26,-0.137661460504694,0.257563547893183,0.00233853949530573,-0.00243645210681676,0.0033771387060523,0.26728157185325,-0.0737154701297751,-0.0455152966028562,0.280971901833083
-0.14,0.275,-0.137894083900155,0.273473025777367,0.00210591609984495,-0.00152697422263344,0.00260125602280382,0.197115801018058,-0.0540442610654002,-0.0255489360486364,0.20598110349012
-0.14,0.29,-0.138552740407352,0.28946641582058,0.00144725959264759,-0.000533584179420066,0.00154248902914668,0.122802183246044,-0.0293069502571486,0.0128248534144854,0.126900579158842
-0.14,0.305,-0.139602008395146,0.30547525296238,0.000397991604854431,0.000475252962379727,0.000619889260904971,0.052530244234278,-0.00111483373888991,0.0645329144377951,0.0832175923568938
-0.14,0.32,-0.140930846862134,0.321415041497593,-0.000930846862133961,0.0014150414975927,0.00169375863707142,-0.00335344825717958,0.0266907983546071,0.119048869846397,0.122050331322633
-0.14,0.335,-0.142338123153842,0.337185783781328,-0.00233812315384152,0.00218578378132822,0.00320069845834426,-0.0323707197530289,0.0470717719350601,0.159284087499426,0.169218960391995
-0.14,0.35,-0.143520496113765,0.352673071697105,-0.00352049611376518,0.00267307169710533,0.00442031731721845,-0.0200624012671679,0.0486502120833196,0.160635021242674,0.169035421897872
-0.12,0.05,-0.1164477134487,0.0522362709089687,0.00355228655129985,0.00223627090896868,0.00419757636271759,-0.00670253846261448,0.0240914253490169,-0.0832291707242578,0.0869046437438545
-0.12,0.065,-0.118055556543474,0.0664260837461365,0.001944443456526,0.00142608374613649,0.00241134302964582,0.00819290437725604,0.00920423427678972,-0.0448623107883064,0.0465238504226895
-0.12,0.08,-0.11972756289917,0.0804587166909255,0.000272437100829581,0.000458716690925481,0.000533519424615497,0.0585812606397714,-0.0175818507574701,0.0218256971516612,0.0649403347788306
-0.12,0.095,-0.12118716170029,0.0944270774151232,-0.00118716170028985,-0.000572922584876831,0.00131817798149454,0.130225800657442,-0.0461374160121969,0.0915354886196593,0.165729252516259
-0.12,0.11,-0.122259095828245,0.10841140822315,-0.0022590958282447,-0.00158859177684997,0.00276172732083889,0.211278356579611,-0.0709371121271904,0.147846165335261,0.267449502374485
-0.12,0.125,-0.122857008955984,0.122477533983947,-0.00285700895598362,-0.00252246601605347,0.0038112117465073,0.292303088085843,-0.0897015121696773,0.181765346763946,0.355705642714533
-0.12,0.14,-0.122968180197207,0.136676006912891,-0.00296818019720735,-0.0033239930871091,0.00445634645491606,0.366178631920006,-0.102264742882305,0.19018934488504,0.425109026084474
-0.12,0.155,-0.12263654072916,0.151042526682264,-0.00263654072916009,-0.00395747331773554,0.00475530672797336,0.427864909497192,-0.109639898780737,0.174374628271994,0.474865338759754
-0.12,0.17,-0.121945900077972,0.165599614804209,-0.00194590007797169,-0.00440038519579131,0.00481143606263136,0.474059112574203,-0.113284712551397,0.13854522029454,0.506716804448218
-0.12,0.185,-0.121005319593998,0.180359127668287,-0.00100531959399809,-0.00464087233171347,0.00474851171266746,0.502800887433586,-0.114568761686578,0.08874172450234,0.523270226931949
-0.12,0.2,-0.119937819961643,0.195324923790314,6.21800383571826e-05,-0.00467507620968569,0.00467548969879511,0.513107161213036,-0.114428321541365,0.0319590158560784,0.526684090961137
-0.12,0.215,-0.118872393349785,0.210494941626445,0.00112760665021513,-0.00450505837355525,0.00464403356003697,0.504715415545195,-0.113182724507341,-0.0244596403354747,0.517830164307034
-0.12,0.23,-0.117938068973698,0.225862111192482,0.00206193102630178,-0.00413788880751842,0.00462316810646251,0.477990653587748,-0.110486634602495,-0.0732769684300008,0.496037712572775
-0.12,0.245,-0.117258007302279,0.241413861598594,0.00274199269772098,-0.00358613840140569,0.00451430089697084,0.434012452121718,-0.105406047060634,-0.107810639402196,0.45945784198652
-0.12,0.26,-0.116941560048092,0.257130392985532,0.00305843995190848,-0.00286960701446796,0.00419388833386318,0.374815081316754,-0.0966241072010824,-0.122518465649011,0.405997570694596
-0.12,0.275,-0.117072953796036,0.272982231976997,0.00292704620396421,-0.00201776802300256,0.00355513533846364,0.303717510969586,-0.0827952605217502,-0.113812819335318,0.334743272087018
-0.12,0.29,-0.117696481223983,0.288927777236858,0.0023035187760173,-0.00107222276314205,0.00254083852404363,0.225661013459245,-0.0630655002232552,-0.0811204442310821,0.247953166417212
-0.12,0.305,-0.118799365006849,0.304911506697374,0.00120063499315137,-8.84933026256418e-05,0.0012038917938873,0.147475029938375,-0.037763343547939,-0.0281244816995824,0.154809417097234
-0.12,0.32,-0.120294305381122,0.32086327025523,-0.000294305381121795,0.000863270255229906,0.000912058765059551,0.0780152888341466,-0.00925033565066374,0.0359302996904969,0.0863883201123977
-0.12,0.335,-0.122003790291816,0.336698709692552,-0.00200379029181597,0.00169870969255208,0.00262693550608809,0.0281535359622404,0.0170836821246928,0.0950038874103398,0.100549564893351
-0.12,0.35,-0.123647476057422,0.352320449642455,-0.00364747605742174,0.00232044964245515,0.00432302765809277,0.0106331637769439,0.0316728697091985,0.125209577231326,0.129590432658006
-0.1,0.05,-0.0966219588410669,0.0517247652828718,0.00337804115893314,0.0017247652828718,0.00379288509613015,0.0220182805273508,0.00374338743114928,-0.0284486563870455,0.0361682695173268
-0.1,0.065,-0.0985732623456916,0.0658913827885392,0.0014267376543084,0.000891382788539175,0.00168230306720439,0.0557747756533,-0.0181368449992412,0.0324092821799603,0.067008453421191
-0.1,0.08,-0.100457159129509,0.0799555412283392,-0.000457159129509416,-4.4458771660788e-05,0.000459315852188222,0.116422253643592,-0.0459043956077057,0.112201969836094,0.168079317508428
-0.1,0.095,-0.102016370307715,0.0939945013978958,-0.00201637030771468,-0.00100549860210421,0.00225317035677884,0.191893707894434,-0.0711888871885522,0.186513454171346,0.276908776722087
-0.1,0.11,-0.103096287814647,0.10807399441325,-0.00309628781464694,-0.00192600558674999,0.00364643603417409,0.272262709337096,-0.0900484553304852,0.240102071276584,0.374012310705939
-0.1,0.125,-0.103631684635671,0.122246533063529,-0.00363168463567133,-0.00275346693647077,0.00455748982041748,0.349776781124223,-0.101596458375123,0.26534448428945,0.450637747150149
-0.1,0.14,-0.103629960063835,0.136550745713116,-0.00362996006383455,-0.00344925428688428,0.00500739105728954,0.418762070646025,-0.106835212923923,0.260561146400231,0.504647591798317
-0.1,0.155,-0.103152552103493,0.151012054074737,-0.0031525521034925,-0.00398794592526322,0.00508353198751208,0.475384961544121,-0.107695054570419,0.228350965427697,0.538270731892296
-0.1,0.17,-0.102296972288039,0.165644616733512,-0.00229697228803874,-0.00435538326648775,0.00492396639814078,0.517297144137112,-0.106296506389568,0.174093060013745,0.556063038818191
-0.1,0.185,-0.101181808153374,0.180454076105684,-0.00118180815337436,-0.00454592389431603,0.00469703039848536,0.54322768303487,-0.104437953383263,0.104748804942436,0.563008405263171
-0.1,0.2,-0.0999360486559149,0.195440396698099,6.39513440851076e-05,-0.00455960330190069,0.00456005175903893,0.55260631120392,-0.103284036654693,0.0280228433259308,0.562875790287462
-0.1,0.215,-0.0986925874488996,0.210600043620384,0.00130741255110039,-0.00439995637961592,0.00459009190771793,0.545299828087169,-0.103212293927364,-0.0481578376633396,0.557069387121242
-0.1,0.23,-0.0975842923869222,0.22592693061923,0.00241570761307786,-0.00407306938076978,0.00473556094380028,0.5215187577591,-0.10377869573258,-0.115978286765958,0.544247207225194
-0.1,0.245,-0.0967401159075378,0.241411908756105,0.00325988409246217,-0.00358809124389478,0.00484780806868447,0.481911384770482,-0.103784865369994,-0.168066143862299,0.520824325077542
-0.1,0.26,-0.0962786809689213,0.257040969054983,0.00372131903107872,-0.00295903094501712,0.00475437477115946,0.427817725545309,-0.101458876082682,-0.197996011156465,0.482209189840903
-0.1,0.275,-0.0962976348478518,0.272792679082634,0.00370236515214824,-0.00220732091736577,0.00431042612186801,0.361618625126482,-0.0947821179569997,-0.201085495347477,0.424485430309768
-0.1,0.29,-0.0968585327468354,0.288635563680864,0.0031414672531646,-0.00136443631913648,0.003424982185601,0.287094923756761,-0.0819957983736017,-0.175505655913441,0.346337128658006
-0.1,0.305,-0.0979685799352701,0.304526115969298,0.00203142006472987,-0.000473884030702074,0.0020859610624222,0.209713996712899,-0.0623016781690882,-0.123629429399869,0.251288273807585
-0.1,0.32,-0.0995616502572708,0.320407892208982,0.000438349742729244,0.000407892208982352,0.000598770866942687,0.136784756872187,-0.0367442828271847,-0.0534710356709516,0.151391469457751
-0.1,0.335,-0.101481191352078,0.336211776271021,-0.00148119135207775,0.00121177627102093,0.00191372138841559,0.0774592918606011,-0.00924560544837016,0.0199509924502846,0.0805199744286904
-0.1,0.35,-0.103466829458157,0.351857111178459,-0.00346682945815738,0.00185711117845916,0.00393290839215786,0.0425969455325216,0.0122229144691641,0.0734631729654233,0.0857947467171131
-0.08,0.05,-0.0769475606489644,0.0512151141994434,0.00305243935103564,0.00121511419944342,0.00328540537977277,0.0424561642641706,-0.014129201996808,0.029068432083642,0.0533585436651005
-0.08,0.065,-0.0791473213537795,0.0654437675839968,0.000852678646220462,0.000443767583996807,0.000961244267773141,0.083770033115785,-0.0386822123868844,0.107212953029747,0.141450908315159
-0.08,0.08,-0.0811734830389701,0.079612588874492,-0.00117348303897011,-0.000387411125508025,0.00123577903482698,0.144595185406039,-0.0644179205228785,0.196223795477603,0.25211369775279
-0.08,0.095,-0.082785176704253,0.0937831379800255,-0.00278517670425299,-0.00121686201997451,0.00303940165979589,0.215163125557152,-0.0844674381059681,0.272511954107371,0.357341710050913
-0.08,0.11,-0.0838456600909496,0.108006886982367,-0.00384566009094955,-0.00199311301763289,0.00433146638405284,0.287533683068798,-0.0962497523521595,0.32193026602365,0.442243938241078
-0.08,0.125,-0.0843080164470425,0.122323719131762,-0.00430801644704253,-0.00267628086823821,0.00507163533721489,0.355633214061463,-0.100066766951914,0.338114285269538,0.500810550560424
-0.08,0.14,-0.0841968710830366,0.136761459186825,-0.00419687108303657,-0.00323854081317504,0.00530112002186604,0.41516679043542,-0.0978964605432187,0.320674321344036,0.533649004444513
-0.08,0.155,-0.0835882312012738,0.151336694773605,-0.00358823120127376,-0.00366330522639463,0.00512788536684711,0.463391080013658,-0.0924076510399275,0.273394872873964,0.545909770976201
-0.08,0.17,-0.0825903962100232,0.166056775966654,-0.00259039621002324,-0.00394322403334596,0.00471796230401007,0.498774543551892,-0.0862270655225425,0.202633610362338,0.545228186598958
-0.08,0.185,-0.0813286508215254,0.180922531091547,-0.00132865082152544,-0.00407746890845306,0.00428848058232069,0.520607033150678,-0.081458862171427,0.116080757919381,0.539577726823956
-0.08,0.2,-0.0799352317870913,0.195931019857784,6.47682129087221e-05,-0.00406898014221591,0.00406949558534602,0.528640104972184,-0.0794173886884176,0.021948672911853,0.53502458492376
-0.08,0.215,-0.0785442948551138,0.211077625029466,0.00145570514488619,-0.00392237497053388,0.00418379049168559,0.522836396806128,-0.0805115100669082,-0.0714586267104698,0.533805580279391
-0.08,0.23,-0.0772899222250723,0.226356961526008,0.00271007777492767,-0.00364303847399233,0.00454051218136735,0.503282456370399,-0.0842256846396643,-0.155954493999548,0.533583225687461
-0.08,0.245,-0.0763041752737852,0.241762400233195,0.00369582472621478,-0.00323759976680502,0.00491336673340353,0.470281359572639,-0.0891750920247971,-0.223676624115726,0.528346443604958
-0.08,0.26,-0.0757121585945906,0.25728437129431,0.00428784140540939,-0.00271562870568989,0.00507545300294566,0.424599306771339,-0.0932532355262581,-0.267505527285449,0.510432823728161
-0.08,0.275,-0.0756220426407773,0.272907926870411,0.00437795735922268,-0.00209207312958865,0.00485214185888241,0.367804807858042,-0.0939203475502323,-0.281837397006699,0.472794876389501
-0.08,0.29,-0.076109682050468,0.288610218438575,0.00389031794953204,-0.00138978156142533,0.00413110960117606,0.302619293455571,-0.0886847419573287,-0.263741068547757,0.411100348467307
-0.08,0.305,-0.0771992965291023,0.304358526969733,0.0028007034708977,-0.000641473030267237,0.00287322598840722,0.233199529537937,-0.0758048760639596,-0.214409664712149,0.325730240988082
-0.08,0.32,-0.0788430001584739,0.320109279205251,0.00115699984152612,0.000109279205251056,0.00116214912037645,0.16529451138573,-0.055200607810213,-0.140731747807733,0.223997480665257
-0.08,0.335,-0.0809022808107814,0.335808153247475,-0.00090228081078142,0.000808153247474797,0.00121128953306319,0.106255209766632,-0.0295321496473165,-0.056781251222751,0.1240420653058
-0.08,0.35,-0.0831337144000158,0.351391025513611,-0.00313371440001575,0.00139102551361089,0.00342857374434072,0.0649125399650371,-0.00540898440027736,0.0149366507328054,0.0668281302985961
-0.06,0.05,-0.0573089148022776,0.0507624452157106,0.00269108519772235,0.000762445215710644,0.00279700951881834,0.0489078814490996,-0.0276259169032575,0.0814056491025038,0.0989042683016223
-0.06,0.065,-0.0596812113940447,0.0651166621733572,0.0003187886059553,0.000116662173357207,0.000339464634357323,0.0884704172455057,-0.0522678685895647,0.172143375364297,0.200480242182308
-0.06,0.08,-0.0617982813876973,0.0794433880535502,-0.00179828138769733,-0.000556611946449764,0.00188245393257557,0.141310252561618,-0.0745848055183322,0.267201377564655,0.311333093902761
-0.06,0.095,-0.0634325164308226,0.0937884181936995,-0.0034325164308226,-0.00121158180630046,0.00364006861490623,0.200063200393122,-0.0889273344465658,0.343715284633577,0.407522087725038
-0.06,0.11,-0.0644617877480951,0.108189305127489,-0.00446178774809505,-0.00181069487251131,0.00481520153580199,0.25881223361072,-0.0938214776676814,0.388490018583547,0.476142878988745
-0.06,0.125,-0.0648541522736063,0.1226741380641,-0.00485415227360626,-0.0023258619358997,0.00538260420616489,0.313124169407422,-0.0905247480122697,0.396246877338275,0.513083640854946
-0.06,0.14,-0.0646481642264731,0.137261243434197,-0.0046481642264731,-0.00273875656580311,0.00539501790571578,0.359975357471797,-0.081779097529394,0.367693522658986,0.521028287276427
-0.06,0.155,-0.0639313145212126,0.151960003548464,-0.00393131452121261,-0.00303999645153558,0.00496958874455885,0.397555442637572,-0.0708065015505053,0.307600419040593,0.507625446556067
-0.06,0.17,-0.0628199699838811,0.166772673077944,-0.0028199699838811,-0.00322732692205627,0.00428577528246869,0.424973232274182,-0.0605878466006194,0.223107878549703,0.483788849969195
-0.06,0.185,-0.0614438310339201,0.181696782101464,-0.0014438310339201,-0.00330321789853558,0.00360498218299572,0.44191925810828,-0.0534206353008194,0.122449755739891,0.461672493065386
-0.06,0.2,-0.059936498864421,0.196727541316428,6.35011355790264e-05,-0.00327245868357245,0.00327307473637688,0.448355704818483,-0.0507005229908299,0.0141731075584407,0.451436941714556
-0.06,0.215,-0.0584317526282345,0.211859659839415,0.00156824737176546,-0.00314034016058537,0.00351014759564817,0.444301218073967,-0.0528455384759349,-0.0932056988259315,0.457038984353729
-0.06,0.23,-0.0570632687048223,0.227088143875781,0.00293673129517769,-0.00291185612421918,0.0041356132300094,0.429757173890211,-0.0592929909131486,-0.191291957549781,0.47413160950399
-0.06,0.245,-0.0559643814939052,0.242407914181492,0.0040356185060948,-0.00259208581850798,0.00479636587608212,0.404789388479382,-0.0685411454845087,-0.271903485244029,0.492428000357838
-0.06,0.26,-0.0552644508828016,0.257812385124217,0.00473554911719841,-0.0021876148757827,0.00521642447334804,0.369743307650575,-0.0782605631094181,-0.327407551851398,0.50003212022017
-0.06,0.275,-0.0550794868217486,0.273291406583264,0.0049205131782514,-0.0017085934167361,0.0052087178269762,0.325540185714568,-0.0855391111520226,-0.351469644599494,0.486647394801094
-0.06,0.29,-0.0554965557897477,0.288829112360866,0.00450344421025227,-0.00117088763913423,0.00465316963137301,0.273984396351311,-0.0873316436567075,-0.340250355552828,0.445494747164361
-0.06,0.305,-0.0565535467843573,0.30440220449303,0.00344645321564266,-0.000597795506969617,0.00349791355464464,0.21801275988089,-0.0811563963181099,-0.293949360673658,0.37486351120945
-0.06,0.32,-0.0582173924470039,0.319979035100877,0.00178260755299611,-2.09648991231215e-05,0.00178273083077453,0.161835608182338,-0.0660297766236437,-0.218495438968107,0.279805482294789
-0.06,0.335,-0.060364266981189,0.335519577888588,-0.000364266981188965,0.000519577888588391,0.000634548355836253,0.110950221141734,-0.0435878869094871,-0.127150788820955,0.174290567676126
-0.06,0.35,-0.0627644521866243,0.350976095177634,-0.0027644521866243,0.000976095177634057,0.00293171582659922,0.0720398239843619,-0.0193367182727046,-0.0418414404715062,0.0855239873494182
-0.04,0.05,-0.0376231081070272,0.0503829269267089,0.0023768918929728,0.000382926926708882,0.00240753984433872,0.0403747593238266,-0.0364012672223071,0.122110697192893,0.133664520047575
-0.04,0.065,-0.0401071903653367,0.0649069833801165,-0.000107190365336657,-9.30166198835347e-05,0.000141922041965172,0.0710888660372996,-0.0599970951627466,0.221255088517576,0.240014951073981
-0.04,0.08,-0.0422784260056643,0.0794277114125311,-0.00227842600566433,-0.000572288587468911,0.00234919971280321,0.109828332690962,-0.0788576702869361,0.31987201201089,0.347274053297348
-0.04,0.095,-0.0439189458932347,0.0939751010710706,-0.00391894589323474,-0.00102489892892937,0.00405074742839171,0.151713686377456,-0.0882400438764905,0.395672743938329,0.432852352870718
-0.04,0.11,-0.0449174583687748,0.108573154154903,-0.00491745836877477,-0.00142684584509703,0.00512028181590659,0.192865956095811,-0.0874913405795683,0.436212112734014,0.484906612111141
-0.04,0.125,-0.0452531240391839,0.123239008336641,-0.00525312403918388,-0.00176099166335864,0.00554043353984777,0.230435567967604,-0.0785680807584505,0.437059122194141,0.500295673470745
-0.04,0.14,-0.0449747350186819,0.137982764424661,-0.0049747350186819,-0.00201723557533856,0.00536816801828254,0.262547914751175,-0.0647555847896527,0.399767668874199,0.482638850264103
-0.04,0.155,-0.044178049654143,0.152808153280694,-0.00417804965414295,-0.00219184671930572,0.00471808127880554,0.288157912107924,-0.0496507286547977,0.329853825657184,0.440800047470387
-0.04,0.17,-0.0429849838551759,0.167713942331961,-0.00298498385517592,-0.00228605766803927,0.00375981226622581,0.306831935039884,-0.0364555228722681,0.235030067621137,0.388219719753297
-0.04,0.185,-0.0415279078685566,0.182695768295033,-0.00152790786855665,-0.00230423170496749,0.00276477597735779,0.318498068494473,-0.0275715915533744,0.123902599352229,0.342860638173117
-0.04,0.2,-0.0399407056850257,0.197747960420286,5.92943149743489e-05,-0.0022520395797144,0.00225282002929406,0.323217177835845,-0.0244262373641913,0.00521811985324081,0.324181267596518
-0.04,0.215,-0.0383560895345123,0.21286492202107,0.00164391046548769,-0.00213507797893014,0.0026946242028625,0.321024608771403,-0.027432140664989,-0.112407646999743,0.341240597066079
-0.04,0.23,-0.0369066578642465,0.228041759941934,0.00309334213575348,-0.00195824005806641,0.00366107493693367,0.311876707389461,-0.0359979752310933,-0.220483700927572,0.383635956429827
-0.04,0.245,-0.0357259837942623,0.243274051021798,0.00427401620573765,-0.0017259489782015,0.00460935075713087,0.295712406972471,-0.048557806189543,-0.310639484829839,0.431626526959327
-0.04,0.26,-0.0349459939585409,0.258556854108739,0.00505400604145909,-0.00144314589126085,0.00525601057177095,0.272613827435242,-0.0626497110311346,-0.374894783354354,0.467750573423649
-0.04,0.275,-0.0346880634447334,0.273883257167098,0.00531193655526656,-0.00111674283290214,0.00542805531677925,0.243027372981982,-0.0751209279530288,-0.406387815542145,0.479434933696184
-0.04,0.29,-0.0350472666762246,0.289242843911887,0.00495273332377537,-0.000757156088112471,0.00501027471484357,0.207993779084749,-0.0825467518120209,-0.400603112228091,0.458867472522362
-0.04,0.305,-0.0360714461271443,0.304620447592687,0.00392855387285571,-0.000379552407312578,0.00394684628049109,0.169335748696546,-0.0819180088271043,-0.356988798022595,0.403518067605643
-0.04,0.32,-0.0377384303313783,0.31999543667071,0.00226156966862173,-4.56332929041348e-06,0.00226157427249339,0.129765480899426,-0.0715925643509173,-0.280741276773044,0.317459442471565
-0.04,0.335,-0.0399352433805012,0.335341587182666,6.47566194988125e-05,0.00034158718266572,0.00034767114221692,0.0928973004198569,-0.0524517609945446,-0.184500287258295,0.213123213254596
-0.04,0.35,-0.0424423074955954,0.350627399948598,-0.0024423074955954,0.00062739994859809,0.00252160595623947,0.0631749802508949,-0.029187483092977,-0.0897453049067314,0.113565889569345
-0.02,0.05,-0.0178350892815303,0.0500663079582285,0.00216491071846966,6.63079582284565e-05,0.00216592593693073,0.0196544002925642,-0.0408768592364596,0.146480881550216,0.153342348251889
-0.02,0.065,-0.0203813031464749,0.0647875158493162,-0.000381303146474943,-0.000212484150683839,0.000436510714420075,0.0367497206349948,-0.0633814843494975,0.250285158761234,0.260788290837996
-0.02,0.08,-0.0225806749332579,0.0795238623266763,-0.00258067493325792,-0.00047613767332369,0.00262423135319733,0.0573463916637546,-0.0797534234483362,0.350549672481469,0.364053204846996
-0.02,0.095,-0.0242211943393809,0.0942895121090903,-0.00422119433938092,-0.000710487890909661,0.00428056943571189,0.0791024518308065,-0.0858131898737427,0.425370546941717,0.44109201372394
-0.02,0.11,-0.0251981664312869,0.109095228246965,-0.00519816643128687,-0.000904771753035161,0.00527631937741149,0.100177827452891,-0.0814158266981616,0.462796808957355,0.480464746973988
-0.02,0.125,-0.0254975326869531,0.12394788084712,-0.00549753268695315,-0.00105211915288039,0.00559730474031708,0.119250620945927,-0.0689439964630509,0.45894962658187,0.479176463620634
-0.02,0.14,-0.0251743100467429,0.138850358391265,-0.00517431004674289,-0.00114964160873457,0.00530048679730062,0.135488190845634,-0.0520053409806506,0.415927152365694,0.440520098718584
-0.02,0.155,-0.0243292124914519,0.153801960929799,-0.00432921249145185,-0.00119803907020094,0.00449192368700434,0.148469033469797,-0.034408552366357,0.33971695538958,0.372337347095435
-0.02,0.17,-0.023087367469885,0.168799218484839,-0.00308736746988496,-0.00120078151516087,0.0033126596778504,0.158065515328286,-0.0194693715516583,0.238383699033869,0.286689244676257
-0.02,0.185,-0.0215825197976542,0.183836956289067,-0.0015825197976542,-0.00116304371093312,0.00196393471976758,0.16430962819851,-0.00963213174671176,0.120751050112023,0.204135474782843
-0.02,0.2,-0.0199484159558637,0.198909360860257,5.15840441362813e-05,-0.00109063913974286,0.0010918583455506,0.167270111726464,-0.00632738973943168,-0.00433187821115681,0.167445845758107
-0.02,0.215,-0.0183167852738126,0.214010806897673,0.00168321472618737,-0.000989193102327229,0.00195236134159274,0.166967756426602,-0.00995628010248515,-0.128213162670993,0.210751095751212
-0.02,0.23,-0.0168192467553332,0.229136277900628,0.00318075324466677,-0.000863722099371661,0.00329593796488969,0.163347280782361,-0.0199104844771831,-0.242367549181723,0.29295217595027
-0.02,0.245,-0.0155892297958798,0.244281326645608,0.00441077020412016,-0.000718673354391797,0.00446893557615983,0.156311337373445,-0.0345930593693003,-0.338329963427934,0.374296107830063
-0.02,0.26,-0.0147599794962822,0.259441639518294,0.00524002050371784,-0.000558360481706405,0.00526968512407666,0.145808112450401,-0.0514743977683408,-0.407921919962473,0.436246296784236
-0.02,0.275,-0.0144559375532281,0.274612357845353,0.00554406244677191,-0.000387642154647205,0.00555759793919694,0.131951874453224,-0.0672695642944744,-0.443966341599096,0.468021176753553
-0.02,0.29,-0.0147768931813602,0.289787346400331,0.00522310681863977,-0.000212653599669127,0.00522743401607074,0.115148681997973,-0.0783351341959177,-0.441535486252309,0.46297987447017
-0.02,0.305,-0.0157766254868766,0.304958576403348,0.00422337451312343,-4.1423596652379e-05,0.00422357765318222,0.0961994004077599,-0.081349099680325,-0.39961526690048,0.41900494583469
-0.02,0.32,-0.0174395197383012,0.320115717932816,0.00256048026169881,0.000115717932815923,0.00256309379666925,0.0763594346194609,-0.0742721385152158,-0.322950170983403,0.340065091178217
-0.02,0.335,-0.0196591988426796,0.335245940301052,0.000340801157320381,0.000245940301052294,0.000420276171716413,0.057346942201367,-0.0575265489974557,-0.223795240733064,0.238080589198721
-0.02,0.35,-0.0222223601184752,0.350333830162409,-0.00222236011847521,0.000333830162409482,0.00224729327714998,0.041304517529326,-0.0353080372701984,-0.1233525779987,0.134790903047346
0,0.05,0.00208612271384989,0.049786349993511,0.00208612271384989,-0.000213650006488986,0.00209703464504361,-0.00779137310853426,-0.0416125038694878,0.15175592001897,0.157550566088891
0,0.065,-0.00047933453675289,0.0647168574323203,-0.00047933453675289,-0.000283142567679723,0.000556714749002013,-0.00671441554118454,-0.0636581183871164,0.256784007725906,0.26464238237752
0,0.08,-0.00268733497361467,0.0796780825011581,-0.00268733497361467,-0.000321917498841862,0.00270654764164113,-0.00626281487608874,-0.0791269406884538,0.357184319292285,0.365898057581899
0,0.095,-0.00432759731319821,0.0946683489835884,-0.00432759731319821,-0.000331651016411555,0.00434028696077657,-0.00621710706828999,-0.0840382673985905,0.431216620957429,0.439374331341093
0,0.11,-0.00529747147305523,0.109685355207042,-0.00529747147305523,-0.000314644792957508,0.00530680745397544,-0.00638366555803315,-0.0784237891305578,0.467130100449518,0.473711780435993
0,0.125,-0.00558505983505762,0.124726088023737,-0.00558505983505762,-0.000273911976262753,0.00559177262877471,-0.00659345057354146,-0.0648106379018511,0.461262063016568,0.465840936998049
0,0.14,-0.00524738565134635,0.139786792085212,-0.00524738565134635,-0.000213207914787711,0.00525171531872051,-0.00670185526597375,-0.0469111339122704,0.415917907660488,0.418609668725876
0,0.155,-0.00438675335695646,0.154863018830166,-0.00438675335695646,-0.00013698116983385,0.00438889152926543,-0.00658984355205027,-0.0285974891116377,0.337260285949109,0.338535192140334
0,0.17,-0.00312929210695048,0.169949755873072,-0.00312929210695048,-5.02441269276399e-05,0.00312969544251725,-0.0061663416328838,-0.0132136249781621,0.23348122753617,0.233936280407708
0,0.185,-0.00160912701375538,0.185041615128263,-0.00160912701375538,4.16151282628119e-05,0.00160966504754798,-0.00537142544744155,-0.00320768133625752,0.113480325953455,0.113652672853277
0,0.2,4.01200483816757e-05,0.200133046703919,4.01200483816757e-05,0.000133046703918865,0.000138964181377153,-0.00417947158683273,-1.82882851531111e-06,-0.0138600261261055,0.0144764744283917
0,0.215,0.00168711726597284,0.215218549708149,0.00168711726597284,0.000218549708149274,0.00170121387370189,-0.00260129648005074,-0.00398588338221243,-0.139878783686774,0.139959772347956
0,0.23,0.00320063155796686,0.2302928669788,0.00320063155796686,0.000292866978800349,0.00321400271268165,-0.000684448975549528,-0.0145407763372343,-0.256042839231559,0.256456522579799
0,0.245,0.00444734290169373,0.245351168270331,0.00444734290169373,0.000351168270330882,0.00446118572123295,0.00148880382707675,-0.0300564366925655,-0.353859438876695,0.355137314567223
0,0.26,0.00529365465780304,0.260389233699883,0.00529365465780304,0.000389233699882724,0.0053079452247743,0.00380572470942064,-0.0479799180135437,-0.425088747915177,0.427805855444667
0,0.275,0.00561424305834222,0.27540363923658,0.00561424305834222,0.000403639236580156,0.0056287342939111,0.00612897069551317,-0.0649832211250732,-0.462455412103257,0.467040254452252
0,0.29,0.00530794997332171,0.290391920632677,0.00530794997332171,0.000391920632676873,0.00532239933691599,0.00830303780446901,-0.0773526724230126,-0.460904112852119,0.4674250628536
0,0.305,0.00431926168693905,0.305352662841059,0.00431926168693905,0.000352662841058782,0.00433363503305519,0.0101601118531722,-0.0816662606793481,-0.41927956849897,0.427280714138224
0,0.32,0.00266183217154234,0.320285444287563,0.00266183217154234,0.00028544428756333,0.00267709337729567,0.0115243269110557,-0.0757579864020056,-0.342190108734997,0.350665848018716
0,0.335,0.000439945637460054,0.335190570668029,0.000439945637460054,0.000190570668029216,0.000479446914092932,0.0122138440568657,-0.0599037859030655,-0.241775674402943,0.249385678165808
0,0.35,-0.00213532255261392,0.35006856157324,-0.00213532255261392,6.85615732402556e-05,0.00213642296678977,0.0120405613174075,-0.0381405605967977,-0.139153443922912,0.144787325377831
0.02,0.05,0.0221499317059656,0.049509693807806,0.00214993170596561,-0.000490306192194034,0.00220513185601678,-0.0351130030502996,-0.0388968902175065,0.137224147597947,0.146888970157674
0.02,0.065,0.0196058738665942,0.0646474959267817,-0.000394126133405753,-0.000352504073218352,0.00052876699090327,-0.0500748558158566,-0.0613476896408846,0.240173807677894,0.252892451318996
0.02,0.08,0.0174066243743398,0.0798316963887805,-0.0025933756256602,-0.000168303611219528,0.00259883112981932,-0.0697672806484317,-0.0777072785838616,0.33936595208503,0.355071186552166
0.02,0.095,0.0157649427090243,0.0950447546251618,-0.00423505729097573,4.47546251617914e-05,0.00423529376009741,-0.0914145035166867,-0.0838205535547395,0.412989115619709,0.431211530395235
0.02,0.11,0.0147860855518843,0.110271292265166,-0.0052139144481157,0.000271292265166145,0.00522096766561608,-0.112794943053028,-0.0795581043123432,0.449182502418217,0.469913129630472
0.02,0.125,0.014484504470562,0.12549841676358,-0.00551549552943802,0.000498416763579951,0.00553796986317805,-0.132254617020044,-0.0673074228884293,0.444147351480149,0.468283742431279
0.02,0.14,0.0148054514214785,0.140715748508235,-0.00519454857852149,0.000715748508234526,0.00524362764330759,-0.148677380572955,-0.0506703429130804,0.400045969627375,0.429779118888194
0.02,0.155,0.0156484072187322,0.155915120835963,-0.00435159278126783,0.000915120835962541,0.00444677477261836,-0.16140851334159,-0.0334411005779593,0.322911779808176,0.362551336376199
0.02,0.17,0.0168883999827222,0.171090012796517,-0.00311160001727779,0.00109001279651674,0.00329699599091254,-0.170141793187835,-0.0189155028731521,0.220838345941666,0.279420392630077
0.02,0.185,0.018391810963624,0.186234852837452,-0.00160818903637595,0.00123485283745162,0.002027593032855,-0.174791440130124,-0.00951577703297756,0.102665419394215,0.202935529045392
0.02,0.2,0.0200249816770403,0.201344376652806,2.49816770403451e-05,0.00134437665280571,0.00134460874190109,-0.175375664291517,-0.00665078210581052,-0.0227495483154373,0.176970120001944
0.02,0.215,0.0216562266461661,0.216413223298924,0.00165622664616607,0.00141322329892427,0.00217721996961558,-0.171936643648772,-0.010701890606032,-0.146750107151865,0.226301569628981
0.02,0.23,0.0231539469584697,0.231435910212053,0.00315394695846971,0.00143591021205319,0.00346543208762183,-0.164513533764457,-0.0210436913648434,-0.260808991746267,0.309077824457883
0.02,0.245,0.0243847690220339,0.246407247128566,0.00438476902203389,0.00140724712856635,0.00460505633596878,-0.153172986154006,-0.0360653674146912,-0.356463362603426,0.389652907683825
0.02,0.26,0.0252156277578882,0.261323144139933,0.0052156277578882,0.00132314413993295,0.00538084410886366,-0.138088620727364,-0.0532276011610192,-0.42554507580176,0.450545560659012
0.02,0.275,0.0255224681820454,0.276181659948648,0.00552246818204537,0.0011816599486483,0.00564747510449962,-0.119649924435523,-0.0692414291919907,-0.460899574075119,0.481186303020096
0.02,0.29,0.025206120300049,0.290984050598635,0.00520612030004897,0.000984050598634795,0.00529830578196988,-0.0985748137384047,-0.0804667925277141,-0.457635786086881,0.474998635309937
0.02,0.305,0.0242135790711419,0.30573554622404,0.00421357907114187,0.000735546224039596,0.00427729784285168,-0.0760004055044767,-0.0835935062544838,-0.414788418605926,0.429900261902422
0.02,0.32,0.0225611842164119,0.320445623521636,0.00256118421641191,0.000445623521635713,0.00259966246144235,-0.0535335175146151,-0.0766020141047617,-0.337156009112665,0.349868919600842
0.02,0.335,0.0203556705757294,0.335127650413705,0.000355670575729411,0.000127650413705382,0.000377883826802426,-0.0332539868674638,-0.0599396367835504,-0.23704163046173,0.246753756569216
0.02,0.35,0.0178099390289576,0.349797924560156,-0.00219006097104235,-0.000202075439843824,0.00219936389446382,-0.0176763105160868,-0.0378274519800122,-0.13567506636349,0.141954577304964
0.04,0.05,0.0423451574564934,0.0492038466360694,0.00234515745649344,-0.000796153363930574,0.00247661536671417,-0.0554225630510796,-0.0325991701377119,0.104252126380934,0.122486235788814
0.04,0.065,0.0398654440944738,0.0645328375672419,-0.000134555905526246,-0.000467162432758073,0.000486154327649594,-0.084067411933407,-0.0560946189160084,0.201756049905042,0.225653507643293
0.04,0.08,0.0376946260051908,0.0799269888493147,-0.00230537399480921,-7.30111506852538e-05,0.00230652983593687,-0.121905166537572,-0.0749314228122296,0.298308118113928,0.330852875542577
0.04,0.095,0.036052032793274,0.0953528665384463,-0.00394796720672599,0.000352866538446295,0.00396370531943773,-0.16363708891947,-0.0844133397215675,0.371796186301493,0.414892594670457
0.04,0.11,0.0350500474756335,0.110781818561431,-0.00494995252436654,0.000781818561431086,0.00501131422448053,-0.205018947674619,-0.083917901313467,0.409948321223593,0.46597618604129
0.04,0.125,0.0347102680827835,0.12619069605759,-0.00528973191721654,0.00119069605759031,0.00542208639340803,-0.242886033436072,-0.0754119930118975,0.408488439291008,0.481190980707677
0.04,0.14,0.0349844161606642,0.141561964702189,-0.00501558383933576,0.00156196470218897,0.00525317189708183,-0.275096445252069,-0.0621711253628852,0.369095861926038,0.464517211960978
0.04,0.155,0.0357771018753383,0.156883117768077,-0.00422289812466173,0.00188311776807729,0.00462374319136778,-0.300385812038917,-0.0477656412694096,0.297377778118645,0.425379320874642
0.04,0.17,0.0369667043121941,0.172145499189522,-0.00303329568780586,0.0021454991895217,0.00371538012885625,-0.318152357304755,-0.0353600574939228,0.201105577666457,0.378041304582522
0.04,0.185,0.03842109813965,0.187342818684225,-0.00157890186034996,0.00234281868422515,0.00282519565194536,-0.328212800987593,-0.0273137333819069,0.0889194994673274,0.341140299506688
0.04,0.2,0.0400065816779616,0.202469740945274,6.58167796162537e-06,0.00246974094527444,0.0024697497151027,-0.330580153098621,-0.0250119560487813,-0.0304154817569986,0.332917781037417
0.04,0.215,0.0415905531115777,0.217520930414485,0.00159055311157772,0.00252093041448528,0.00298076321693396,-0.325311118536515,-0.028828835891774,-0.148274017144277,0.358669806202599
0.04,0.23,0.0430404917197471,0.232490834097457,0.00304049171974708,0.00249083409745698,0.00393050179988572,-0.31245519684877,-0.0381396973708292,-0.256161804699181,0.405835490500786
0.04,0.245,0.0442229807388824,0.247374311179625,0.00422298073888243,0.00237431117962508,0.00484467954550811,-0.292114202822527,-0.0513518728187586,-0.345714454736572,0.455507738006304
0.04,0.26,0.0450064920330695,0.262168007504226,0.00500649203306953,0.00216800750422566,0.00545575100380942,-0.264595694336226,-0.0659853224899732,-0.408974298201544,0.491555086312719
0.04,0.275,0.0452704392334144,0.27687217242003,0.00527043923341439,0.0018721724200296,0.00559308137643581,-0.230622587568371,-0.0788806527963936,-0.439125558503429,0.502236803250428
0.04,0.29,0.0449209628778712,0.291492477430424,0.00492096287787121,0.00149247743042427,0.00514231120467366,-0.191549317840986,-0.0866210038540547,-0.431725180763581,0.480189879984504
0.04,0.305,0.0439116969451216,0.306041366407161,0.00391169694512156,0.00104136640716063,0.00404793984446854,-0.149535708921981,-0.0862210958706718,-0.386315441705438,0.423125796647479
0.04,0.32,0.0422661430496543,0.320538566653368,0.00226614304965431,0.000538566653368266,0.00232926133390326,-0.107643286469267,-0.0760772222712301,-0.308194822004866,0.335200223230246
0.04,0.335,0.0400978335963033,0.335010596902105,9.78335963033039e-05,1.05969021054753e-05,9.84058275706823e-05,-0.0698409742912894,-0.0571180489282537,-0.210090945732139,0.228644938848487
0.04,0.35,0.0376253581315106,0.349489359274401,-0.0023746418684894,-0.000510640725598949,0.00242892526731949,-0.0409306136744301,-0.0340818388509507,-0.11352906448365,0.12540231909978
0.06,0.05,0.062639491101539,0.0488450648202922,0.00263949110153905,-0.00115493517970783,0.00288110890881108,-0.0631522017714703,-0.0222981818574135,0.0562440354135249,0.0874574325447137
0.06,0.065,0.0602737501431281,0.0643341513080747,0.000273750143128138,-0.000665848691925319,0.000719926122182918,-0.100759951540585,-0.0468049936749424,0.144679831190687,0.182415890012786
0.06,0.08,0.0581576138798732,0.0799130198633286,-0.0018423861201268,-8.69801366714384e-05,0.00184443816914833,-0.152718709320817,-0.0690879698167678,0.236828005007064,0.29014450814421
0.06,0.095,0.0565207896116109,0.0955323248734741,-0.00347921038838908,0.000532324873474099,0.0035196980975069,-0.211266835212646,-0.0835625994878562,0.31006937150918,0.384395568482489
0.06,0.11,0.0554869657943285,0.111149808421592,-0.00451303420567149,0.00114980842159246,0.00465720271707447,-0.270146143753654,-0.0887984925611042,0.351451629196795,0.452087844692078
0.06,0.125,0.0550891574559481,0.126731387794379,-0.00491084254405194,0.00173138779437926,0.00520711803083011,-0.324633419979942,-0.0860699153485275,0.35591568781113,0.489359091327963
0.06,0.14,0.0552895225666393,0.142251395496391,-0.00471047743336067,0.00225139549639086,0.00522086001836567,-0.371461927487364,-0.0781079335796126,0.324349953088389,0.499288776628631
0.06,0.155,0.0560010714007153,0.157691821871986,-0.00399892859928473,0.00269182187198594,0.00482051189529486,-0.408623265493172,-0.0681000328094526,0.261659440075816,0.489977257897237
0.06,0.17,0.0571078389845017,0.173040696090094,-0.00289216101549829,0.00304069609009361,0.00419647805330597,-0.435074674118509,-0.0589763695849252,0.175074680784684,0.472673878274065
0.06,0.185,0.0584804718934301,0.188289998628994,-0.00151952810656986,0.00328999862899371,0.00362395593867203,-0.450406425908571,-0.0529757904727378,0.0728842735183874,0.459331721310651
0.06,0.2,0.0599856532026026,0.203433649683808,-1.43467973974413e-05,0.00343364968380844,0.00343367965624537,-0.45453874883008,-0.0514345272715782,-0.0363340558118013,0.458881546776454
0.06,0.215,0.061489818000721,0.218466120242151,0.00148981800072103,0.0034661202421509,0.00377273736275408,-0.447513593267093,-0.0547154521733353,-0.144048384201964,0.473300546919455
0.06,0.23,0.0628594890979074,0.233382067529968,0.00285948909790744,0.003382067529968,0.00442888910205656,-0.429425295857613,-0.0622082502806969,-0.241860652257371,0.496763597800008
0.06,0.245,0.0639616648838719,0.248177142129051,0.00396166488387191,0.0031771421290514,0.00507828915682212,-0.400502002851896,-0.0723737638833808,-0.321601502932686,0.518718787478299
0.06,0.26,0.064667664972289,0.262849811671997,0.00466766497228899,0.00284981167199727,0.00546886851728815,-0.361314832663574,-0.0828585020177632,-0.375675724304402,0.527776618530713
0.06,0.275,0.0648626879733225,0.277403768957929,0.00486268797332252,0.00240376895792871,0.00542437457491619,-0.313062648242002,-0.0907435180885223,-0.397819224132005,0.514300028070498
0.06,0.29,0.0644614225103739,0.291850315572506,0.00446142251037386,0.0018503155725057,0.00482990253876077,-0.257864337841828,-0.0929975892653799,-0.384298127056551,0.472047539153294
0.06,0.305,0.0634280124110467,0.306210093676035,0.00342801241104673,0.00121009367603486,0.00363532609198542,-0.198992183008953,-0.0871747398100115,-0.335444389679043,0.399650985625579
0.06,0.32,0.0617972242250451,0.320513695967573,0.00179722422504511,0.000513695967572864,0.00186919727749363,-0.140998894317854,-0.0723457093799365,-0.257324974190805,0.302210099023066
0.06,0.335,0.0596933290934494,0.334800976249473,-0.000306670906550621,-0.000199023750527244,0.000365591983225167,-0.0897212051481461,-0.0502104543752316,-0.163314004756171,0.192983117762645
0.06,0.35,0.0573441105180057,0.349119219538062,-0.00265588948199427,-0.000880780461937736,0.00279812851075483,-0.0521744883534435,-0.0263335150882247,-0.0753830048765494,0.0953846464516357
0.08,0.05,0.0829775687535153,0.0484268725193139,0.00297756875351526,-0.00157312748068611,0.00336758752705854,-0.0553576097818045,-0.00767955157598605,-0.00147038334939477,0.0559070903219072
0.08,0.065,0.0807861654431342,0.0640283551952822,0.000786165443134229,-0.000971644804717786,0.00124985988435244,-0.0948861297892047,-0.0320730055844768,0.073866352953326,0.124451996774273
0.08,0.08,0.0787614753326754,0.0797525373207697,-0.00123852466732458,-0.000247462679230259,0.00126300480172613,-0.154885848962991,-0.0577639018070314,0.159314564743957,0.229581130802267
0.08,0.095,0.0771470014346234,0.0955341737382931,-0.00285299856537657,0.000534173738293064,0.00290257513196864,-0.225216965463304,-0.0779601665658024,0.231577741391297,0.332308635104544
0.08,0.11,0.0760814282790911,0.111317016068094,-0.00391857172090888,0.00131701606809431,0.00413397334963899,-0.2976265621558,-0.0901344431666603,0.276802356827016,0.416324507684184
0.08,0.125,0.0756129852269825,0.127055210214489,-0.00438701477301746,0.00205521021448946,0.00484456268866605,-0.365780468704181,-0.0946119198317523,0.288893816655409,0.475612975951668
0.08,0.14,0.0757178929460858,0.142713712479568,-0.00428210705391419,0.00271371247956814,0.00506958343879904,-0.425169469255316,-0.0933615597869384,0.267689251651764,0.511023213790003
0.08,0.155,0.0763207191987878,0.158267509641301,-0.0036792808012122,0.00326750964130096,0.00492074450364611,-0.472878223505094,-0.0890145330689747,0.217147085903706,0.527913089336
0.08,0.17,0.0773136239367935,0.17369977926068,-0.00268637606320649,0.00369977926067977,0.00457219672922381,-0.507245122548913,-0.0841391052035506,0.143746493957392,0.533893360496607
0.08,0.185,0.0785717410956067,0.188999449543776,-0.00142825890439335,0.00399944954377612,0.00424682471397042,-0.527475697430821,-0.0807696472172438,0.0552552448230819,0.536478883180573
0.08,0.2,0.0799632199431914,0.204158814071206,-3.67800568085937e-05,0.00415881407120561,0.00415897670724862,-0.533289929239729,-0.0801482090116026,-0.0400691170513457,0.540767592367051
0.08,0.215,0.0813542595928853,0.219171866968644,0.00135425959288532,0.00417186696864386,0.00438617065889867,-0.524679533841096,-0.0826157430187088,-0.133900474110544,0.547764179653873
0.08,0.23,0.0826111677844571,0.234033847117916,0.00261116778445714,0.00403384711791566,0.00480521797313121,-0.501826685863131,-0.0875982670534168,-0.218050157385302,0.554122498605988
0.08,0.245,0.0836024743246757,0.248742164328081,0.00360247432467571,0.00374216432808083,0.00519438303538624,-0.465197816927088,-0.0936662367824418,-0.284677970762887,0.55337717721525
0.08,0.26,0.0842040955705719,0.263298508015443,0.00420409557057189,0.00329850801544329,0.0053436480698532,-0.415785023937372,-0.0986864482018971,-0.326718996123895,0.537925300679869
0.08,0.275,0.0843094869129801,0.277711606853665,0.00430948691298014,0.00271160685366456,0.0050916096847645,-0.355433625687966,-0.100114765707267,-0.338663547308993,0.501049525263008
0.08,0.29,0.0838449860244288,0.291999909575914,0.00384498602442879,0.00199990957591373,0.00433399998152793,-0.287176324901329,-0.0954805217476072,-0.317713574092301,0.438781982007185
0.08,0.305,0.0827887375140575,0.306193457755552,0.00278873751405753,0.00119345775555169,0.00303338067782437,-0.215497207954827,-0.0830881718916954,-0.265221088959493,0.351689216938447
0.08,0.32,0.0811903493656468,0.320334430785767,0.00119034936564677,0.000334430785767115,0.00123643663920335,-0.146471519379511,-0.0629225419098956,-0.188231433334926,0.246666411859026
0.08,0.335,0.0791882205911695,0.334476202104967,-0.000811779408830537,-0.000523797895033429,0.000966100431343816,-0.0877623229792674,-0.0377149134565554,-0.100932052401051,0.138967365592825
0.08,0.35,0.0770223731021484,0.348681140815723,-0.00297762689785158,-0.00131885918427715,0.00325663192436011,-0.0484910771548769,-0.0141319945092641,-0.0258475902446772,0.0567379592226194
0.1,0.05,0.103277968753942,0.0479698101903478,0.00327796875394243,-0.00203018980965219,0.00385574244666815,-0.0328933913579852,0.0108349213316893,-0.0618260713824478,0.0708649028603294
0.1,0.065,0.101335671683382,0.0636173588545497,0.00133567168338167,-0.00138264114545034,0.00192242435036592,-0.0650852651754528,-0.0108605061165996,-0.00412729447532588,0.0661141239152187
0.1,0.08,0.0994532397272634,0.0794308646639915,-0.000546760272736618,-0.000569135336008497,0.000789215956843579,-0.125009261283519,-0.0385648011733531,0.071655859055088,0.149161436032134
0.1,0.095,0.0978909895011069,0.0953292306140343,-0.00210901049889314,0.000329230614034337,0.00213455336819179,-0.200254557244046,-0.0639880391555181,0.141422061603324,0.253370600061188
0.1,0.11,0.0968057477140674,0.111241868380508,-0.00319425228593261,0.00124186838050805,0.00342716861865467,-0.280611155769558,-0.0832471832098827,0.190251814408793,0.349097184398616
0.1,0.125,0.0962642058863773,0.12711032034574,-0.00373579411362274,0.00211032034573966,0.00429064209891958,-0.358096201647505,-0.0954840496000755,0.210823914392757,0.426377362459173
0.1,0.14,0.0962598652093916,0.142888884209354,-0.00374013479060838,0.00288888420935368,0.0047259136922898,-0.426851428644419,-0.10169568067733,0.201719121220226,0.48294527472204
0.1,0.155,0.0967318622728346,0.158543960452377,-0.0032681377271654,0.00354396045237687,0.00482082771852854,-0.482899250639506,-0.103775919750796,0.16574245529903,0.520992859379009
0.1,0.17,0.097583136015185,0.174052231344689,-0.002416863984815,0.00405223134468879,0.00471824229898955,-0.523785964354127,-0.103784813304765,0.108423038618518,0.54486770558933
0.1,0.185,0.0986955400868533,0.189398146460886,-0.0013044599131467,0.00439814646088621,0.00458751653472907,-0.548176503629233,-0.103445970993399,0.0368224616014695,0.5590679042854
0.1,0.2,0.0999405535686687,0.204571420035539,-5.94464313313055e-05,0.00457142003553901,0.00457180653784973,-0.555484254348655,-0.103844774541992,-0.0412943111179286,0.566616564096622
0.1,0.215,0.101185795089654,0.219565268173824,0.00118579508965388,0.00456526817382363,0.00471675561096547,-0.545615535429754,-0.105283506009259,-0.11797168166834,0.568067681068827
0.1,0.23,0.10229902520667,0.234375921789341,0.00229902520667044,0.00437592178934126,0.00494309704611772,-0.518882727637307,-0.107253765489701,-0.185395064921535,0.561352390223444
0.1,0.245,0.103152196816193,0.249003599113291,0.00315219681619276,0.00400359911329057,0.00509560110565543,-0.476100051285785,-0.108509461746257,-0.236224758767388,0.542448058952055
0.1,0.26,0.10362807452267,0.263454707328928,0.00362807452267,0.00345470732892811,0.0050097831760064,-0.418832457065026,-0.107252715746579,-0.264106698322789,0.50663378554972
0.1,0.275,0.103631002655316,0.277744681897939,0.00363100265531616,0.00274468189793908,0.00455164354972876,-0.349732434455654,-0.101464808891898,-0.264472300132463,0.450060576126364
0.1,0.29,0.103101886646001,0.291900670942521,0.00310188664600106,0.00190067094252117,0.00363789098192675,-0.272881181899096,-0.0894143105165222,-0.235643736343893,0.371466703995209
0.1,0.305,0.102035907703011,0.305963297065692,0.00203590770301088,0.000963297065692315,0.00225230135904378,-0.194054398367203,-0.0703548857497621,-0.180163306280266,0.273981531209239
0.1,0.32,0.100500487348782,0.31998697975901,0.000500487348781831,-1.30202409903135e-05,0.00050065668173521,-0.120857293341388,-0.0453980574485142,-0.106198074127648,0.167169135155436
0.1,0.335,0.0986509353327064,0.334038702248596,-0.00134906466729356,-0.000961297751403634,0.00165652311888291,-0.0627100222838768,-0.0185307542409359,-0.028853890909095,0.0714736555019109
0.1,0.35,0.0967420857763048,0.348195530120181,-0.00325791422369523,-0.00180446987981875,0.00372426054890481,-0.0307012454165701,0.00223811605939525,0.028733630911182,0.0421093488161423
0.12,0.05,0.12342947967411,0.0475328074943624,0.00342947967411034,-0.00246719250563765,0.00422473309157046,-0.00137644576975756,0.0312828892264025,-0.11629671896464,0.120438556713739
0.12,0.065,0.12182882266738,0.0631393651269218,0.00182882266738019,-0.00186063487307819,0.00260893742348073,-0.0149617925097009,0.0166314628335963,-0.0813233949855501,0.0843442745326179
0.12,0.08,0.120156672044514,0.0789672046025532,0.000156672044514417,-0.00103279539744683,0.0010446111537408,-0.0647736834472939,-0.0100496470992652,-0.0189076124703148,0.0682211391973753
0.12,0.095,0.118692877638413,0.0949194308571862,-0.00130712236158742,-8.05691428138466e-05,0.00130960309061014,-0.13625788408814,-0.0387048041768782,0.0459606951681231,0.148918336102742
0.12,0.11,0.117615064591898,0.110910861275796,-0.00238493540810227,0.000910861275795816,0.0025529561618963,-0.217309731442266,-0.0638658128631946,0.097186806828908,0.246470546982735
0.12,0.125,0.117011102254176,0.12686975463467,-0.00298889774582364,0.00186975463467048,0.00352554848624457,-0.298290739873665,-0.0832835429274835,0.126092247898672,0.334384638347762
0.12,0.14,0.116894574934062,0.142738644899095,-0.00310542506593761,0.00273864489909542,0.00414051213299695,-0.371923075051081,-0.0967905993151801,0.129851443164737,0.405656601770282
0.12,0.155,0.11722203812331,0.158473938100518,-0.00277796187669048,0.00347393810051788,0.00444806903212793,-0.433050030068815,-0.105367596711332,0.109948443540705,0.459047324815937
0.12,0.17,0.117910039983912,0.174044328710672,-0.00208996001608841,0.00404432871067228,0.00455241997061084,-0.478289065301975,-0.110414701597439,0.0707793610949474,0.495946660432427
0.12,0.185,0.118849909926222,0.189428476602544,-0.0011500900737784,0.0044284766025437,0.00457538109856223,-0.505638515385903,-0.113227849520219,0.0185043463287003,0.518493104674126
0.12,0.2,0.119919125867256,0.204612637281501,-8.08741327442411e-05,0.0046126372815008,0.00461334621679733,-0.51411787055828,-0.114663626070856,-0.0398078888849908,0.528253326246801
0.12,0.215,0.120989341537618,0.21958897545961,0.000989341537618069,0.0045889754596104,0.00469441076674836,-0.503518263622429,-0.114965088267276,-0.0967798127486288,0.525467297563029
0.12,0.23,0.121932392168147,0.234355102299992,0.00193239216814668,0.00435510229999164,0.00476456247045908,-0.4743152028966,-0.113722219790479,-0.145177153715641,0.508906438923962
0.12,0.245,0.122626332459608,0.248915016068463,0.00262633245960786,0.00391501606846345,0.00471433696342517,-0.427756684580824,-0.109954720530086,-0.178359676229225,0.476318488549846
0.12,0.26,0.122963520319549,0.263281201379205,0.00296352031954918,0.00328120137920501,0.00442139516162916,-0.366097396297995,-0.102323102571673,-0.19086935864927,0.425357806964946
0.12,0.275,0.122861956875864,0.277477280485509,0.00286195687586363,0.00247728048550905,0.00378519692528501,-0.292915291686608,-0.0894858941176656,-0.179243656280908,0.354874321788755
0.12,0.29,0.122279824528544,0.291540423281474,0.00227982452854415,0.00154042328147369,0.00275145484554222,-0.213429657163884,-0.0706192546074675,-0.143064181473042,0.266470984700227
0.12,0.305,0.121231908527259,0.305522773700596,0.00123190852725863,0.000522773700595613,0.0013382417425738,-0.1347442686994,-0.0461017577713762,-0.0861732712106259,0.166454925353552
0.12,0.32,0.11980582726236,0.319491427224903,-0.000194172737640386,-0.000508572775097305,0.000544379756799365,-0.0659631535148815,-0.0183514380325478,-0.0179379096729107,0.0707791080755355
0.12,0.335,0.118176032009623,0.333526909875009,-0.00182396799037748,-0.00147309012499108,0.00234453700040497,-0.0181613839478652,0.0072008851960027,0.0455723931425381,0.049583583819247
0.12,0.35,0.116614369481259,0.347720531431301,-0.00338563051874077,-0.00227946856869904,0.00408147901686579,-0.00422712241781127,0.0209955566060275,0.0806011400522477,0.0833980033756011
0.14,0.05,0.143286876548355,0.0472264281841544,0.00328687654835469,-0.00277357181584559,0.00430072762004024,0.0281491793168654,0.0492517594776039,-0.155250270799766,0.165289980459217
0.14,0.065,0.142141480889064,0.0626822522215803,0.00214148088906424,-0.0023177477784197,0.00315561327836552,0.0461379275550823,0.0479795678035773,-0.14862566464359,0.162850708721091
0.14,0.08,0.140767836324573,0.0784283671902511,0.000767836324572502,-0.00157163280974892,0.001749171892643,0.0181524007354953,0.0272072497691983,-0.104023702735581,0.109044387345261
0.14,0.095,0.139467966382358,0.0943520575381243,-0.000532033617642175,-0.000647942461875717,0.000838384878324379,-0.0392573020542424,-0.000984903045970173,-0.0473656458133273,0.0615273156029888
0.14,0.11,0.138442631907213,0.110353389538591,-0.00155736809278749,0.000353389538591264,0.00159695946799482,-0.112182684981541,-0.0293358909017454,0.00401843480846083,0.116024573787607
0.14,0.125,0.137803182876834,0.126346896373928,-0.0021968171231663,0.00134689637392754,0.0025768460013621,-0.189362832387045,-0.0540248013913215,0.0400149913960108,0.200943281496337
0.14,0.14,0.137585739555385,0.142262577518933,-0.00241426044461493,0.00226257751893311,0.00330876268771482,-0.262080838440449,-0.0735519970651635,0.0562912933835767,0.277966047216458
0.14,0.155,0.137766979641767,0.158045813963179,-0.00223302035823305,0.00304581396317899,0.00377668672497195,-0.323941282729641,-0.0878272074084388,0.052880227715674,0.339776735277168
0.14,0.17,0.138280038871585,0.173656184788221,-0.00171996112841546,0.00365618478822144,0.00404053876220511,-0.370552312949153,-0.0974495138235218,0.0328815651386103,0.384561018412212
0.14,0.185,0.139028943027334,0.189065550053055,-0.000971056972665578,0.00406555005305492,0.00417991015191204,-0.399166571841391,-0.103174293795265,0.00135883891043393,0.412288087239154
0.14,0.2,0.139900564239021,0.204256022943891,-9.94357609792001e-05,0.00425602294389132,0.00425718437109445,-0.408352344947165,-0.105557526510639,-0.0355353469235172,0.423270132058744
0.14,0.215,0.140774076965028,0.219218506508718,0.000774076965028073,0.00421850650871808,0.00428893836652893,-0.397763688568069,-0.104761471968453,-0.071233816062254,0.417451728230867
0.14,0.23,0.141528873180083,0.233952298678394,0.00152887318008343,0.00395229867839358,0.00423770197678059,-0.368056223533163,-0.100505643981734,-0.0993120170315308,0.394246443408282
0.14,0.245,0.14205248617385,0.248465927593932,0.00205248617384983,0.00346592759393194,0.00402807070198917,-0.320959978847408,-0.0921541957484085,-0.114039989150671,0.352864303231828
0.14,0.26,0.142250033496054,0.262778975926235,0.00225003349605375,0.00277897592623533,0.00357566188725379,-0.259482138423892,-0.078940624858225,-0.111034652224688,0.293072488783841
0.14,0.275,0.142056035841029,0.276924316892067,0.0020560358410292,0.00192431689206657,0.00281607508434868,-0.188181538788122,-0.0603365735351849,-0.0880779411364499,0.216357511972325
0.14,0.29,0.141448457243277,0.290950026471289,0.00144845724327651,0.000950026471288556,0.0017322178505457,-0.113441742596206,-0.0365696590700815,-0.0461063259770422,0.127797374752314
0.14,0.305,0.140463845888204,0.304920310920549,0.000463845888203779,-7.96890794513283e-05,0.000470641431864379,-0.0436741163192654,-0.00928768468561867,0.00968251083837013,0.045688517699662
0.14,0.32,0.139211927075501,0.318915074569219,-0.000788072924498534,-0.00108492543078087,0.00134094076106394,0.0105959353454069,0.0176389756707492,0.0687003444475073,0.071715725662946
0.14,0.335,0.137888136948981,0.333028157715239,-0.00211186305101876,-0.00197184228476099,0.00288931264182846,0.036775654078858,0.0371780202262889,0.113920820865484,0.125349964560845
0.14,0.35,0.136783366195283,0.347364670803449,-0.00321663380471696,-0.0026353291965508,0.00415832815057217,0.0203720496608264,0.038031840274855,0.12099975422984,0.128461623529524
0.16,0.05,0.162666163630487,0.047228265177514,0.00266616363048724,-0.00277173482248605,0.00384589943065529,0.0389215436951995,0.0569314831374437,-0.168372871533872,0.181949256729181
0.16,0.065,0.162114483780164,0.062399057969304,0.00211448378016355,-0.00260094203069605,0.00335200553454436,0.102726498125128,0.0775279200968881,-0.196199020252827,0.23464322770612
0.16,0.08,0.161150961128253,0.0779446851086091,0.00115096112825333,-0.00205531489139094,0.0023556380922212,0.109594766035915,0.0695286175068283,-0.174560242463686,0.21752373772905
0.16,0.095,0.160102686732767,0.0937363618069179,0.000102686732766949,-0.00126363819308212,0.00126780363152272,0.0779023422440516,0.0473069064542672,-0.130313686940577,0.159023242215386
0.16,0.11,0.159195856570361,0.109659266020738,-0.000804143429639179,-0.000340733979261931,0.000873353479443193,0.0232407607739046,0.0201157339092415,-0.0820441353645249,0.0876128834994584
0.16,0.125,0.158567409588227,0.125613994685654,-0.00143259041177331,0.000613994685653596,0.00155862271313993,-0.0415822245664408,-0.00649187377779417,-0.0413355775675822,0.0589903051827694
0.16,0.14,0.15827824670415,0.141517632981857,-0.00172175329585011,0.00151763298185698,0.00229513491529165,-0.106445770457052,-0.0295424573418111,-0.0140883925450954,0.11136402266165
0.16,0.155,0.158327780015651,0.157303986664466,-0.00167221998434897,0.00230398666446591,0.00284687095353703,-0.163718307598673,-0.0477436042743319,-0.00181748948300369,0.170547532192024
0.16,0.17,0.158668829636739,0.172922880205063,-0.00133117036326097,0.00292288020506321,0.0032117352364687,-0.207979801764123,-0.0607745865063345,-0.00285964792470313,0.216696520200295
0.16,0.185,0.159221699169773,0.188338778381657,-0.000778300830226768,0.00333877838165703,0.0034282930540069,-0.235709634612656,-0.0687534904829185,-0.0134316411534319,0.245899524397004
0.16,0.2,0.159886618499775,0.203529239733192,-0.000113381500224857,0.0035292397331923,0.00353106052892562,-0.245000227440439,-0.0718726637451916,-0.0285149840570283,0.256912448404387
0.16,0.215,0.160554450478807,0.218483775922086,0.000554450478806614,0.00348377592208621,0.0035276210126311,-0.23535443286253,-0.0701931174001782,-0.0425881113756147,0.249264173168161
0.16,0.23,0.161116295597804,0.233203550044457,0.00111629559780439,0.00320355004445688,0.00339246941755075,-0.207605990669906,-0.0635883525824673,-0.0502670317055981,0.222868936937904
0.16,0.245,0.161473075805925,0.247702047612634,0.00147307580592516,0.0027020476126341,0.00307750119917827,-0.163972207960116,-0.0518309740042938,-0.0469367723715552,0.178259420739656
0.16,0.26,0.161546143623863,0.262006498805556,0.0015461436238635,0.00200649880555553,0.00253310038535972,-0.108215116660102,-0.0348195694877756,-0.0294505855169136,0.117431919464457
0.16,0.275,0.161289459107656,0.276159542121807,0.00128945910765574,0.00115954212180708,0.00173414034108004,-0.0458610597452646,-0.012945523861754,0.00305635211069972,0.0477510713149375
0.16,0.29,0.160703116968103,0.290220499250774,0.000703116968102671,0.000220499250773554,0.000736880852258756,0.0155838246550367,0.0124017183931476,0.0482368187409466,0.0521866753234832
0.16,0.305,0.159847314118745,0.30426572383338,-0.00015268588125536,-0.00073427616661953,0.000749982977940298,0.0664805814035022,0.038194652320856,0.0995274260128338,0.125635241958688
0.16,0.32,0.158855529250844,0.31838776470283,-0.00114447074915622,-0.00161223529717031,0.00197714843881688,0.0950069938813025,0.058994172740111,0.145142819683566,0.183229659232203
0.16,0.335,0.157945904110962,0.332693457162147,-0.0020540958890384,-0.00230654283785253,0.00308859997154265,0.0872248529526629,0.0660292989296923,0.167148756665479,0.199766840523601
0.16,0.35,0.157430537792038,0.347301408865596,-0.00256946220796198,-0.00269859113440418,0.00372619513026756,0.0272585083708104,0.0460852943808057,0.140684221825873,0.150528880750578
0.18,0.05,0.18133879484887,0.0478011005047222,0.00133879484887039,-0.00219889949527785,0.00257439908283372,0.00859867003758505,0.0421807034717301,-0.145141310339667,0.151390759869395
0.18,0.065,0.181548962743036,0.0625258175211104,0.00154896274303598,-0.00247418247888959,0.00291905198962913,0.133220941480799,0.095418656705447,-0.213903818382042,0.269457819775749
0.18,0.08,0.181134513914829,0.0777279968195645,0.00113451391482924,-0.00227200318043547,0.00253951181821429,0.188820116854509,0.109110402860377,-0.221002442115889,0.310484189394186
0.18,0.095,0.18045119610574,0.093262076475602,0.000451196105739626,-0.001737923524398,0.00179553783098284,0.195397995878456,0.100220311949699,-0.194196304021767,0.293149926976208
0.18,0.11,0.179753282369015,0.108998055369529,-0.000246717630985174,-0.00100194463047104,0.00103187336043174,0.170076792069089,0.0802015970458698,-0.153309925729489,0.242615812857931
0.18,0.125,0.179205521925838,0.124822496822476,-0.000794478074161969,-0.000177503177524241,0.000814065592170136,0.127095666386996,0.0564918555394727,-0.11140010120589,0.178198334176022
0.18,0.14,0.178895847776487,0.140639515290025,-0.00110415222351264,0.000639515290024761,0.00127598273454751,0.0778948475291242,0.0336600481540351,-0.0759635162429205,0.113890588654033
0.18,0.155,0.178849032839543,0.156371246190356,-0.00115096716045677,0.00137124619035595,0.00179026297482119,0.0312839208930902,0.0143058735698693,-0.0501299606264009,0.0607976563985776
0.18,0.17,0.179040786673957,0.171957612285695,-0.000959213326043235,0.0019576122856953,0.00217998533618098,-0.00632486378064413,-0.0002378960675067,-0.0337869336820371,0.0343746624583421
0.18,0.185,0.179411516784393,0.187355518222896,-0.000588483215607061,0.00235551822289592,0.00242791651286571,-0.0306556490041311,-0.00937703105424033,-0.024593132802003,0.0404044524300314
0.18,0.2,0.179879145190526,0.202537838253943,-0.000120854809474407,0.00253783825394344,0.0025407142476382,-0.0393286904252075,-0.0128902030563961,-0.0188633271707881,0.0454832765505584
0.18,0.215,0.180350831186467,0.217492638624718,0.000350831186467199,0.00249263862471755,0.00251720675250003,-0.031687166251606,-0.0107185454851031,-0.0123392050166666,0.0356541686899595
0.18,0.23,0.18073396265088,0.232222973817502,0.000733962650879688,0.00222297381750169,0.00234100699832025,-0.00872232832390172,-0.00290387227965581,-0.000889309556168679,0.00923592754809691
0.18,0.245,0.180947093593814,0.246747355550835,0.000947093593813605,0.00174735555083472,0.0019875204895738,0.02689616445825,0.0103299851868721,0.0188039594101476,0.0344049586959067
0.18,0.26,0.180931476159764,0.261100705757222,0.000931476159763786,0.00110070575722238,0.0014419434802345,0.0707045194174373,0.0283570756352851,0.0485165602102029,0.0903167266314534
0.18,0.275,0.18066347242824,0.275335378160864,0.000663472428239706,0.000335378160863986,0.000743420590122981,0.116284685535163,0.049794180616827,0.0876825843513434,0.153915036164139
0.18,0.29,0.180167601189297,0.289521754913591,0.000167601189296568,-0.000478245086408646,0.000506762786052446,0.155110818646629,0.0720140552309503,0.132522335005597,0.216350676228283
0.18,0.305,0.179529526316188,0.303748029271752,-0.000470473683812228,-0.00125197072824751,0.00133745137913438,0.176450079136527,0.0905282404769134,0.175131486407163,0.264577313221478
0.18,0.32,0.178908152621655,0.318119041992553,-0.00109184737834547,-0.00188095800744698,0.00217488705991341,0.167351513481987,0.0982322327956304,0.202586197609879,0.280530613840114
0.18,0.335,0.178546274285099,0.332754366595891,-0.00145372571490143,-0.00224563340410883,0.00267510520163508,0.112738540752998,0.0844866791193106,0.196126938874245,0.241482587349679
0.18,0.35,0.178779884944102,0.347786140066898,-0.00122011505589764,-0.00221385993310191,0.00252781655841996,-0.00439290718798987,0.0339754972142656,0.130481278379112,0.134903685863566
0.2,0.05,0.19902376926201,0.0493152154650188,-0.00097623073799033,-0.00068478453498122,0.00119245809701917,-0.0901403857682982,-0.0123686595853307,-0.0753258251701358,0.118119675609718
0.2,0.065,0.200200455695666,0.0634026924658206,0.000200455695666291,-0.00159730753417936,0.00160983658943111,0.110464924808936,0.0866984348631939,-0.191757279271815,0.237676362690932
0.2,0.08,0.200506825164072,0.078092195295479,0.000506825164071828,-0.00190780470452101,0.00197397835285216,0.228988826310627,0.133113719421271,-0.233880841013603,0.353349385717461
0.2,0.095,0.200332126848812,0.0932198798325027,0.000332126848812286,-0.00178012016749735,0.00181083849485059,0.286812909444046,0.146778314424603,-0.230278592484012,0.396023197747509
0.2,0.11,0.199962169735758,0.108639840755848,-3.78302642421446e-05,-0.00136015924415189,0.00136068523117747,0.302401108429893,0.141582471694306,-0.201966765332065,0.390234787845171
0.2,0.125,0.199592234489904,0.124224387473105,-0.000407765510095651,-0.00077561252689512,0.000876269081447131,0.291271915672315,0.127010288439963,-0.16344963297669,0.357333371829369
0.2,0.14,0.199339827717953,0.139864733851327,-0.000660172282047386,-0.00013526614867343,0.00067388750764545,0.266060108500687,0.109341583039401,-0.123822671173132,0.313170658247982
0.2,0.155,0.199257885531574,0.155471545896113,-0.000742114468425974,0.000471545896112979,0.000879255034894972,0.236652254599303,0.0925715056815046,-0.0878708441366364,0.26887765097946
0.2,0.17,0.199348351610724,0.17097506716969,-0.000651648389276463,0.00097506716969048,0.00117277517395911,0.210375642427257,0.0791157294167769,-0.0571181220798608,0.231904641731308
0.2,0.185,0.199575717028933,0.186324819787288,-0.00042428297106727,0.00132481978728755,0.00139110154493706,0.192209780540746,0.0703364348460287,-0.0307963946694887,0.206978932056634
0.2,0.2,0.199880114807625,0.20148909002037,-0.000119885192375212,0.00148909002036979,0.00149390814580942,0.184982763825114,0.0669067284968524,-0.00672066762692711,0.196825655600503
0.2,0.215,0.200189810780814,0.216454492966768,0.00018981078081361,0.00145449296676792,0.00146682579841316,0.189516878170172,0.069023099588008,0.0179200417972988,0.202489520624962
0.2,0.23,0.200433248114604,0.231225850761445,0.000433248114604275,0.0012258507614451,0.00130015922799621,0.204699768780961,0.0764724356982207,0.0458270594439583,0.22327160862981
0.2,0.245,0.200551003994751,0.245826446128837,0.000551003994751449,0.000826446128836811,0.000993286769317605,0.227476443912653,0.0885590327836018,0.0788726152111469,0.256533105446537
0.2,0.26,0.200507993370744,0.260298502581948,0.000507993370743962,0.000298502581947802,0.000589203747568968,0.252778000958151,0.103896513788888,0.117360875328044,0.297430625635212
0.2,0.275,0.200306015242371,0.274703584014909,0.000306015242370561,-0.000296415985090615,0.000426037280974744,0.273419383531748,0.120068817585086,0.159249375467733,0.338430756343906
0.2,0.29,0.199996404725162,0.289122570143465,-3.59527483757838e-06,-0.00087742985653505,0.00087743722233575,0.280006378359764,0.133162257887231,0.199333652795671,0.368605660027951
0.2,0.305,0.199692309879408,0.3036549745962,-0.000307690120592313,-0.00134502540379999,0.00137977046901919,0.260890142855143,0.137164908312086,0.228420744604458,0.372899994794484
0.2,0.32,0.199580115654227,0.318417600169124,-0.000419884345773142,-0.00158239983087638,0.00163715976269359,0.202198215592091,0.123217322194289,0.232534005048088,0.331871960720723
0.2,0.335,0.199929861893232,0.333542802880392,-7.01381067677032e-05,-0.0014571971196079,0.00145888409389318,0.0879599190164405,0.0786771657683845,0.192200519187087,0.225539683931409
0.2,0.35,0.201105118483536,0.349176887306053,0.00110511848353562,-0.000823112693947192,0.00137797001766695,-0.0996606289221937,-0.0140712861237449,0.0818778145156905,0.129746775504575
