target_x,target_y,gaze_x,gaze_y,error_px_x,error_px_y,error_px_xy,error_deg_x,error_deg_y,error_deg_z,error_deg_xyz
-0.2,0.05,-0.200793379353735,0.050641626098508,-0.000793379353735413,0.000641626098508027,0.00102036015662131,0.0719579657146694,-0.0089938746456099,-0.0632920518283627,0.0962534394998005
-0.2,0.065,-0.199818003084877,0.0664094273856437,0.000181996915122995,0.00140942738564369,0.00142112928071893,-0.0985728149775894,0.0782483668996674,-0.174553726664799,0.215194016427791
-0.2,0.08,-0.199612501949384,0.0816478243543779,0.000387498050616081,0.00164782435437787,0.0016927728264927,-0.198346950419456,0.118514225748921,-0.21697669283798,0.316964155543556
-0.2,0.095,-0.199824420460168,0.096504767830628,0.000175579539831827,0.00150476783062799,0.00151497669912788,-0.245588919642909,0.129403547724242,-0.216156549803727,0.35182842209006
-0.2,0.11,-0.200193849467249,0.111112210279177,-0.000193849467248514,0.0011122102791767,0.00112897711272587,-0.256247630908637,0.123362264076218,-0.191183467610027,0.342684351696123
-0.2,0.125,-0.200543137440004,0.125585402585203,-0.000543137440003658,0.000585402585203412,0.000798557740865722,-0.243883665811861,0.108991122441557,-0.155470071025606,0.309078439663296
-0.2,0.14,-0.200766132288227,0.140022006481668,-0.000766132288226806,2.20064816682936e-05,0.000766448281555291,-0.219654603939615,0.0920501169375735,-0.117648418085616,0.265636303489026
-0.2,0.155,-0.200816584741689,0.154501485533174,-0.000816584741688726,-0.000498514466825903,0.000956727397952812,-0.19238086961425,0.0762432492534479,-0.0824847589482192,0.222771699340681
-0.2,0.17,-0.200695912007754,0.169084993620168,-0.000695912007754006,-0.000915006379832148,0.00114957826948396,-0.168670826749845,0.0638313141040916,-0.051769569843918,0.18762836746901
-0.2,0.185,-0.200440794533623,0.183815727779185,-0.000440794533622526,-0.00118427222081492,0.00126364572324105,-0.153075114829458,0.0560968708989341,-0.0251516226822825,0.164959002863611
-0.2,0.2,-0.200111047118643,0.198719516942267,-0.00011104711864294,-0.00128048305773297,0.00128528919846861,-0.148233922049753,0.053672449610366,-0.000902139596023925,0.157654232521389
-0.2,0.215,-0.199777951467506,0.213805335206253,0.000222048532493736,-0.00119466479374668,0.00121512531049288,-0.154981639262603,0.056736610037325,0.0233837936284087,0.166688850341428
-0.2,0.23,-0.199512916502805,0.229065477872601,0.000487083497195201,-0.000934522127398738,0.00105384151552203,-0.17238247338248,0.0650794262360083,0.0501219055091954,0.190953627908005
-0.2,0.245,-0.199376112958565,0.244475294478791,0.000623887041434804,-0.000524705521208632,0.00081519992913217,-0.197686381031845,0.0780371474559413,0.0810708771677777,0.227469243448744
-0.2,0.26,-0.199404718218846,0.259992570774651,0.000595281781153575,-7.42922534853474e-06,0.000595328138393149,-0.226213112738226,0.0942941653094074,0.116622594780312,0.271412470881552
-0.2,0.275,-0.199600608430517,0.275556810882842,0.000399391569483418,0.000556810882841527,0.000685238633634436,-0.251188350742754,0.111548421689168,0.155021873695905,0.315548206976154
-0.2,0.29,-0.199917643216317,0.29108872558745,8.23567836834294e-05,0.00108872558745023,0.00109183608869991,-0.263565745668354,0.126032964146153,0.191505657165597,0.349322208077138
-0.2,0.305,-0.200248937134767,0.306490154003761,-0.000248937134766786,0.00149015400376133,0.00151080397536935,-0.251870145196541,0.131879213148731,0.217372504428115,0.357885343397522
-0.2,0.32,-0.200414541992502,0.32164445098012,-0.00041454199250221,0.00164445098011949,0.00169589624964609,-0.202091612264787,0.120293048230942,0.219010653565259,0.321367973412534
-0.2,0.335,-0.20014968430448,0.336417114470064,-0.000149684304480202,0.00141711447006378,0.00142499782886567,-0.0976514993679743,0.0784887375585278,0.176924724717384,0.216791862258678
-0.2,0.35,-0.199093113809575,0.350656169432709,0.000906886190425255,0.000656169432708867,0.00111937522163281,0.0805413377919867,-0.0117158047351858,0.0648109654215749,0.104041488777174
-0.18,0.05,-0.178670422883899,0.0520280690472482,0.00132957711610091,0.00202806904724823,0.00242504419919834,-0.00570527753490681,0.0359001138789531,-0.125380127976597,0.130543296389849
-0.18,0.065,-0.178600326185634,0.0672009355753589,0.00139967381436573,0.00220093557535886,0.00260829526578211,-0.10828235602673,0.0821348704131614,-0.192378245604034,0.235543357120846
-0.18,0.08,-0.179070225027764,0.0819614469100147,0.000929774972235647,0.00196144691001468,0.00217065784494055,-0.151494705221271,0.0929343305817511,-0.201815125452019,0.268918041652374
-0.18,0.095,-0.179757995962243,0.0964409300132976,0.000242004037757343,0.00144093001329762,0.00146111096687169,-0.152451606169993,0.0834152982009634,-0.178627601388214,0.249213807989615
-0.18,0.11,-0.180432838981329,0.11075654083592,-0.000432838981328953,0.000756540835919667,0.000871609786643033,-0.125983352309964,0.0639178355790108,-0.140903051434527,0.199526952814416
-0.18,0.125,-0.18094561043991,0.125010015671271,-0.000945610439910136,1.00156712714294e-05,0.000945663480175722,-0.0845578666571846,0.0412441096299087,-0.100808916576175,0.137889652376453
-0.18,0.14,-0.181217928034719,0.139286605906657,-0.00121792803471878,-0.000713394093343367,0.00141148143104015,-0.0382936948406326,0.0196303809703435,-0.065584754216477,0.0784418247305702
-0.18,0.155,-0.181230039952108,0.153654615689039,-0.00123003995210834,-0.00134538431096079,0.00182292545869603,0.00493844665392857,0.00152337434270921,-0.0385430347898276,0.0388879739147239
-0.18,0.17,-0.181008041156824,0.168165680906621,-0.00100804115682389,-0.00183431909337911,0.00209305363289764,0.0393455190984757,-0.0118035396672987,-0.0200269297649001,0.0456997970291163
-0.18,0.185,-0.18061123435885,0.182855639217512,-0.000611234358850268,-0.00214436078248753,0.00222977366719352,0.0610082613729201,-0.0197788104472005,-0.0082844904364287,0.0646671672794658
-0.18,0.2,-0.180120258689579,0.197745626536946,-0.000120258689578917,-0.00225437346305429,0.00225757876127116,0.0676881848604167,-0.0221990918974882,-0.00024103356701303,0.0712358673813057
-0.18,0.215,-0.179626165647589,0.212842961024595,0.000373834352411236,-0.00215703897540453,0.00218919374758311,0.0586899135353623,-0.0190298771935795,0.00781943121492847,0.0621915272451412
-0.18,0.23,-0.179220124433505,0.22814146219404,0.000779875566494816,-0.00185853780595971,0.00201553185918684,0.034811995972192,-0.0103381878996581,0.0196257522216607,0.0412786072454606
-0.18,0.245,-0.178983112539229,0.243621066395086,0.00101688746077105,-0.00137893360491403,0.00171333534214252,-0.00160060602814356,0.00364296094678617,0.0382894652999179,0.038495666152782
-0.18,0.26,-0.17897493581919,0.25924686295696,0.00102506418081033,-0.000753137043039948,0.00127199527529756,-0.046512442397882,0.0223161915151499,0.0656173169425094,0.0834688757481129
-0.18,0.275,-0.179222227849808,0.274967892523293,0.00077777215019155,-3.2107476707427e-05,0.000778434587922521,-0.0939924103479865,0.044383242031783,0.101326042092222,0.145159992609627
-0.18,0.29,-0.179705562351175,0.290716141599173,0.000294437648825224,0.000716141599172659,0.000774307638546398,-0.135990135240834,0.0673641991613267,0.142145122899291,0.2079339693999
-0.18,0.305,-0.180346251321861,0.306406098489865,-0.000346251321860863,0.00140609848986459,0.00144810322183533,-0.162137602590605,0.0869627497166456,0.180821975014001,0.257968643592561
-0.18,0.32,-0.180993577830168,0.321935023865465,-0.000993577830167514,0.00193502386546526,0.00217520441901917,-0.159610624072963,0.0962579063010183,0.205066711175193,0.277116656980219
-0.18,0.335,-0.181412998941976,0.337183796985042,-0.00141299894197555,0.00218379698504234,0.00260106425947227,-0.113070114100715,0.0846808261665605,0.196485353597617,0.24199643439453
-0.18,0.35,-0.181275252563694,0.352017906832049,-0.00127525256369423,0.00201790683204903,0.00238709385740043,-0.00469109261115827,0.0366957411575219,0.129553092308317,0.134731569651586
-0.16,0.05,-0.157488167624451,0.0525263067483103,0.00251183237554856,0.00252630674831029,0.00356251704128023,-0.0239214556943795,0.0467761548568342,-0.146834137533463,0.155950388474083
-0.16,0.065,-0.158126835490192,0.0672869290864595,0.00187316450980807,0.0022869290864595,0.00295614443613619,-0.0721017675583014,0.0636928423417743,-0.175559983266711,0.20019188682034
-0.16,0.08,-0.159107030683956,0.0817314397971034,0.000892969316044101,0.00173143979710336,0.00194814731742484,-0.071538186675401,0.0549127137953468,-0.157703637145831,0.181668883163293
-0.16,0.095,-0.160132683094264,0.0959757860099558,-0.000132683094263758,0.000975786009955834,0.000984765525761809,-0.0379824306415681,0.0333193053519559,-0.117442821519767,0.127850163302358
-0.16,0.11,-0.160998959679934,0.110122945357141,-0.000998959679933548,0.000122945357141302,0.0010064968966547,0.0150454088260518,0.00732098187337425,-0.0717922405627177,0.0737162645393208
-0.16,0.125,-0.161582662088331,0.124261360696082,-0.00158266208833081,-0.000738639303918084,0.00174654152745712,0.0763265749748262,-0.0179564818997724,-0.031629669453771,0.084549503713942
-0.16,0.14,-0.161830712750432,0.138463874281048,-0.00183071275043244,-0.00153612571895155,0.00238980990855346,0.136911113696949,-0.0397103320947441,-0.00278783701364257,0.142581015761816
-0.16,0.155,-0.161747111479797,0.152787539202839,-0.00174711147979733,-0.00221246079716129,0.00281911001945919,0.189984253359565,-0.0566793926129948,0.0128505164761717,0.198674974255148
-0.16,0.17,-0.161379366538658,0.167274367839089,-0.00137936653865767,-0.00272563216091061,0.00305478685419436,0.230652345693442,-0.0685184214940726,0.016320993069956,0.241167450837936
-0.16,0.185,-0.160805545850595,0.181952756645524,-0.000805545850595037,-0.00304724335447648,0.0031519194435791,0.255689396737313,-0.0753201762760804,0.0106633277167277,0.26676587426569
-0.16,0.2,-0.160122749756082,0.196839099111795,-0.000122749756082406,-0.00316090088820493,0.00316328340931903,0.263298009688109,-0.0772801242964999,0.000148832286551445,0.274405221515638
-0.16,0.215,-0.159437143843492,0.211939035899227,0.000562856156507797,-0.00306096410077294,0.00311228345096321,0.252938522356546,-0.0744979084640957,-0.0103657424486485,0.263885213999574
-0.16,0.23,-0.158854992081303,0.227247912235235,0.00114500791869675,-0.00275208776476475,0.00298077677776215,0.225266339723955,-0.0669102090001678,-0.0160101901698353,0.235538328515781
-0.16,0.245,-0.158473684919951,0.242750276249381,0.00152631508004927,-0.00224972375061937,0.00271861999508697,0.182193237796416,-0.0543532053820495,-0.012473655909066,0.190536800596157
-0.16,0.26,-0.158371744791754,0.258418570155976,0.00162825520824628,-0.00158142984402398,0.0022698315740933,0.12706015531628,-0.0367579494486927,0.00334567436350701,0.132312626892005
-0.16,0.275,-0.158597214899056,0.274211433344097,0.0014027851009437,-0.000788566655902795,0.00160923690307902,0.0648842403168707,-0.0144858104719256,0.0325587779473699,0.0740261989570459
-0.16,0.29,-0.159154520817326,0.290072163523009,0.000845479182674178,7.21635230094553e-05,0.000848553252535474,0.00262822600468811,0.0111878515492982,0.0733525372118756,0.0742473641302199
-0.16,0.305,-0.159990552328738,0.305927825452754,9.44767126218049e-06,0.000927825452754244,0.000927873552414819,-0.0505608139121018,0.0374338916185956,0.119924864362814,0.135424051683684
-0.16,0.32,-0.160981060727829,0.321689272892745,-0.00098106072782933,0.00168927289274449,0.00195348996870994,-0.0831842531762292,0.0590617924861179,0.161338326108167,0.190887413112657
-0.16,0.335,-0.161918330996848,0.337252027561309,-0.00191833099684821,0.00225202756130878,0.00295831403849609,-0.0813170847117067,0.0675169696097549,0.180355706016433,0.209043628508612
-0.16,0.35,-0.16250046367857,0.352497632724286,-0.00250046367856982,0.00249763272428601,0.00353418842639597,-0.0286266681930778,0.049620124961082,0.152317603475607,0.162733871899436
-0.14,0.05,-0.13697051291197,0.0524934151832586,0.00302948708802986,0.00249341518325863,0.00392363495914749,-0.00725930479289305,0.0388545967059074,-0.136380068876915,0.141992643110102
-0.14,0.065,-0.138157682712673,0.066994018524803,0.00184231728732726,0.00199401852480297,0.00271481912186471,-0.014589903812339,0.0361204653289716,-0.13274895062463,0.138346834079945
-0.14,0.08,-0.139515734470177,0.081257545910352,0.000484265529822531,0.00125754591035203,0.00134756625811773,0.0171393940485911,0.0158333722497449,-0.0929530405844879,0.0958369678195343
-0.14,0.095,-0.140771463133011,0.095385146537089,-0.000771463133011185,0.000385146537089001,0.000862260529438222,0.0737343054450401,-0.0111312233827653,-0.0403508414536479,0.0847870488423047
-0.14,0.11,-0.141743568588137,0.109465895288491,-0.0017435685881366,-0.000534104711509456,0.00182354031060277,0.143139970606868,-0.0381343608573484,0.00915384136792716,0.148415247837661
-0.14,0.125,-0.142332669176197,0.123575095995968,-0.00233266917619691,-0.00142490400403186,0.00273344048888671,0.215505786065044,-0.0616028669516779,0.0459896648257238,0.228807289856939
-0.14,0.14,-0.142508786152721,0.137773337345081,-0.0025087861527206,-0.00222666265491921,0.00335440524368993,0.283138807689148,-0.0800640819581678,0.0657186331106255,0.301491277007614
-0.14,0.155,-0.1422970999485,0.152106633997108,-0.00229709994850024,-0.0028933660028921,0.00369435176994444,0.340342634627064,-0.0933496201181394,0.0678372587305349,0.359373868832595
-0.14,0.17,-0.141763432363192,0.166607638911675,-0.0017634323631916,-0.00339236108832483,0.0038233241365508,0.383164228900098,-0.101959005739284,0.0546645375815087,0.400249082822016
-0.14,0.185,-0.141000961962754,0.181297572327399,-0.00100096196275357,-0.00370242767260104,0.00383534816173466,0.409095993405049,-0.106580516079144,0.0303878595457547,0.423843343046576
-0.14,0.2,-0.140119142800862,0.196188282041291,-0.00011914280086153,-0.00381171795870922,0.00381357952634313,0.416795514388036,-0.107762297932498,0.000298599751915221,0.430502235472502
-0.14,0.215,-0.139234892603178,0.211283801433347,0.000765107396822461,-0.00371619856665299,0.00379414300145187,0.405885152903626,-0.105721735001399,-0.0298032175472461,0.420486465817555
-0.14,0.23,-0.138465202693924,0.226580921091476,0.00153479730607554,-0.0034190789085239,0.00374775977798067,0.376877502804025,-0.100281517592456,-0.0541047271787806,0.393727020190256
-0.14,0.245,-0.137919750705106,0.242068589261694,0.00208024929489386,-0.00293141073830561,0.00359452445332617,0.331244678037385,-0.0909279401803563,-0.0672759316399413,0.350024797764145
-0.14,0.26,-0.137692084920551,0.257726312402106,0.00230791507944872,-0.00227368759789388,0.00323977272455388,0.271616793247957,-0.0769969952307874,-0.0650660026046827,0.28972052601633
-0.14,0.275,-0.137848497908638,0.273522029649731,0.00215150209136224,-0.00147797035026881,0.00261024090945832,0.202066423177477,-0.0580013217580909,-0.0450732063344643,0.215003815958905
-0.14,0.29,-0.138414605135803,0.289410089868995,0.00158539486419713,-0.000589910131004498,0.00169158825902889,0.128418739817164,-0.034112186969452,-0.00771386797356706,0.133095926914681
-0.14,0.305,-0.139360541775677,0.305329917900944,0.000639458224323208,0.000329917900944443,0.000719550305411775,0.0585257709313212,-0.00680624468689421,0.0426363334742732,0.0727285945868755
-0.14,0.32,-0.14058623167662,0.321205730070016,-0.000586231676619892,0.00120573007001586,0.00134069108314071,0.00245746214196613,0.0203168327259518,0.0963955110254516,0.0985439483319755
-0.14,0.335,-0.141908137793125,0.336947318639189,-0.00190813779312501,0.00194731863918936,0.00272636015964258,-0.0274132572430346,0.0405323044637703,0.137506366925084,0.145953303636266
-0.14,0.35,-0.143048253902123,0.352451572545422,-0.00304825390212302,0.00245157254542226,0.00391178473299291,-0.0164284501090912,0.0427609108021761,0.142219214941602,0.149414548207718
-0.12,0.05,-0.116895453672554,0.052179321013021,0.00310454632744558,0.00217932101302099,0.00379310532111233,0.0240460510678305,0.0227940989988262,-0.103213475739737,0.108401146667076
-0.12,0.065,-0.1185001898342,0.0665453492494271,0.00149981016580036,0.00154534924942712,0.00215349363503658,0.0446117344020524,0.00809301074324917,-0.072902210391847,0.0858512511708335
-0.12,0.08,-0.120130687671203,0.0807385542365853,-0.000130687671202639,0.000738554236585337,0.000750027751341588,0.0956013662990655,-0.0174471927894803,-0.0160411433494231,0.0984954133104493
-0.12,0.095,-0.121533997446282,0.0948455031050341,-0.00153399744628185,-0.000154496894965925,0.0015417579108775,0.164546653305701,-0.0447465012315043,0.0448534579831265,0.176322737377251
-0.12,0.11,-0.122550193873381,0.108941543285206,-0.0025501938733809,-0.00105845671479436,0.00276112647463363,0.240979743073825,-0.0687713375259167,0.0949927073072591,0.268000893342218
-0.12,0.125,-0.123101667444185,0.12308912499282,-0.0031016674441852,-0.00191087500718022,0.00364304600950693,0.316496780607601,-0.0873633296552436,0.126095342803923,0.351714354880698
-0.12,0.14,-0.123179337058545,0.137337050271328,-0.00317933705854541,-0.00266294972867209,0.00414722622836938,0.384701773180674,-0.100253844856327,0.135074227206613,0.419871555934067
-0.12,0.155,-0.122827022280162,0.151720930739778,-0.00282702228016238,-0.00327906926022195,0.00432947458542801,0.441025361496059,-0.108247679504397,0.122725503878173,0.470408037668726
-0.12,0.17,-0.122125892163419,0.166264776591024,-0.00212589216341941,-0.00373522340897646,0.00429782635822503,0.482442942401491,-0.112579246399384,0.0925310786611312,0.503973131711843
-0.12,0.185,-0.121180857635453,0.180983295849711,-0.00118085763545325,-0.00401670415028904,0.0041866856803631,0.507144476296853,-0.114441350790395,0.0496655503890078,0.52226516070903
-0.12,0.2,-0.120110029022289,0.195884260835352,-0.000110029022288658,-0.00411573916464802,0.00411720964454853,0.514224697087283,-0.114673782081639,0.000247848387094654,0.526857791740018
-0.12,0.215,-0.119037206003109,0.210970267165672,0.00096279399689142,-0.00402973283432813,0.00414315326732096,0.503461749355514,-0.113589450175015,-0.0491894086945262,0.518457065034494
-0.12,0.23,-0.118086235688674,0.226239378395437,0.00191376431132615,-0.00376062160456284,0.00421956972830292,0.475234257479351,-0.110917271874475,-0.0921022629659115,0.496623208926395
-0.12,0.245,-0.117375378835387,0.241684465058976,0.00262462116461332,-0.00331553494102402,0.0042286414133723,0.430596134979824,-0.105853506952683,-0.122336777033142,0.45998415172867
-0.12,0.26,-0.117009812855977,0.257291417619318,0.00299018714402338,-0.00270858238068232,0.00403455544877319,0.371492988403594,-0.0972304450549416,-0.134658147217897,0.406932810888112
-0.12,0.275,-0.117071074651817,0.273036730985436,0.00292892534818293,-0.00196326901456381,0.00352605004484832,0.301072818495822,-0.0838244110602315,-0.125500959902243,0.33678211268907
-0.12,0.29,-0.117603361066609,0.288885130406914,0.00239663893339108,-0.00111486959308579,0.00264325791148598,0.224024868812835,-0.0648274139104388,-0.0939730388118282,0.25143740558038
-0.12,0.305,-0.118597750422941,0.30478788234251,0.00140224957705906,-0.00021211765749006,0.00141820230467356,0.146878796868629,-0.0404980998718861,-0.0430782965291631,0.158332664499203
-0.12,0.32,-0.11997615554761,0.320682216194515,2.38444523896486e-05,0.000682216194515334,0.000682632766550761,0.0782118703175873,-0.012995398615296,0.0189277400671901,0.0815121923939287
-0.12,0.335,-0.121576877815345,0.336491940525646,-0.00157687781534521,0.00149194052564632,0.00217081325235353,0.0287393514531426,0.0126043898831719,0.0771569366120464,0.08329474807137
-0.12,0.35,-0.123142961230106,0.352128974086856,-0.00314296123010591,0.00212897408685568,0.00379614751510684,0.0112932389823186,0.0270848615279031,0.108775967429693,0.112664733392696
-0.1,0.05,-0.0970863430028208,0.051750479932783,0.00291365699717919,0.00175047993278299,0.00339905532351081,0.0547521481876105,0.00539299694738781,-0.0564851128756053,0.0788508155008908
-0.1,0.065,-0.09900208349624,0.0660831711117576,0.000997916503759966,0.00108317111175757,0.0014727854581787,0.091364122267053,-0.0155108741866171,-0.00480479112228258,0.0927958940672227
-0.1,0.08,-0.100822508078403,0.0802943172792218,-0.000822508078402617,0.000294317279221828,0.000873580105019629,0.150872802296525,-0.0418378144943015,0.0648353073289731,0.169459857206748
-0.1,0.095,-0.102312495766277,0.094455951082397,-0.00231249576627685,-0.000544048917602971,0.00237563168310942,0.222678673276797,-0.0660887653688354,0.13074567957331,0.266548452076542
-0.1,0.11,-0.103331277396327,0.108629909422405,-0.00333127739632746,-0.00137009057759478,0.00360202127729644,0.297990499763877,-0.0846570074815677,0.179215810981311,0.357888069403027
-0.1,0.125,-0.103820787211857,0.122866294478514,-0.00382078721185664,-0.00213370552148577,0.00437619859817925,0.36988748703524,-0.0966383865768054,0.20319668755248,0.432949785275777
-0.1,0.14,-0.103790461021697,0.137202940566236,-0.00379046102169706,-0.00279705943376402,0.00471074688696102,0.433258397242767,-0.102816009274704,0.200869140651217,0.488501614914
-0.1,0.155,-0.103300156426121,0.151666114540812,-0.0033001564261214,-0.00333388545918817,0.00469103663296895,0.484611457300325,-0.104822912845658,0.174216885716464,0.5255374080256
-0.1,0.17,-0.102443564916609,0.166272325673218,-0.00244356491660896,-0.00372767432678217,0.0044571925455642,0.521780749403743,-0.104497196398039,0.127741736786546,0.54726140258661
-0.1,0.185,-0.101334322268899,0.181030794555998,-0.00133432226889863,-0.00396920544400226,0.00418748227148198,0.543583686116073,-0.103429562721497,0.0674337547007764,0.557432202616623
-0.1,0.2,-0.100096066439156,0.195945929498691,-9.60664391561071e-05,-0.00405407050130939,0.00405520855077998,0.549500601060184,-0.102680935637077,4.54351214865785e-05,0.559014101875369
-0.1,0.215,-0.0988562932013299,0.211019143706202,0.00114370679867008,-0.00398085629379756,0.0041418935371629,0.539446159333294,-0.102634092927362,-0.0673642857794153,0.55324157558744
-0.1,0.23,-0.0977425215346346,0.226249519507398,0.0022574784653654,-0.00375048049260196,0.00437747792078685,0.513683418067554,-0.10294679292014,-0.127727136583685,0.539244901707398
-0.1,0.245,-0.0968784696948095,0.241633135315867,0.00312153030519052,-0.00336686468413333,0.00459126662779315,0.472899946981548,-0.102593379349444,-0.174260844013839,0.514323224634589
-0.1,0.26,-0.0963779333120976,0.257161230330413,0.00362206668790245,-0.00283876966958709,0.00460195396854208,0.418429382955567,-0.100007966108594,-0.20092138878623,0.474821478651467
-0.1,0.275,-0.0963348491063709,0.272817693011402,0.00366515089362915,-0.00218230698859807,0.00426565292370987,0.352570039411491,-0.093362532351783,-0.203127452379988,0.41747302679695
-0.1,0.29,-0.0968093488250492,0.28857653540139,0.00319065117495076,-0.00142346459860995,0.00349378110128704,0.278932687758923,-0.081017924055784,-0.17879728101107,0.341080869554384
-0.1,0.305,-0.0978109953752149,0.304400004350467,0.00218900462478513,-0.000599995649533433,0.00226974360375567,0.202747483196615,-0.0621730904565408,-0.129655092683774,0.248561008755271
-0.1,0.32,-0.0992813482051199,0.32023778356457,0.000718651794880093,0.000237783564570326,0.0007569685765368,0.131075646625489,-0.037716248921029,-0.0626994716961303,0.1501152131328
-0.1,0.335,-0.101078175962967,0.336027415900439,-0.00107817596296717,0.0010274159004392,0.00148931086063168,0.0728999468608727,-0.0112675118514005,0.00830012448959429,0.0742310710800321
-0.1,0.35,-0.102962950590722,0.351695721725008,-0.00296295059072241,0.00169572172500804,0.00341387585769115,0.0390999026664595,0.00958556544131999,0.0613951729308802,0.073416983391958
-0.08,0.05,-0.0774053928973406,0.0513088510427379,0.00259460710265938,0.00130885104273792,0.00290604147755097,0.0748384474766659,-0.00962468200049566,-0.00481479484383826,0.0756082720511894
-0.08,0.065,-0.0795460756480841,0.0656874741349957,0.000453924351915935,0.000687474134995675,0.000823813087751313,0.117168600787292,-0.0327702032636997,0.0633792077355087,0.137183454528121
-0.08,0.08,-0.0814934278884847,0.0799844665209104,-0.00149342788848472,-1.55334790896133e-05,0.00149350866990338,0.175979414473574,-0.0571075128365435,0.142171977746443,0.233330171296788
-0.08,0.095,-0.0830276241058102,0.0942573263425766,-0.00302762410581017,-0.000742673657423421,0.00311738221710356,0.242659125963945,-0.076488731451181,0.210643207573112,0.330310218621149
-0.08,0.11,-0.0840245313623414,0.10855469372271,-0.00402453136234135,-0.00144530627728959,0.00427618555743805,0.310152103574954,-0.088531548278055,0.256076061186549,0.41183472624915
-0.08,0.125,-0.0844430328721832,0.122915039437902,-0.00444303287218316,-0.00208496056209806,0.00490791214762493,0.373017118885306,-0.0933991040407584,0.272545681879995,0.471325328252995
-0.08,0.14,-0.0843084061477797,0.137366335025653,-0.00430840614777969,-0.00263366497434725,0.00504960936423099,0.427367383093503,-0.0927506447701331,0.259371960685097,0.508449675746614
-0.08,0.155,-0.0836938432995949,0.151926876468656,-0.00369384329959489,-0.00307312353134373,0.00480505635355722,0.470686651175971,-0.0888856410125975,0.219579104094899,0.526937871872945
-0.08,0.17,-0.0827029002876049,0.166607113483731,-0.00270290028760484,-0.00339288651626934,0.00433789682646057,0.501546716267578,-0.0841050856127959,0.158526849037478,0.53268713124754
-0.08,0.185,-0.0814553827083959,0.181412047581694,-0.0014553827083959,-0.00358795241830626,0.00387189118957745,0.519279133967487,-0.0802871826214806,0.0828476698390519,0.531942308492833
-0.08,0.2,-0.0800780169971144,0.1963435924874,-7.80169971143494e-05,-0.0036564075126003,0.00365723974467612,0.52366910420915,-0.0786428770674251,-0.000252508135324698,0.529543286858538
-0.08,0.215,-0.0786996332985916,0.211402289097253,0.00130036670140837,-0.00359771090274719,0.00382550353520653,0.514737504095375,-0.0795992518405496,-0.0833719718742687,0.527487999847037
-0.08,0.23,-0.0774490648358024,0.226587930501775,0.00255093516419765,-0.00341206949822526,0.0042602216459545,0.492658780566877,-0.0827652566997498,-0.15910179676537,0.524288147431529
-0.08,0.245,-0.0764530577114504,0.241898932733185,0.00354694228854964,-0.00310106726681528,0.00471141356618318,0.457832701842426,-0.0869616365898204,-0.22021204061117,0.515430153937026
-0.08,0.26,-0.0758314781107686,0.257330608967634,0.00416852188923145,-0.00266939103236619,0.00494997204281789,0.41109417429492,-0.090332809767164,-0.260023916845714,0.494744777515816
-0.08,0.275,-0.0756879996811627,0.272872785779592,0.00431200031883731,-0.00212721422040829,0.00480815838852677,0.354015470126928,-0.0905866886955645,-0.273105062057465,0.456202121537557
-0.08,0.29,-0.0760959583218327,0.28850736505804,0.00390404167816726,-0.00149263494195997,0.00417965315484752,0.289236573697412,-0.0854162062886441,-0.256336153578375,0.395806228495809
-0.08,0.305,-0.0770806693272196,0.30420643649288,0.00291933067278044,-0.000793563507120093,0.00302526604067633,0.22075687837732,-0.0731401605916071,-0.210298021058398,0.3135419994756
-0.08,0.32,-0.0786006532508981,0.319931379070273,0.00139934674910192,-6.86209297274809e-05,0.00140102824961482,0.154135923831349,-0.0535699861146689,-0.140850460493914,0.215560973875275
-0.08,0.335,-0.0805305000523893,0.335633103363036,-0.000530500052389332,0.000633103363035653,0.000825984366602745,0.0965778806527401,-0.0290828137888774,-0.0607416740698562,0.117739767862528
-0.08,0.35,-0.0826474126980394,0.351253265818823,-0.00264741269803936,0.00125326581882279,0.00292907309679523,0.0569053738981689,-0.00588272030714719,0.00889181761292494,0.0578955324888242
-0.06,0.05,-0.0577483406449719,0.0509076258848326,0.00225165935502811,0.000907625884832647,0.00242770562422709,0.079321981992878,-0.0207713146635914,0.0441434846750422,0.0931239683983381
-0.06,0.065,-0.0600449783783227,0.0653917237056035,-4.49783783226798e-05,0.000391723705603503,0.000394297496883099,0.118874446669846,-0.0438112062507684,0.124495565989245,0.177622428435569
-0.06,0.08,-0.0620726619432506,0.0798244487975737,-0.00207266194325059,-0.000175551202426349,0.00208008311268388,0.169533745692301,-0.0648930381895107,0.209495998236341,0.277203031187056
-0.06,0.095,-0.0636240364614103,0.0942487758414052,-0.00362403646141035,-0.000751224158594799,0.00370107795244684,0.224771161590634,-0.0789654357840169,0.278891040921377,0.366794611897072
-0.06,0.11,-0.0645886442161425,0.108700543122867,-0.00458864421614251,-0.00129945687713265,0.0047690925675505,0.279298893515182,-0.0846395415054058,0.320819130070323,0.43370212848854
-0.06,0.125,-0.0649392626574195,0.123207429771084,-0.00493926265741948,-0.00179257022891557,0.00525448604761426,0.329120810709035,-0.0829341378962367,0.33031519627695,0.473611639820408
-0.06,0.14,-0.0647139934241708,0.137788787060672,-0.00471399342417082,-0.00221121293932844,0.00520684133291761,0.371479921411385,-0.0761934336930373,0.307659033215117,0.488321917903335
-0.06,0.155,-0.0639965495875968,0.152456442845057,-0.00399654958759683,-0.00254355715494337,0.00473730847703461,0.404698190412521,-0.0672170832121933,0.256732698920684,0.483954370552958
-0.06,0.17,-0.0628978833878725,0.167216333101728,-0.00289788338787249,-0.0027836668982717,0.00401827444685413,0.427931406787328,-0.0586331328517035,0.183577147230821,0.46932391133302
-0.06,0.185,-0.0615419095347657,0.182070581623108,-0.00154190953476574,-0.0029294183768919,0.0033104345697013,0.440885330187795,-0.0525066722070019,0.0953020177580365,0.454114940429634
-0.06,0.2,-0.0600567439893296,0.197019518403529,-5.6743989329653e-05,-0.00298048159647127,0.00298102170861417,0.443551780778269,-0.0501365864902379,-0.000586669488698277,0.446377879758701
-0.06,0.215,-0.058571066724159,0.212063134836816,0.00142893327584095,-0.00293686516318425,0.00326604153273207,0.436021066969921,-0.0519724830756808,-0.0964901950116552,0.449585258514634
-0.06,0.23,-0.0572135455269962,0.22720161274823,0.00278645447300375,-0.00279838725177042,0.0039490884696337,0.418411141070673,-0.0575935852162171,-0.184804548971185,0.461019275136982
-0.06,0.245,-0.0561122676030724,0.242434794258474,0.00388773239692761,-0.00256520574152561,0.00465776166054859,0.390928526582127,-0.0657265737080568,-0.258005060133773,0.472983061939191
-0.06,0.26,-0.0553911219060408,0.257760721446975,0.00460887809395917,-0.00223927855302528,0.00512407315746133,0.354047468957757,-0.0743246570485282,-0.308943414213573,0.475732170808923
-0.06,0.275,-0.0551610552580279,0.273173604743716,0.00483894474197206,-0.00182639525628409,0.00517214712165423,0.308768460941768,-0.0807662393944691,-0.331514059844405,0.460178072191928
-0.06,0.29,-0.0555057806550193,0.288661718296616,0.00449421934498075,-0.00133828170338421,0.00468924358915296,0.256901266888771,-0.0822427321524846,-0.321745823562149,0.419861038621056
-0.06,0.305,-0.0564633091636673,0.304205729485419,0.00353669083633265,-0.000794270514581003,0.00362478243790329,0.20131510671197,-0.0763861645656001,-0.279260887611251,0.352632463333776
-0.06,0.32,-0.0580059986877857,0.319777841315914,0.00199400131221431,-0.000222158684086038,0.00200633888314692,0.146110696387238,-0.0621477439847914,-0.208953021132697,0.262435064601177
-0.06,0.335,-0.0600221987027927,0.335341895649966,-2.21987027927417e-05,0.000341895649965868,0.000342615554041645,0.0966919112380122,-0.0409008239511883,-0.12269881786085,0.161484427323443
-0.06,0.35,-0.0623018844086285,0.350854320756366,-0.00230188440862852,0.000854320756365962,0.00245530767632995,0.0597415937732978,-0.0177331179001383,-0.0409393861757727,0.0745624276937938
-0.04,0.05,-0.0380398151248776,0.0505644229194394,0.00196018487512237,0.000564422919439422,0.00203982792819566,0.0677009904956926,-0.0279627208957261,0.0840630434975027,0.111498596761474
-0.04,0.065,-0.0404371003314256,0.065196080873381,-0.000437100331425577,0.000196080873381022,0.000479066183985275,0.0980108194107859,-0.0498969207931105,0.172704960211978,0.204750754147203
-0.04,0.08,-0.0425117263285377,0.0797989459893113,-0.00251172632853766,-0.000201054010688706,0.00251976027920977,0.134944431208768,-0.0677092165117388,0.261608099541168,0.302048914171611
-0.04,0.095,-0.0440656121018416,0.0944015036178419,-0.00406561210184161,-0.000598496382158115,0.00410942814538682,0.174127414280841,-0.0771611616787106,0.331038121213249,0.381917502930377
-0.04,0.11,-0.0449985343017469,0.109027201836811,-0.00499853430174695,-0.000972798163189015,0.00509231592029057,0.212051981032937,-0.0775984462360084,0.369796235609022,0.433287101221394
-0.04,0.125,-0.045293642958602,0.123693753859707,-0.005293642958602,-0.00130624614029323,0.00545242466726387,0.246116552642939,-0.0706643577349364,0.373656291519852,0.452975608470854
-0.04,0.14,-0.0449985156379825,0.138413076444857,-0.00499851563798248,-0.00158692355514348,0.00524437650755785,0.274587309857379,-0.0591905471015928,0.343629447722718,0.44382867633541
-0.04,0.155,-0.0442044780339856,0.153191935180481,-0.00420447803398558,-0.0018080648195189,0.00457676020016879,0.29647919154154,-0.0463178679726105,0.284239991260828,0.413325984441693
-0.04,0.17,-0.0430276047767378,0.168033177887259,-0.0030276047767378,-0.00196682211274118,0.00361037115921525,0.311373920247678,-0.0348826839110048,0.2020231281988,0.372806054837907
-0.04,0.185,-0.0415943380450032,0.182937274845992,-0.0015943380450032,-0.00206272515400752,0.00260705751043584,0.319209788518883,-0.0270566344992904,0.104414311747973,0.336941576889289
-0.04,0.2,-0.0400331884747055,0.197903797527564,-3.31884747055461e-05,-0.00209620247243611,0.00209646518699943,0.320086659180914,-0.0241806068651257,-0.000899666419525005,0.321000389495159
-0.04,0.215,-0.0384720286301736,0.212932478422265,0.00152797136982639,-0.0020675215777349,0.00257086405346696,0.314127484911849,-0.026711349239581,-0.106223371901283,0.332675951368422
-0.04,0.23,-0.0370387079497536,0.228023596020253,0.00296129205024636,-0.00197640397974677,0.00356025607197167,0.301425633841376,-0.0342119320343698,-0.203857584573842,0.365494509968146
-0.04,0.245,-0.0358616710935488,0.243177591903192,0.00413832890645122,-0.00182240809680823,0.00452182898938935,0.282088748251905,-0.0453590274410034,-0.286101200373304,0.404334117520241
-0.04,0.26,-0.0350672613947682,0.258394011002528,0.00493273860523183,-0.00160598899747197,0.00518759200473066,0.256369146237172,-0.0579930929863906,-0.34548670146343,0.434108627379987
-0.04,0.275,-0.0347714332101916,0.273670018488326,0.00522856678980836,-0.00132998151167404,0.00539506825692518,0.224852456140839,-0.0692802108908369,-0.375422126586438,0.44305882901046
-0.04,0.29,-0.0350653637402722,0.288998847756066,0.00493463625972784,-0.00100115224393424,0.00503517038751971,0.188664459882079,-0.0760685870257038,-0.371301586528293,0.423375001748217
-0.04,0.305,-0.035996387382352,0.304368545051434,0.00400361261764801,-0.00063145494856609,0.00405310366808683,0.149654150032853,-0.0755019082010707,-0.332021047818242,0.371934624278314
-0.04,0.32,-0.037547128945506,0.319761290488988,0.00245287105449404,-0.00023870951101243,0.00246445909696682,0.110519604864262,-0.0659054808782267,-0.261735794656076,0.291657205216685
-0.04,0.335,-0.0396161805524921,0.335153414416821,0.000383819447507899,0.000153414416821013,0.000413344107946152,0.0748600712373974,-0.0479139282851067,-0.171652871887283,0.193299039461487
-0.04,0.35,-0.0420029877571881,0.35051603976486,-0.00200298775718813,0.000516039764859755,0.00206839478687267,0.047157273304262,-0.0257919958935926,-0.0816775204111361,0.0977765572055003
-0.02,0.05,-0.0182293519926058,0.0502723383169905,0.00177064800739424,0.000272338316990473,0.00179146937595662,0.0430936672833094,-0.0317627449760494,0.110219302232438,0.122532593366776
-0.02,0.065,-0.0206820594333841,0.0650782823513453,-0.000682059433384063,7.82823513453268e-05,0.000686537105479626,0.0598293711306428,-0.0526036452206843,0.20369516004895,0.218720080151605
-0.02,0.08,-0.0227800021335088,0.0798726418400138,-0.00278000213350882,-0.000127358159986185,0.00278291788654079,0.0793618599482699,-0.0680635347145941,0.29472488049026,0.312720238427457
-0.02,0.095,-0.024330820779339,0.0946694532456926,-0.00433082077933897,-0.000330546754307381,0.00434341683234954,0.0995181743850919,-0.0744067034683992,0.363907848546182,0.384538296969513
-0.02,0.11,-0.0252406597658637,0.109480116514276,-0.00524065976586369,-0.000519883485724126,0.00526638335295401,0.118571243689107,-0.0714314955057053,0.400468456312351,0.423718539983248
-0.02,0.125,-0.0254991224173783,0.12431304063723,-0.00549912241737827,-0.000686959362769857,0.00554186435483668,0.135265504609051,-0.0611616950427093,0.400649671493119,0.427268668356318
-0.02,0.14,-0.0251596427687379,0.139173639349663,-0.00515964276873793,-0.000826360650336894,0.00522539811166717,0.148798157409587,-0.04671962212044,0.365923432082367,0.397774067017516
-0.02,0.155,-0.0243181821466367,0.154064705237601,-0.00431818214663666,-0.000935294762399341,0.00441831114161319,0.15875561968936,-0.031442109116721,0.301213754759405,0.341938629133174
-0.02,0.17,-0.0230938347102931,0.168987091114223,-0.00309383471029308,-0.0010129088857766,0.00325542587467438,0.165015449185589,-0.0182773687955491,0.213356885043478,0.270343220127606
-0.02,0.185,-0.0216143900682912,0.183940545102154,-0.0016143900682912,-0.00105945489784645,0.00193098419806276,0.167632976605964,-0.00944706606246266,0.109978122771048,0.200711959253528
-0.02,0.2,-0.0200083392188787,0.198924504237557,-8.33921887871182e-06,-0.00107549576244315,0.00107552809242933,0.166736182040024,-0.00630626198621867,-0.0011410982769831,0.166859357318649
-0.02,0.215,-0.0184027670711867,0.213938660489158,0.00159723292881325,-0.00106133951084181,0.00191770555251824,0.162450832700559,-0.00931048874954679,-0.11226568947064,0.197688092833496
-0.02,0.23,-0.0169247271732765,0.228983167440181,0.00307527282672352,-0.00101683255981896,0.00323902013168984,0.15487124030754,-0.0180141619188731,-0.215657773708387,0.266116541715354
-0.02,0.245,-0.0157026146167678,0.244058440127593,0.00429738538323224,-0.000941559872406766,0.00439932450784717,0.144082082851814,-0.0310707040853999,-0.303524625502879,0.337420453714792
-0.02,0.26,-0.0148640564364053,0.259164594801966,0.00513594356359472,-0.000835405198033712,0.00520344291150885,0.130225866884217,-0.0462630146009255,-0.368213917316654,0.393295231593075
-0.02,0.275,-0.014527919045975,0.274300658958246,0.005472080954025,-0.000699341041753954,0.00551658842583754,0.11360109092367,-0.0606399352934739,-0.402839457364678,0.422921801434581
-0.02,0.29,-0.0147898671108113,0.289463735432881,0.00521013288918867,-0.000536264567118722,0.00523765829440529,0.0947701069551814,-0.0708507262044138,-0.402403485666109,0.419440758094109
-0.02,0.305,-0.0157029264808693,0.304648313005498,0.00429707351913072,-0.000351686994502137,0.00431144112460282,0.0746546742648862,-0.0737476392630149,-0.365348784002151,0.38012142618083
-0.02,0.32,-0.0172560395158579,0.319845874852581,0.00274396048414213,-0.000154125147418666,0.00274828559280151,0.0546016620936227,-0.0672760429734927,-0.295366963847314,0.30781370775985
-0.02,0.335,-0.0193541226703117,0.335044875093716,0.000645877329688321,4.48750937163123e-05,0.000647434397480829,0.0364100697620469,-0.0516181831064556,-0.203242905890594,0.212832941272029
-0.02,0.35,-0.021802463025238,0.350231055875506,-0.00180246302523801,0.000231055875506259,0.00181721208860059,0.0223206709144156,-0.0305336749911691,-0.108542257354491,0.114943219555336
0,0.05,0.00171175085149719,0.050009205528416,0.00171175085149719,9.20552841601752e-06,0.00171177560426441,0.0111539997576312,-0.0327795177408695,0.119676775434081,0.124585092154877
0,0.065,-0.000757361159141295,0.0650024355079617,-0.000757361159141295,2.43550796169556e-06,0.000757365075161826,0.0121550718685819,-0.053167259489918,0.214809242928845,0.221624852721865
0,0.08,-0.00286102755518677,0.0799985099936408,-0.00286102755518677,-1.49000635923935e-06,0.00286102794318003,0.0124783197576735,-0.0677635208882555,0.306541589301006,0.314190382675762
0,0.095,-0.00440879913853373,0.0949970364936462,-0.00440879913853373,-2.96350635375919e-06,0.00440880013453838,0.012175606689982,-0.0730064426028586,0.375594785563843,0.382818722361962
0,0.11,-0.0053090244935608,0.10999755985768,-0.0053090244935608,-2.44014231998158e-06,0.00530902505433182,0.0112979597224363,-0.0688501766055179,0.411344427255867,0.417220562460543
0,0.125,-0.00555357141707917,0.124999555894797,-0.00555357141707917,-4.44105203140088e-07,0.00555357143483616,0.0099058364951537,-0.0574481707932045,0.410199343463248,0.414321936832966
0,0.14,-0.00519793224977516,0.140002452813288,-0.00519793224977516,2.45281328775659e-06,0.00519793282849497,0.00807345973200383,-0.0420200529054307,0.373793269804839,0.376235010052807
0,0.155,-0.00433968648899832,0.155005670025163,-0.00433968648899832,5.67002516344006e-06,0.00433969019308751,0.00588889077023369,-0.0259661693307924,0.307189852081393,0.308341946002645
0,0.17,-0.00309896369712522,0.170008662652577,-0.00309896369712522,8.6626525769018e-06,0.00309897580462476,0.00345150888003853,-0.0122685769387117,0.217330020349697,0.217703526979779
0,0.185,-0.00160398972974113,0.185010962204226,-0.00160398972974113,1.09622042260005e-05,0.0016040271889954,0.000868360158115196,-0.00316136476774581,0.111904806008974,0.111952837717082
0,0.2,1.67949012692274e-05,0.200012208124175,1.67949012692274e-05,1.22081241754335e-05,2.07631164454159e-05,-0.0017495944715999,-4.0827463696309e-08,-0.00127177089186462,0.00216298005460055
0,0.215,0.00163662912038137,0.215012168818441,0.00163662912038137,1.2168818440933e-05,0.00163667435912662,-0.00429086411787947,-0.00323600031597199,-0.114451141501046,0.114577272519419
0,0.23,0.00312879093129077,0.230010752839057,0.00312879093129077,1.0752839056688e-05,0.00312880940858902,-0.00664647978025734,-0.0124178679069199,-0.219882455926962,0.220333232594742
0,0.245,0.00436496393456394,0.245008010666499,0.00436496393456394,8.01066649883109e-06,0.00436497128522304,-0.0087130099673712,-0.0261892400084082,-0.309742110156524,0.310969781521487
0,0.26,0.00521714555884359,0.260004126198651,0.00521714555884359,4.12619865122754e-06,0.00521714719053207,-0.0103958249798658,-0.0423123941431254,-0.376315392809047,0.378830053662658
0,0.275,0.00556553777925275,0.274999396268836,0.00556553777925275,-6.03731164339205e-07,0.00556553781199814,-0.0116126563726515,-0.0577960223303146,-0.412616819562433,0.416807677381088
0,0.29,0.00531300363224871,0.289994197822518,0.00531300363224871,-5.8021774821948e-06,0.00531300680044281,-0.0122971735187604,-0.0692221053931481,-0.413516459102599,0.419451508615155
0,0.305,0.00440462677430695,0.304988945845701,0.00440462677430695,-1.10541542994169e-05,0.00440464064541807,-0.0124020829250316,-0.0733447063219221,-0.37730418744145,0.384567630834815
0,0.32,0.00284934889803645,0.319984049468215,0.00284934889803645,-1.59505317853248e-05,0.00284939354287992,-0.0119012696456248,-0.0679813158719558,-0.307514719117947,0.315164484755428
0,0.335,0.000740120915691922,0.334979876905474,0.000740120915691922,-2.01230945260367e-05,0.000740394427840967,-0.0107908337087399,-0.0531618795000612,-0.214788812673109,0.221533118777251
0,0.35,-0.00173032532032327,0.349976739986291,-0.00173032532032327,-2.32600137088923e-05,0.00173048165040534,-0.00908951813215443,-0.0324756715272469,-0.118573434837134,0.123275925836771
0.02,0.05,0.0217924610897396,0.0497455308405559,0.00179246108973957,-0.000254469159444132,0.00181043401187079,-0.0211530119268105,-0.0312752951597252,0.111396548934408,0.117621384001925
0.02,0.065,0.0193438593943262,0.0649262127468157,-0.000656140605673816,-7.37872531842987e-05,0.000660276497496682,-0.0358690307663996,-0.0520638227497452,0.205110433360569,0.21463357788039
0.02,0.08,0.0172499828648844,0.0801241515884251,-0.00275001713511555,0.000124151588425131,0.00275281816695866,-0.0547284440130125,-0.067478294718445,0.296249742378864,0.308727490369368
0.02,0.095,0.0157032930899598,0.0953245049088046,-0.00429670691004019,0.000324504908804563,0.00430894345595593,-0.0754544763489002,-0.0737948999154201,0.365435142447748,0.380371449990854
0.02,0.11,0.0147975204841994,0.110514957400649,-0.00520247951580055,0.000514957400649413,0.00522790342649976,-0.0962188080353527,-0.0708214901083283,0.401909628514894,0.419292113637522
0.02,0.125,0.0145428263224238,0.125686058249851,-0.00545717367757624,0.000686058249851018,0.00550012913206769,-0.115646387526025,-0.0605882820121561,0.40193252678865,0.422605717705283
0.02,0.14,0.01488552561565,0.140831263196733,-0.00511447438435003,0.000831263196732768,0.00518158727905022,-0.132787709720493,-0.0462206604598438,0.36699022568311,0.393002998223943
0.02,0.155,0.0157294526345657,0.155946633171985,-0.00427054736543434,0.000946633171985428,0.00437420726106129,-0.147054837543989,-0.0310552656264127,0.302019717227352,0.337351142194531
0.02,0.17,0.0169553823424994,0.171030238235067,-0.00304461765750064,0.00103023823506665,0.00321420091179097,-0.158128169947153,-0.0180372480008419,0.213869318924181,0.266589711433591
0.02,0.185,0.0184354659909128,0.186081401884254,-0.00156453400908715,0.00108140188425385,0.00190189292570799,-0.165850307417886,-0.00938281779118994,0.110176092048273,0.199331816515644
0.02,0.2,0.0200412069823274,0.20109997024827,4.12069823274218e-05,0.00109997024827002,0.00110074182371333,-0.170128496541158,-0.00643961533479245,-0.0012666964714446,0.170255102211742
0.02,0.215,0.0216455470183485,0.216085788959672,0.00164554701834847,0.00108578895967204,0.00197148742185722,-0.170866692914094,-0.00965413437942019,-0.112712113071195,0.204921190352164
0.02,0.23,0.0231214762485918,0.231038520039787,0.00312147624859182,0.00103852003978666,0.00328970178641793,-0.167942590762316,-0.0185704976408951,-0.216411044026738,0.274560487699611
0.02,0.245,0.0243406543095335,0.245957846515843,0.00434065430953347,0.000957846515842881,0.00444508152712454,-0.161235581710722,-0.0318311090186886,-0.304561227423968,0.3460751908043
0.02,0.26,0.0251755200157489,0.260844015892652,0.00517552001574888,0.000844015892651651,0.00524388884898086,-0.150700720886065,-0.0472079233682946,-0.369503745859362,0.401837001008302
0.02,0.275,0.0255072841937471,0.27569858892284,0.00550728419374709,0.000698588922839638,0.00555141474525285,-0.136473825691109,-0.0617399487529563,-0.404349666832281,0.431203498421056
0.02,0.29,0.0252403660179439,0.290525209524701,0.00524036601794392,0.000525209524701281,0.00526661950845686,-0.118986181340762,-0.0720687770574445,-0.404102373885485,0.427377111494362
0.02,0.305,0.0243218185228454,0.305330210086677,0.00432181852284541,0.000330210086677135,0.00433441507538826,-0.099065915583013,-0.075041870778264,-0.3672084517179,0.387669909026048
0.02,0.32,0.0227627576507916,0.320122916077657,0.00276275765079162,0.000122916077656493,0.00276549058923622,-0.078007642286689,-0.0686026761582757,-0.297363365545037,0.314986889386342
0.02,0.335,0.0206582906719046,0.334915600947646,0.000658290671904593,-8.43990523543559e-05,0.000663678995264212,-0.0576013278340773,-0.0529333792051664,-0.205352083549244,0.219748476706845
0.02,0.35,0.0182031133851903,0.349723140204405,-0.00179688661480973,-0.000276859795594969,0.00181809044134203,-0.0401227350434522,-0.0317933093619258,-0.110731877713197,0.121992634004052
0.04,0.05,0.0420026914339652,0.0494517261460798,0.00200269143396517,-0.000548273853920228,0.0020763856093149,-0.0468437372486155,-0.0270302513044901,0.0862745351381726,0.10182469419488
0.04,0.065,0.0396136228988984,0.0648071741049376,-0.000386377101101648,-0.000192825895062448,0.000431820668868858,-0.07508174544443,-0.0488636413234822,0.175404021248994,0.196955662045237
0.04,0.08,0.0375470213420039,0.080197053653553,-0.0024529786579961,0.000197053653552992,0.00246088082583511,-0.111264237965358,-0.0665872171279368,0.26454113051383,0.294611250812076
0.04,0.095,0.0360012268462768,0.0955920060360571,-0.00399877315372321,0.00059200603605708,0.00404235796060486,-0.150912393271059,-0.0759856160443495,0.333993084740945,0.374299670315105
0.04,0.11,0.0350762572869609,0.110967647927781,-0.00492374271303915,0.000967647927780785,0.00501792634624549,-0.190419238945331,-0.0764231744626656,0.372597413492705,0.425358262739785
0.04,0.125,0.034788524210789,0.126305239381192,-0.00521147578921105,0.00130523938119184,0.00537244169291273,-0.227067657772367,-0.0695560100893449,0.376159996403996,0.4448540173677
0.04,0.14,0.0350899665700943,0.141591768435273,-0.0049100334299057,0.00159176843527312,0.00516160392071335,-0.258982086390186,-0.0582221327599542,0.345720449254647,0.435872783151481
0.04,0.155,0.0358888552343476,0.156819364398393,-0.00411114476565237,0.00181936439839289,0.00449573109719547,-0.285008267592845,-0.0455623963604311,0.285828780521596,0.406207370033367
0.04,0.17,0.0370688493450247,0.171984138855986,-0.0029311506549753,0.00198413885598561,0.00353955522092735,-0.304535543862251,-0.0344074732235677,0.203044232189874,0.367631875117814
0.04,0.185,0.0385033785883712,0.187084718831332,-0.00149662141162883,0.00208471883133163,0.00256630634481828,-0.317293657669186,-0.0269185109195139,0.104825659040729,0.335244106377046
0.04,0.2,0.040063910338776,0.202120829616914,6.39103387760417e-05,0.00212082961691398,0.00212179235444517,-0.323165463905898,-0.0244219547130963,-0.00111673961910171,0.324089302644755
0.04,0.215,0.0416226167997293,0.217092279891783,0.00162261679972926,0.00209227989178293,0.00264773873792767,-0.322055772807996,-0.0273569103601619,-0.10706430364277,0.340487044732013
0.04,0.23,0.0430517312887966,0.231998603470817,0.00305173128879656,0.00199860347081687,0.00364794184336609,-0.313845390935632,-0.0352664042391237,-0.205295986991768,0.376682362231584
0.04,0.245,0.0442229176053236,0.246839449086715,0.00422291760532365,0.00183944908671471,0.00460614872143399,-0.298441377243831,-0.0468057654006847,-0.288092322313027,0.417439806813622
0.04,0.26,0.0450099654681837,0.261615624092311,0.00500996546818369,0.00161562409231117,0.00526402841938086,-0.275913848003875,-0.0597943845995508,-0.347973182303174,0.448096171575452
0.04,0.275,0.045297077130652,0.276330535733878,0.00529707713065204,0.00133053573387801,0.00546162535031497,-0.246691016909676,-0.0713795150055822,-0.378341344950291,0.457268822598646
0.04,0.29,0.0449932448120125,0.290991676358943,0.00499324481201245,0.000991676358943011,0.00509076769786009,-0.211771991197141,-0.078394696127672,-0.374592900359191,0.437394415538548
0.04,0.305,0.0440512929572058,0.305611795117763,0.00405129295720577,0.000611795117762604,0.00409722685376624,-0.17291459968884,-0.0779743313536909,-0.335630517751206,0.385522840224746
0.04,0.32,0.0424887143209462,0.320209492624163,0.00248871432094622,0.000209492624163199,0.00249751599211328,-0.132764253708845,-0.0684396371751881,-0.265615742077871,0.304733116586927
0.04,0.335,0.0404069661801657,0.334809140845235,0.000406966180165697,-0.000190859154764828,0.000449498263351709,-0.0949072547959762,-0.0504242497425101,-0.17575395250537,0.206008469528428
0.04,0.35,0.0380065727754009,0.349440217954926,-0.00199342722459914,-0.000559782045073787,0.00207053327376307,-0.063852761496413,-0.0281908621865863,-0.0859316007213806,0.110707468935146
0.06,0.05,0.0623125302869829,0.0491053663578339,0.00231253028698294,-0.000894633642166132,0.00247954949172402,-0.0602117685269849,-0.0194747628087763,0.0471151698977169,0.0788959040401189
0.06,0.065,0.0600282918998956,0.0646091035041736,2.82918998955883e-05,-0.000390896495826409,0.000391918999346891,-0.0976062229527297,-0.0423722426609666,0.128225028031045,0.16662550551958
0.06,0.08,0.0580124250686048,0.0801698503467547,-0.00198757493139523,0.000169850346754707,0.00199481910162387,-0.147389063864609,-0.0633259082498192,0.213611186056137,0.267139616847958
0.06,0.095,0.0564728082062932,0.0957436323977342,-0.00352719179370675,0.000743632397734229,0.00360472899016725,-0.202925160385875,-0.0773171630913029,0.283079844917194,0.356778887178939
0.06,0.11,0.0555197022878426,0.111293627834934,-0.00448029771215744,0.0012936278349337,0.00466331862141956,-0.258829872181818,-0.0829840861681984,0.324821772242149,0.423543695394265
0.06,0.125,0.0551797536535613,0.126791141231151,-0.00482024634643866,0.00179114123115065,0.00514227204164493,-0.310997075261571,-0.0813644715176518,0.333918243112824,0.463510434418932
0.06,0.14,0.0554141833897104,0.142215772449215,-0.00458581661028956,0.00221577244921486,0.00509306995140527,-0.356535473197827,-0.0748124873132808,0.310690574633295,0.478794756775509
0.06,0.155,0.0561386897831298,0.157554648563311,-0.00386131021687022,0.00255464856331103,0.00462989696137327,-0.393605934456056,-0.066128629190517,0.25905872804708,0.47582702013406
0.06,0.17,0.0572419136895029,0.172800849205434,-0.00275808631049711,0.00280084920543378,0.00393087730255353,-0.421179716749983,-0.0579334283610585,0.185099309552668,0.46369339423129
0.06,0.185,0.0585997270808594,0.187951389910139,-0.00140027291914059,0.00295138991013871,0.00326672108539237,-0.438761215655288,-0.0522772842119483,0.0959566432432296,0.452164856327222
0.06,0.2,0.0600839568767915,0.203005262174511,8.3956876791454e-05,0.00300526217451125,0.0030064346815969,-0.446131873606826,-0.0504384712707307,-0.000828847942110847,0.448975953152857
0.06,0.215,0.0615659709523207,0.217962025247644,0.00156597095232071,0.00296202524764422,0.00335050124476831,-0.443170397497572,-0.0528412843885491,-0.0976247522310571,0.456863109371038
0.06,0.23,0.0629172149025727,0.232821307796233,0.00291721490257268,0.00282130779623324,0.00405831497901267,-0.429789163486391,-0.0590362681669299,-0.186795843139861,0.472332463937577
0.06,0.245,0.0640097617569527,0.247583348068962,0.00400976175695271,0.00258334806896215,0.00476989272341957,-0.406001815637782,-0.0677197879107801,-0.260791518156799,0.487275169709232
0.06,0.26,0.064719925065321,0.262250439207235,0.00471992506532097,0.00225043920723536,0.00522897401482425,-0.372108581562116,-0.0768153857334827,-0.312445804422582,0.491924046127542
0.06,0.275,0.0649369975793675,0.276828918260194,0.00493699757936747,0.00182891826019368,0.00526487294254573,-0.328960361293246,-0.0836751210558268,-0.335645657795981,0.477363353166879
0.06,0.29,0.0645775242435666,0.2913312032629,0.00457752424356658,0.00133120326290009,0.00476716166367323,-0.278246373453051,-0.0854698500754862,-0.326422035667782,0.437353877020114
0.06,0.305,0.0636037346113996,0.305777381431268,0.00360373461139965,0.000777381431267654,0.00368662786826655,-0.222747575521509,-0.079818204884425,-0.284404940604265,0.36996496326121
0.06,0.32,0.0620434494781418,0.320195987169105,0.00204344947814183,0.000195987169105072,0.00205282652461721,-0.16651032340108,-0.0656645046287211,-0.214494035400196,0.279365997952359
0.06,0.335,0.0600083984306252,0.334623843058228,8.39843062522272e-06,-0.000376156941772232,0.000376250685687621,-0.114918401801276,-0.0443784116669653,-0.128558998009113,0.178053710941212
0.06,0.35,0.0577085712622837,0.349105099225321,-0.00229142873771634,-0.000894900774679352,0.00245997826343121,-0.0746693283623786,-0.021040906796764,-0.0470078612878822,0.090708153424482
0.08,0.05,0.0826700858315469,0.0486992089523569,0.00267008583154693,-0.00130079104764314,0.0029700868164847,-0.0580636554161233,-0.00807783163049469,-0.00146373628400012,0.0586411311953475
0.08,0.065,0.08054624641539,0.0643092554149319,0.000546246415390028,-0.000690744585068126,0.00088063228882854,-0.0981135810691194,-0.0310466501601581,0.0677835626172915,0.123226565685896
0.08,0.08,0.0786143797751897,0.0800066818326385,-0.00138562022481029,6.68183263852207e-06,0.00138563633551185,-0.155879348251537,-0.0552207794484357,0.147149525655958,0.221361129253098
0.08,0.095,0.0770952581739067,0.0957327852782756,-0.00290474182609335,0.000732785278275583,0.00299574687520717,-0.222638077849137,-0.0744924462985594,0.215789536517675,0.318876503983186
0.08,0.11,0.0761129584031067,0.111437844610995,-0.00388704159689326,0.00143784461099528,0.00414445285910537,-0.291238521910135,-0.0865130635740887,0.261052702489751,0.400566541077018
0.08,0.125,0.0757079821263426,0.127082358209108,-0.00429201787365743,0.00208235820910846,0.00477049611034704,-0.356135240021728,-0.0914703292844219,0.277072825359835,0.460401587140658
0.08,0.14,0.0758542431701703,0.142637345382684,-0.00414575682982975,0.00263734538268362,0.00491354152924778,-0.413315921167647,-0.0910371759611898,0.263222875684555,0.498403116717
0.08,0.155,0.0764778033304853,0.158083530677495,-0.00352219666951473,0.00308353067749456,0.00468124244381667,-0.460113498368258,-0.0875154495742951,0.222576081593853,0.518560828602493
0.08,0.17,0.0774745595053844,0.173409548244097,-0.00252544049461564,0.00340954824409717,0.00424297877919164,-0.494925820957601,-0.0831978445621202,0.160538655101662,0.526923207156585
0.08,0.185,0.0787243915548852,0.188609591886437,-0.00127560844511479,0.00360959188643711,0.00382835872037624,-0.516893330670204,-0.0799448999087522,0.0837882613182499,0.52970970695298
0.08,0.2,0.0801004594362595,0.203681106863235,0.000100459436259546,0.00368110686323531,0.00368247740480395,-0.525600678689571,-0.0789421230207291,-0.000424774778432349,0.531498013522132
0.08,0.215,0.0814739658290831,0.21862312211286,0.0014739658290831,0.0036231221128602,0.00391146891972839,-0.520866857695612,-0.0805851035088102,-0.0846559147285122,0.53382106329382
0.08,0.23,0.0827162110268977,0.233435659066356,0.00271621102689773,0.00343565906635585,0.00437967528052868,-0.502670730251204,-0.0844471751020057,-0.161457213954921,0.534677187650402
0.08,0.245,0.0837006582278183,0.248120373722834,0.00370065822781826,0.00312037372283436,0.00484062015544229,-0.471229557761581,-0.0893117040638805,-0.223566781192389,0.529167244506602
0.08,0.26,0.0843077155875849,0.262682268303063,0.00430771558758493,0.0026822683030634,0.00507454203186265,-0.427214530718175,-0.0932868338659354,-0.264284196225662,0.510942809974257
0.08,0.275,0.0844340360286797,0.277132031909579,0.00443403602867971,0.00213203190957856,0.00491998328931013,-0.372057470853814,-0.0940484003595806,-0.278167498600459,0.473972891224444
0.08,0.29,0.0840066333164804,0.291488411213353,0.00400663331648037,0.00148841121335319,0.00427416406713242,-0.308284208556884,-0.0892640621679082,-0.262098474817927,0.414371312882839
0.08,0.305,0.083000516661265,0.305780018717416,0.00300051666126502,0.00078001871741612,0.00310024667309692,-0.239807758623442,-0.0772352412514688,-0.216664295053864,0.332290189178721
0.08,0.32,0.0814574080744378,0.320046158942725,0.00145740807443784,4.615894272475e-05,0.00145813886287626,-0.172129163305772,-0.0577624627170775,-0.147726393953377,0.234068610940606
0.08,0.335,0.079502832691478,0.33433654142362,-0.000497167308521979,-0.000663458576380227,0.000829067316468009,-0.112421439002071,-0.0332137269158225,-0.068015977421211,0.135528275102856
0.08,0.35,0.0773595608528103,0.348710066163936,-0.0026404391471897,-0.00128993383606446,0.0029386813694982,-0.0695038001731999,-0.00977743869842543,0.00138313982764884,0.0702017822944413
0.1,0.05,0.102998139530291,0.0482506259442293,0.00299813953029102,-0.00174937405577069,0.00347118859039627,-0.0408228660804801,0.00704641908565863,-0.0532052224590195,0.0674311103163353
0.1,0.065,0.101104323204891,0.063907273159347,0.0011043232048909,-0.00109272684065304,0.00155357062573417,-0.0749881693968484,-0.0136498284139012,-0.000152348806476496,0.0762205184437278
0.1,0.08,0.0993031257635792,0.0796915580662288,-0.000696874236420758,-0.00030844193377122,0.000762082756592448,-0.133240067591265,-0.0397809264823912,0.0702865013535671,0.155806434258997
0.1,0.095,0.0978312466458325,0.0955299345842639,-0.00216875335416755,0.000529934584263869,0.00223255946725097,-0.204859092258978,-0.0638918929620685,0.136510104045656,0.254331548153752
0.1,0.11,0.0968297130823345,0.111359312114679,-0.00317028691766552,0.00135931211467921,0.00344941278559624,-0.280956913690683,-0.0824141844331699,0.184884549362019,0.346282466697396
0.1,0.125,0.0963560703769191,0.127128492713122,-0.0036439296230809,0.00212849271312199,0.00422003605763978,-0.354512971780663,-0.0944724470115785,0.208429210958351,0.421957380678487
0.1,0.14,0.0964000328123595,0.142798643438197,-0.00359996718764055,0.0027986434381973,0.00455984307254684,-0.42029923426706,-0.10086685932287,0.205387421714989,0.478550826935971
0.1,0.155,0.0969008877211135,0.158342571541414,-0.00309911227888653,0.00334257154141421,0.00455821033154652,-0.474684478767444,-0.10323482892475,0.177801324307135,0.517298669024909
0.1,0.17,0.0977642708243863,0.173742920539572,-0.00223572917561371,0.00374292053957237,0.00435980952705999,-0.515341483460341,-0.103406431731311,0.130228594047291,0.541508452475391
0.1,0.185,0.0988761231433117,0.188989729867184,-0.00112387685668836,0.00398972986718371,0.00414500224391947,-0.540909536851928,-0.10295320046055,0.0687136124832212,0.554893193071079
0.1,0.2,0.100112619806511,0.204078000124606,0.000112619806510596,0.00407800012460552,0.00407955490673935,-0.550681348817263,-0.102907552393209,6.17657440835292e-05,0.560216401409202
0.1,0.215,0.101346266707621,0.219005919655155,0.00134626670762149,0.00400591965515545,0.00422608877469591,-0.544382506391798,-0.103616578005686,-0.068617758765232,0.558390162159379
0.1,0.23,0.10244968862663,0.233774234546181,0.00244968862663025,0.00377423454618064,0.00449953561793048,-0.522093194618121,-0.104697656404889,-0.130211658457735,0.548179050467671
0.1,0.245,0.103299422850304,0.248386935613752,0.00329942285030417,0.00338693561375208,0.00472837435032502,-0.484330866409669,-0.105082955219142,-0.177901253306536,0.526563978162778
0.1,0.26,0.103782021856647,0.262853079910149,0.00378202185664726,0.00285307991014888,0.00473748396280692,-0.43227679582468,-0.103165853781365,-0.205617790359785,0.489680055616132
0.1,0.275,0.103803965826023,0.277189259228443,0.0038039658260227,0.00218925922844326,0.0043889647953558,-0.368097898630264,-0.0970822194765181,-0.20876798436527,0.434172769349343
0.1,0.29,0.103305567017478,0.291422060155652,0.00330556701747792,0.00142206015565216,0.00359847584309403,-0.295295891379887,-0.0851637367250642,-0.185268426709169,0.358855592719155
0.1,0.305,0.102277672921019,0.305589879111104,0.0022776729210191,0.000589879111103642,0.00235281773643011,-0.219013967997664,-0.0665875665046359,-0.136844880281001,0.26669771629083
0.1,0.32,0.10077903441639,0.319743658175753,0.000779034416390406,-0.000256341824246997,0.000820125449415526,-0.146247171637639,-0.0422250010688931,-0.0704885872297239,0.167749357550766
0.1,0.335,0.0989520435452293,0.333946432019706,-0.00104795645477071,-0.00105356798029366,0.00148600747649386,-0.085931561977484,-0.0156778710979219,6.38446527578883e-05,0.0873500689150382
0.1,0.35,0.0970352291595618,0.348271924688792,-0.0029647708404382,-0.00172807531120778,0.00343163378254709,-0.0489198585834517,0.00549637742876693,0.0529426062296838,0.0722930354665134
0.12,0.05,0.12318985285482,0.0478129606492903,0.00318985285481962,-0.00218703935070969,0.00386759645735611,-0.0134211715473713,0.0243735931550201,-0.100475179179336,0.104256724089413
0.12,0.065,0.12161338764424,0.063436312021539,0.00161338764423982,-0.00156368797846101,0.00224680657480105,-0.0313109443679948,0.00991874734855857,-0.0684574013012037,0.0759287391084619
0.12,0.08,0.120006338020458,0.0792393093491818,6.3380204580743e-06,-0.000760690650818241,0.00076071705432809,-0.0807806691589369,-0.015388267570861,-0.0105388143989427,0.082905868895624
0.12,0.095,0.118624123602029,0.0951334297390728,-0.00137587639797077,0.000133429739072821,0.00138233113173438,-0.149227764875411,-0.042510998197805,0.0508616605592158,0.163288203304641
0.12,0.11,0.117627457677148,0.111041794682245,-0.00237254232285183,0.00104179468224475,0.0025911953291245,-0.226081579622008,-0.0664551771465003,0.101039045165746,0.256394558370226
0.12,0.125,0.11709369389926,0.126900714431724,-0.00290630610074037,0.00190071443172429,0.00347265467649257,-0.302840019947484,-0.0850933056319034,0.131787104499761,0.341058840567579
0.12,0.14,0.117031144299679,0.142660343896726,-0.00296885570032078,0.00266034389672631,0.00398641867070885,-0.372997454959808,-0.0981761464415301,0.14008786759881,0.410354709469466
0.12,0.155,0.117395101424262,0.158284165918321,-0.00260489857573847,0.00328416591832098,0.00419180657580301,-0.431856203798925,-0.106514805479137,0.126802876855132,0.462520611251298
0.12,0.17,0.118103635285493,0.173747377345012,-0.00189636471450667,0.0037473773450119,0.004199885247996,-0.476243948712734,-0.111336739108336,0.0954770925947081,0.498318782191477
0.12,0.185,0.119051313405086,0.189034594411162,-0.00094868659491407,0.0040345944111625,0.00414463005803332,-0.50418738285812,-0.113815530020229,0.0513464912373068,0.519420062990386
0.12,0.2,0.120119760994311,0.204137512200152,0.000119760994311114,0.00413751220015229,0.00413924508843913,-0.514608917437014,-0.114761324716111,0.000589333689799326,0.527252130037495
0.12,0.215,0.121185140661409,0.219053180780625,0.00118514066140873,0.00405318078062455,0.00422289389255148,-0.50711281802725,-0.114449397877781,-0.0502061057657682,0.522287867799495
0.12,0.23,0.12212375347235,0.233783390826425,0.00212375347234973,0.00378339082642548,0.00433870659952918,-0.481909455519031,-0.1125659107416,-0.0944466619403932,0.503815060370897
0.12,0.245,0.122817638917092,0.248335346763635,0.00281763891709225,0.00333534676363512,0.00436619137244395,-0.439896012139624,-0.108262462376639,-0.125938876329945,0.470203257820283
0.12,0.26,0.123162042880715,0.262723439293558,0.00316204288071534,0.00272343929355756,0.004173204615781,-0.382876893240319,-0.100328103919834,-0.139420569918046,0.41964190250324
0.12,0.275,0.123075937801352,0.276971618706719,0.00307593780135165,0.00197161870671908,0.00365358367667536,-0.313876287347133,-0.0875002655784414,-0.131311184721663,0.351308460086265
0.12,0.29,0.122515666808159,0.29111570726927,0.00251566680815915,0.00111570726927024,0.00275197787061889,-0.237476826536583,-0.0689380884664617,-0.100711801983423,0.267003182109051
0.12,0.305,0.121490650067857,0.305205023129513,0.00149065006785745,0.000205023129512927,0.00150468339142781,-0.160117001539797,-0.0448728016438461,-0.050619199423091,0.173819875247729
0.12,0.32,0.120079358894995,0.319302909688548,7.93588949949409e-05,-0.000697090311451987,0.000701592999206125,-0.0902959010948007,-0.0174375362677377,0.0107326907499231,0.0925883898932626
0.12,0.335,0.118443712663008,0.333486105206982,-0.00155628733699173,-0.0015138947930185,0.00217115354583902,-0.0386617450164733,0.00832350937330969,0.0685107609186748,0.0791058575035988
0.12,0.35,0.116840723336257,0.347843244321317,-0.00315927666374349,-0.00215675567868301,0.00382526131076109,-0.0179912825846233,0.0232451373933776,0.0999933675858338,0.104224273650384
0.14,0.05,0.143103685718938,0.0474892214491328,0.00310368571893782,-0.00251077855086723,0.0039921014482893,0.0141037338877076,0.0401167524004357,-0.134611872503554,0.14116881891175
0.14,0.065,0.141953361736777,0.0629766832931448,0.00195336173677713,-0.00202331670685524,0.002812371343003,0.0244350760506632,0.0376968580846303,-0.128942799049486,0.136544426110903
0.14,0.08,0.140624142261305,0.0787093617390427,0.000624142261304556,-0.00129063826095727,0.00143363199008433,-0.0054389301148318,0.0177000557699713,-0.0878104132493097,0.089741541421749
0.14,0.095,0.139392911817358,0.0945835396570918,-0.000607088182642046,-0.000416460342908154,0.000736203286272752,-0.0611687438709671,-0.00903537972582591,-0.0344705414887807,0.0707917522116403
0.14,0.11,0.138442550044172,0.110508196224264,-0.00155744995582836,0.000508196224263513,0.00163826547521013,-0.13058544455852,-0.0359064702559305,0.015260574499578,0.136289129533082
0.14,0.125,0.137872656728077,0.126406535060435,-0.00212734327192253,0.00140653506043525,0.00255028043023266,-0.203737344530028,-0.0593697984727007,0.0518897577698544,0.218463459897175
0.14,0.14,0.137712680787326,0.142216797376146,-0.00228731921267364,0.00221679737614594,0.00318528174382636,-0.272825928902412,-0.0779724488846883,0.0710515271678475,0.292510163273141
0.14,0.155,0.137936631194025,0.157892026220348,-0.00206336880597544,0.00289202622034801,0.00355264781376551,-0.332035836340603,-0.0915534600637326,0.0723116478213796,0.351936352915279
0.14,0.17,0.138477905408388,0.173398796229333,-0.00152209459161237,0.00339879622933276,0.00372405528347018,-0.3772793717251,-0.100606677856122,0.0580564325965094,0.394756372669653
0.14,0.185,0.139242741533749,0.188715261493985,-0.000757258466250736,0.00371526149398504,0.00379164981945807,-0.405900975377274,-0.105802178836003,0.0325389531593672,0.420724710107299
0.14,0.2,0.1401213596847,0.203829100046653,0.000121359684700419,0.0038291000466531,0.00383102275382819,-0.416402220589546,-0.107659046021563,0.00111380691900107,0.430096952680141
0.14,0.215,0.140996770941542,0.218735976320687,0.00099677094154229,0.00373597632068662,0.00386666152884297,-0.408247837999097,-0.106357178651098,-0.0303601735229962,0.422966546275576
0.14,0.23,0.141752138998584,0.233438990358717,0.00175213899858393,0.00343899035871698,0.00385961730715715,-0.381797347750997,-0.101676328669391,-0.0560185057990623,0.399056396131829
0.14,0.245,0.142278133189724,0.247949284000757,0.00227813318972409,0.00294928400075706,0.00372668310260532,-0.338379163166535,-0.0930576186300055,-0.0704895649943603,0.357951636354066
0.14,0.26,0.142481705692146,0.262287623571388,0.00248170569214597,0.00228762357138756,0.00337521625185671,-0.280491846256386,-0.079792718084822,-0.0694924566419398,0.299786524444688
0.14,0.275,0.142297167185861,0.276486484794943,0.00229716718586102,0.00148648479494307,0.00273616778092894,-0.212089056781003,-0.0613531222111052,-0.0506057583596557,0.226510448356711
0.14,0.29,0.14169953958527,0.290592020326681,0.00169953958527028,0.000592020326680542,0.00179970077210174,-0.138888124474218,-0.0378728719894327,-0.0142311419567006,0.144660990149767
0.14,0.305,0.140719278143414,0.304665339869971,0.000719278143413993,-0.000334660130029141,0.000793321152008568,-0.0686413569614209,-0.0107934860837637,0.0352757944722764,0.0779263616375935
0.14,0.32,0.139456927466761,0.318782761988095,-0.00054307253323882,-0.00121723801190537,0.00133289015075729,-0.0113238404698918,0.0163237701985876,0.0883745453694117,0.0905801126889817
0.14,0.335,0.138096328041872,0.33303503437235,-0.00190367195812804,-0.00196496562764953,0.00273588319231782,0.0207835967875045,0.0368056846642639,0.129091528668703,0.135835369973481
0.14,0.35,0.136915637851171,0.347525864735938,-0.00308436214882918,-0.00247413526406198,0.00395406565069489,0.0131113009942678,0.0396531315985918,0.133828836147713,0.140194308913109
0.16,0.05,0.16255743299471,0.0474485813232332,0.00255743299470965,-0.00255141867676684,0.00361250616422785,0.0263721421749104,0.0473569153792667,-0.146350774485877,0.156066433188933
0.16,0.065,0.161967813992404,0.0626722664630669,0.00196781399240359,-0.00232773353693311,0.00304805435116608,0.0780235076958491,0.0647218780910156,-0.172735413738401,0.200285179844685
0.16,0.08,0.161024041577881,0.0782223720468958,0.00102404157788127,-0.00177762795310416,0.00205149269871643,0.0797598573230398,0.0563358523028578,-0.153265063544994,0.181729388059809
0.16,0.095,0.160027468351667,0.0939795544305201,2.74683516674201e-05,-0.00102044556947989,0.00102081519905145,0.0475165694388131,0.0350592025584996,-0.112013270657665,0.126625239930286
0.16,0.11,0.159185615760997,0.109838299458991,-0.000814384239002666,-0.000161700541009224,0.000830282333726683,-0.00505434122506804,0.00927349749128862,-0.0659073547844446,0.0667482137548207
0.16,0.125,0.158622629544214,0.125708276317862,-0.00137737045578563,0.000708276317861689,0.001548807513836,-0.0666245679931737,-0.0159197431160428,-0.0257475911224997,0.0731793034891164
0.16,0.14,0.158391496735519,0.141515233469591,-0.00160850326448135,0.00151523346959143,0.00220979981428573,-0.128138135614639,-0.0377348043662234,0.00270539992949935,0.133606229410694
0.16,0.155,0.158487634019499,0.157201055581639,-0.00151236598050053,0.00220105558163947,0.00267056108944199,-0.182667315935075,-0.0549172383015002,0.0176383118912605,0.191557812681301
0.16,0.17,0.158862838254143,0.172722922346568,-0.00113716174585733,0.0027229223465679,0.00295083766779539,-0.225194603831896,-0.0671167317980616,0.0201547972013207,0.235846474795716
0.16,0.185,0.159438466209481,0.188051829326023,-0.000561533790519486,0.00305182932602349,0.00310306017232541,-0.252359976416181,-0.0744091689402057,0.0133612809271886,0.263440559161623
0.16,0.2,0.160117073745916,0.203170953404664,0.00011707374591586,0.00317095340466417,0.00317311388962546,-0.262225487193731,-0.0769625729204063,0.00159326020624792,0.273291280224719
0.16,0.215,0.160792416493513,0.21807440231923,0.000792416493512898,0.00307440231922995,0.00317488165443655,-0.254109313670159,-0.0748407181711987,-0.0102329411022965,0.265099066099025
0.16,0.23,0.161358407591624,0.232766762855792,0.00135840759162411,0.0027667628557918,0.00308224721350693,-0.228527799058279,-0.0679386977317317,-0.0171947221896161,0.239032137867856
0.16,0.245,0.16171805920712,0.247263599443449,0.00171805920712048,0.00226359944344884,0.0028417617562972,-0.187260141384952,-0.0560482421801931,-0.0149381549838015,0.19603813906768
0.16,0.26,0.161793431611787,0.261592742176309,0.00179343161178747,0.00159274217630934,0.00239858804015054,-0.133522554902533,-0.0390555805547387,-0.000328154378039879,0.139117677651493
0.16,0.275,0.161537181922183,0.275795945182954,0.00153718192218287,0.000795945182954394,0.00173102772830308,-0.0722144787718288,-0.0172783216766367,0.02777230728112,0.0792765627450643
0.16,0.29,0.160945623271621,0.289930378572822,0.000945623271620719,-6.96214271783679e-05,0.00094818274343769,-0.0101852311135518,0.0080513258540955,0.0675758371932061,0.0688117513438561
0.16,0.305,0.160072557074635,0.304069480507401,7.25570746349935e-05,-0.000930519492599147,0.000933344017598314,0.0435310550074162,0.0341500455356725,0.113317803392634,0.126103565945535
0.16,0.32,0.159042804175895,0.31830292144068,-0.000957195824104889,-0.00169707855931961,0.00194840947497854,0.0775519520428749,0.0558829500287935,0.154127472380323,0.18136293606242
0.16,0.335,0.158064502235705,0.332735750866756,-0.00193549776429541,-0.00226424913324391,0.00297875405715013,0.078073991626309,0.0647730046200818,0.172886411137143,0.200451596242765
0.16,0.35,0.157439859373363,0.347487116119986,-0.00256014062663737,-0.00251288388001442,0.00358732566441848,0.0288897311860146,0.0477591186870004,0.145133984302836,0.155497389770609
0.18,0.05,0.181320842637047,0.047946505786469,0.00132084263704724,-0.00205349421353102,0.00244161089382548,0.00283195814382624,0.0352101455620365,-0.126303752876242,0.13115037109942
0.18,0.065,0.181457811776196,0.0627501699738225,0.00145781177619642,-0.00224983002617746,0.00268084880616319,0.109564051362367,0.0821505079742609,-0.190719440301474,0.234791331535243
0.18,0.08,0.181035653412614,0.0779798685338306,0.00103565341261408,-0.00202013146616942,0.00227013416600583,0.155685454713685,0.0935382084872251,-0.198296433358314,0.268903264138101
0.18,0.095,0.180383876850663,0.0934997672136436,0.000383876850663406,-0.00150023278635636,0.00154856703107545,0.158525251661937,0.0844910363673768,-0.173869628878215,0.249999475288084
0.18,0.11,0.179737472464717,0.109189357654328,-0.000262527535282595,-0.000810642345672352,0.000852092553293788,0.133070808206533,0.0653391723171289,-0.135443099966941,0.200803192297147
0.18,0.125,0.179247574282031,0.124944438285375,-0.00075242571796913,-5.55617146249521e-05,0.000754474363509738,0.0919146709969797,0.0428719094076046,-0.0951114405358098,0.139041371430135
0.18,0.14,0.178993163384136,0.140677963855524,-0.00100683661586444,0.000677963855523711,0.00121381833914385,0.0452876424714284,0.0213155305200653,-0.0600465437771575,0.0781723146038084
0.18,0.155,0.178993830851033,0.156320335634482,-0.00100616914896679,0.00132033563448219,0.00166001883845216,0.00117228904173592,0.00311374757843047,-0.0334952947696074,0.033660132069432
0.18,0.17,0.179223021226363,0.17181899232658,-0.000776978773636743,0.00181899232657956,0.00197798612200323,-0.034521249276631,-0.0104537751675698,-0.0157359934101938,0.0393525045653269
0.18,0.185,0.179620972999251,0.187137451033781,-0.00037902700074945,0.00213745103378099,0.00217079671759208,-0.0577502668669203,-0.0187991208217362,-0.00495261751258707,0.0609346292211553
0.18,0.2,0.180106761309988,0.202254158048925,0.000106761309988057,0.00225415804892526,0.0022566848443779,-0.0661482707780682,-0.0216930595571469,0.00199152966086649,0.0696430136231914
0.18,0.215,0.180589299424699,0.217161578021466,0.000589299424698996,0.00216157802146649,0.00224046721797878,-0.0588903755769697,-0.019067211815272,0.00887036414440322,0.0625325407313054
0.18,0.23,0.180977650307526,0.231865859815945,0.000977650307525613,0.00186585981594506,0.00210647406263724,-0.0366470410073999,-0.0109488149794105,0.0194644246619099,0.0429155691861421
0.18,0.245,0.181191315150004,0.246387204225296,0.00119131515000441,0.00138720422529592,0.00182854241113213,-0.00163828099290441,0.00247268986538646,0.0369293925820534,0.0370483230909106
0.18,0.26,0.181171165650438,0.260760801156802,0.00117116565043826,0.000760801156802104,0.00139658418326927,0.0422223800334982,0.0206457294941446,0.0631093301943886,0.0786877630446556
0.18,0.275,0.180891375082473,0.275037995101251,0.000891375082473445,3.79951012506319e-05,0.000892184490659631,0.0891248279323431,0.0423198093487594,0.0977554674651241,0.138889675942905
0.18,0.29,0.1803722213411,0.289287253956832,0.000372221341099849,-0.000712746043167956,0.000804086841592217,0.131142407914398,0.0650666171582742,0.137637361197551,0.200938001389122
0.18,0.305,0.179693204371171,0.303594590700525,-0.000306795628829126,-0.0014054092994748,0.00143850577229252,0.158037965920671,0.0846502479751302,0.175561618105493,0.250925577695846
0.18,0.32,0.179005752635425,0.318063300196423,-0.000994247364574624,-0.00193669980357714,0.00217700113714699,0.157129234311211,0.0942281289540387,0.199335638678055,0.270745950680336
0.18,0.335,0.178545010842012,0.332813161716052,-0.00145498915798792,-0.00218683828394772,0.00262664331990505,0.113231909424758,0.0833427338447417,0.190725233825378,0.236946558173672
0.18,0.35,0.178640800808475,0.34797954335138,-0.0013591991915248,-0.00202045664861977,0.00243509086302617,0.0086860700090124,0.0366253209685874,0.12445757450027,0.130025216998132
0.2,0.05,0.199105612829617,0.0493501500809013,-0.000894387170383343,-0.000649849919098666,0.00110554661950497,-0.0816446799106609,-0.0119396210853609,-0.0654709261029695,0.105332110953923
0.2,0.065,0.200174134446214,0.0635448205612444,0.000174134446214447,-0.00145517943875562,0.00146556132738808,0.0940238179926368,0.0764739490318179,-0.174011865236836,0.212058774418048
0.2,0.08,0.200444599426443,0.0782876401776072,0.000444599426443232,-0.00171235982239282,0.00176913674184298,0.197554125152471,0.11767889296141,-0.214398941582299,0.314393238432741
0.2,0.095,0.200279614268397,0.0934246574839895,0.00027961426839726,-0.00157534251601049,0.00159996505644392,0.247433877035059,0.129313889566455,-0.212131318972874,0.350636115848077
0.2,0.11,0.199945285053394,0.108819454427669,-5.47149466064989e-05,-0.00118054557233149,0.00118181283363045,0.259801645768619,0.123842272617835,-0.186223684151443,0.342802296838956
0.2,0.125,0.199622691878657,0.124353501985001,-0.000377308121342748,-0.000646498014998775,0.000748545991792455,0.248364944171092,0.109871214901624,-0.150024460417254,0.310265053328681
0.2,0.14,0.199419589426686,0.139926772324725,-0.000580410573313858,-7.32276752752892e-05,0.000585011731541125,0.224406640410551,0.0931638324988155,-0.112106618637816,0.267592720466142
0.2,0.155,0.19938273979625,0.155458127300275,-0.000617260203749553,0.000458127300274835,0.000768694206033875,0.196864155390844,0.0774293541309103,-0.0771788383845441,0.225183123090232
0.2,0.17,0.199510697319498,0.170885257369762,-0.000489302680502082,0.000885257369762305,0.00101148293305671,0.17246190414168,0.0649393600964753,-0.0469739506017868,0.190175745321765
0.2,0.185,0.199766591417353,0.186164200801909,-0.000233408582647018,0.00116420080190865,0.00118736812893813,0.155868621734699,0.0569945168200341,-0.0210829940003457,0.167295889696819
0.2,0.2,0.200090493031094,0.201268666419309,9.04930310937757e-05,0.00126866641930945,0.00127188972484253,0.149844872189768,0.0542531680884419,0.00227950037219798,0.15938037668557
0.2,0.215,0.200411210129802,0.216189462069998,0.00041121012980179,0.00118946206999793,0.00125853636690219,0.155346685393574,0.0569267946210774,0.0255723845976798,0.167413319073339
0.2,0.23,0.200657677176815,0.23093427830749,0.000657677176814794,0.000934278307490377,0.0011425476903614,0.171560195762721,0.0648443909344589,0.0512610476827575,0.190434829271908
0.2,0.245,0.200770316118303,0.245527921471531,0.000770316118302548,0.000527921471531134,0.000933856521217421,0.195857619582804,0.0773860783068426,0.0811492008967566,0.22568577918333
0.2,0.26,0.200712748809494,0.260012897479929,0.00071274880949436,1.28974799288861e-05,0.00071286549251885,0.223682905704853,0.0932847449009913,0.115671082523315,0.268544255733209
0.2,0.275,0.2004840357372,0.274450095901537,0.000484035737200003,-0.000549904098463005,0.000732587955397276,0.248391103982131,0.110292614395486,0.153116576177764,0.311941545150233
0.2,0.29,0.200131309548528,0.288919276589853,0.000131309548527914,-0.00108072341014731,0.00108867134010914,0.2610748348474,0.124706336268438,0.188780211431466,0.345470794011967
0.2,0.305,0.199762429436512,0.303519144358678,-0.000237570563487721,-0.00148085564132172,0.00149979105313715,0.250412293596301,0.130737212597968,0.214045523787161,0.354421249842631
0.2,0.32,0.199558258726092,0.318366992324681,-0.000441741273908225,-0.00163300767531943,0.0016917001568618,0.202565134661873,0.119699006831225,0.215433371684622,0.319017690068738
0.2,0.335,0.199784450607779,0.333598149054561,-0.000215549392221265,-0.00140185094543865,0.00141832563740285,0.101145778270482,0.0789602486026355,0.173654324541876,0.215919125899855
0.2,0.35,0.200803213988799,0.349365717387423,0.000803213988799456,-0.000634282612577253,0.00102345842339636,-0.0727303151890935,-0.00943258996551417,0.0627148840029637,0.0964978309441285
