target_x,target_y,gaze_x,gaze_y,error_px_x,error_px_y,error_px_xy,error_deg_x,error_deg_y,error_deg_z,error_deg_xyz
-0.2,0.05,-0.200775824493427,0.0507727380455642,-0.000775824493427418,0.000772738045564172,0.00109500124733456,0.0714978926840932,-0.00569434285251854,-0.0748288889907298,0.103652012793678
-0.2,0.065,-0.199805262021767,0.0664934689214949,0.000194737978233078,0.00149346892149492,0.00150611164912748,-0.103530232403695,0.0836880049405187,-0.189657561366242,0.231715892759167
-0.2,0.08,-0.199625081740707,0.0816873366159185,0.000374918259293061,0.00168733661591851,0.00172848736083625,-0.208275885851676,0.125654577590666,-0.23373435955557,0.33734255153447
-0.2,0.095,-0.199879165891692,0.0965003136898342,0.000120834108307849,0.00150031368983421,0.00150517176748519,-0.26019682752919,0.137704448728503,-0.232653424316132,0.375223964180747
-0.2,0.11,-0.20030244729854,0.111064710260219,-0.000302447298540162,0.00106471026021897,0.00110683436277059,-0.274885177738863,0.132378472942743,-0.205902019650206,0.368078834872632
-0.2,0.125,-0.200711478906023,0.125497786725653,-0.000711478906022911,0.000497786725652774,0.00086832819714188,-0.265831507509336,0.118447208393941,-0.167468810061884,0.335771137182545
-0.2,0.14,-0.200994457473277,0.139900168600952,-0.000994457473276561,-9.98313990479699e-05,0.000999455839140218,-0.244301362517263,0.101841860709529,-0.126577691944707,0.293388855447089
-0.2,0.155,-0.201100244727484,0.15435456597021,-0.00110024472748355,-0.000645434029789796,0.00127558753018601,-0.219310039738985,0.0863990001094669,-0.0884922757117641,0.251779001551289
-0.2,0.17,-0.201026524855275,0.168925065306889,-0.0010265248552746,-0.00107493469311142,0.00148635052156315,-0.197676260847489,0.074457573287957,-0.0553418095203172,0.21836347661545
-0.2,0.185,-0.200807554329468,0.183656999983461,-0.000807554329468111,-0.00134300001653904,0.00156709701022833,-0.184124194715372,0.067324924564371,-0.0269285538659933,0.197887721921059
-0.2,0.2,-0.200501966262298,0.198577187988794,-0.000501966262297555,-0.00142281201120596,0.0015087624556957,-0.181394028908553,0.065615930207958,-0.00149365361579965,0.192902851648753
-0.2,0.215,-0.200180853810619,0.213694216975998,-0.000180853810618633,-0.0013057830240016,0.00131824785476254,-0.190319557415123,0.0694631895805973,0.0235585388337528,0.203964990447296
-0.2,0.23,-0.199916028191786,0.228998488492229,8.39718082142754e-05,-0.00100151150777118,0.00100502565378844,-0.209839313197736,0.0785935837586795,0.0509549861822349,0.229795496415962
-0.2,0.245,-0.199768103948115,0.244461885047913,0.000231896051884665,-0.00053811495208668,0.000585955186459634,-0.236924292052218,0.0922652641500345,0.0828290955078934,0.267407531669779
-0.2,0.26,-0.199774032138169,0.260037129902414,0.000225967861830642,3.71299024138488e-05,0.000228998044169757,-0.266425977574811,0.109058117570765,0.119934960109681,0.311867134086884
-0.2,0.275,-0.199933896466558,0.275657082716588,6.61035334417887e-05,0.000657082716587612,0.000660399404581535,-0.290867412031168,0.12650921059495,0.160769189277505,0.355605919378113
-0.2,0.29,-0.200197104417687,0.291234278239648,-0.000197104417687097,0.00123427823964799,0.0012499171669916,-0.300212175142739,0.140581205806027,0.200588405013934,0.387461876676154
-0.2,0.305,-0.200448365611655,0.306660933146606,-0.000448365611655399,0.00166093314660566,0.00172038677023758,-0.281648475993351,0.144943242992489,0.230333040338569,0.391648202395671
-0.2,0.32,-0.20049387218411,0.321809432773487,-0.000493872184110317,0.00180943277348743,0.00187562168253843,-0.219419054258578,0.130025439474869,0.23548685930053,0.347139404006713
-0.2,0.335,-0.200047769732607,0.336533021164013,-4.77697326070337e-05,0.00153302116401278,0.00153376524822558,-0.0947175756266502,0.0817739419036315,0.19491366659655,0.231624280242222
-0.2,0.35,-0.198718319675398,0.35066612439966,0.00128168032460155,0.000666124399660004,0.00144444666578352,0.114331476948605,-0.0200225604515611,0.0797228432049106,0.140813107547586
-0.18,0.05,-0.178597975140245,0.0521999069603058,0.00140202485975466,0.00219990696030584,0.0026086901581775,-0.00621330140669526,0.0380838595220155,-0.132850490324079,0.138341055175971
-0.18,0.065,-0.178538945550642,0.067319277045325,0.00146105444935751,0.00231927704532497,0.00274111767659813,-0.112903429727977,0.0861589896071851,-0.202835404328415,0.247614322307012
-0.18,0.08,-0.179045933887971,0.0820230955957019,0.000954066112029167,0.00202309559570188,0.00223677400187654,-0.160158933133238,0.0981004132495779,-0.212851835424467,0.283867299305083
-0.18,0.095,-0.179789593819012,0.0964433047776201,0.000210406180988387,0.00144330477762009,0.00145856074336967,-0.164605863983137,0.0891408999861488,-0.188191126772957,0.265437783142432
-0.18,0.11,-0.180531493616325,0.110699564893743,-0.000531493616324583,0.000699564893742566,0.000878565025909198,-0.140939670113778,0.0698475242946512,-0.147609020829486,0.215710790770709
-0.18,0.125,-0.181115172433293,0.124897324285823,-0.00111517243329283,-0.00010267571417677,0.00111988921695762,-0.101722026768126,0.047261082260244,-0.104037557643002,0.152986299821293
-0.18,0.14,-0.181455885623817,0.139126061290964,-0.00145588562381656,-0.000873938709036265,0.00169804941529618,-0.0572899201826979,0.025810343616977,-0.0654213352001229,0.0907097658032637
-0.18,0.155,-0.181528925943434,0.153458176547118,-0.00152892594343378,-0.00154182345288206,0.00217136687373692,-0.0157733181832491,0.00806192749991289,-0.0356195349417462,0.0397811962425686
-0.18,0.17,-0.18135705167988,0.167948731874623,-0.00135705167987959,-0.00205126812537701,0.00245953048040713,0.01679602736842,-0.00466656535124285,-0.0153132175953604,0.0232029741064112
-0.18,0.185,-0.180997827865186,0.182635922317271,-0.000997827865186235,-0.002364077682729,0.00256603268461636,0.0363202792411598,-0.0118219528211177,-0.00286586404250087,0.0383031915547769
-0.18,0.2,-0.180531554141633,0.197541921375587,-0.000531554141632821,-0.00245807862441338,0.0025148956895436,0.0404650362322056,-0.0132599719728013,0.00489252873309392,0.0428623720309584
-0.18,0.215,-0.180050016202807,0.21267363462185,-5.00162028074028e-05,-0.00232636537815026,0.0023269029831945,0.0285349014766324,-0.00902217278286965,0.0119555981436561,0.0322269539021446
-0.18,0.23,-0.179645773642668,0.228022966696534,0.00035422635733183,-0.00197703330346607,0.00200851611774528,0.0014371081095009,0.000750685496326057,0.0224707735090837,0.0225291916266363
-0.18,0.245,-0.179401329322193,0.243566422597744,0.000598670677806598,-0.00143357740225558,0.00155356066786054,-0.0382460278296807,0.0157634451310772,0.0400534281579989,0.057580571674075
-0.18,0.26,-0.17937748244356,0.259264145133404,0.000622517556439717,-0.000735854866595692,0.000963851903960479,-0.0860815993008033,0.0353625401301079,0.067024822725755,0.114686015874249
-0.18,0.275,-0.179600469619315,0.275058731171318,0.000399530380685423,5.87311713181327e-05,0.000403824065126187,-0.135537676667401,0.0581746236932963,0.103528344200836,0.180202368075928
-0.18,0.29,-0.180048006469335,0.290874277934,-4.80064693346716e-05,0.000874277933999745,0.000875594956002399,-0.177707344115463,0.0815778660554184,0.146506872306554,0.244334202449011
-0.18,0.305,-0.180634814382446,0.306616041138427,-0.000634814382445559,0.00161604113842706,0.0017362540889076,-0.201052749464575,0.100991973634561,0.188556127084904,0.293556107715822
-0.18,0.32,-0.181198406744233,0.322170854943217,-0.00119840674423302,0.00217085494321728,0.0024796753636543,-0.191206210705093,0.108960756776814,0.216693941982256,0.308850703408965
-0.18,0.335,-0.181485662909673,0.337408137846362,-0.0014856629096732,0.00240813784636223,0.00282954451604154,-0.130847683079187,0.0939727834853602,0.211097155633408,0.265544978372527
-0.18,0.35,-0.181140024714812,0.352180978935316,-0.00114002471481164,0.00218097893531569,0.00246096027328198,0.000337174802321432,0.0389131357598134,0.143858565347534,0.149029007805009
-0.16,0.05,-0.157358217197389,0.0527164842671815,0.00264178280261076,0.00271648426718153,0.00378923516689249,-0.0225329089411157,0.0473625843461287,-0.150502751424583,0.159380177396314
-0.16,0.065,-0.158020399712917,0.0674119498003983,0.00197960028708286,0.00241194980039829,0.00312030753873073,-0.0739282360782165,0.0655648290607805,-0.181116638739481,0.2063187187971
-0.16,0.08,-0.159052248742811,0.0817850733982652,0.000947751257188656,0.00178507339826517,0.00202106889607867,-0.0762202542617414,0.0572872180127684,-0.162449471267637,0.18836458048327
-0.16,0.095,-0.160147732086903,0.0959544047417198,-0.000147732086902996,0.000954404741719844,0.000965770770171699,-0.0449134383422363,0.0356889994032766,-0.119351567060663,0.132422528250311
-0.16,0.11,-0.161092640995574,0.110027016752934,-0.00109264099557448,2.70167529336229e-05,0.00109297495403557,0.00643336088834911,0.00949418851647184,-0.0697379490836782,0.0706746766819342
-0.16,0.125,-0.161755593929112,0.124096243887271,-0.00175559392911151,-0.000903756112729109,0.0019745594838415,0.0663918939455499,-0.0158988789334243,-0.0254009069448388,0.0728413668263806
-0.16,0.14,-0.162077008722379,0.138239928077807,-0.00207700872237904,-0.00176007192219325,0.00272246550099935,0.125730131322237,-0.0375022549321054,0.00704417136987004,0.131392971521668
-0.16,0.155,-0.162056317860588,0.152519622461009,-0.00205631786058827,-0.00248037753899136,0.00322191183611643,0.17735432164425,-0.0539706413216405,0.0251482501624486,0.187082471422604
-0.16,0.17,-0.16173840305192,0.166980872743098,-0.00173840305192031,-0.00301912725690233,0.00348384479624113,0.216145042091194,-0.0649663924858943,0.0296312931256502,0.227634340697429
-0.16,0.185,-0.161200442147621,0.181654343264957,-0.00120044214762102,-0.00334565673504281,0.00355450141911946,0.238729498641957,-0.0706571279373776,0.0234669959891694,0.250069995042849
-0.16,0.2,-0.160540056829886,0.19655728702573,-0.000540056829886227,-0.00344271297427028,0.0034848147730856,0.243250025819268,-0.0713487935345654,0.0110884254852832,0.253740583687307
-0.16,0.215,-0.159864975818712,0.211694763388464,0.000135024181288083,-0.00330523661153638,0.0033079934382905,0.229192355783958,-0.0672553491374645,-0.0022905001164606,0.238867634830797
-0.16,0.23,-0.159283678187827,0.227060115178885,0.000716321812172675,-0.00293988482111546,0.00302589485937952,0.197324442878446,-0.0584056843521265,-0.011286840172374,0.206096089922465
-0.16,0.245,-0.158895972364164,0.242634490657925,0.00110402763583651,-0.00236550934207491,0.00261046192619897,0.149770368641959,-0.0446911190029183,-0.0109726190733153,0.156680800061871
-0.16,0.26,-0.158782412780081,0.25838554164243,0.00121758721991903,-0.00161445835756999,0.00202212621426996,0.0902112216757066,-0.0260615373210839,0.00240490595459003,0.0939311119525963
-0.16,0.275,-0.158991882244682,0.274265728362774,0.00100811775531835,-0.000734271637226155,0.00124717931582547,0.0241749835169054,-0.00288168665169822,0.0305434785211515,0.0390594173798369
-0.16,0.29,-0.159527396015062,0.290210810833798,0.000472603984938147,0.000210810833798231,0.000517489839732261,-0.0406412128044384,0.0235404824316372,0.0720231163279258,0.0859836796372661
-0.16,0.305,-0.160330901416051,0.306139051196587,-0.000330901416050522,0.00113905119658718,0.00118614222401486,-0.0940754534725587,0.050242432350017,0.121081658892214,0.161354511186623
-0.16,0.32,-0.161268231799053,0.32195140588143,-0.00126823179905325,0.00195140588142974,0.00232731536543899,-0.123277170028737,0.0716970289484873,0.166284173872668,0.219062113449457
-0.16,0.335,-0.162115218955983,0.337532626592397,-0.00211521895598257,0.00253262659239674,0.00329974979176651,-0.112575742006379,0.0786681478973846,0.189155403905028,0.233755893617175
-0.16,0.35,-0.162545254490763,0.352752821341926,-0.00254525449076257,0.00275282134192596,0.00374917934531146,-0.0434377523442436,0.0567495052596383,0.162837272100768,0.177829545482735
-0.14,0.05,-0.136788544274394,0.0526801788395551,0.00321145572560608,0.00268017883955514,0.00418291841774701,-0.00224233796288657,0.0375560986341051,-0.136295608619234,0.141393039782788
-0.14,0.065,-0.138014116974072,0.0671030164059478,0.00198588302592786,0.00210301640594784,0.002892474614643,-0.0116501663201991,0.0354684974711592,-0.133140660512201,0.138275758718036
-0.14,0.08,-0.139438354553949,0.0812814732961895,0.000561645446050557,0.00128147329618954,0.00139914953307936,0.0184346155939264,0.0150813809618921,-0.0910033385787626,0.0940685533160259
-0.14,0.095,-0.140776033320134,0.0953207593309439,-0.000776033320133651,0.000320759330943859,0.000839710820666978,0.0738784447462553,-0.0123402249661822,-0.0341905162322947,0.0823364944407764
-0.14,0.11,-0.141835369388483,0.109315135014063,-0.00183536938848271,-0.000684864985936937,0.0019589846454584,0.142462450295496,-0.0397888197206294,0.0203036418743727,0.1493015418717
-0.14,0.125,-0.142508510824477,0.123345503474571,-0.0025085108244773,-0.00165449652542912,0.00300499339586243,0.214056978842279,-0.0634133443446921,0.0618831165256884,0.231670532579202
-0.14,0.14,-0.142759322483484,0.137477794330827,-0.00275932248348364,-0.00252220566917295,0.00373836622142166,0.280666316344105,-0.0815855725945306,0.0852848276088916,0.304472505754378
-0.14,0.155,-0.142609170932919,0.151762551362206,-0.00260917093291876,-0.00323744863779447,0.00415798588736728,0.336333950130446,-0.0941047961166345,0.0894472463034976,0.360523892949399
-0.14,0.17,-0.142122175517513,0.166235765546266,-0.00212217551751307,-0.00376423445373408,0.00432123708558216,0.376927361481626,-0.101539964710469,0.0764140046048938,0.397774227259928
-0.14,0.185,-0.14139152980421,0.180920612308063,-0.00139152980421032,-0.0040793876919369,0.00431019247100775,0.399851618751143,-0.104715789142096,0.050362768992105,0.416393906212521
-0.14,0.2,-0.140527990017836,0.195829475786405,-0.00052799001783583,-0.00417052421359518,0.00420381323028485,0.403761922726479,-0.10434436577627,0.0168093538836544,0.417366459555388
-0.14,0.215,-0.139650686840272,0.21096556317248,0.000349313159727534,-0.00403443682752017,0.00404953086157024,0.388349044876845,-0.100796987800648,-0.0180218139390626,0.401622284788443
-0.14,0.23,-0.138879420961958,0.226323554387282,0.00112057903804196,-0.00367644561271771,0.00384342942224393,0.354256151327139,-0.0940095755726597,-0.0477285101101051,0.369612913051883
-0.14,0.245,-0.138326944367335,0.241889050046574,0.00167305563266504,-0.00311094995342648,0.00353229737744664,0.303154598811944,-0.0835215419633425,-0.0662695945538623,0.321357260129284
-0.14,0.26,-0.138089667210747,0.257636972266609,0.00191033278925283,-0.00236302773339059,0.00303862986137956,0.237968249597722,-0.0686582293270326,-0.0686251762403887,0.257006548236233
-0.14,0.275,-0.138235790987312,0.273529413959537,0.00176420901268835,-0.0014705860404632,0.00229674916846748,0.163201129593712,-0.0488748971432866,-0.0516627655695852,0.178023681332806
-0.14,0.29,-0.138790835089289,0.289513613300006,0.00120916491071058,-0.000486386699994387,0.0013033233686331,0.0853014669112573,-0.0242808156180979,-0.0152403798708638,0.0899898278063061
-0.14,0.305,-0.139721512042943,0.305520690600966,0.000278487957056983,0.000520690600966323,0.000590486447059069,0.0129923607096911,0.00364391233750146,0.036482888614599,0.0388983387077208
-0.14,0.32,-0.14091951111381,0.321465535036187,-0.000919511113809612,0.00146553503618714,0.00173011376236115,-0.0424841685365916,0.0311308204128916,0.0936047050978103,0.107405198902675
-0.14,0.335,-0.142186700368973,0.337247846755443,-0.00218670036897278,0.00224784675544315,0.00313599641894279,-0.0672332018094188,0.0509870778438342,0.13899889875922,0.162605956644654
-0.14,0.35,-0.143222518057367,0.352753942261904,-0.00322251805736676,0.00275394226190379,0.00423896456837688,-0.0446744299822434,0.0511847202163569,0.146875544069778,0.161827448643915
-0.12,0.05,-0.116670050842285,0.0523458913083206,0.00332994915771506,0.00234589130832058,0.00407329932897415,0.0340283310063415,0.0195818108370127,-0.0994098227149551,0.106881667236004
-0.12,0.065,-0.11832786281778,0.0666235423307243,0.0016721371822202,0.00162354233072427,0.00233065065074475,0.0536817014410296,0.0049185116514614,-0.0680374173030017,0.0868044262729159
-0.12,0.08,-0.12003714786474,0.0807213372822169,-3.71478647404333e-05,0.000721337282216891,0.000722293180482015,0.104093468683223,-0.0212182627316781,-0.0073177328727203,0.106485761369447
-0.12,0.095,-0.12153147055447,0.0947308765993399,-0.00153147055447045,-0.000269123400660126,0.00155493712541469,0.172719340079958,-0.0492829148868544,0.059053701358858,0.18907180704874
-0.12,0.11,-0.12263987315051,0.108733327244025,-0.0026398731505098,-0.00126667275597496,0.00292803519813402,0.248849160469798,-0.0738499881669717,0.115050353565784,0.283930403885845
-0.12,0.125,-0.123276489484274,0.122797031499169,-0.00327648948427404,-0.00220296850083129,0.00394822156878426,0.323773114491161,-0.0925005123039338,0.151295063647519,0.369155850764214
-0.12,0.14,-0.123426832111893,0.136976117743617,-0.00342683211189287,-0.00302388225638316,0.00457023437293637,0.390808615708457,-0.104855495262966,0.163865966901709,0.436553577571698
-0.12,0.155,-0.123131927201812,0.151310474346678,-0.00313192720181163,-0.00368952565332173,0.00483958340603473,0.44517505511787,-0.111747551030544,0.153033491669036,0.483827433550418
-0.12,0.17,-0.122472279170489,0.165827054128933,-0.00247227917048932,-0.00417294587106706,0.00485032385925837,0.483737425956612,-0.114544083301675,0.122057852303966,0.511880949442886
-0.12,0.185,-0.121553685125541,0.180542084533779,-0.00155368512554104,-0.00445791546622079,0.00472090539762216,0.504674067197752,-0.114632839219524,0.0761623191646722,0.523105344609431
-0.12,0.2,-0.12049618494983,0.195463490734537,-0.000496184949830299,-0.00453650926546306,0.0045635639384225,0.507146534792078,-0.113065834876737,0.021744751500675,0.520054018145541
-0.12,0.215,-0.119426210448523,0.210592780373708,0.000573789551476512,-0.00440721962629165,0.00444441439154293,0.49105296182707,-0.110344974228076,-0.0341865139854301,0.504459499168997
-0.12,0.23,-0.11847075036329,0.225925806386107,0.0015292496367104,-0.00407419361389315,0.00435174195637409,0.456928488045881,-0.106331802865881,-0.0844417696830398,0.476677898126966
-0.12,0.245,-0.117751542562769,0.241452165176772,0.00224845743723102,-0.00354783482322839,0.00420032055680891,0.406022017973132,-0.100276049673264,-0.122083096854641,0.435676901332005
-0.12,0.26,-0.117377237926735,0.257153398486974,0.00262276207326527,-0.00284660151302603,0.00387066158000423,0.340536845296553,-0.0909762680856196,-0.141008173690613,0.379639113772728
-0.12,0.275,-0.117432179226779,0.273000526770711,0.00256782077322139,-0.00199947322928898,0.00325447333957901,0.263984682026352,-0.0771005257573272,-0.136794077259,0.307156717233793
-0.12,0.29,-0.117961648403868,0.288951641732255,0.00203835159613157,-0.00104835826774489,0.0022921457822314,0.181578665477967,-0.0576973542155371,-0.107840648893217,0.218927979727994
-0.12,0.305,-0.118954704723696,0.304950262768722,0.00104529527630398,-4.97372312782962e-05,0.0010464779055664,0.100587645647482,-0.0329161807508034,-0.056774263621548,0.120102754766441
-0.12,0.32,-0.120326574975196,0.32092492076379,-0.000326574975195948,0.000924920763790471,0.000980882069218814,0.0305921917521555,-0.00494120180317478,0.00798788360345407,0.032001624693774
-0.12,0.335,-0.121902625012745,0.336790047449443,-0.00190262501274524,0.0017900474494429,0.00261232689577336,-0.0163838278028907,0.0208601474514716,0.0706354196562314,0.0754515665624896
-0.12,0.35,-0.123405178777281,0.352447838104267,-0.00340517877728139,0.00244783810426701,0.00419370407753683,-0.0258550685519388,0.0345446032925877,0.10642648747228,0.114840828266338
-0.1,0.05,-0.0968260116326743,0.0518867073420943,0.00317398836732569,0.00188670734209428,0.00369240663397617,0.0705242819054397,0.000510840554389594,-0.0491380605141665,0.0859563009553188
-0.1,0.065,-0.0988074959133939,0.0661242540625651,0.00119250408660609,0.00112425406256508,0.0016389060966896,0.107268359063584,-0.0208653807977645,0.00510415982853156,0.109397993836077
-0.1,0.08,-0.100716243666069,0.080234315677538,-0.000716243666069455,0.000234315677538038,0.000753597257110668,0.167021454195814,-0.0481502088399694,0.0799816369416584,0.191341853883614
-0.1,0.095,-0.102302689307177,0.0942944804760992,-0.00230268930717709,-0.000705519523900786,0.00240834711866726,0.239020058607245,-0.0733343053499263,0.152440436682688,0.292825514831821
-0.1,0.11,-0.103414957663494,0.108372631776104,-0.00341495766349435,-0.00162736822389636,0.00378289084954964,0.314196391995153,-0.0924193358013459,0.207426724708253,0.387668835271858
-0.1,0.125,-0.10398734466695,0.122524712528975,-0.00398734466695025,-0.00247528747102481,0.00469318288129378,0.385334087360493,-0.104273979837412,0.23676022282742,0.46412498615828
-0.1,0.14,-0.104024925221972,0.136793605509752,-0.00402492522197155,-0.00320639449024764,0.00514596819554427,0.447080246384014,-0.10962448074969,0.237805469947183,0.51812309773361
-0.1,0.155,-0.103585943593017,0.15120942813248,-0.00358594359301696,-0.0037905718675204,0.00521799066069847,0.495800061693023,-0.110192381242405,0.212071236960839,0.550396767044321
-0.1,0.17,-0.102764483473436,0.165791147693646,-0.00276448347343586,-0.00420885230635389,0.00503555425068586,0.529296790466257,-0.108006429769675,0.163899104734439,0.564522785981397
-0.1,0.185,-0.101675834467266,0.180549045681734,-0.00167583446726645,-0.00445095431826606,0.004755987332297,0.546455653728118,-0.104900886172213,0.09938361692653,0.565241251117121
-0.1,0.2,-0.100445999675777,0.195487316845653,-0.000445999675777493,-0.00451268315434684,0.00453466922303264,0.546893136279272,-0.102186408262677,0.0255993838541842,0.556948772768981
-0.1,0.215,-0.0992052862493246,0.210606054073492,0.000794713750675392,-0.00439394592650821,0.00446523580011075,0.530695510299954,-0.100461168737475,-0.0498850216901099,0.542421315876626
-0.1,0.23,-0.0980844353637696,0.225902050353494,0.00191556463623045,-0.00409794964650567,0.00452355824333817,0.498311164112151,-0.0995304762274477,-0.119319716806973,0.521976446986433
-0.1,0.245,-0.0972108083325322,0.241368187716257,0.00278919166746781,-0.00363181228374304,0.00457926310908412,0.45062567662764,-0.0984231390748282,-0.175086665172288,0.493363414771134
-0.1,0.26,-0.0967020789837941,0.256991583211876,0.00329792101620589,-0.00300841678812395,0.0044639505597843,0.389205891902265,-0.0955219978295039,-0.210195763154773,0.452536188396435
-0.1,0.275,-0.0966557141210012,0.272751012779157,0.00334428587899882,-0.00224898722084338,0.00403016023998894,0.316660494387683,-0.0888494800150227,-0.21909965343391,0.39518777318749
-0.1,0.29,-0.0971339677746123,0.288614336124593,0.00286603222538775,-0.00138566387540721,0.00318342662748329,0.237039981310832,-0.0765543200688752,-0.198876162169102,0.318748343649463
-0.1,0.305,-0.0981456582229515,0.304536638058177,0.00185434177704852,-0.000463361941822865,0.00191135755818667,0.156195319593612,-0.0576298281976396,-0.150728763690653,0.22458272360386
-0.1,0.32,-0.0996270711534083,0.320459582355815,0.000372928846591708,0.000459582355815003,0.000591854599033149,0.0820330568654037,-0.032867317407766,-0.0816788807665383,0.120337557969944
-0.1,0.335,-0.101424525684917,0.33631210846644,-0.00142452568491694,0.00131210846644009,0.00193672456861884,0.0246393195011645,-0.006031227766803,-0.00629492696304416,0.0261361414787517
-0.1,0.35,-0.103280359322597,0.352012201888328,-0.00328035932259718,0.00201220188832829,0.0038483390865076,-0.00371553751067802,0.0147409942910943,0.0516709717378086,0.0538608546685097
-0.08,0.05,-0.0771167875272976,0.0514110695839294,0.00288321247270243,0.00141106958392936,0.00320998933540868,0.0966660048824799,-0.0156904005241452,0.0056539965929801,0.0980942159082181
-0.08,0.065,-0.0793327949944893,0.0656925797398012,0.000667205005510735,0.000692579739801219,0.00096168041227931,0.139967593041699,-0.0396883132126454,0.0777433622477713,0.164954958929082
-0.08,0.08,-0.0813744385813517,0.0798879915402898,-0.00137443858135172,-0.000112008459710156,0.00137899503587024,0.199563148201133,-0.0652109406915195,0.162921234806387,0.265746819846766
-0.08,0.095,-0.0830069070134445,0.0940604703742806,-0.00300690701344447,-0.000939529625719415,0.00315027073520769,0.266634916247086,-0.0855805579612644,0.238762456186448,0.368002970788742
-0.08,0.11,-0.0840952579568647,0.108264582665329,-0.00409525795686466,-0.0017354173346705,0.00444778720924666,0.333855894440005,-0.0980406506167192,0.291139486460883,0.45369042694844
-0.08,0.125,-0.0845916404410874,0.122544326759124,-0.00459164044108741,-0.00245567324087564,0.00520706184005741,0.395529933747335,-0.102569682714732,0.31299120693741,0.514713265438823
-0.08,0.14,-0.0845181892531648,0.13693228099683,-0.00451818925316484,-0.00306771900316968,0.00546122092666307,0.44759277705641,-0.100824453913607,0.302860800186548,0.549756171054084
-0.08,0.155,-0.0839477128206735,0.151450098764298,-0.00394771282067354,-0.00354990123570204,0.00530907103905655,0.487461281713495,-0.0952472503098099,0.263359571472762,0.562184435381955
-0.08,0.17,-0.0829851544342979,0.166110215575739,-0.00298515443429792,-0.00388978442426074,0.00490322035644229,0.513754225451514,-0.0883756676137136,0.19975023118196,0.558261841127575
-0.08,0.185,-0.0817525970540869,0.180918296905859,-0.00175259705408692,-0.00408170309414083,0.00444205994812237,0.525942425796185,-0.0823658465772359,0.118819164606702,0.545453764141847
-0.08,0.2,-0.0803793769500244,0.195875752057802,-0.000379376950024394,-0.00412424794219843,0.00414166004869277,0.524006953337288,-0.0787021975075374,0.0281251819895428,0.530632039597971
-0.08,0.215,-0.0789971085651347,0.210981627454944,0.00100289143486531,-0.00401837254505605,0.00414163121740534,0.508185202420465,-0.0780428237320551,-0.0644026411311757,0.518162534749551
-0.08,0.23,-0.0777377263177525,0.226233369181713,0.00226227368224747,-0.00376663081828657,0.00439378992837114,0.47886528334813,-0.0801530412966103,-0.150655994608091,0.508365413607395
-0.08,0.245,-0.0767315965451419,0.241626254432973,0.00326840345485813,-0.00337374556702738,0.0046972992553983,0.436655035680932,-0.0839082958642826,-0.222536163948264,0.497224414297121
-0.08,0.26,-0.0761026918026602,0.257151650387861,0.0038973081973398,-0.0028483496121389,0.00482722556941602,0.382611729646636,-0.0873886093680853,-0.272358682340675,0.47771233873111
-0.08,0.275,-0.0759587716420137,0.272794573710541,0.00404122835798634,-0.0022054262894593,0.00460384966735787,0.31858217493698,-0.0881199592468756,-0.293635888284653,0.442134294454542
-0.08,0.29,-0.0763761672595319,0.288531210939905,0.00362383274046808,-0.00146878906009451,0.00391017966773162,0.247579750170663,-0.0835272398193989,-0.282295636529293,0.384660778671311
-0.08,0.305,-0.0773805604348588,0.304327063952604,0.00261943956514124,-0.000672936047396433,0.00270449746890487,0.174121280806502,-0.0716435043078826,-0.238276176471291,0.303688597627819
-0.08,0.32,-0.0789264425343769,0.320136199147277,0.0010735574656231,0.00013619914727675,0.00108216257545436,0.10446403798685,-0.052081850251513,-0.167344437911994,0.204032985693212
-0.08,0.335,-0.0808782565631082,0.33590175635154,-0.000878256563108221,0.000901756351539607,0.0012587688859297,0.0467161626574353,-0.0272443278260914,-0.0829492408247196,0.0990213726669589
-0.08,0.35,-0.0829954352963697,0.351557512074648,-0.00299543529636973,0.00155751207464758,0.0033761629814644,0.0108317428143965,-0.00374605874630469,-0.00795210197258986,0.0139497503964836
-0.06,0.05,-0.0574355632878953,0.0509773978409106,0.00256443671210471,0.000977397840910582,0.00274438375410712,0.106931940166256,-0.0273563450808844,0.057019106113717,0.124233626495103
-0.06,0.065,-0.0598135016586494,0.065367482420864,0.000186498341350622,0.000367482420863985,0.000412098241892134,0.148061444297794,-0.0514942603438529,0.142335884505937,0.211739002500293
-0.06,0.08,-0.0619378712192473,0.0797032383480741,-0.00193787121924732,-0.000296761651925936,0.00196046227722976,0.199777369883536,-0.0738765267612501,0.234578768858497,0.316853583515414
-0.06,0.095,-0.0635860991559634,0.094033057155649,-0.00358609915596339,-0.000966942844351004,0.00371417361207617,0.255344323780225,-0.0889209053204622,0.31189067905866,0.412776190827297
-0.06,0.11,-0.064637457614234,0.108398303978302,-0.00463745761423398,-0.00160169602169827,0.00490626571536243,0.309241369717062,-0.0948918175679504,0.360964819584063,0.484697517860971
-0.06,0.125,-0.065059042322072,0.122831693685409,-0.00505904232207197,-0.00216830631459139,0.00550413131115276,0.357280220935785,-0.0926676542777551,0.375717630017757,0.526689796115188
-0.06,0.14,-0.064887072957479,0.137356669839878,-0.00488707295747898,-0.00264333016012153,0.00555613862562215,0.396600220401224,-0.084638916202147,0.355704314907382,0.539428577252009
-0.06,0.155,-0.0642060552722113,0.151987945496237,-0.00420605527221132,-0.0030120545037631,0.00517333289925714,0.425530107337919,-0.0737909505774356,0.304459353146099,0.528411254064979
-0.06,0.17,-0.0631292026993143,0.166733057329326,-0.00312920269931433,-0.00326694267067421,0.00452380635603117,0.443338617344721,-0.0630195978175223,0.227985889329813,0.502493565633883
-0.06,0.185,-0.0617831774948579,0.181594512220698,-0.00178317749485785,-0.00340548777930169,0.00384409534131773,0.449925545016066,-0.054686772426433,0.133588132942331,0.472515284221658
-0.06,0.2,-0.0602987959258086,0.196571951866673,-0.000298795925808582,-0.00342804813332664,0.00344104533676674,0.445522158878263,-0.0503745783239026,0.0291444683048789,0.449308387160848
-0.06,0.215,-0.0588073570862966,0.211663766911589,0.00119264291370339,-0.00333623308841072,0.00354299990683226,0.430469471745619,-0.0507683983105628,-0.0772137179330941,0.440277535715798
-0.06,0.23,-0.057440386847693,0.226867747456724,0.00255961315230704,-0.00313225254327629,0.00404507422482257,0.405125326498841,-0.0556058241321076,-0.177178539762859,0.44565880911584
-0.06,0.245,-0.0563294505454916,0.242180613144386,0.0036705494545084,-0.00281938685561398,0.00462837720368606,0.369921674689715,-0.0636661990522042,-0.262338332914364,0.457949721785373
-0.06,0.26,-0.0556026378126682,0.257596556629493,0.00439736218733185,-0.00240344337050671,0.00501132060856304,0.325559274917677,-0.0728276818553057,-0.324496800180375,0.465394538974729
-0.06,0.275,-0.0553753761525006,0.273105188697696,0.00462462384749941,-0.00189481130230387,0.00499774505174071,0.273296439483889,-0.0802616086873443,-0.356424370755974,0.456259029280738
-0.06,0.29,-0.0557350564929927,0.288689427969576,0.00426494350700732,-0.00131057203042445,0.0044617644676624,0.215268929482002,-0.0828473888210407,-0.353108470435099,0.421771024409703
-0.06,0.305,-0.0567209560103458,0.304323888527325,0.0032790439896542,-0.000676111472675128,0.00334802273134014,0.154775062359867,-0.0778678111613594,-0.313433212883407,0.358133372466227
-0.06,0.32,-0.0583024283914036,0.319974175998987,0.00169757160859635,-2.58240010130861e-05,0.00169776801870595,0.0964748649116517,-0.0639957472649401,-0.242111319986329,0.268367058645163
-0.06,0.335,-0.0603587599400328,0.335597244385605,-0.000358759940032843,0.000597244385605461,0.000696713392084302,0.0464803674571309,-0.0425371617160698,-0.151648856765086,0.164217017712116
-0.06,0.35,-0.0626632976736566,0.351142669859709,-0.00266329767365656,0.00114266985970876,0.0028980767599895,0.0123467728872635,-0.0188868782061925,-0.0641589184946007,0.0680112074364712
-0.04,0.05,-0.0377044874458565,0.050606716696976,0.00229551255414345,0.00060671669697604,0.00237433844188644,0.100356965122423,-0.034309859145445,0.098345396704382,0.144639258317246
-0.04,0.065,-0.0401853351917513,0.0651523147003431,-0.000185335191751318,0.000152314700343076,0.00023989352063384,0.132632002066794,-0.057466161623603,0.192693558977661,0.240882753308397
-0.04,0.08,-0.0423558031686742,0.0796674943826764,-0.0023558031686742,-0.00033250561732362,0.00237915290704216,0.170675308101076,-0.0766128403392076,0.289377225150608,0.344585438515077
-0.04,0.095,-0.0440025428255688,0.0941856011890547,-0.00400254282556883,-0.000814398810945333,0.00408455560542169,0.209939735548355,-0.0869911527964852,0.366997674594236,0.431659967704883
-0.04,0.11,-0.0450156996229969,0.108734998235924,-0.00501569962299694,-0.00126500176407643,0.00517276252801616,0.246747993848474,-0.0876304205247148,0.412902159438021,0.488930779340208
-0.04,0.125,-0.0453737980885799,0.12333783551521,-0.00537379808857989,-0.00166216448478951,0.0056249885929947,0.278382952372723,-0.0800729750876286,0.421777679827853,0.511670695519067
-0.04,0.14,-0.045123711674435,0.138009601696903,-0.00512371167443497,-0.0019903983030975,0.00549673600673296,0.303082308648151,-0.0672347950504163,0.393966182673334,0.501587842121131
-0.04,0.155,-0.0443585952274633,0.152759550467515,-0.00435859522746325,-0.00224044953248545,0.00490071081216589,0.319931575078809,-0.0524712297384075,0.333705156885181,0.465263112571528
-0.04,0.17,-0.0431975021187069,0.167591868449428,-0.00319750211870689,-0.0024081315505724,0.00400288862747857,0.328673636548649,-0.0389026624370878,0.247542497709834,0.413301107395578
-0.04,0.185,-0.0417699569829856,0.182507261547349,-0.0017699569829856,-0.00249273845265074,0.00305720341406049,0.329474873483134,-0.0290024724763937,0.143139347158873,0.360394418113902
-0.04,0.2,-0.0402071687028167,0.197504538259295,-0.000207168702816697,-0.00249546174070497,0.0025040463595447,0.32269976466455,-0.0243925703980865,0.0285660259599314,0.32487911018152
-0.04,0.215,-0.0386394133306378,0.212581785065031,0.00136058666936223,-0.00241821493496894,0.00277469990387303,0.308744457466302,-0.0257606786387701,-0.0879510000159114,0.322059628146251
-0.04,0.23,-0.0371971253673238,0.227736847092959,0.00280287463267621,-0.00226315290704118,0.0036024945922442,0.287965972729487,-0.0328232445592262,-0.198011339329749,0.351013735770788
-0.04,0.245,-0.0360120427027609,0.242967009884873,0.00398795729723912,-0.00203299011512734,0.0044762542614119,0.260721635260237,-0.0443035565202227,-0.293018757239789,0.394714054070963
-0.04,0.26,-0.0352147153300127,0.258267979709123,0.0047852846699873,-0.00173202029087707,0.0050890906516612,0.227508532031467,-0.0579561994672902,-0.364430910255938,0.433508752025257
-0.04,0.275,-0.0349258194307696,0.27363243517511,0.0050741805692304,-0.00136756482489023,0.0052552394806928,0.189170959159524,-0.0707198196989215,-0.404485192334469,0.452102063723133
-0.04,0.29,-0.0352406740789875,0.289048531187783,0.00475932592101248,-0.000951468812217138,0.00485350142917906,0.147130094342981,-0.0790972700387926,-0.407473886763746,0.440385701367904
-0.04,0.305,-0.0362085152304602,0.304498747388865,0.00379148476953978,-0.0005012526111349,0.00382447524999465,0.103588277118166,-0.0798363040554506,-0.371491278081794,0.393841017455272
-0.04,0.32,-0.0378097094030089,0.319959378887887,0.00219029059699111,-4.06211121132261e-05,0.00219066724401881,0.0616711959896412,-0.0709266001950881,-0.300455685835452,0.314813893464535
-0.04,0.335,-0.03993460377853,0.33540079014559,6.53962214700321e-05,0.00040079014558958,0.000406090392134897,0.0254918756830766,-0.0528712317878084,-0.20616189848329,0.214354810669913
-0.04,0.35,-0.042366918334348,0.350788345321132,-0.00236691833434796,0.000788345321131867,0.00249475264241228,0.00014397973314861,-0.030172002794611,-0.110158554250972,0.114215944051055
-0.02,0.05,-0.0178712033412109,0.0502935398614545,0.00212879665878907,0.000293539861454528,0.0021489394744232,0.0797080371676155,-0.0371129969936575,0.124680794072633,0.152564936664859
-0.02,0.065,-0.0204061489697153,0.0650257038291672,-0.000406148969715275,2.57038291671952e-05,0.000406961512227675,0.098628307288319,-0.059198826921431,0.224242119231223,0.25202514667763
-0.02,0.08,-0.0225963538884497,0.0797457160614036,-0.00259635388844973,-0.000254283938596417,0.00260877630997679,0.119175071594956,-0.0759770358500964,0.32326652950888,0.3528127691721
-0.02,0.095,-0.0242341882999876,0.0944716662513507,-0.00423418829998765,-0.000528333748649301,0.00426702321410537,0.139062886663218,-0.0832069799075815,0.400659803595394,0.432193303818394
-0.02,0.11,-0.0252167586543686,0.109219102004781,-0.00521675865436858,-0.000780897995219354,0.00527488128177943,0.156476013837352,-0.0803973550628375,0.444201692990898,0.477770807326294
-0.02,0.125,-0.0255299653730045,0.1240002116958,-0.00552996537300454,-0.000999788304199695,0.00561961686237094,0.170126547081436,-0.0695003206132481,0.449084869583191,0.485233927034871
-0.02,0.14,-0.0252275242530169,0.138823487802089,-0.0052275242530169,-0.00117651219791112,0.0053582824456829,0.179254334974274,-0.053746799931499,0.416162055773719,0.456303399361947
-0.02,0.155,-0.0244080579551405,0.153693902328679,-0.00440805795514054,-0.00130609767132084,0.0045974847539614,0.18356722973431,-0.0367024292916062,0.350120102059433,0.397024826358064
-0.02,0.17,-0.0231941881277527,0.168613502668463,-0.00319418812775274,-0.00138649733153698,0.00348212760332469,0.183133762841954,-0.0216025806062788,0.257846469373665,0.317001111496812
-0.02,0.185,-0.0217170222287146,0.183582239900983,-0.00171702222871457,-0.00141776009901715,0.00222670362470291,0.178251876544356,-0.0109647561882372,0.147214301995995,0.231443472404456
-0.02,0.2,-0.0201077260137948,0.198598799797068,-0.000107726013794843,-0.00140120020293183,0.00140533515673106,0.169322922051712,-0.00641400088795285,0.0263952766156536,0.171487970193543
-0.02,0.215,-0.0184956099887806,0.213661226252598,0.00150439001121937,-0.00133877374740246,0.00201382830762472,0.156758223646481,-0.00862435626469665,-0.0963472978225113,0.184201930569087
-0.02,0.23,-0.0170100960090491,0.228767194968476,0.00298990399095095,-0.00123280503152365,0.00323408938046777,0.1409371111813,-0.0172916997654949,-0.212578431879533,0.2556403143204
-0.02,0.245,-0.0157827123947562,0.243913889930331,0.0042172876052438,-0.0010861100696688,0.00435489951994061,0.122223067176906,-0.0311043743041943,-0.313608035160225,0.338018181984488
-0.02,0.26,-0.0149452485310975,0.259097534372358,0.00505475146890252,-0.000902465627642429,0.00513468174490379,0.1010316381341,-0.0477458165357745,-0.390696224207782,0.406363490868127
-0.02,0.275,-0.0146213843288768,0.274312712002501,0.00537861567112319,-0.000687287997498898,0.00542234924448416,0.0779328868314952,-0.0640193697483401,-0.435763370753746,0.447283742015499
-0.02,0.29,-0.0149111451063772,0.289551666662659,0.00508885489362282,-0.000448333337341261,0.00510856603262799,0.0537648466776577,-0.0762048628226021,-0.442681677650076,0.452400233094632
-0.02,0.305,-0.0158697826237022,0.304803775957165,0.00413021737629785,-0.000196224042834647,0.00413487598973162,0.0297342591391439,-0.0807289251996028,-0.409065346471813,0.418014973754826
-0.02,0.32,-0.0174843950983246,0.320055351506286,0.00251560490167541,5.53515062855225e-05,0.00251621378475308,0.0074870060767819,-0.0751680639134797,-0.338349154669773,0.346679694006705
-0.02,0.335,-0.0196521640482456,0.335289834100975,0.000347835951754444,0.000289834100975439,0.000452762250437424,-0.0108587141552323,-0.0595383153443521,-0.241894636010324,0.249350828618034
-0.02,0.35,-0.0221632950729511,0.350488349472916,-0.00216329507295113,0.000488349472915789,0.00221773099819427,-0.0227117093066235,-0.0377999506684271,-0.140904616457462,0.147644102534381
0,0.05,0.00209397340334358,0.0500152380238651,0.00209397340334358,1.52380238651051e-05,0.00209402884681219,0.0504160661014508,-0.0364568546142331,0.132960419939933,0.146797026629606
0,0.065,-0.000452651462635123,0.0649505718798488,-0.000452651462635123,-4.94281201511571e-05,0.00045534216330952,0.0537218025977508,-0.0580303192112746,0.234183220500826,0.247174888572031
0,0.08,-0.00264276132486455,0.0798890023039078,-0.00264276132486455,-0.000110997696092241,0.00264509128552071,0.0548942993713024,-0.0739026451941791,0.333811767682834,0.346273946868107
0,0.095,-0.00427054688953088,0.0948331828659167,-0.00427054688953088,-0.000166817134083314,0.00427380377321019,0.0539503555124832,-0.0800213557307176,0.41087000986114,0.422053348161159
0,0.11,-0.00523573316781645,0.109785922507713,-0.00523573316781645,-0.000214077492286913,0.00524010791656786,0.0509425685627423,-0.0760690293971147,0.453308979112098,0.462462792228389
0,0.125,-0.00552715733457018,0.124749781242369,-0.00552715733457018,-0.000250218757631482,0.00553281823556166,0.0459835749791143,-0.0641432917116822,0.45652102389565,0.463294146085657
0,0.14,-0.00520130331245944,0.139726797347375,-0.00520130331245944,-0.000273202652624677,0.00520847346519138,0.0392553590902629,-0.04758163323011,0.421558539707492,0.426048628478829
0,0.155,-0.0043589988919929,0.154718324264452,-0.0043589988919929,-0.000281675735547632,0.00436809026467993,0.031006839814084,-0.0300139830315971,0.353281889756413,0.355908364938026
0,0.17,-0.0031242846318746,0.169724944188987,-0.0031242846318746,-0.000275055811012531,0.0031363689451561,0.0215440510693823,-0.0147022371915804,0.258708084481873,0.260019789491815
0,0.185,-0.00162888050222049,0.18474642766253,-0.00162888050222049,-0.000253572337469726,0.00164849950586706,0.0112172787225588,-0.00416290512744229,0.145790437499718,0.146280622132055
0,0.2,-3.92021407303053e-06,0.199781721875573,-3.92021407303053e-06,-0.000218278124427457,0.000218313324563451,0.000408384915414496,-4.51364805781999e-06,0.0227389350990801,0.0227426026354069
0,0.215,0.00162167935142565,0.214828966617764,0.00162167935142565,-0.000171033382235564,0.00163067358373136,-0.010480332929257,-0.0028785906691171,-0.102169178327071,0.102745644632725
0,0.23,0.00311892539622237,0.229885547056393,0.00311892539622237,-0.000114452943607013,0.00312102468806339,-0.021036276083396,-0.0124566770908537,-0.220487299838882,0.221838690460577
0,0.245,0.00435645824990294,0.244948192133581,0.00435645824990294,-5.18078664190347e-05,0.00435676629372867,-0.0308473090356953,-0.0273990163649713,-0.323495599239924,0.326116470636053
0,0.26,0.00520218568939336,0.260013117972529,0.00520218568939336,1.31179725288699e-05,0.00520220222868473,-0.0395147206064273,-0.0453505561735473,-0.402392776715063,0.406864508727904
0,0.275,0.00553155563275433,0.275076203721361,0.00553155563275433,7.62037213606626e-05,0.00553208050604882,-0.0466687371895148,-0.0630574259194677,-0.449002551726538,0.455805437822906
0,0.29,0.00524311756422993,0.290133179980524,0.00524311756422993,0.000133179980524228,0.00524480873812848,-0.0519851135336836,-0.0767168757662526,-0.457071778480961,0.466372965166761
0,0.305,0.00427974777229656,0.305179811692892,0.00427974777229656,0.000179811692892051,0.00428352346081798,-0.0551996586761202,-0.0826451388818356,-0.424074367258026,0.435565384215198
0,0.32,0.00265218263141306,0.320212067386876,0.00265218263141306,0.000212067386876402,0.0026606475315129,-0.056116802277265,-0.0782827092743,-0.353305862563996,0.366200446613164
0,0.335,0.000460930539342957,0.335226279884052,0.000460930539342957,0.000226279884051994,0.000513477894388428,-0.0546088833280937,-0.0634888836552661,-0.256002471422461,0.269351754171947
0,0.35,-0.00208657284071817,0.35021931387872,-0.00208657284071817,0.000219313878720095,0.00209806691910004,-0.0506046104052615,-0.0420501386806754,-0.153261218673052,0.166787474197198
0.02,0.05,0.0221998670480045,0.0497402658932665,0.00219986704800451,-0.00025973410673355,0.00221514713621844,0.0193456321682653,-0.0327565528332124,0.122143633090426,0.127930915500942
0.02,0.065,0.0196818056231802,0.0648816706277597,-0.000318194376819847,-0.000118329372240294,0.000339484170138392,0.00703756102390445,-0.0546009059440673,0.221581190884485,0.228317934757833
0.02,0.08,0.0175092104288395,0.0800413006630506,-0.00249078957116047,4.13006630506085e-05,0.00249113195808054,-0.0111262300018269,-0.0712345868012218,0.320223971742205,0.328240530864514
0.02,0.095,0.0158901983262479,0.0952061899273167,-0.00410980167375208,0.000206189927316663,0.00411497072695569,-0.0328184503827007,-0.0784522018046424,0.397012495688156,0.406018977687521
0.02,0.11,0.0149269962484357,0.110366306956493,-0.00507300375156433,0.000366306956493034,0.00508621154197906,-0.0561162214614223,-0.0757963976323423,0.439790330462304,0.449789615220787
0.02,0.125,0.0146324606561532,0.125514546531199,-0.00536753934384676,0.000514546531198756,0.00539214583820872,-0.0795095581254758,-0.0652422644795321,0.443826208095609,0.455588761404924
0.02,0.14,0.0149515364122208,0.140646498358341,-0.0050484635877792,0.000646498358340575,0.00508969004208208,-0.101880991539589,-0.0500272763616169,0.410046971625324,0.425466585746374
0.02,0.155,0.0157844882369138,0.155759922346983,-0.00421551176308621,0.000759922346983327,0.00428345904593039,-0.122448762963605,-0.0337061920356662,0.343202241961363,0.365948139866085
0.02,0.17,0.0170079514047143,0.170853961472164,-0.00299204859528569,0.000853961472163989,0.00311152775859249,-0.140677495050442,-0.0194882768355211,0.25022722265615,0.287721718804801
0.02,0.185,0.018490434327764,0.185928222659603,-0.00150956567223595,0.000928222659603295,0.00177211337803037,-0.156171635495861,-0.00985342901963012,0.139029042288946,0.209322223215781
0.02,0.2,0.0201006464401692,0.200981921625487,0.000100646440169184,0.000981921625487409,0.000987066251331978,-0.168574614835052,-0.00638126195900979,0.0178035035731421,0.169632270010339
0.02,0.215,0.0217092975219355,0.216013297514307,0.00170929752193549,0.00101329751430682,0.00198707570842059,-0.177498250384189,-0.00969536956762565,-0.105168239946182,0.206543055973491
0.02,0.23,0.0231870578933789,0.231019453657581,0.0031870578933789,0.0010194536575806,0.00334613564813252,-0.182502030551235,-0.0194383350654656,-0.221438801872604,0.287611120612669
0.02,0.245,0.0244025503260901,0.245996684990198,0.00440255032609013,0.000996684990197588,0.00451395949731956,-0.183131741796929,-0.0342447974102399,-0.322313967464047,0.372285807201254
0.02,0.26,0.0252242243315122,0.260941236112795,0.00522422433151219,0.000941236112795174,0.00530833733724542,-0.179013755939088,-0.0517476999305753,-0.399063490215246,0.440427489643018
0.02,0.275,0.025528755159755,0.275850328183401,0.00552875515975502,0.000850328183401056,0.00559376363783848,-0.169988161912017,-0.0687081075553051,-0.443636668661264,0.480032937320929
0.02,0.29,0.0252165725748913,0.290723228154881,0.0052165725748913,0.000723228154881489,0.00526646830362828,-0.156254202363294,-0.0813772486833541,-0.449956171489871,0.483217934940495
0.02,0.305,0.0242328929027153,0.305562131555161,0.00423289290271534,0.000562131555160716,0.00427005552787844,-0.138498239971329,-0.0861708537871218,-0.415704409447675,0.446562810860582
0.02,0.32,0.0225909454727555,0.320372693097928,0.00259094547275551,0.00037269309792759,0.0026176131471314,-0.117979309126955,-0.0806726487519105,-0.344391113043224,0.372871188311483
0.02,0.335,0.0203935458664674,0.33516414928865,0.000393545866467448,0.000164149288650078,0.000426407478801605,-0.0965591428458666,-0.0649192686942074,-0.247442094486141,0.273433559645096
0.02,0.35,0.0178499698605379,0.349949098577524,-0.00215003013946208,-5.09014224757409e-05,0.00215063259423951,-0.0766786649690669,-0.042894655316986,-0.146092091598845,0.170477241253395
0.04,0.05,0.0424349146628025,0.0494358274805659,0.00243491466280246,-0.000564172519434109,0.00249941994206957,-0.00652406851628344,-0.0259974099348069,0.0932709594157491,0.0970458804663777
0.04,0.065,0.0399879501964835,0.0647723223518451,-1.20498035164895e-05,-0.000227677648154928,0.000227996292149994,-0.0321763478409058,-0.0486844721758449,0.187396637090452,0.196272852064674
0.04,0.08,0.0378522179810087,0.0801450387192568,-0.00214778201899132,0.000145038719256779,0.00215267364716208,-0.0677228586910722,-0.0675521251728392,0.28336858424978,0.299077971182357
0.04,0.095,0.0362423106659389,0.0955251850856982,-0.00375768933406115,0.00052518508569821,0.00379421250137057,-0.108548520351386,-0.077904800793559,0.359846706138007,0.383851719121581
0.04,0.11,0.0352669794915414,0.110889586973491,-0.00473302050845864,0.000889586973491341,0.00481589535983659,-0.150861237124518,-0.0788352115275476,0.404295904534938,0.438668692579812
0.04,0.125,0.0349453850167501,0.126221043972626,-0.00505461498324994,0.00122104397262571,0.00520000778960766,-0.191729293674859,-0.0719299082447186,0.411547273439088,0.459680677716459
0.04,0.14,0.0352280759179946,0.1415081461545,-0.00477192408200537,0.00150814615450046,0.00500457433432228,-0.229051016521382,-0.0601188016891294,0.382085707353638,0.449521037059072
0.04,0.155,0.0360197036208988,0.156744432129415,-0.00398029637910122,0.00174443212941547,0.00434577987473172,-0.261445421092176,-0.0467379853096978,0.320271835588568,0.416068452161407
0.04,0.17,0.0371997057102424,0.171926976223304,-0.00280029428975764,0.00192697622330362,0.00339924778067542,-0.288075102905837,-0.0348588393124554,0.232748962983955,0.371987861927836
0.04,0.185,0.0386377360074223,0.187054681303161,-0.00136226399257765,0.00205468130316064,0.00246525423496878,-0.308434116492089,-0.0268826862096188,0.127247331013167,0.334733453621094
0.04,0.2,0.040202277970855,0.202126667392798,0.000202277970855002,0.00212666739279843,0.00213626556801473,-0.322147039637854,-0.0243433289655809,0.011886564274786,0.323284519424557
0.04,0.215,0.0417630533383763,0.217141150245308,0.00176305333837628,0.00214115024530767,0.00277360441428493,-0.328826751601552,-0.0278300910185367,-0.105071210480707,0.346326249354518
0.04,0.23,0.0431897943926739,0.232095098879309,0.00318979439267388,0.00209509887930878,0.00381631072917479,-0.328027437646356,-0.0369555061162778,-0.215202276363815,0.394056266425792
0.04,0.245,0.0443510720125355,0.24698477667416,0.00435107201253553,0.00198477667415986,0.00478238079878203,-0.319308946843541,-0.050338738222133,-0.309904637080661,0.447810335972363
0.04,0.26,0.0451168351273874,0.26180705534598,0.00511683512738736,0.00180705534598036,0.00542655053826107,-0.302403702136996,-0.0656373824722301,-0.380657640280362,0.49056903116354
0.04,0.275,0.0453671399894555,0.276561200527883,0.00536713998945552,0.00156120052788311,0.00558959200252354,-0.277453687814931,-0.0797098244506136,-0.419757476060874,0.509443081749572
0.04,0.29,0.0450075884500382,0.291250713718681,0.00500758845003815,0.00125071371868057,0.00516141713980291,-0.245268625654369,-0.0890054055470419,-0.421595578689535,0.495805432493356
0.04,0.305,0.0439898731114383,0.305884813551533,0.00398987311143825,0.000884813551532998,0.00408680590025443,-0.207552321406627,-0.0902520240961416,-0.384397481975195,0.446078270305804
0.04,0.32,0.0423342563852972,0.320479254616207,0.00233425638529722,0.000479254616207375,0.00238294730522035,-0.167054329578662,-0.0814529954802371,-0.312222981317223,0.363352957938023
0.04,0.335,0.0401503459341742,0.335056381448259,0.000150345934174206,5.63814482594516e-05,0.000160570133058885,-0.127625968709689,-0.0631485023979887,-0.216984551801799,0.259535223316224
0.04,0.35,0.0376533395490778,0.34964453674048,-0.00234666045092224,-0.000355463259519767,0.00237342988116165,-0.0941863538209723,-0.0398802888032835,-0.120282514757687,0.157890486775778
0.06,0.05,0.0627661111473773,0.049075716732349,0.00276611114737732,-0.000924283267650983,0.00291644825747083,-0.0214422103183044,-0.0158531910298332,0.0494462310954338,0.0561784840599013
0.06,0.065,0.0604395997122046,0.0645812820103141,0.000439599712204586,-0.000418717989685902,0.000607101854598516,-0.055899685878863,-0.0393118878867703,0.134477575006276,0.150845718318103
0.06,0.08,0.0583663885910354,0.0801468216651259,-0.00163361140896462,0.000146821665125918,0.0016401959751352,-0.104925026870097,-0.0612953043501423,0.22576788917457,0.256393496562688
0.06,0.095,0.0567715811382014,0.0957274877571266,-0.00322841886179864,0.000727487757126638,0.00330936954479043,-0.161667350389008,-0.0762976130374527,0.301521992492898,0.350533241152545
0.06,0.11,0.0557748170829481,0.111286487430539,-0.00422518291705186,0.00128648743053911,0.00441669792848481,-0.220472549323806,-0.0826666111028352,0.348585522031566,0.420659689819758
0.06,0.125,0.0554059553925433,0.126795759965803,-0.00459404460745666,0.00179575996580345,0.00493254495266734,-0.276943829542325,-0.0813420648950352,0.361071474896579,0.462264194333071
0.06,0.14,0.0556251691501811,0.142235869850441,-0.00437483084981888,0.00223586985044133,0.00491307021653869,-0.327904849892259,-0.0747363565548496,0.338736147258219,0.477336997208067
0.06,0.155,0.0563447561299958,0.15759494924744,-0.0036552438700042,0.0025949492474398,0.00448269666004646,-0.371251421001146,-0.0658111315941362,0.285292062713939,0.472812385933979
0.06,0.17,0.0574492021651128,0.172866815164807,-0.00255079783488719,0.00286681516480661,0.00383734267216655,-0.405708480244838,-0.0573959871447501,0.206884260311578,0.459016224489843
0.06,0.185,0.0588105002038114,0.188048652198878,-0.00118949979618859,0.00304865219887782,0.00327248987696757,-0.430538263856011,-0.0517523264430268,0.110922340202093,0.447600585790178
0.06,0.2,0.0602972449964231,0.203138808427092,0.000297244996423084,0.00313880842709169,0.00315285155531946,-0.445263666332115,-0.0503371205433531,0.00536046781493534,0.448133146107527
0.06,0.215,0.0617780392044998,0.218135253539152,0.00177803920449985,0.00313525353915178,0.00360433602311192,-0.449472089315189,-0.0536947977514621,-0.101616821526495,0.463934741936052
0.06,0.23,0.0631215686302021,0.233035097145219,0.00312156863020213,0.00303509714521921,0.00435384949142478,-0.442749360116858,-0.0614141534496985,-0.201669971148788,0.490378363402769
0.06,0.245,0.0641967468793931,0.247835305705999,0.00419674687939312,0.00283530570599924,0.0050647450889623,-0.42476481471485,-0.0721266412700365,-0.286384003297351,0.517344194855449
0.06,0.26,0.0648762803418133,0.262534457793539,0.00487628034181335,0.00253445779353917,0.00549559699024472,-0.395494382016101,-0.0835745320237907,-0.347600032194299,0.533130698529665
0.06,0.275,0.0650458879549435,0.277135117386804,0.0050458879549435,0.002135117386804,0.00547902468595247,-0.355536694706329,-0.092818617358219,-0.378177936655345,0.527297023709754
0.06,0.29,0.0646195795699039,0.291646254394845,0.00461957956990387,0.001646254394845,0.00490414813552973,-0.306456078297632,-0.0966660442148476,-0.373248718613196,0.492519798271978
0.06,0.305,0.0635594459908721,0.306085146858622,0.00355944599087213,0.00108514685862166,0.00372118253606459,-0.251082052374665,-0.0923734315337163,-0.331880357405877,0.42628682570743
0.06,0.32,0.0618970081667984,0.320478363624119,0.00189700816679839,0.000478363624118933,0.00195639253264266,-0.19370973858423,-0.0786311451555938,-0.258977257962733,0.332830063934058
0.06,0.335,0.0597528126235309,0.334861702238777,-0.000247187376469116,-0.000138297761223427,0.000283245246818188,-0.140175221003649,-0.0567901099727486,-0.167195849742031,0.225452271952337
0.06,0.35,0.0573517768829908,0.349279259122314,-0.00264822311700919,-0.00072074087768581,0.00274454970627773,-0.097814974916933,-0.032286541755842,-0.0786976073021099,0.129628355923587
0.08,0.05,0.0831364237546173,0.048649121214267,0.00313642375461731,-0.00135087878573303,0.00341497107780891,-0.0221882055251191,-0.00207027142649264,-0.00425995403368214,0.0226880960124575
0.08,0.065,0.0809909844073032,0.0642806957745962,0.000990984407303191,-0.000719304225403838,0.00122451976880811,-0.0586704771895851,-0.0251806447411847,0.0675009565053213,0.0929121670431135
0.08,0.08,0.0790165241207536,0.0800044065681037,-0.000983475879246382,4.40656810374307e-06,0.000983485751244977,-0.115281321494791,-0.0501915292167442,0.151586458604947,0.196945335848613
0.08,0.095,0.0774524435845507,0.0957590978891717,-0.00254755641544932,0.000759097889171667,0.00265824628190126,-0.183013515367124,-0.0704927678814003,0.225608124001494,0.29893545366674
0.08,0.11,0.0764332724067322,0.111493776310727,-0.00356672759326782,0.00149377631072678,0.00386689971308625,-0.254370996432048,-0.083416177190944,0.275599125369003,0.384211261561451
0.08,0.125,0.0760035950669242,0.127168543173573,-0.00399640493307581,0.00216854317357318,0.0045468485662889,-0.323445839535208,-0.0890108324422305,0.294725165228526,0.446546830433932
0.08,0.14,0.0761369705636844,0.142754602153832,-0.00386302943631563,0.00275460215383239,0.00474455787737267,-0.385879650968391,-0.0889619146701256,0.281772539620454,0.486019040548543
0.08,0.155,0.0767565434892272,0.158233123532946,-0.00324345651077278,0.00323312353294569,0.00457963949635357,-0.438693800003816,-0.0856871349311279,0.239575977938124,0.507141857481609
0.08,0.17,0.0777542855437924,0.173593102032521,-0.00224571445620766,0.00359310203252106,0.00423717071109095,-0.480008319117505,-0.081647309398965,0.173582642457895,0.516920705500496
0.08,0.185,0.0790061649226126,0.188828669542897,-0.000993835077387404,0.00382866954289696,0.00395555541356109,-0.508703173677613,-0.078877729237235,0.0907200672633616,0.522716597027529
0.08,0.2,0.0803818685361141,0.203936517053981,0.000381868536114145,0.00393651705398113,0.00395499558724889,-0.524096716214615,-0.0787091336418808,-0.00135044559768046,0.529977661798785
0.08,0.215,0.0817495056634468,0.218914084038467,0.00174950566344679,0.00391408403846683,0.00428728631264733,-0.52571769144748,-0.0816247560041566,-0.0946302551774905,0.540369078937949
0.08,0.23,0.0829773668433776,0.233758990609102,0.00297736684337762,0.00375899060910156,0.00479528140147772,-0.513228578651846,-0.0872053468620558,-0.180974145376235,0.55114637805904
0.08,0.245,0.0839357522820621,0.248469872670876,0.00393575228206212,0.00346987267087628,0.00524691932259791,-0.486524341935569,-0.0941445738337672,-0.252286755854514,0.556075687713562
0.08,0.26,0.0845018263122743,0.263048419784284,0.00450182631227426,0.00304841978428444,0.00543684681843269,-0.445990344900259,-0.100357983748387,-0.300939760767123,0.547308075925299
0.08,0.275,0.0845694278580823,0.277502106707779,0.00456942785808233,0.00250210670777851,0.0052096265631357,-0.392866343458943,-0.103240205568931,-0.320564466719309,0.517461014222267
0.08,0.29,0.0840641103840277,0.291846938477109,0.00406411038402771,0.00184693847710893,0.00446409844781534,-0.329639771716567,-0.1001316955115,-0.307268924556436,0.461631975005047
0.08,0.305,0.0829619550304713,0.306109547653601,0.00296195503047125,0.00110954765360116,0.00316295330318767,-0.260387940776331,-0.0890343557069423,-0.261212152198465,0.379422338229883
0.08,0.32,0.0813095001875673,0.320328189622914,0.00130950018756729,0.000328189622913977,0.00134999969252855,-0.191006861078938,-0.069576827782419,-0.188379779010008,0.277149141894251
0.08,0.335,0.0792418922111083,0.334552516000147,-0.00075810778889171,-0.000447483999852782,0.000880323434711653,-0.129298840131625,-0.0442000315832342,-0.102374849878392,0.170740927470074
0.08,0.35,0.0769971765090552,0.348842364521946,-0.0030028234909448,-0.00115763547805414,0.00321824001867784,-0.084930706703331,-0.0195396979098469,-0.0260720488438361,0.0909658078877916
0.1,0.05,0.103460834315593,0.0481711108930563,0.00346083431559296,-0.00182888910694373,0.00391435940167523,-0.0092573560431708,0.0149151226197403,-0.0609960101038113,0.0634718298394727
0.1,0.065,0.101572635753621,0.0638660127569057,0.00157263575362135,-0.00113398724309433,0.00193884251064104,-0.0388342182268646,-0.00531870557934971,-0.0071563054920313,0.0398446722413814
0.1,0.08,0.0997477881191889,0.0796959888541558,-0.000252211880811121,-0.000304011145844219,0.000395010898102568,-0.0951556157123465,-0.0319563555947824,0.0665670983560098,0.120444940910415
0.1,0.095,0.0982435073701379,0.0955832993202484,-0.00175649262986208,0.00058329932024842,0.00185081183694131,-0.167163073449086,-0.0570176669062067,0.137097855921683,0.223585314813629
0.1,0.11,0.0972127863590922,0.111462138877197,-0.00278721364090777,0.00146213887719698,0.00314744499177876,-0.245559237569694,-0.0765764448335221,0.189519145546973,0.319501270906099
0.1,0.125,0.0967185160894632,0.127279735109034,-0.00328148391053677,0.00227973510903423,0.003995663752429,-0.322894936883709,-0.0895682938538044,0.215880179108177,0.398608218823619
0.1,0.14,0.0967510832529416,0.142996499185291,-0.00324891674705836,0.00299649918529055,0.00441978137431742,-0.393533869608817,-0.09674909689282,0.213809274375575,0.458197358097237
0.1,0.155,0.0972476049144048,0.158584956328323,-0.00275239508559522,0.00358495632832256,0.00451968921311949,-0.453479289932631,-0.0998161701202534,0.185069579938541,0.499859048522452
0.1,0.17,0.0981102131223129,0.174027575463186,-0.00188978687768706,0.00402757546318622,0.00444889408221165,-0.500083431411579,-0.100716914750395,0.134221438119373,0.527489047306479
0.1,0.185,0.0992210371929724,0.189313979690214,-0.000778962807027633,0.00431397969021391,0.00438374312914323,-0.53169571063148,-0.101153364542689,0.0675322863071758,0.545431194733163
0.1,0.2,0.10045263647077,0.204438239518241,0.000452636470770249,0.00443823951824057,0.00446126100961865,-0.547328117093617,-0.10226458566493,-0.00779624046738843,0.55685665613626
0.1,0.215,0.10167418823161,0.219396962262414,0.00167418823160999,0.00439696226241448,0.00470491055940052,-0.546418114747542,-0.104451494810537,-0.0841118493041585,0.562636843707341
0.1,0.23,0.102755169897695,0.234188693142103,0.00275516989769521,0.00418869314210302,0.0050135926643343,-0.528749861047331,-0.107311165080956,-0.153625517666052,0.560977196787008
0.1,0.245,0.103569096025772,0.248814797103473,0.00356909602577175,0.0038147971034726,0.00522409067511683,-0.494558761781664,-0.109669017381834,-0.208732047316167,0.547893253541709
0.1,0.26,0.103999809878503,0.263281594852633,0.00399980987850279,0.00328159485263257,0.00517371663709882,-0.444801647593079,-0.109726388072489,-0.242516598881312,0.518367166692503
0.1,0.275,0.103951918372882,0.277603193505562,0.00395191837288154,0.00260319350556182,0.00473225900108161,-0.381536288054904,-0.105362764799671,-0.24957550868831,0.467932049427646
0.1,0.29,0.103365514493599,0.291804277452157,0.00336551449359938,0.00180427745215678,0.00381865224012201,-0.308329907690586,-0.0946349635411121,-0.227191133300427,0.39451176694962
0.1,0.305,0.102233858797304,0.305922162030161,0.00223385879730437,0.000922162030160711,0.00241671428517403,-0.230613784032248,-0.0764981245291951,-0.176803816999967,0.300490394374754
0.1,0.32,0.100621719824939,0.320007652803142,0.000621719824938916,7.65280314196648e-06,0.000621766922663152,-0.155920813586726,-0.0517466768987118,-0.105651964214461,0.195323816188351
0.1,0.335,0.0986819611446251,0.334124623362102,-0.00131803885537488,-0.000875376637898329,0.00158224861588061,-0.0939789518463555,-0.0241579848653266,-0.0284273163716583,0.101112643083277
0.1,0.35,0.0966687631648211,0.348348611501139,-0.00333123683517894,-0.00165138849886137,0.00371809397759452,-0.0566738984628226,-0.00183963238005726,0.0311782815075708,0.0647101282386281
0.12,0.05,0.12362123009269,0.0476954025084251,0.00362123009268978,-0.00230459749157486,0.00429237428265233,0.0121569735608388,0.0331823985605462,-0.112413847335054,0.117837776409368
0.12,0.065,0.122086215543075,0.0633684688728918,0.00208621554307517,-0.00163153112710823,0.00264843144349471,0.000377233704278571,0.0200561549695792,-0.0816394117521839,0.0840677493165118
0.12,0.08,0.120480379434314,0.0792324830521657,0.000480379434314476,-0.000767516947834279,0.000905453845386469,-0.045902712189572,-0.00521288065576266,-0.0221201580124124,0.0512204517429014
0.12,0.095,0.119082102760281,0.0951927822625743,-0.000917897239719079,0.000192782262574298,0.000937923420886359,-0.113702317912483,-0.0330325461323724,0.0423296118601136,0.125742469312762
0.12,0.11,0.118066035858611,0.111168164719989,-0.00193396414138891,0.00116816471998921,0.00225938622488622,-0.191990601249804,-0.0580056740130679,0.0957612158038895,0.222250582842594
0.12,0.125,0.117516526079607,0.127092033052012,-0.00248347392039268,0.00209203305201244,0.00324719032457032,-0.271778674873594,-0.0777578148354383,0.128998076095704,0.31072603070595
0.12,0.14,0.117443908905599,0.142912688876815,-0.00255609109440146,0.00291268887681478,0.00387522362915987,-0.346092322102057,-0.0919305397527994,0.138376782695241,0.383900774841138
0.12,0.155,0.117802325230664,0.158592450244473,-0.00219767476933583,0.00359245024447319,0.00421135051388397,-0.409810653804719,-0.101329758958793,0.124433512953681,0.440110376573529
0.12,0.17,0.1185069943419,0.174105666564452,-0.0014930056581003,0.00410566656445188,0.00436870276324421,-0.459390879962348,-0.107240338425714,0.090668073188192,0.480377478703499
0.12,0.185,0.119448978937423,0.189436083160989,-0.000551021062577425,0.00443608316098915,0.00447017427206316,-0.492533016963261,-0.110914448776641,0.0424997268229441,0.506654406112977
0.12,0.2,0.120506345235736,0.204574244289344,0.000506345235735969,0.00457424428934394,0.00460218386381381,-0.507860185163117,-0.113225744750164,-0.0135276121793007,0.520506384698819
0.12,0.215,0.121551897368168,0.219515646335947,0.00155189736816848,0.00451564633594709,0.00477487667617506,-0.504692374517178,-0.114469438168084,-0.0703114690505856,0.52226739939086
0.12,0.23,0.122458866664004,0.234260157664998,0.00245886666400357,0.00426015766499815,0.00491883813537207,-0.482972766782292,-0.114288743985665,-0.120623162707171,0.51076049713079
0.12,0.245,0.123106627063156,0.248812870221474,0.00310662706315586,0.00381287022147381,0.00491824267755609,-0.443370785686617,-0.111721354724266,-0.157547380863003,0.483613358461028
0.12,0.26,0.123388449770701,0.263186146824278,0.00338844977070125,0.00318614682427837,0.00465114216450374,-0.387544328061982,-0.105378113017881,-0.175072607915308,0.438117000606281
0.12,0.275,0.123222534683465,0.277402296351134,0.00322253468346512,0.00240229635113348,0.0040194225387243,-0.318506339396362,-0.0937793819571698,-0.168934800810614,0.372532302696153
0.12,0.29,0.122566348676175,0.291496146293095,0.00256634867617504,0.00149614629309464,0.00297062270543504,-0.241018272108017,-0.075875125751398,-0.137745527667855,0.287786112783407
0.12,0.305,0.121433105309769,0.305516838991143,0.00143310530976898,0.000516838991142687,0.00152345442060254,-0.161931424195032,-0.0517626130888268,-0.0843588194800381,0.189783027716296
0.12,0.32,0.119908483717122,0.319528437803405,-9.15162828784011e-05,-0.000471562196594888,0.000480360422276102,-0.0904169658201918,-0.0236006071279379,-0.0173743362504101,0.0950478090044121
0.12,0.335,0.118165692074379,0.333609311707481,-0.00183430792562114,-0.00139068829251893,0.00230189041723227,-0.0380600865192024,0.00328271022828661,0.0473436796983196,0.0608339603065925
0.12,0.35,0.116477754623993,0.347850655973849,-0.00352224537600676,-0.00214934402615069,0.00412624432523701,-0.0188314969567147,0.0190618553416415,0.0852292022178379,0.089342028933411
0.14,0.05,0.143460264666816,0.0473298981268414,0.00346026466681648,-0.00267010187315864,0.00437068365103948,0.0314752502561696,0.0484245104007776,-0.149052292179145,0.159850639549546
0.14,0.065,0.142398615175746,0.0628705269816805,0.00239861517574622,-0.00212947301831951,0.00320749280545894,0.0500430772006082,0.0485609265512729,-0.14694189170269,0.162648118538708
0.14,0.08,0.141103696203965,0.0786730901776991,0.00110369620396544,-0.00132690982230094,0.00172593018026988,0.0252034317607938,0.029455652242194,-0.106139708395231,0.112997744479437
0.14,0.095,0.139878472987504,0.0946255064158139,-0.000121527012495931,-0.000374493584186064,0.000393718502692864,-0.0282939601888557,0.00254221775385882,-0.0512061489233641,0.0585583558492237
0.14,0.11,0.13892224566625,0.110630618167131,-0.0010777543337495,0.000630618167130725,0.00124869278713026,-0.097782948570192,-0.0251216057293618,0.000846166603124287,0.100961966811066
0.14,0.125,0.138343658987871,0.126607222749927,-0.00165634101212916,0.00160722274992697,0.00230794941806442,-0.172777501658367,-0.0496818961487947,0.0395587976103597,0.184079557530255
0.14,0.14,0.138175869637614,0.142490467091667,-0.00182413036238645,0.00249046709166739,0.00308705003420067,-0.244956242066179,-0.0695057566666977,0.0598921862499754,0.261575617269327
0.14,0.155,0.138393047507869,0.1582312217597,-0.00160695249213147,0.00323122175969981,0.00360875191338017,-0.308024587900518,-0.0843552458730865,0.061037700872338,0.325147411043284
0.14,0.17,0.138926671687581,0.173794441315503,-0.00107332831241944,0.00379444131550283,0.00394332582511717,-0.35747308208066,-0.0947147106694183,0.045280764846745,0.37257041965817
0.14,0.185,0.139680065292839,0.189156889985545,-0.000319934707161205,0.0041568899855447,0.00416918368134196,-0.390280393628055,-0.101274959346942,0.0170046809005391,0.403565652090855
0.14,0.2,0.140540241658173,0.204304852971318,0.000540241658173096,0.00430485297131783,0.0043386196138737,-0.404629258711335,-0.104572296597588,-0.0181186780605857,0.418317183519545
0.14,0.215,0.141387128706975,0.219232490239173,0.0013871287069751,0.0042324902391726,0.00445399816731056,-0.399705931902283,-0.104773760385665,-0.0537655558915923,0.416693980253796
0.14,0.23,0.142101197722752,0.233941313090214,0.00210119772275229,0.00394131309021406,0.00446642818650341,-0.375636866000448,-0.101599355276869,-0.083496469971128,0.397992187724131
0.14,0.245,0.142571078623998,0.248440933487876,0.00257107862399844,0.00344093348787561,0.00429540086124281,-0.333584595121209,-0.094378981660744,-0.101299982603602,0.361176124239591
0.14,0.26,0.142702692783409,0.262750858105282,0.00270269278340936,0.00275085810528158,0.00385639321087547,-0.275986815298058,-0.0822518938371434,-0.102254599284605,0.305598299621685
0.14,0.275,0.142430805725789,0.276902792620264,0.0024308057257889,0.00190279262026372,0.00308697849559373,-0.206888954954413,-0.0645234319941888,-0.0833875094360687,0.232206510441856
0.14,0.29,0.141732942356705,0.290942783932516,0.00173294235670468,0.000942783932516178,0.00197279769745198,-0.132300531956268,-0.0411932086371683,-0.044754051369375,0.145613350077665
0.14,0.305,0.140644690479216,0.304932602998494,0.000644690479216281,-6.73970015063752e-05,0.000648203802676418,-0.0605048643550412,-0.0136623612418231,0.00929711048265396,0.062721091997211
0.14,0.32,0.139274907381303,0.31895003586412,-0.00072509261869716,-0.00104996413588021,0.00127600313178447,-0.00226997558970247,0.0143769672151388,0.0687510713597324,0.0702748917280764
0.14,0.335,0.137819457270001,0.333088122549591,-0.00218054272999899,-0.00191187745040938,0.00290000723839361,0.0290606358374923,0.0358565415103609,0.116537727312426,0.125344566208902
0.14,0.35,0.136572844176571,0.347453752923038,-0.00342715582342951,-0.00254624707696194,0.0042695165083419,0.0175863060197247,0.0390002966261758,0.127202300959621,0.134204079303896
0.16,0.05,0.162773997856296,0.0472555932758679,0.00277399785629573,-0.00274440672413206,0.00390215739997691,0.0324165973590833,0.0530075007041808,-0.160806904525363,0.172393485601453
0.16,0.065,0.162335391316795,0.0625245970234611,0.00233539131679533,-0.00247540297653892,0.00340318563978235,0.0951258801022987,0.0746407613166423,-0.193328201812508,0.228026398826172
0.16,0.08,0.161470271973687,0.0781442164736949,0.0014702719736866,-0.00185578352630511,0.00236762162794517,0.104416149722697,0.0684209392368821,-0.176361435280007,0.216073062730152
0.16,0.095,0.160510062993668,0.0939841225222815,0.000510062993668181,-0.00101587747771853,0.00113673713199029,0.0766275327690952,0.0478550077749435,-0.135182818069317,0.162592412466787
0.16,0.11,0.159681815456765,0.109930578664808,-0.000318184543235081,-6.94213351916662e-05,0.000325669656758978,0.0259304372050599,0.0218387927187535,-0.0878593403878985,0.0941731709724699
0.16,0.125,0.159121239267194,0.125887158027766,-0.0008787607328056,0.000887158027765567,0.0012487072482171,-0.0357781524097806,-0.00414724966162009,-0.0461438829966545,0.0585366048501121
0.16,0.14,0.158887090105389,0.141775137181632,-0.00111290989461123,0.00177513718163153,0.00209515642545713,-0.0988753354256301,-0.0270627813539586,-0.0164951334283329,0.103830720251025
0.16,0.155,0.158976594898262,0.157533124342844,-0.0010234051017381,0.0025331243428437,0.00273204629143996,-0.155905294738294,-0.0455006712738852,-0.00114974234338185,0.162413397181625
0.16,0.17,0.159340898561222,0.173115844323653,-0.000659101438777607,0.00311584432365303,0.00318479207419252,-0.201381996636459,-0.0590301179766486,0.000833483459110924,0.20985711168691
0.16,0.185,0.159899384750298,0.188492352511635,-0.000100615249701758,0.00349235251163543,0.00349380158194464,-0.23154328790191,-0.0676865036365461,-0.0073739602913601,0.241346676717968
0.16,0.2,0.160552127221237,0.203644185584488,0.000552127221237472,0.00364418558448815,0.00368577441559065,-0.244114697313131,-0.0716074618092894,-0.0211849653596036,0.255281265660506
0.16,0.215,0.161190451256095,0.218564007410018,0.00119045125609454,0.00356400741001811,0.00375756876341619,-0.238143322597751,-0.0708129558171444,-0.0352875447186192,0.250942280781025
0.16,0.23,0.16170630790174,0.233255163660226,0.00170630790173981,0.00325516366022599,0.00367526558365455,-0.213947920015188,-0.0651268033275534,-0.0442639171990747,0.22797933224288
0.16,0.245,0.162001588262537,0.24773227146439,0.00200158826253668,0.00273227146439031,0.00338698434124609,-0.173204172870061,-0.0542399872102648,-0.0432175550377165,0.186572906751787
0.16,0.26,0.161998464442782,0.262022640026188,0.0019984644427818,0.00202264002618824,0.00284340162562413,-0.119151590752236,-0.0379205678746463,-0.0284899484423617,0.128244902733795
0.16,0.275,0.161651363162424,0.276168056451182,0.00165136316242397,0.00116805645118218,0.00202271010462676,-0.0568797694724301,-0.0163778982851514,0.00147456536954461,0.0592091072643405
0.16,0.29,0.160960460714986,0.290226366608974,0.000960460714986219,0.000226366608973738,0.00098677587459874,0.0063650333116471,0.00921146774391984,0.0450980820268136,0.0464672132469068
0.16,0.305,0.159985934673867,0.304272370059263,-1.40653261329338e-05,-0.000727629940737329,0.000727765871731173,0.0609123428895973,0.0360100176198497,0.0964981176251654,0.119661718157227
0.16,0.32,0.15886190145349,0.318397804016854,-0.00113809854651004,-0.00160219598314637,0.00196527358654683,0.0944827269209796,0.0586470286372844,0.144233601428942,0.182125833876718
0.16,0.335,0.157809169482985,0.33271053559777,-0.00219083051701519,-0.00228946440223021,0.00316881454227987,0.0921043512781807,0.0681375841868372,0.170036040891725,0.2050322949349
0.16,0.35,0.157146634251171,0.347333416821692,-0.0028533657488288,-0.00266658317830776,0.00390542724211107,0.0361244077222498,0.0505185655449269,0.147585229799432,0.160120314259193
0.18,0.05,0.181302556155307,0.0477499186313655,0.00130255615530678,-0.00225008136863453,0.00259990744127628,-0.00688789471847491,0.0350446996011244,-0.137464294062579,0.14202822443671
0.18,0.065,0.181673094686505,0.0625756722657937,0.00167309468650512,-0.00242432773420626,0.00294560873044152,0.114487462662764,0.0886007383630206,-0.210828463575794,0.255746397033683
0.18,0.08,0.181389300125757,0.0778619661139878,0.00138930012575728,-0.00213803388601225,0.00254977327171767,0.171428146515359,0.103982624456049,-0.223316010287081,0.300117047154835
0.18,0.095,0.180815929148222,0.0934587713863199,0.00081592914822215,-0.00154122861368006,0.00174388245433707,0.181653291919007,0.0970222100091054,-0.200851034852628,0.287667411667765
0.18,0.11,0.180211441438903,0.109234880367763,0.00021144143890274,-0.000765119632236633,0.000793798169385129,0.160672688369359,0.0786336330304387,-0.162510362641935,0.241678848060247
0.18,0.125,0.17974165613551,0.125078050719862,-0.000258343864489766,7.80507198621105e-05,0.000269876762968767,0.12166653804044,0.056059283275344,-0.121319546098155,0.180731428009242
0.18,0.14,0.179493852784819,0.140895228408624,-0.000506147215181066,0.00089522840862416,0.00102840600301792,0.0754631120050751,0.0338577390841751,-0.0851659355988175,0.118719288235916
0.18,0.155,0.179491490490217,0.156612342274845,-0.00050850950978306,0.00161234227484541,0.00169062992189109,0.0306104882422411,0.0147029577480437,-0.0577662924938274,0.0670083876680369
0.18,0.17,0.179709025605098,0.172173495148303,-0.000290974394902069,0.00217349514830267,0.00219288560079724,-0.00647499823864569,2.75190957646538e-05,-0.0396262605086654,0.0401517988028886
0.18,0.185,0.18008607628783,0.187539694979197,8.60762878300558e-05,0.0025396949791972,0.00254115322534594,-0.0313186735995202,-0.00947801805993648,-0.0289394113357957,0.0436827398656346
0.18,0.2,0.180540384490005,0.202687491681025,0.00054038449000527,0.00268749168102506,0.00274128198706684,-0.04120357515689,-0.0135066765504372,-0.0223976921268742,0.0488039104444133
0.18,0.215,0.180979501589532,0.217607950120343,0.00097950158953173,0.00260795012034259,0.00278582612416679,-0.0350419052213423,-0.0119172941689331,-0.015917866615605,0.0402906387016326
0.18,0.23,0.18131162972312,0.232306285138311,0.00131162972311977,0.00230628513831077,0.00265317237844893,-0.0133396089912873,-0.00465797401883356,-0.0053201128492375,0.0150978637781658
0.18,0.245,0.181456354503137,0.246802256005608,0.00145635450313664,0.00180225600560796,0.00231713080091658,0.0217302152380851,0.0081676002355487,0.012985006051553,0.0265992921402575
0.18,0.26,0.181355976051017,0.261131152270927,0.00135597605101669,0.00113115227092747,0.00176583592413202,0.0661557633495403,0.0260878293395083,0.041243023156798,0.0822079557206457
0.18,0.275,0.180987804171802,0.275344998867158,0.000987804171802484,0.000344998867157775,0.00104631797278387,0.11385078172651,0.0479005508918104,0.0794937912848738,0.146886820189585
0.18,0.29,0.180377288688288,0.289513541501613,0.000377288688288333,-0.000486458498386744,0.000615620520258232,0.156402094805662,0.0711547594178775,0.124588548454639,0.212242721818534
0.18,0.305,0.179611438073966,0.303724671943371,-0.000388561926033593,-0.00127532805662894,0.00133320741911673,0.182848149694193,0.091467760777675,0.169103966668009,0.265322585634472
0.18,0.32,0.178851849670366,0.318084189451956,-0.00114815032963436,-0.00191581054804429,0.00223351275694527,0.179524337673886,0.101657251785952,0.200194466630227,0.287473794445063
0.18,0.335,0.178346946504069,0.332715100594985,-0.00165305349593053,-0.00228489940501514,0.00282016863883114,0.12999220643299,0.0906413320486973,0.198433803457701,0.253948626177371
0.18,0.35,0.17844367668778,0.347756954935017,-0.00155632331221997,-0.00224304506498341,0.00273009036768122,0.0150538150518293,0.0420113336621868,0.136696145174155,0.143796441063686
0.2,0.05,0.198717171998672,0.0492166460604975,-0.00128282800132823,-0.000783353939502462,0.00150309383457115,-0.113320669206507,-0.0224872866927608,-0.0692786671283259,0.134710037529755
0.2,0.065,0.200129266785892,0.0633894219253796,0.000129266785892174,-0.00161057807462039,0.00161575729501148,0.0813798739445039,0.0757128561103288,-0.189774917080871,0.219931123331119
0.2,0.08,0.200618850511534,0.0781591986712313,0.000618850511534486,-0.00184080132876874,0.00194204157721282,0.199786673712211,0.123452509084369,-0.237697063120906,0.334148840006813
0.2,0.095,0.200590638181352,0.0933537275576197,0.000590638181351938,-0.0016462724423803,0.00174901870081813,0.260740062949436,0.139173349559216,-0.239506922674464,0.380419110073242
0.2,0.11,0.200339312141863,0.108822818041618,0.000339312141863141,-0.0011771819583824,0.00122510819634707,0.280885864718456,0.136006964979953,-0.215213797623399,0.379094007450438
0.2,0.125,0.200064590928763,0.124437569176783,6.45909287629864e-05,-0.000562430823216609,0.000566127564231399,0.274521036200838,0.123096300236438,-0.179065403105855,0.350113265190944
0.2,0.14,0.199885686703512,0.140090169054961,-0.000114313296488242,9.01690549608425e-05,0.000145595289163283,0.253540751759164,0.106618540326361,-0.140359522119161,0.30879030455773
0.2,0.155,0.199855808802604,0.155693674230496,-0.00014419119739599,0.000693674230496266,0.000708501968565421,0.227471301001087,0.090592174970475,-0.104316740358452,0.266143278374699
0.2,0.17,0.199976664090767,0.171181484991778,-2.33359092327995e-05,0.0011814849917775,0.00118171542701922,0.203569174453841,0.0775142584665036,-0.0729625714324356,0.229722607895088
0.2,0.185,0.200212578891603,0.186506518718585,0.000212578891603404,0.00150651871858476,0.00152144287917805,0.186956302692584,0.0688497262965112,-0.0459781920152667,0.204467558397299
0.2,0.2,0.200503894519848,0.201640290490509,0.000503894519847759,0.00164029049050851,0.0017159436413779,0.180753135324121,0.0653810483434909,-0.0214973768026595,0.193412900666929
0.2,0.215,0.200779549762262,0.216572188850564,0.000779549762261869,0.00157218885056359,0.00175484347270035,0.186170691241411,0.0674200636558797,0.00314923454199881,0.198027644473761
0.2,0.23,0.200969079889665,0.231309174762139,0.000969079889665235,0.00130917476213943,0.00162881993798468,0.202531860685121,0.0748812277378376,0.0307189579428333,0.218105627346072
0.2,0.245,0.201014460042192,0.245875970276364,0.00101446004219237,0.000875970276363769,0.00134031828394518,0.22720934912866,0.0872143960821038,0.0633329904257666,0.251478842882624
0.2,0.26,0.200882203634416,0.260315611588799,0.000882203634416059,0.000315611588798892,0.00093695993914418,0.255488150909914,0.103194480784836,0.101703680799196,0.293712655024524
0.2,0.275,0.200575908015527,0.274690100301682,0.00057590801552744,-0.000309899698317739,0.000653993780831424,0.280378510372053,0.120564070771772,0.144284481917245,0.337588722658832
0.2,0.29,0.200149137125685,0.289080857885311,0.000149137125684623,-0.000919142114688853,0.000931162772694532,0.292415968365309,0.135521992760779,0.186333776833677,0.372282249191038
0.2,0.305,0.199718312305124,0.303588792381868,-0.000281687694876215,-0.00141120761813179,0.00143904652423675,0.279485843813018,0.142042957206117,0.218905582733247,0.382372508665993
0.2,0.32,0.199475298787948,0.318333998884331,-0.000524701212051559,-0.00166600111566861,0.0017466742911423,0.226701647263676,0.130996542092518,0.22779748582025,0.347053012836322
0.2,0.335,0.199699706417258,0.333455380945246,-0.000300293582741945,-0.00154461905475362,0.0015735387698255,0.116355734949177,0.0890027013539965,0.192496527421319,0.24189902416265
0.2,0.35,0.200771563564051,0.349110739236818,0.000771563564051447,-0.000889260763182464,0.00117732537486781,-0.0720449543427143,-0.00308884242782192,0.0851719283119821,0.11159873522509
