target_x,target_y,gaze_x,gaze_y,error_px_x,error_px_y,error_px_xy,error_deg_x,error_deg_y,error_deg_z,error_deg_xyz
-0.2,0.05,-0.20037150907546,0.0506853609999772,-0.000371509075460075,0.000685360999977222,0.000779575970280625,0.0367009092472771,0.00403015577611949,-0.0639032292441447,0.0738025904363985
-0.2,0.065,-0.199833544990277,0.0663221268573038,0.000166455009722649,0.00132212685730383,0.00133256395608837,-0.117414651747487,0.0852889252990043,-0.17553975356943,0.227760125169302
-0.2,0.08,-0.199925994706132,0.0815053697724963,7.40052938679736e-05,0.00150536977249625,0.00150718775720409,-0.205089309214928,0.121138711178529,-0.217931867911977,0.322847931591942
-0.2,0.095,-0.200345990342124,0.0963543750344832,-0.000345990342124181,0.0013543750344832,0.00139787018384204,-0.243316011810668,0.128565281942736,-0.216026607968844,0.349856526281161
-0.2,0.11,-0.200860637371915,0.110982454724169,-0.00086063737191458,0.000982454724168705,0.0013061064164062,-0.247243964834467,0.119753296820713,-0.188773601515263,0.333325990945265
-0.2,0.125,-0.201305155516379,0.125493717134498,-0.00130515551637904,0.000493717134498459,0.00139541661550664,-0.229965445752614,0.103243545739303,-0.149780687356554,0.293219675209238
-0.2,0.14,-0.201578677282506,0.139979884622427,-0.00157867728250566,-2.01153775727519e-05,0.00157880543155715,-0.202404351732697,0.0848316755595158,-0.108062868743842,0.244625446926314
-0.2,0.155,-0.201637445390559,0.154517640220674,-0.00163744539055877,-0.000482359779326466,0.00170701445915788,-0.173293348746222,0.0682807053584638,-0.0688376577463576,0.198573669041527
-0.2,0.17,-0.201485710828651,0.169166797121743,-0.00148571082865118,-0.000833202878257458,0.00170339769364288,-0.149221782784158,0.0558877610477412,-0.0343260344110629,0.162999622236519
-0.2,0.185,-0.201164995879406,0.183969326999663,-0.00116499587940553,-0.00103067300033748,0.00155547492189894,-0.134726629513247,0.0489239398644555,-0.00452702741617184,0.143406141099079
-0.2,0.2,-0.200742449158177,0.198949037340868,-0.000742449158176593,-0.00105096265913242,0.00128676076384377,-0.132390697716594,0.0479534507128361,0.0220507713419824,0.142523953314153
-0.2,0.215,-0.200298803093694,0.214111541788819,-0.000298803093694219,-0.000888458211181123,0.000937358672982971,-0.142910867400287,0.0530314576847801,0.0476972420934636,0.159721303989834
-0.2,0.23,-0.1999160905272,0.229444173866665,8.39094727995843e-05,-0.000555826133334811,0.0005621240878342,-0.165106286415853,0.0637766639929606,0.0748247748809347,0.192162249759616
-0.2,0.245,-0.199664986269469,0.244915644110655,0.000335013730530957,-8.43558893452306e-05,0.000345470860871787,-0.195851024295348,0.0793126132227842,0.105270975323038,0.236072385974587
-0.2,0.26,-0.199591569618656,0.260475465642197,0.000408430381343694,0.000475465642197012,0.000626803759811931,-0.229934003745012,0.0980698346357318,0.139539608495134,0.286284493815414
-0.2,0.275,-0.199703490486152,0.276053372554731,0.000296509513847729,0.00105337255473133,0.0010943087456762,-0.259866114180884,0.117438549828806,0.175947976588685,0.335082408926135
-0.2,0.29,-0.199955855182187,0.291559038153238,4.41448178127857e-05,0.00155903815323828,0.00155966301751127,-0.275665653695273,0.133257338872652,0.209666363159264,0.371092355384834
-0.2,0.305,-0.200237423402033,0.306882321629933,-0.000237423402032755,0.00188232162993278,0.00189723603970239,-0.264656057153054,0.139114134553079,0.231655770508332,0.378233375789831
-0.2,0.32,-0.200357721964538,0.321894050533296,-0.000357721964538399,0.00189405053329604,0.00192753532434356,-0.211305013636877,0.125417607789242,0.227527960544225,0.334886066045366
-0.2,0.335,-0.200035321353124,0.336447050932205,-3.53213531243401e-05,0.00144705093220522,0.00144748195096952,-0.0971263244748616,0.0781634902803055,0.176364040139158,0.215980054659341
-0.2,0.35,-0.198886804848706,0.350376851208949,0.00111319515129438,0.000376851208949078,0.00117525328272321,0.0993356584440735,-0.0227345477139215,0.0495387867550977,0.113307229580366
-0.18,0.05,-0.178446617896268,0.0520562024395977,0.00155338210373165,0.00205620243959767,0.00257700687480674,-0.00497675859672442,0.0335695435251432,-0.117637582565845,0.122434835377587
-0.18,0.065,-0.178754144647052,0.0671267240913524,0.00124585535294763,0.00212672409135242,0.0024647740101695,-0.095259256826569,0.0765019257376097,-0.18657268621841,0.223016368657543
-0.18,0.08,-0.17949275536607,0.0818401571180324,0.000507244633929982,0.00184015711803243,0.00190878897149375,-0.129026505664639,0.0844586742971673,-0.19623976632398,0.249582153232271
-0.18,0.095,-0.18037697597148,0.0963069158434894,-0.000376975971480176,0.00130691584348935,0.00136019848001566,-0.122580784972202,0.0723717276608689,-0.171377725128441,0.222787124886443
-0.18,0.11,-0.181193625033676,0.110631506631736,-0.00119362503367561,0.000631506631736445,0.00135038562897574,-0.0903138565196429,0.050622254966279,-0.130303419525202,0.166427780109963
-0.18,0.125,-0.181800004477651,0.124909027662842,-0.00180000447765077,-9.09723371580184e-05,0.00180230188528194,-0.0445216547675218,0.0261602803289549,-0.0856694634454021,0.100028983395928
-0.18,0.14,-0.182119095292378,0.139222002452216,-0.00211909529237758,-0.000777997547784209,0.00225739784764119,0.00467812836540137,0.00339285863887354,-0.0453121573513774,0.0456791866089636
-0.18,0.155,-0.182131749885976,0.153638047862079,-0.00213174988597629,-0.00136195213792076,0.00252967808275023,0.0493296329309791,-0.0150952831294467,-0.0131396267495402,0.0532346715324065
-0.18,0.17,-0.181866540886234,0.168208629115674,-0.00186654088623358,-0.00179137088432596,0.00258708030899553,0.083539999256629,-0.0279575589955306,0.00999027363953567,0.0886586922657288
-0.18,0.185,-0.181388293821679,0.182968832060297,-0.00138829382167944,-0.00203116793970268,0.00246028513278224,0.103330550982849,-0.0346262475934609,0.0254446369560353,0.111908951030248
-0.18,0.2,-0.18078627849659,0.197937793197014,-0.000786278496590326,-0.00206220680298594,0.00220701852563177,0.106482397064379,-0.0349760716962337,0.0360652614937096,0.117739264651772
-0.18,0.215,-0.180162614361757,0.213119276052403,-0.000162614361757421,-0.00188072394759653,0.00188774097738881,0.092423321408334,-0.0291123017538261,0.0454879892315914,0.107045583514131
-0.18,0.23,-0.179620873913876,0.228501924312673,0.000379126086123845,-0.00149807568732721,0.00154530493888439,0.0621938079100004,-0.0172867945793877,0.0574979497328528,0.0864460447256611
-0.18,0.245,-0.179254427068441,0.244058940267719,0.000745572931559413,-0.000941059732281452,0.00120061334991567,0.0185113364033837,5.27168374554654e-05,0.0753676331982099,0.0776076891204303
-0.18,0.26,-0.179133975372574,0.259747243903638,0.000866024627425618,-0.000252756096362494,0.000902155363313929,-0.0340714297882695,0.0220723726721996,0.101120527310287,0.108965208140672
-0.18,0.275,-0.179294023820376,0.275506441077101,0.000705976179624479,0.000506441077100905,0.000868841142426105,-0.08894076805657,0.0472109244764562,0.134675559605419,0.168157242678427
-0.18,0.29,-0.179718579901042,0.291258059036244,0.000281420098958388,0.00125805903624449,0.00128915080994201,-0.137168629964068,0.0726749539722726,0.172852551828301,0.23232511833055
-0.18,0.305,-0.180326875094475,0.306905439954236,-0.000326875094475459,0.00190543995423595,0.00193327410022144,-0.167275008687316,0.0937531162559715,0.208247888708172,0.28308642057252
-0.18,0.32,-0.180960091898817,0.322334438819281,-0.000960091898817211,0.00233443881928144,0.00252415947498223,-0.165040563520798,0.102919333767996,0.228013257958632,0.299701564016075
-0.18,0.335,-0.181369790631481,0.337414733757065,-0.00136979063148118,0.00241473375706452,0.00277619622714256,-0.113389324378649,0.0886671547308081,0.212582603100124,0.256730357823345
-0.18,0.35,-0.181207985349141,0.352001230376962,-0.00120798534914074,0.0020012303769622,0.00233755248613052,0.00765091173107599,0.0339664367439342,0.134395061078428,0.138831902485748
-0.16,0.05,-0.15740822413547,0.0525420747884163,0.00259177586453024,0.0025420747884163,0.00363035072160573,0.00328884912827623,0.0359383072333109,-0.135963569109325,0.140671534149779
-0.16,0.065,-0.158386502623114,0.0672108271734931,0.00161349737688629,0.00221082717349305,0.00273699298067683,-0.0346687028926727,0.0507493783222727,-0.166870885781227,0.177829514612854
-0.16,0.08,-0.159619439342941,0.0816047578297109,0.000380560657058632,0.00160475782971087,0.00164926471669021,-0.0257425222200852,0.039677853974071,-0.148568066823382,0.155915025022974
-0.16,0.095,-0.160836988201755,0.0958250742253088,-0.00083698820175504,0.000825074225308767,0.00117528580657898,0.0147553891048904,0.0157286763620413,-0.1054332315748,0.107616367224901
-0.16,0.11,-0.161844358609074,0.109966799698672,-0.00184435860907449,-3.32003013276128e-05,0.0018446574042015,0.0734445229635691,-0.0124405693923299,-0.05502452772659,0.0926097523977122
-0.16,0.125,-0.162519859684184,0.12411514277208,-0.00251985968418449,-0.0008848572279197,0.00267070498965724,0.139045710759865,-0.039422968045692,-0.00893847938018942,0.144802581696545
-0.16,0.14,-0.162809078502454,0.138342479896838,-0.00280907850245356,-0.00165752010316221,0.00326163991349959,0.202440504178778,-0.0621699951360176,0.0262359338663085,0.213390821942101
-0.16,0.155,-0.162715697490252,0.152706458806233,-0.00271569749025223,-0.00229354119376726,0.00355462291475054,0.256617307443103,-0.0792520524662218,0.0479258801786324,0.272819282527658
-0.16,0.17,-0.162290040442678,0.167249419840719,-0.00229004044267806,-0.00275058015928151,0.00357910274255074,0.296520995210642,-0.0902520427808316,0.056611525144472,0.315079746711075
-0.16,0.185,-0.161616791757736,0.181998952191815,-0.00161679175773641,-0.00300104780818451,0.00340885663161323,0.318844618898059,-0.0952876449611571,0.0549481753230208,0.337285126819553
-0.16,0.2,-0.160803126934925,0.1969690791201,-0.000803126934925289,-0.00303092087989974,0.00313552136873834,0.321817314625277,-0.0946623567067262,0.0470042019606126,0.338728615492355
-0.16,0.215,-0.159967824536561,0.21216141725132,3.21754634390395e-05,-0.00283858274867976,0.00283876509798713,0.305045612750099,-0.0886451933925452,0.0376067714338076,0.319883308750618
-0.16,0.23,-0.159231102846124,0.22756573619816,0.000768897153876437,-0.00243426380183998,0.00255281082146478,0.269454028265087,-0.0773793221141996,0.0317486077351438,0.282136789128121
-0.16,0.245,-0.158704313116029,0.243159626488655,0.00129568688397096,-0.00184037351134486,0.0022507285848263,0.217347617376011,-0.0609230392279891,0.0339824466344554,0.22826843647141
-0.16,0.26,-0.158478503649993,0.258907362206399,0.00152149635000723,-0.00109263779360083,0.00187318138232532,0.152590235664331,-0.0394313831038985,0.0477243737425304,0.164670120270701
-0.16,0.275,-0.158611299776096,0.274758380769342,0.0013887002239041,-0.00024161923065763,0.00140956311121385,0.0808654695036757,-0.0134907319595931,0.074404869317364,0.110712747229136
-0.16,0.29,-0.159112327884244,0.290645972858126,0.0008876721157558,0.000645972858125662,0.00109783546969727,0.00997002902931859,0.0153796981749282,0.112441239724274,0.113925296842873
-0.16,0.305,-0.159928183829814,0.306486718624296,7.18161701857012e-05,0.00148671862429621,0.00148845215916715,-0.0499135892056007,0.0440448711110618,0.156045427579858,0.169651152529524
-0.16,0.32,-0.160928336256319,0.322180943069253,-0.000928336256318857,0.00218094306925333,0.00237029974393962,-0.0860069703578417,0.0668692211005913,0.193913434853123,0.222421163616745
-0.16,0.335,-0.161893145924438,0.33761408672461,-0.00189314592443843,0.00261408672460983,0.0032276076116838,-0.0828091228663811,0.0745899858350016,0.207857051734776,0.235850904847802
-0.16,0.35,-0.162504391324711,0.352658520699302,-0.00250439132471073,0.00265852069930204,0.00365235652913345,-0.0220531653692635,0.0528633904842115,0.17143448938868,0.180750356579885
-0.14,0.05,-0.136997150464376,0.0524904526339696,0.00300284953562413,0.00249045263396962,0.00390121258785576,0.0398852960608726,0.023965787323484,-0.125714515195875,0.134049779308094
-0.14,0.065,-0.138500571605463,0.0668984946150895,0.00149942839453707,0.00189849461508947,0.00241920799309768,0.0419992539094508,0.0194911347637939,-0.123620241835045,0.132006869378962
-0.14,0.08,-0.140103435400459,0.0811018042954467,-0.000103435400459456,0.00110180429544665,0.00110664880948425,0.0818906899843596,-0.00304449286124776,-0.0821532136189814,0.116036671581809
-0.14,0.095,-0.141549829574882,0.0951916938428536,-0.00154982957488178,0.000191693842853571,0.00156163960008903,0.145504605575753,-0.032434029169062,-0.0252101381335209,0.151192330558157
-0.14,0.11,-0.14266246771853,0.109252894867529,-0.00266246771853004,-0.000747105132470921,0.00276530295468308,0.220694489561455,-0.0616563094851313,0.030508556311608,0.231167477649643
-0.14,0.125,-0.143339827972553,0.123359939137071,-0.00333982797255312,-0.0016400608629291,0.00372078627716778,0.29738357379692,-0.0867840614653711,0.0745378859743704,0.318629285192623
-0.14,0.14,-0.143548951730036,0.137574403202623,-0.00354895173003644,-0.00242559679737674,0.00429867167920195,0.367604866358774,-0.106072400351464,0.101578503112758,0.395857938571337
-0.14,0.155,-0.143314582368634,0.151943511117571,-0.0033145823686339,-0.00305648888242917,0.00450872272011396,0.425412473422471,-0.119191939898608,0.110390258872786,0.455378515008949
-0.14,0.17,-0.142706224677651,0.166500226230436,-0.00270622467765077,-0.00349977376956441,0.00442403305187214,0.466682565527378,-0.126599309942075,0.102735196023577,0.494344048933039
-0.14,0.185,-0.141825024892307,0.181264540053486,-0.00182502489230737,-0.00373545994651445,0.00415744836041955,0.488849250959504,-0.129046810928036,0.0824458398893374,0.51227505723631
-0.14,0.2,-0.140791973679281,0.19624532650593,-0.000791973679281454,-0.00375467349407013,0.00383729010575789,0.490638967374838,-0.127230314616442,0.0546591316964431,0.509807301512148
-0.14,0.215,-0.139737981067775,0.211441994866413,0.000262018932225071,-0.00355800513358674,0.00356763989935559,0.471870159186266,-0.121569607513291,0.0252046881240737,0.487931687564684
-0.14,0.23,-0.138795264499986,0.226845294448129,0.00120473550001419,-0.00315470555187099,0.0033769149743516,0.433371228597393,-0.112115008719094,8.42798341256775e-05,0.44763983661518
-0.14,0.245,-0.13808870028453,0.242436956500215,0.00191129971547004,-0.00256304349978526,0.00319722670202588,0.377042294968524,-0.0985802333438583,-0.01505573130372,0.390007970374181
-0.14,0.26,-0.137725652262444,0.258188288658307,0.00227434773755629,-0.00181171134169336,0.00290774063784028,0.306052440262779,-0.0805112213003666,-0.0155640830090179,0.316847991109749
-0.14,0.275,-0.137783369468903,0.274058216712262,0.00221663053109705,-0.000941783287738307,0.0024084033450514,0.225132956424502,-0.0576085930647976,0.00138248859534894,0.232391013973454
-0.14,0.29,-0.138294091634213,0.2899914684313,0.0017059083657871,-8.53156869980165e-06,0.00170592969964383,0.140907142353878,-0.0302233102187934,0.035719129907247,0.148472690498949
-0.14,0.305,-0.139229066416365,0.305917548028879,0.000770933583635197,0.000917548028879209,0.00119842937867725,0.062193845576993,-4.1430880489698e-05,0.0832259173362498,0.103897220449883
-0.14,0.32,-0.140483297676743,0.321750877128974,-0.000483297676742822,0.00175087712897429,0.0018163555172681,0.000235705773738575,0.0290287645872959,0.134117852719562,0.137223657399318
-0.14,0.335,-0.14186272463312,0.337392075933727,-0.00186272463312029,0.00239207593372696,0.00303179325343085,-0.0311711643079102,0.0497437236275672,0.17157401953958,0.181338774552882
-0.14,0.35,-0.143074686079181,0.352729960761521,-0.00307468607918049,0.00272996076152075,0.00411173688907124,-0.0156412888840252,0.0501252361293362,0.170278381660459,0.178190746307616
-0.12,0.05,-0.117001613651718,0.0521485306317028,0.00299838634828231,0.00214853063170276,0.00368869957694182,0.0861567877936292,0.0068924538673349,-0.0947552716491479,0.128253913686426
-0.12,0.065,-0.118908516670278,0.0664152680923726,0.00109148332972231,0.00141526809237258,0.00178726596575597,0.11602993983441,-0.00956372531856956,-0.0648389422527999,0.133261052886946
-0.12,0.08,-0.120780054462066,0.0805363641161742,-0.00078005446206586,0.000536364116174179,0.000946663313384524,0.17529131764947,-0.0374756435787457,-0.00487389959555411,0.179318853022869
-0.12,0.095,-0.122373457122586,0.0945923789179439,-0.00237345712258638,-0.000407621082056081,0.00240820548527168,0.25138223264963,-0.0672975201431809,0.061811890560499,0.267474901352342
-0.12,0.11,-0.123528137435465,0.108656988413282,-0.00352813743546485,-0.00134301158671778,0.00377510713564352,0.333580954020195,-0.0935411052343268,0.119442153546223,0.3664601985204
-0.12,0.125,-0.124161823575787,0.122793517404172,-0.00416182357578683,-0.00220648259582835,0.00471055632825556,0.413157372768391,-0.113669394763797,0.158725439333045,0.456962381314544
-0.12,0.14,-0.124261699099651,0.137052530386117,-0.00426169909965123,-0.00294746961388331,0.00518166540223638,0.483396262524858,-0.127152554129172,0.175660069652705,0.529809568443311
-0.12,0.155,-0.123871655402529,0.151470938713287,-0.00387165540252871,-0.00352906128671329,0.00523870109104425,0.539479056024722,-0.134668533409791,0.170302101319653,0.581531576627556
-0.12,0.17,-0.123077769349259,0.166072683773176,-0.00307776934925911,-0.00392731622682424,0.00498963695199519,0.57824478261967,-0.137454148176223,0.145607547360921,0.611936098692471
-0.12,0.185,-0.121994375789787,0.180870613342879,-0.00199437578978707,-0.00412938665712095,0.00458577899106546,0.597881331771693,-0.136812385177099,0.106446947051299,0.622506610494904
-0.12,0.2,-0.120752485276909,0.195868832642305,-0.000752485276908912,-0.00413116735769534,0.00419914012974706,0.597618196549352,-0.13377020473763,0.058843699446963,0.615230196197259
-0.12,0.215,-0.119491035843643,0.211064700785477,0.0005089641563574,-0.00393529921452344,0.00396807565707679,0.577494495834879,-0.128870923823845,0.00942033833416282,0.591776531869287
-0.12,0.23,-0.118350071200684,0.226449795554488,0.00164992879931605,-0.00355020444551199,0.00391487121726189,0.538259979508683,-0.122085018111311,-0.0350297987053328,0.553044318931461
-0.12,0.245,-0.117463970976541,0.242009532089386,0.00253602902345916,-0.00299046791061415,0.00392101281969853,0.481436025455138,-0.112834330129862,-0.0679727594621308,0.499133353187588
-0.12,0.26,-0.11695271167159,0.257721573847007,0.00304728832840981,-0.00227842615299315,0.00380489052288049,0.409526324626312,-0.100141745217833,-0.0837013800110813,0.42982201796849
-0.12,0.275,-0.116909870363201,0.273553570648619,0.00309012963679875,-0.00144642935138116,0.0034118996234882,0.326332833984021,-0.0829324528237931,-0.0781437631266208,0.345655493735928
-0.12,0.29,-0.117387402702784,0.289460972339968,0.00261259729721555,-0.000539027660032415,0.00266762355959345,0.237310718912249,-0.0605165242689138,-0.0499555102094333,0.249948552903615
-0.12,0.305,-0.118378595494869,0.305385630627721,0.00162140450513126,0.000385630627721387,0.00166663239807006,0.149892358584113,-0.0332745595733165,-0.00186758660476148,0.153552653726582
-0.12,0.32,-0.119801447113334,0.321255632516343,0.00019855288666551,0.00125563251634278,0.00127123415030454,0.0737258302322396,-0.00355608803898366,0.0577949568890558,0.0937464815797165
-0.12,0.335,-0.121484707973234,0.336986401401512,-0.00148470797323352,0.0019864014015122,0.00247994925224546,0.0208024136326428,0.0232009272763342,0.113532007872139,0.117730816385325
-0.12,0.35,-0.123157911049633,0.352482692771945,-0.00315791104963264,0.00248269277194457,0.00401698463990812,0.00548044544851203,0.0370942123110785,0.141119091089068,0.146015839135323
-0.1,0.05,-0.0972505619423164,0.0516841373288095,0.00274943805768363,0.00168413732880951,0.00322424071299411,0.127481190890065,-0.00933162280022627,-0.0514106725739694,0.137773726144714
-0.1,0.065,-0.099459620782766,0.065908417302239,0.000540379217234016,0.000908417302238979,0.00105699181332004,0.173392761637125,-0.0320991829488984,0.00117935316142315,0.176342912400109
-0.1,0.08,-0.101518669328344,0.0800359463857687,-0.00151866932834391,3.59463857687037e-05,0.00151909468812921,0.241167973044574,-0.0608882572642377,0.0752897123541588,0.259880795118202
-0.1,0.095,-0.103197076200067,0.094135647798099,-0.00319707620006651,-0.00086435220190105,0.00331185762948272,0.319957956642598,-0.0876604012769179,0.148210522765663,0.36335140221975
-0.1,0.11,-0.104349927958782,0.108269537756338,-0.00434992795878238,-0.0017304622436617,0.00468149258499203,0.400622043875527,-0.108329843750066,0.20511436094712,0.462932439998017
-0.1,0.125,-0.104912939607204,0.12248954364366,-0.00491293960720361,-0.00251045635634005,0.00551718829668864,0.475873948252263,-0.121626208000703,0.237880721674935,0.545745763761568
-0.1,0.14,-0.104891770164433,0.13683549006391,-0.00489177016443348,-0.00316450993609022,0.00582610834753829,0.540290886982241,-0.128108295136764,0.243769357228208,0.60642634379224
-0.1,0.155,-0.104347303260686,0.151334654769278,-0.00434730326068573,-0.00366534523072214,0.00568628185203181,0.590175047697758,-0.129331360920623,0.224056333495752,0.644390258561439
-0.1,0.17,-0.103379548625602,0.166002886421793,-0.0033795486256015,-0.00399711357820735,0.00523433528443628,0.623290216552392,-0.12718607733271,0.18277253737987,0.661874356931066
-0.1,0.185,-0.10211299003213,0.180846842663288,-0.00211299003212956,-0.00415315733671213,0.00465976852851778,0.638528389664262,-0.123416272159009,0.125666986634809,0.662379920210001
-0.1,0.2,-0.100685344754324,0.195866597440547,-0.000685344754323715,-0.00413340255945337,0.0041898346209337,0.635581213122525,-0.119300858046007,0.0594576912506963,0.649411968784643
-0.1,0.215,-0.0992401265678645,0.211057786707748,0.000759873432135478,-0.00394221329225174,0.00401477935563981,0.6146926161418,-0.115469818174464,-0.00865162525209782,0.625507016626598
-0.1,0.23,-0.0979217306206413,0.22641263510404,0.00207826937935869,-0.00358736489596026,0.00414588838609386,0.576551307703093,-0.111825093926514,-0.0712932878268894,0.591609757017287
-0.1,0.245,-0.0968706326457235,0.24191957275864,0.0031293673542765,-0.00308042724136029,0.00439112423273654,0.522349632495234,-0.107555200732523,-0.121254819212675,0.546920709270072
-0.1,0.26,-0.0962161483919589,0.257561593921418,0.00378385160804108,-0.00243840607858249,0.0045014838882021,0.453996942260203,-0.101258865177589,-0.151963444864141,0.489347448683602
-0.1,0.275,-0.0960650876979732,0.273313892491917,0.00393491230202676,-0.00168610750808272,0.0042809453808072,0.374440852857041,-0.0912149779676957,-0.158264183861049,0.416622660427218
-0.1,0.29,-0.096486221737486,0.289141518657971,0.00351377826251398,-0.000858481342029427,0.00361712978654739,0.288027509033647,-0.0758426697909408,-0.137543328418025,0.328070751178581
-0.1,0.305,-0.0974921465692863,0.30499777352921,0.00250785343071369,-2.22647079005378e-06,0.00250785441904322,0.200828290558471,-0.0543832889301299,-0.091160537929323,0.227156016136408
-0.1,0.32,-0.0990212143998639,0.32082380763974,0.000978785600136117,0.000823807639739826,0.0012793280573518,0.12087626971356,-0.0278137570048457,-0.0260815320684738,0.126747506981453
-0.1,0.335,-0.100922284425635,0.336549501267328,-0.000922284425635189,0.00154950126732756,0.00180320901151778,0.0582861001360763,1.36140009038267e-05,0.0434267528866421,0.0726853027057595
-0.1,0.35,-0.102944089684787,0.352095309148804,-0.00294408968478732,0.00209530914880385,0.00361358333252911,0.0252657986698397,0.0209942172292428,0.0941575295873541,0.0997234206576185
-0.08,0.05,-0.0776087954431826,0.0512026873160665,0.00239120455681738,0.00120268731606654,0.00267662399540382,0.153926181775767,-0.0215527578321412,-0.003876764736138,0.155476155543309
-0.08,0.065,-0.0800362261754893,0.0654638497659974,-3.62261754892623e-05,0.000463849765997393,0.000465262228432972,0.205323822459346,-0.0466131029171084,0.0664297211490634,0.22077957694916
-0.08,0.08,-0.0822192400263454,0.0796677261814837,-0.00221924002634538,-0.000332273818516332,0.00224397686819737,0.272014097936276,-0.0733868049391236,0.150791055916414,0.319555159336394
-0.08,0.095,-0.0839380754740058,0.0938707865842542,-0.00393807547400579,-0.00112921341574584,0.00409677450896023,0.34504426376998,-0.0951602237347548,0.22712016228654,0.423904942104692
-0.08,0.11,-0.0850620134067381,0.108122995026084,-0.00506201340673815,-0.0018770049739161,0.00539880796121723,0.416974419478498,-0.109083709859685,0.281510846007454,0.514798078424264
-0.08,0.125,-0.0855429569182227,0.122465027168813,-0.00554295691822274,-0.00253497283118687,0.00609511760773562,0.482010738822039,-0.114991584090772,0.306954585438046,0.582907767123191
-0.08,0.14,-0.08540289391954,0.136926662846447,-0.00540289391954005,-0.00307333715355329,0.00621583976347636,0.53600410292347,-0.114369459490528,0.301882270984471,0.625713647179926
-0.08,0.155,-0.0847172577663373,0.15152668192294,-0.00471725776633734,-0.00347331807705997,0.00585802520466595,0.576304923116988,-0.109491344514926,0.268669346666879,0.645215728380176
-0.08,0.17,-0.0835973609848275,0.166274200945731,-0.00359736098482751,-0.00372579905426895,0.00517905248553734,0.601498141479003,-0.102755563749338,0.212273736426647,0.646083030532642
-0.08,0.185,-0.0821751401939979,0.181170993994631,-0.00217514019399791,-0.00382900600536884,0.00440369411434263,0.611073137783785,-0.0962250657835303,0.139153221169107,0.634064164730801
-0.08,0.2,-0.0805923457569567,0.196214077381036,-0.000592345756956743,-0.0037859226189641,0.0038319816769615,0.605101486398065,-0.0913453954262212,0.0565354770549976,0.61456624657104
-0.08,0.215,-0.0789944427509704,0.211397791143151,0.00100555724902959,-0.00360220885684875,0.00373992700857056,0.5839955191245,-0.0887932196250222,-0.027988049547635,0.591372503421944
-0.08,0.23,-0.0775275688636346,0.226714789202827,0.00247243113636543,-0.00328521079717256,0.00411163297315415,0.548402561555909,-0.0884115929377271,-0.106671574366426,0.565635397176512
-0.08,0.245,-0.0763356375174802,0.242155691726651,0.00366436248251983,-0.00284430827334919,0.00463871123881856,0.499258564115523,-0.0892142029178782,-0.171818666535206,0.535482986815744
-0.08,0.26,-0.0755545399882423,0.257707551885639,0.00444546001175772,-0.0022924481143613,0.00500174300351144,0.437988581863533,-0.0894778197962133,-0.21618066510695,0.496564095988476
-0.08,0.275,-0.0753014352612665,0.273351629525143,0.00469856473873348,-0.00164837047485739,0.00497932081979572,0.36680902031219,-0.0869730884180116,-0.233702090475974,0.443543487213771
-0.08,0.29,-0.075658941156282,0.289061150071198,0.00434105884371797,-0.000938849928802166,0.00444142219040633,0.289065860517389,-0.0793939730946736,-0.220673633185697,0.372236234697433
-0.08,0.305,-0.0766559735907499,0.304799705634984,0.00334402640925011,-0.000200294365016118,0.00335001947134929,0.209539775079503,-0.065030502225786,-0.177246924998292,0.282050556869002
-0.08,0.32,-0.0782482853732224,0.320520736446783,0.00175171462677756,0.000520736446783465,0.00182747656090991,0.134664208923294,-0.0436968344473874,-0.109179327584902,0.178784826012123
-0.08,0.335,-0.0803019324994487,0.33616818805669,-0.000301932499448682,0.00116818805668989,0.00120657638382998,0.0726315259797154,-0.0178986894842075,-0.0296403178917916,0.0804627314854528
-0.08,0.35,-0.0825818934640954,0.351678086599536,-0.0025818934640954,0.00167808659953644,0.00307930974334872,0.033395796538749,0.00577227370611785,0.0390656751796036,0.0517177486720199
-0.06,0.05,-0.0579729242529108,0.0507614655828032,0.00202707574708924,0.000761465582803156,0.00216537893178796,0.160441661597622,-0.0287618625908471,0.0403431630516307,0.167917725403441
-0.06,0.065,-0.060549950801107,0.0651206363082751,-0.000549950801107035,0.000120636308275135,0.000563026644584893,0.20840926499569,-0.0536598260259332,0.123719325416889,0.248234499086073
-0.06,0.08,-0.0628086282902145,0.0794535827331986,-0.00280862829021447,-0.00054641726680138,0.00286128724563819,0.266061990473305,-0.0770366792983705,0.214992137303297,0.350636044268762
-0.06,0.095,-0.0645383569148452,0.0938036290087458,-0.00453835691484519,-0.00119637099125425,0.00469339823957416,0.326499225478984,-0.0932833949838101,0.292651343873777,0.448273766958645
-0.06,0.11,-0.0656205317818218,0.1082084959802,-0.00562053178182181,-0.00179150401980036,0.00589914096826224,0.384065424566504,-0.100579327513604,0.343623276748683,0.525072697175247
-0.06,0.125,-0.0660208062060623,0.122698006754027,-0.00602080620606235,-0.00230199324597349,0.00644587311971516,0.434464912568512,-0.0996647254235463,0.361887052981264,0.574158354051357
-0.06,0.14,-0.0657748206847965,0.137292862877276,-0.00577482068479647,-0.00270713712272386,0.00637786369741333,0.474755171877654,-0.0927631541030495,0.346893811770465,0.595261270180785
-0.06,0.155,-0.0649698342643776,0.152004735499029,-0.0049698342643776,-0.00299526450097051,0.00580265991129549,0.503212301952672,-0.0826944954077758,0.301951600432471,0.592654115896396
-0.06,0.17,-0.0637258921653358,0.166837576231522,-0.00372589216533575,-0.00316242376847797,0.00488704374025287,0.519091941136158,-0.0722160040987856,0.232773278940533,0.573461192477661
-0.06,0.185,-0.0621801108304603,0.181789725722059,-0.00218011083046031,-0.0032102742779411,0.00388055977568966,0.522335373467179,-0.0635931232470778,0.146356146133957,0.54616912035225
-0.06,0.2,-0.0604763291898137,0.196856194861708,-0.000476329189813701,-0.00314380513829224,0.00317968555750742,0.51328518112808,-0.0583596102565405,0.0502749588876497,0.519034618358116
-0.06,0.215,-0.0587602519352103,0.212030477038233,0.00123974806478973,-0.00296952296176653,0.00321792508996225,0.492473292133404,-0.0572023451409968,-0.0476484036980724,0.498070260427828
-0.06,0.23,-0.0571780876399038,0.227305415824101,0.00282191236009624,-0.00269458417589905,0.00390179103093303,0.460527464761595,-0.0599126158536891,-0.139447653627199,0.48489392527379
-0.06,0.245,-0.0558753306658329,0.242672941448306,0.00412466933416711,-0.0023270585516936,0.00473583135460173,0.418215005621865,-0.0653800576805459,-0.217107752597731,0.475726202009565
-0.06,0.26,-0.0549922244671271,0.258122813925251,0.00500777553287289,-0.00187718607474857,0.00534805042486235,0.366611687307471,-0.0716527280604298,-0.272883395429306,0.462606477237
-0.06,0.275,-0.0546536087778691,0.273640781662929,0.00534639122213086,-0.00135921833707117,0.00551646386627416,0.307356643200928,-0.0761263756256781,-0.300013984882674,0.436202523301036
-0.06,0.29,-0.0549528809243904,0.289206709904615,0.00504711907560956,-0.000793290095385452,0.00510908212292762,0.242936967303824,-0.0759398793142824,-0.293903124340543,0.388799256575623
-0.06,0.305,-0.0559319588117995,0.304793214852635,0.00406804118820053,-0.00020678514736458,0.00407329341025988,0.176943353209661,-0.0686350645839289,-0.253708084666941,0.316840291598576
-0.06,0.32,-0.057560617913009,0.320365164659528,0.00243938208699099,0.000365164659528266,0.00246656242469168,0.11425125568381,-0.0530969640332417,-0.184185323573286,0.223152265019612
-0.06,0.335,-0.0597188315828897,0.335880134980817,0.000281168417110261,0.000880134980816877,0.000923955227940085,0.0611069010851574,-0.0307498307626593,-0.0975955522917518,0.119182643046707
-0.06,0.35,-0.0621847015576789,0.351289623762408,-0.00218470155767891,0.00128962376240829,0.00253693719762488,0.0251260524435424,-0.0069763559014876,-0.0154988623186479,0.0303348447696605
-0.04,0.05,-0.0382677507989644,0.0503818574738326,0.00173224920103562,0.000381857473832597,0.00177383833108048,0.146587961790974,-0.0313527495446181,0.0749361430414042,0.167590187678501
-0.04,0.065,-0.0409379349872862,0.0648834764479935,-0.000937934987286199,-0.000116523552006476,0.000945145374293165,0.184184216952444,-0.0549965712396686,0.167106197169466,0.254701858234903
-0.04,0.08,-0.0432366128522653,0.0793829689022402,-0.00323661285226531,-0.00061703109775979,0.00329490366035969,0.226734685657248,-0.0748975806484571,0.262533524374887,0.35488381102578
-0.04,0.095,-0.0449601142921208,0.0939099590690564,-0.00496011429212082,-0.00109004093094364,0.00507847644693107,0.269513415009067,-0.0862895271235904,0.340185463623959,0.442504786776447
-0.04,0.11,-0.0459992199704849,0.10848987449584,-0.00599921997048491,-0.00151012550416021,0.0061863655964209,0.30870091592076,-0.0881335819016934,0.387667756644913,0.503340543432696
-0.04,0.125,-0.0463302467684107,0.123142198219299,-0.00633024676841071,-0.00185780178070097,0.00659723060119547,0.341475668331115,-0.0818465371042236,0.399754856420042,0.532081260291572
-0.04,0.14,-0.0459993047205164,0.137879581655039,-0.00599930472051639,-0.00212041834496057,0.00636300487877038,0.366008483461142,-0.0701854071737027,0.376706283606651,0.52990360158636
-0.04,0.155,-0.0451025149239283,0.152707975597692,-0.00510251492392834,-0.0022920244023083,0.0055936601979105,0.381357268812121,-0.0563436762491055,0.322552516901836,0.502642738773678
-0.04,0.17,-0.0437661872921966,0.167627677439011,-0.0037661872921966,-0.0023723225609891,0.00445107639265842,0.387282310812749,-0.0433022546618996,0.24357102498119,0.45955483887684
-0.04,0.185,-0.0421307929484129,0.182634956262555,-0.00213079294841289,-0.00236504373744453,0.0031833489392512,0.384021463641161,-0.0334318016140531,0.147138552547521,0.412602301543403
-0.04,0.2,-0.040341041457853,0.197723783745892,-0.000341041457853047,-0.00227621625410832,0.00230162327748079,0.372074302543817,-0.0282929967567671,0.0410469387804442,0.375399967504095
-0.04,0.215,-0.0385420491976966,0.212887205672419,0.00145795080230338,-0.0021127943275813,0.00256700611853513,0.352041658158327,-0.0285547456858152,-0.0667621463124212,0.359452793200739
-0.04,0.23,-0.0368793161685281,0.228118023451949,0.00312068383147195,-0.00188197654805075,0.00364424248691322,0.324553317928864,-0.0339600946516675,-0.168211293594153,0.367128921029476
-0.04,0.245,-0.035498816394123,0.243408667389303,0.00450118360587701,-0.00159133261069694,0.00477420080554677,0.29029614176682,-0.043311397399816,-0.255095050613908,0.38887246291768
-0.04,0.26,-0.0345434280306257,0.258750369900487,0.00545657196937428,-0.00124963009951343,0.0055978346744586,0.25013252599298,-0.0545022609394801,-0.319334421008842,0.409282251937726
-0.04,0.275,-0.0341432011474664,0.274131928276303,0.00585679885253361,-0.000868071723697433,0.0059207804651517,0.205280088508119,-0.0646704863879801,-0.353668266756588,0.414009873368037
-0.04,0.29,-0.0343991437370756,0.289538438908896,0.00560085626292445,-0.000461561091103818,0.00561984248166805,0.157511965902702,-0.0705631815704705,-0.352854727426438,0.392805607146209
-0.04,0.305,-0.0353625285252598,0.304950366597492,0.00463747147474022,-4.96334025083256e-05,0.00463773707250355,0.10933612616618,-0.0691839216646118,-0.315320293096775,0.340834319438177
-0.04,0.32,-0.0370133372951281,0.320343191590683,0.00298666270487186,0.000343191590683217,0.00300631578191449,0.0641220251224388,-0.0587419289845398,-0.245084270960679,0.260055117812742
-0.04,0.335,-0.0392417708834024,0.335687692341876,0.000758229116597564,0.000687692341875962,0.001023636727717,0.0261608936138669,-0.0398720361841786,-0.153739369253038,0.160965779981866
-0.04,0.35,-0.0418356767627601,0.350950732743719,-0.00183567676276014,0.000950732743718624,0.00206726919565796,0.000666212662763367,-0.0170770506113708,-0.0622994424075989,0.0646010097747459
-0.02,0.05,-0.0184430509325144,0.0500598343947665,0.0015569490674856,5.98343947664781e-05,0.00155809837736305,0.115844944272924,-0.030382390372975,0.0951794598770555,0.152978051509453
-0.02,0.065,-0.0211592566075207,0.0647332036539784,-0.0011592566075207,-0.000266796346021642,0.00118956133609449,0.138316611912121,-0.0527419112926055,0.192226834122683,0.242619945705287
-0.02,0.08,-0.0234718962584598,0.0794234929556149,-0.00347189625845978,-0.000576507044385055,0.00351943518220362,0.161698273350274,-0.0700878832614808,0.289579067426741,0.338991171703906
-0.02,0.095,-0.0251814823312187,0.0941461955464723,-0.00518148233121868,-0.000853804453527729,0.00525135612900088,0.183525751757411,-0.0781960874787257,0.366532125996293,0.417304324027962
-0.02,0.11,-0.0261848545246419,0.108914446206701,-0.00618485452464188,-0.00108555379329855,0.00627939905796151,0.201843172565798,-0.0765283949490292,0.41115859356469,0.46438112700789
-0.02,0.125,-0.0264653362137534,0.123737849112823,-0.00646533621375335,-0.00126215088717713,0.00658738166640377,0.215268217532166,-0.0669270041700708,0.418774498840959,0.475597528392027
-0.02,0.14,-0.0260759010397759,0.138621871176699,-0.00607590103977589,-0.00137812882330063,0.00623023374350928,0.222994315373424,-0.0524725552058188,0.390182465257208,0.452463538696013
-0.02,0.155,-0.0251183915416048,0.15356787430607,-0.00511839154160482,-0.00143212569393034,0.00531497092902559,0.224731491235142,-0.0365707214014066,0.32988950036387,0.400835874848239
-0.02,0.17,-0.0237230336650366,0.168573703534572,-0.00372303366503658,-0.00142629646542797,0.00398689117963959,0.220600269036605,-0.0223130346861786,0.244535682176984,0.330091428928209
-0.02,0.185,-0.0220322335538812,0.183634617431961,-0.00203223355388115,-0.00136538256803859,0.00244831427202965,0.211002959982603,-0.0121039066603046,0.141730694050264,0.254472886104055
-0.02,0.2,-0.0201909787067338,0.198744285814272,-0.000190978706733846,-0.00125571418572784,0.00127015392085521,0.1965005665628,-0.00749068691353999,0.0293878037965975,0.19882722583689
-0.02,0.215,-0.0183437088231395,0.213895601332726,0.00165629117686048,-0.00110439866727435,0.00199072772593924,0.177720431084273,-0.00910600406242835,-0.0844960537315297,0.196995157959805
-0.02,0.23,-0.0166351685054092,0.229081138797784,0.00336483149459085,-0.000918861202216431,0.00348803625209502,0.15531106066832,-0.0166443110023385,-0.191795249966671,0.247354142059506
-0.02,0.245,-0.0152113220338132,0.24429321401821,0.00478867796618679,-0.00070678598178972,0.00484055607217779,0.129949000799051,-0.0288416142624294,-0.284206437855563,0.31383455369246
-0.02,0.26,-0.0142163697319509,0.25952360619946,0.00578363026804914,-0.000476393800539626,0.00580321722242815,0.102391148911634,-0.043489127629663,-0.353463426586514,0.370556506016718
-0.02,0.275,-0.0137832565921465,0.274763087284001,0.00621674340785347,-0.000236912715998988,0.00622125600133057,0.073556976276608,-0.0575627268982729,-0.392015606094866,0.402990075819852
-0.02,0.29,-0.0140173455464897,0.290000933165794,0.00598265445351034,9.33165793998159e-07,0.00598265452628727,0.0446205543986463,-0.0675686903714893,-0.394244955416809,0.402475182776946
-0.02,0.305,-0.0149753452843927,0.305224572873402,0.00502465471560726,0.000224572873401996,0.00502967076323513,0.0170929946888603,-0.0701829564119234,-0.358153010945859,0.365365364321697
-0.02,0.32,-0.0166432637292161,0.320419471558372,0.00335673627078395,0.000419471558372297,0.00338284418498396,-0.00711839761861417,-0.0632060363139273,-0.287333016863765,0.294289190410475
-0.02,0.335,-0.0189174902773848,0.335569261116947,0.00108250972261523,0.000569261116947023,0.00122306398803344,-0.0256790223711951,-0.0467978170769697,-0.192993314784697,0.200239627042509
-0.02,0.35,-0.0215920050391761,0.350656053212812,-0.00159200503917609,0.000656053212811814,0.00172188439298425,-0.0358193908407671,-0.0249335798731006,-0.0958310600610355,0.105301032088675
0,0.05,0.00152902631424504,0.0497749677063992,0.00152902631424504,-0.000225032293600769,0.00154549700834941,0.074582340710264,-0.0269337031220511,0.0982283472116833,0.126240898892776
0,0.065,-0.00119188679450327,0.0646354953548737,-0.00119188679450327,-0.000364504645126329,0.00124637785892961,0.0794790522188132,-0.048659190048924,0.196509546889576,0.217487230276687
0,0.08,-0.00349861318303255,0.0795292773637922,-0.00349861318303255,-0.000470722636207788,0.00353013795831374,0.0816471647791635,-0.0650026792499356,0.293945846666096,0.311923081709812
0,0.095,-0.00519267749260721,0.0944573350875435,-0.00519267749260721,-0.000542664912456525,0.0052209563060268,0.0809359937908111,-0.0719516333704943,0.369973791868956,0.385498171094294
0,0.11,-0.00617318931087141,0.109420467879474,-0.00617318931087141,-0.000579532120526138,0.00620033255128937,0.0772659881720966,-0.0691638242461466,0.412874939283585,0.425699678946665
0,0.125,-0.00642640035522209,0.124418659601455,-0.00642640035522209,-0.000581340398545183,0.00645264117897309,0.0706674475580817,-0.0586429920131941,0.418207714153586,0.428172201369207
0,0.14,-0.00600824556113549,0.139450702503975,-0.00600824556113549,-0.000549297496025336,0.00603330278222833,0.061296234959578,-0.0435842573551125,0.387014518399645,0.394255839119038
0,0.155,-0.00502303937075507,0.154514033908482,-0.00502303937075507,-0.000485966091517742,0.0050464926000402,0.0494321484409623,-0.0274570297657935,0.324009066715929,0.328906670912686
0,0.17,-0.0036026782787345,0.169604741308895,-0.0036026782787345,-0.000395258691104738,0.00362429582304745,0.0354666774725551,-0.0133712379464702,0.235986243391678,0.239011014655203
0,0.185,-0.00189038051387488,0.18471767394766,-0.00189038051387488,-0.000282326052340159,0.00191134677310734,0.0198863582592675,-0.00371590200240196,0.130654502179563,0.132211504305197
0,0.2,-3.12541857421957e-05,0.199846608546391,-3.12541857421957e-05,-0.000153391453609181,0.000156543163909336,0.00325587793202078,-2.32078787785898e-06,0.015979422816716,0.0163077497800352
0,0.215,0.00183052840799123,0.214984444829709,0.00183052840799123,-1.5555170291337e-05,0.00183059449791201,-0.0137977748949446,-0.00281680938536965,-0.100017454032545,0.101003993788526
0,0.23,0.0035505460663586,0.23012343516419,0.0035505460663586,0.000123435164190056,0.0035526910376633,-0.030601348358868,-0.0118023373273968,-0.209192104165107,0.211747786684928
0,0.245,0.0049829445990071,0.245255465662719,0.0049829445990071,0.00025546566271864,0.00498948890985863,-0.0464540009795996,-0.0256378089814603,-0.303211051388887,0.307818844527115
0,0.26,0.00598326424849124,0.260372396456979,0.00598326424849124,0.000372396456978896,0.00599484196526013,-0.0606504812900765,-0.0420475157376156,-0.373756292878529,0.380973457970177
0,0.275,0.00641789070334302,0.275466441683031,0.00641789070334302,0.000466441683030838,0.00643481848413189,-0.0725085406926018,-0.0579255100197137,-0.413203288187774,0.423498083933784
0,0.29,0.00618042104919539,0.290530539334651,0.00618042104919539,0.000530539334651442,0.00620315051654801,-0.0813974715278371,-0.0696781006347358,-0.415845430023863,0.429428540039955
0,0.305,0.00521279827365065,0.305558643666985,0.00521279827365065,0.000558643666985048,0.00524264709745351,-0.0867623333170114,-0.0738630942635209,-0.379592252866953,0.396326082810192
0,0.32,0.0035273877710483,0.320545878355501,0.0035273877710483,0.000545878355501406,0.00356937636938808,-0.0881376928578936,-0.0681473089038769,-0.307951374772602,0.327485342892839
0,0.335,0.00122585487961299,0.335488516130205,0.00122585487961299,0.000488516130204675,0.00131960910702417,-0.0851460230977314,-0.0525440227851365,-0.212055577258153,0.234474655680887
0,0.35,-0.00148816949997452,0.350383788828394,-0.00148816949997452,0.000383788828393711,0.0015368611926437,-0.0774789049548557,-0.0308678413542521,-0.112531390256147,0.140068297295574
0.02,0.05,0.0216556180772337,0.0494983634491553,0.00165561807723372,-0.000501636550844675,0.00172994521497255,0.0307885831755658,-0.0216722027457819,0.0832926031659812,0.0914072247738257
0.02,0.065,0.0189693658549491,0.0645481830713218,-0.00103063414505089,-0.000451816928678211,0.00112532007801558,0.018016396710537,-0.0436614982148918,0.179290046931019,0.185407302724905
0.02,0.08,0.0166861019314955,0.0796475163231741,-0.00331389806850446,-0.000352483676825915,0.00333259135671722,-0.00105895167233443,-0.0607815823242254,0.275153034600149,0.28178870565256
0.02,0.095,0.0150067310436889,0.0947826270151572,-0.00499326895631105,-0.000217372984842756,0.00499799818773468,-0.0242565473473852,-0.0688856255541171,0.35024834589834,0.357781957699887
0.02,0.11,0.014033931429382,0.10994182135606,-0.00596606857061799,-5.81786439397269e-05,0.00596635223096378,-0.0497738951383512,-0.0675112471109071,0.392784975238791,0.40164151488945
0.02,0.125,0.0137828275397225,0.125115414672726,-0.00621717246027746,0.000115414672725911,0.00621824363848128,-0.076172264236212,-0.0585547920628042,0.398242552120105,0.409669040605133
0.02,0.14,0.0141985728399477,0.140295554262471,-0.00580142716005232,0.000295554262471159,0.00580895080160415,-0.102344122055587,-0.0451183282175179,0.367582824728186,0.384223462492426
0.02,0.155,0.0151776770317513,0.155475822493252,-0.00482232296824871,0.000475822493251787,0.0048457410016615,-0.12745365957251,-0.0305937295298532,0.305446670337979,0.332382896487603
0.02,0.17,0.0165887638680574,0.170650624258061,-0.00341123613194262,0.000650624258060589,0.00347272859190691,-0.15085213944192,-0.0180274449625668,0.218574555017241,0.26618850518965
0.02,0.185,0.0182887907305629,0.185814457356215,-0.00171120926943713,0.000814457356214798,0.00189514589119148,-0.171980658939099,-0.00975456415349462,0.114645496489196,0.206920600642531
0.02,0.2,0.0201325048962434,0.20096124061822,0.000132504896243436,0.000961240618220144,0.00097033039406417,-0.190280569208662,-0.00723594539116632,0.00161917160251684,0.190425074556046
0.02,0.215,0.0219754030867649,0.216083902924617,0.00197540308676491,0.00108390292461694,0.00225323387716266,-0.205133914262343,-0.011006119601268,-0.112476336019836,0.234205166443994
0.02,0.23,0.0236727915816018,0.231174401208292,0.00367279158160178,0.00117440120829168,0.00385598446572621,-0.215852185337153,-0.0206542932003132,-0.219497331647978,0.308541851938416
0.02,0.245,0.0250789094509918,0.24622424109424,0.00507890945099175,0.00122424109423955,0.00522437436141383,-0.221722310556998,-0.0348091362494152,-0.311140768918405,0.383642524941509
0.02,0.26,0.0260500375889938,0.261225442984984,0.00605003758899378,0.00122544298498384,0.00617289764516501,-0.222106183803465,-0.0511598091407884,-0.379170003418964,0.442401793439784
0.02,0.275,0.0264541046277616,0.276171766386135,0.00645410462776161,0.00117176638613456,0.00655961149838683,-0.21657711221171,-0.0665954630883024,-0.416104553391676,0.473798353538885
0.02,0.29,0.026187003697122,0.291059918113906,0.00618700369712202,0.00105991811390604,0.00627713638185341,-0.205066776900866,-0.0775619363469916,-0.41644232827525,0.47063116673165
0.02,0.305,0.0251934525429162,0.305890458932317,0.0051934525429162,0.000890458932316929,0.00526923774617029,-0.187992865252313,-0.0807092763014003,-0.378340120184248,0.430113264125507
0.02,0.32,0.0234886188951978,0.320668197227346,0.0034886188951978,0.000668197227345596,0.00355203453397676,-0.166342105679819,-0.0738480960377658,-0.305565099938778,0.355659491486939
0.02,0.335,0.0211764728572126,0.335401995087829,0.00117647285721256,0.000401995087829149,0.00124325718755077,-0.141695081490878,-0.0571760135932521,-0.209484721717792,0.259288557443072
0.02,0.35,0.018461971755942,0.35010406429097,-0.00153802824405802,0.000104064290970152,0.00154154476294895,-0.116194273027417,-0.0347146537344526,-0.110898297097961,0.164330968109158
0.04,0.05,0.0419235700291909,0.0492000848168863,0.00192357002919091,-0.000799915183113675,0.00208326329525994,-0.00734380735450876,-0.0146638847355533,0.0517113792467293,0.0542496818897203
0.04,0.065,0.0393135419669681,0.0644278274005491,-0.000686458033031911,-0.000572172599450915,0.000893647645706326,-0.0355003949156765,-0.037605508207798,0.141852367771722,0.150985296376699
0.04,0.08,0.0370730366167973,0.0797240306940244,-0.0029269633832027,-0.000275969305975649,0.00293994450703581,-0.0738297522331158,-0.0570873822044809,0.234427645517767,0.252321670489452
0.04,0.095,0.0354089223152676,0.0950599450125634,-0.00459107768473238,5.99450125634282e-05,0.00459146901457245,-0.117832019175072,-0.0684824135717283,0.308521538324901,0.337283402848868
0.04,0.11,0.0344297729319537,0.110411078855377,-0.0055702270680463,0.000411078855376584,0.00558537513645533,-0.163820150203723,-0.070893504405359,0.351990384987634,0.394665399513749
0.04,0.125,0.0341564092746916,0.125757689470777,-0.00584359072530836,0.00075768947077709,0.00589250760704103,-0.208924553537048,-0.0658418717112439,0.359918257873466,0.421339024430698
0.04,0.14,0.034539118375409,0.141084796771784,-0.00546088162459105,0.00108479677178433,0.00556758584611588,-0.251043373426506,-0.0561285865072957,0.332871516622282,0.420686861239079
0.04,0.155,0.0354785251917803,0.156381579191023,-0.00452147480821967,0.00138157919102322,0.00472784258435425,-0.288726880388811,-0.0449241783796875,0.27514334327048,0.401355093784766
0.04,0.17,0.0368459808420764,0.171640202110296,-0.0031540191579236,0.00164020211029636,0.00355501052194923,-0.321005584149781,-0.0351255678625962,0.193212014706244,0.376310752237041
0.04,0.185,0.0384996615247788,0.186854327558942,-0.00150033847522118,0.00185432755894224,0.00238527697261381,-0.347191605388422,-0.0289709454753764,0.0945956155909018,0.361012587324057
0.04,0.2,0.0402942492205036,0.202017690196991,0.000294249220503631,0.00201769019699086,0.00203903318629197,-0.366695261797459,-0.0278535035158199,-0.0128186292369844,0.367975563540654
0.04,0.215,0.0420844579732601,0.217123150542278,0.00208445797326012,0.00212315054227796,0.00297535430956767,-0.378900068992246,-0.0322510176916122,-0.121026415864964,0.399065693288035
0.04,0.23,0.0437248973653551,0.232162539132156,0.00372489736535511,0.00216253913215628,0.0043071377828596,-0.383129141920031,-0.041701516616466,-0.221916889087883,0.44471907364436
0.04,0.245,0.0450700502303724,0.247127408922396,0.00507005023037237,0.00212740892239552,0.0054982977421732,-0.37871695602399,-0.0547993944489726,-0.307290078814919,0.490773034695866
0.04,0.26,0.0459780667743127,0.262010570302153,0.00597806677431274,0.00201057030215326,0.00630711307160754,-0.365177038333927,-0.069242302889732,-0.369130947652135,0.523839988753981
0.04,0.275,0.0463206902106062,0.276808061427632,0.00632069021060623,0.00180806142763196,0.00657420800283532,-0.34243388290614,-0.0820033811230703,-0.400320587883099,0.53314551738921
0.04,0.29,0.0459994184675148,0.291521073687515,0.00599941846751481,0.00152107368751525,0.0061892396230239,-0.311071988947924,-0.0897165248215761,-0.395845481861074,0.511380698350536
0.04,0.305,0.0449657548015508,0.306157354537787,0.00496575480155084,0.00115735453778679,0.00509884205239395,-0.27255116473557,-0.0893378602299051,-0.354432181684442,0.455948088220891
0.04,0.32,0.0432419216139096,0.320731752617645,0.0032419216139096,0.000731752617644882,0.00332347974932364,-0.229347019972314,-0.0790958622094421,-0.280430620622092,0.370807259758051
0.04,0.335,0.0409382362534771,0.335265807984345,0.000938236253477054,0.000265807984345084,0.000975162115691671,-0.184996406459845,-0.0596935144423893,-0.18572932005329,0.268854047815193
0.04,0.35,0.0382644950952904,0.349786543052992,-0.00173550490470961,-0.000213456947008112,0.00174858260957186,-0.144052926808298,-0.0357125882064409,-0.0915212148084488,0.174363961019551
0.06,0.05,0.0622984453991837,0.0488567696152573,0.00229844539918375,-0.00114323038474273,0.00256706582806674,-0.0328829688586627,-0.00548878920709674,0.00693370433032278,0.0340513250535165
0.06,0.065,0.0598126402141473,0.0642364221971917,-0.000187359785852659,-0.000763577802808307,0.000786228179535888,-0.0717626685729667,-0.0294071459154337,0.0874096826926807,0.116855116252799
0.06,0.08,0.0576400775787544,0.0797088848407552,-0.00235992242124564,-0.000291115159244765,0.00237781030997848,-0.125311809697911,-0.052223959904566,0.174688784735684,0.22123883919376
0.06,0.095,0.0559970501461092,0.0952301556672928,-0.00400294985389077,0.000230155667292842,0.00400956096897792,-0.186751897294986,-0.0684997889736124,0.247377001117665,0.317433663398384
0.06,0.11,0.0550019804876727,0.110762507695314,-0.00499801951232734,0.000762507695314052,0.00505584978327264,-0.250513429940688,-0.0766012621715349,0.292722883201041,0.392825690049767
0.06,0.125,0.0546855257481239,0.126275449896546,-0.00531447425187613,0.00127544989654624,0.00546538278736761,-0.312253617685008,-0.0774138504516279,0.305126929338901,0.443394463377856
0.06,0.14,0.0550070098028823,0.141745945052137,-0.00499299019711766,0.00174594505213721,0.00528944942631985,-0.368792039365264,-0.0732279614780619,0.28447165001436,0.47148200039274
0.06,0.155,0.055874419741491,0.157157681895484,-0.00412558025850895,0.00215768189548426,0.00465574952413673,-0.417951052673425,-0.0668384691098305,0.234444992809639,0.483855669993028
0.06,0.17,0.0571641357792077,0.172499485803268,-0.00283586422079234,0.00249948580326845,0.00378015279578891,-0.458316723783966,-0.0608905067788239,0.161058782858969,0.489594999153573
0.06,0.185,0.0587368428411992,0.18776323870709,-0.00126315715880081,0.00276323870709033,0.00303826499176619,-0.488962792134176,-0.0574656041961927,0.0715265982701452,0.497498258335477
0.06,0.2,0.0604476174333529,0.202941866996449,0.000447617433352908,0.00294186699644933,0.00297572559074913,-0.509196228053616,-0.0578602753181336,-0.0264290834812224,0.513155791944928
0.06,0.215,0.0621504064334817,0.218027980059608,0.00215040643348173,0.0030279800596083,0.0037138808638061,-0.518383431075518,-0.0624881538195881,-0.12489220966622,0.53686713797295
0.06,0.23,0.0636991843001085,0.233013590586224,0.00369918430010847,0.00301359058622414,0.00477134076623623,-0.515901012802493,-0.0708474487842093,-0.215852304970934,0.56370914204884
0.06,0.245,0.0649492548736867,0.247891063084557,0.00494925487368675,0.00289106308455739,0.00573178589652497,-0.501228397519837,-0.081532808021612,-0.291312866992593,0.585443143065198
0.06,0.26,0.065762061773866,0.262655099105152,0.00576206177386603,0.00265509910515221,0.0063443602627868,-0.474167665655307,-0.0923179424693824,-0.343634191172172,0.592828111981134
0.06,0.275,0.0660155477558769,0.277305272476679,0.00601554775587691,0.00230527247667908,0.00644213442850814,-0.435146813759031,-0.100371792161198,-0.366271571496148,0.577568121571801
0.06,0.29,0.0656200397196452,0.291848464666214,0.00562003971964517,0.00184846466621366,0.00591622075928796,-0.38554349394047,-0.102680153732854,-0.35496077386559,0.534028290678098
0.06,0.305,0.0645375800010365,0.306300573963641,0.00453758000103655,0.00130057396364056,0.00472028864590996,-0.327963066874967,-0.0967220233554838,-0.309282763007574,0.46105520014919
0.06,0.32,0.0628013291189988,0.32068707955717,0.00280132911899883,0.000687079557170178,0.00288435836033457,-0.266419099982693,-0.0814070125273003,-0.234447940845476,0.364105096971719
0.06,0.335,0.060531593734177,0.335042365197705,0.000531593734177022,4.23651977049799e-05,0.000533279202850488,-0.206392325996701,-0.0582423589286788,-0.143106804657543,0.257817055872829
0.06,0.35,0.0579461682270629,0.349408038422314,-0.00205383177293708,-0.000591961577686206,0.00213743852800089,-0.154776741883125,-0.0326948959439228,-0.0570275653609791,0.168157543861082
0.08,0.05,0.0827221052308954,0.0484602012740058,0.00272210523089539,-0.00153979872599419,0.0031274329736449,-0.0415790202715585,0.00635209395428718,-0.0455953666719093,0.0620330707201069
0.08,0.065,0.080419158659573,0.0639491533224338,0.000419158659573038,-0.00105084667756616,0.00113135879439147,-0.0841857618622367,-0.0174763752427122,0.0210225287448681,0.0885133575539405
0.08,0.08,0.0783496766889225,0.0795632019393009,-0.00165032331107748,-0.000436798060699128,0.0017071495473204,-0.146855892466617,-0.0435919790788479,0.100504622710745,0.183216051648791
0.08,0.095,0.0767426488061627,0.0952428665113492,-0.00325735119383727,0.000242866511349193,0.00326639264974804,-0.220597403412222,-0.0654338992247428,0.170814285009587,0.286570236973822
0.08,0.11,0.0757299907612821,0.110936663476746,-0.00427000923871794,0.000936663476746036,0.00437153489834023,-0.297970526625654,-0.0803528807781713,0.2183796129644,0.378065066031927
0.08,0.125,0.0753560040206261,0.126602465947995,-0.00464399597937387,0.00160246594799479,0.00491269740274358,-0.373111922856429,-0.0883515118376074,0.236676051869162,0.450594159517247
0.08,0.14,0.0755927039543342,0.142207948895137,-0.00440729604566585,0.00220794889513692,0.00492943168708911,-0.441660144605393,-0.0910005688464967,0.224655099761283,0.503801881758202
0.08,0.155,0.0763586151207453,0.157729859920942,-0.00364138487925469,0.00272985992094199,0.00455102395366473,-0.500568496776735,-0.0905528949886302,0.185168697968023,0.541348569389308
0.08,0.17,0.0775376127243433,0.173152212564652,-0.00246238727565672,0.00315221256465192,0.00399997439342624,-0.547824837409569,-0.0892790605923271,0.123563645638571,0.568641742949574
0.08,0.185,0.0789945896902832,0.188463853049129,-0.00100541030971681,0.00346385304912861,0.00360681685657068,-0.582128653834099,-0.0890223451664857,0.046588246368862,0.590738777840194
0.08,0.2,0.0805860895903391,0.203656080905218,0.000586089590339095,0.00365608090521813,0.00370275959162953,-0.602594005682457,-0.0909380803172572,-0.0383285250528138,0.610624168453511
0.08,0.215,0.082166038962152,0.218721028212908,0.00216603896215203,0.00372102821290832,0.00430555173547134,-0.608546956479083,-0.0953649515913595,-0.123470758373619,0.628229937597338
0.08,0.23,0.0835885769045147,0.233651309985881,0.00358857690451474,0.00365130998588148,0.00511956529527795,-0.599467860329449,-0.101783389600324,-0.201043141442902,0.640425006424392
0.08,0.245,0.0847110324112661,0.248441106212964,0.00471103241126612,0.00344110621296373,0.0058339556348071,-0.575097198623162,-0.108845207494935,-0.263388624978121,0.641842615388248
0.08,0.26,0.085399980626278,0.263088427505832,0.00539998062627803,0.0030884275058316,0.00622078573999742,-0.535686540049064,-0.114495522626461,-0.30341134044453,0.626204151002309
0.08,0.275,0.0855420869416573,0.277597971445436,0.00554208694165732,0.00259797144543567,0.00612079923704313,-0.482342894654327,-0.116235593731842,-0.315342724952566,0.587885573518407
0.08,0.29,0.0850595854401877,0.291983800850125,0.00505958544018767,0.00198380085012462,0.00543459940009512,-0.41739399999576,-0.111580488867927,-0.295893421303268,0.52366285182684
0.08,0.305,0.083928431255204,0.306271126139484,0.00392843125520395,0.00127112613948444,0.00412896279825138,-0.344699971949851,-0.0987460678814561,-0.245730279160674,0.434687396870844
0.08,0.32,0.0821960893332313,0.320496737008142,0.00219608933323132,0.00049673700814179,0.00225156745730392,-0.269854341049946,-0.0775667508654845,-0.171140396537105,0.328827155714108
0.08,0.335,0.0799959613129983,0.334708015741066,-4.03868700174503e-06,-0.000291984258934119,0.00029201218888602,-0.200249594100102,-0.0506208370139735,-0.0857176585743852,0.223629044527288
0.08,0.35,0.0775565530170136,0.34896084645959,-0.00244344698298637,-0.0010391535404099,0.00265523506289211,-0.145018759354193,-0.0245482412182847,-0.0119375869716459,0.14756549301961
0.1,0.05,0.103108983660613,0.0480275451116055,0.00310898366061282,-0.00197245488839448,0.00368189593670283,-0.0331406167624835,0.0207753590026068,-0.0986492696440402,0.106120674901691
0.1,0.065,0.101062277484872,0.0635640455907245,0.00106227748487164,-0.00143595440927546,0.00178616867075393,-0.0702571996928086,-0.000431691237117291,-0.0505621701883313,0.0865609319845155
0.1,0.08,0.0991448859758252,0.0792681742300422,-0.000855114024174847,-0.000731825769957783,0.00112551719307828,-0.133918823683044,-0.0284477313084007,0.0179936171969586,0.138084409839409
0.1,0.095,0.0976015505165146,0.09506474524016,-0.00239844948348536,6.47452401599802e-05,0.00239932321102318,-0.213007538339059,-0.0553070744651454,0.0842146603241483,0.235633764865755
0.1,0.11,0.0965809452080443,0.110887978098053,-0.00341905479195569,0.000887978098053133,0.00353248365502478,-0.298242732256794,-0.0770919101751095,0.13354750896941,0.335748640628697
0.1,0.125,0.0961444100589659,0.126683162265916,-0.00385558994103415,0.00168316226591592,0.00420697147682355,-0.382205927025271,-0.0926946850050225,0.158356569303632,0.423970869893019
0.1,0.14,0.0962799969385237,0.142407348451549,-0.0037200030614763,0.00240734845154861,0.00443099868478501,-0.459261204445138,-0.102765010759738,0.156464233962389,0.495947672228273
0.1,0.155,0.0969198580323493,0.158028752970177,-0.00308014196765069,0.00302875297017741,0.00431979387184638,-0.525357762403462,-0.108841480412241,0.129688080991116,0.551967934764866
0.1,0.17,0.0979580422518205,0.173524960010301,-0.00204195774817953,0.00352496001030084,0.00407368807342566,-0.577735510290145,-0.112681958062148,0.0825199955598805,0.594380569601008
0.1,0.185,0.0992658694438842,0.188880403435303,-0.000734130556115768,0.00388040343530305,0.00394923771051257,-0.614586551461645,-0.115791871451357,0.0210655116543019,0.625757169126656
0.1,0.2,0.100703191087875,0.2040838682771,0.000703191087874993,0.00408386827710028,0.00414396643456155,-0.634744368551398,-0.119127739475256,-0.0477063541370056,0.647589524641603
0.1,0.215,0.102125564563729,0.219126780201991,0.0021255645637292,0.00412678020199053,0.00464201890885015,-0.637472373402604,-0.122939827528394,-0.116440758955215,0.659582051663145
0.1,0.23,0.103388989855127,0.234002835785615,0.00338898985512653,0.00400283578561528,0.00524480186134356,-0.622403993337813,-0.126722328657403,-0.177720106913325,0.659571467000973
0.1,0.245,0.10435476748046,0.248709133870727,0.00435476748046026,0.00370913387072686,0.00572028617114978,-0.589652823962125,-0.129259972360806,-0.224396719625785,0.644016185970656
0.1,0.26,0.104896911477011,0.263248519423775,0.00489691147701055,0.00324851942377535,0.00587644624414479,-0.540072337265802,-0.128786241692088,-0.250097617098849,0.608946905832574
0.1,0.275,0.10491346453334,0.277632483952128,0.00491346453333995,0.00263248395212784,0.00557423586499532,-0.475610288465254,-0.123287359746064,-0.250015271421459,0.551284772282645
0.1,0.29,0.104341444950378,0.291883795839882,0.00434144495037816,0.00188379583988224,0.00473252903039397,-0.399682494743206,-0.11098845170639,-0.222018221453917,0.470486840950245
0.1,0.305,0.103173634364768,0.306038114681007,0.00317363436476811,0.00103811468100695,0.00333910724178773,-0.317489894426794,-0.0910432318048201,-0.168030146123742,0.370571601481406
0.1,0.32,0.101474573561982,0.320144148179052,0.0014745735619823,0.000144148179051506,0.00148160247273722,-0.236222049084764,-0.0644263580396814,-0.0955633277369018,0.262838510960759
0.1,0.335,0.099393277513373,0.334262333920481,-0.000606722486626993,-0.000737666079518751,0.000955124819409173,-0.165123564263512,-0.0350162931341467,-0.0192722351764409,0.169892237779344
0.1,0.35,0.0971712250645068,0.348462430519822,-0.00282877493549319,-0.00153756948017847,0.00321964090265526,-0.115436534810202,-0.0108754747914204,0.0375811985389156,0.121886100961182
0.12,0.05,0.123341234357453,0.0476138599220192,0.00334123435745279,-0.00238614007798083,0.00410578999745107,-0.0122576850021419,0.0362688681473351,-0.143539999977539,0.148557819033414
0.12,0.065,0.121643000695081,0.0631141354285105,0.0016430006950815,-0.00188586457148948,0.00250118701140828,-0.0326600849429269,0.0219802342027428,-0.119169718043293,0.125503943521923
0.12,0.08,0.119944397421723,0.0788369664861077,-5.56025782774416e-05,-0.0011630335138923,0.00116436188581891,-0.0872865562580293,-0.00489195552133471,-0.0653638424601684,0.109157270202473
0.12,0.095,0.118508836914018,0.0946911965303308,-0.00149116308598157,-0.000308803469669161,0.00152280232856198,-0.163001612750404,-0.0347143044155251,-0.00577419541445206,0.166757217694654
0.12,0.11,0.11750467376422,0.110596236453723,-0.00249532623578047,0.000596236453722698,0.00256557029366224,-0.248736634013099,-0.0620745210225307,0.0439556521617422,0.26010646822089
0.12,0.125,0.117013275410585,0.126483915798151,-0.00298672458941461,0.00148391579815083,0.00333504570718536,-0.335511308456712,-0.0845521465656128,0.0749489368593792,0.354026334463073
0.12,0.14,0.11704176414374,0.14229941758026,-0.00295823585625991,0.00229941758026025,0.00374679604324438,-0.416353978535019,-0.101690326552762,0.0837506856038335,0.436699734959783
0.12,0.155,0.117538929899046,0.158000934592032,-0.00246107010095417,0.00300093459203182,0.00388104038467313,-0.486108986214341,-0.114146877388464,0.0709802245736234,0.504352347955528
0.12,0.17,0.118411909941668,0.173558095471635,-0.00158809005833219,0.00355809547163455,0.00389641802411392,-0.541151385588212,-0.123025662591466,0.0400972860691936,0.556408448135997
0.12,0.185,0.119541233736353,0.188949622173993,-0.00045876626364719,0.00394962217399292,0.00397617678203036,-0.57905985011832,-0.129387244261401,-0.0036234672096188,0.593352884030273
0.12,0.2,0.120792728574667,0.20416095411349,0.000792728574667388,0.0041609541134896,0.0042357948165203,-0.598316862285385,-0.133925467045171,-0.053868990607339,0.615487294325639
0.12,0.215,0.122026197878288,0.219182609246112,0.00202619787828836,0.00418260924611225,0.00464754751967572,-0.598105122023063,-0.136787714720829,-0.103845776230971,0.622276761140631
0.12,0.23,0.123102139892459,0.234009832950275,0.00310213989245935,0.00400983295027529,0.00506971717174649,-0.578250105682115,-0.137518759011652,-0.146713833063673,0.612219820634153
0.12,0.245,0.123888533261583,0.248643682574488,0.0038885332615831,0.00364368257448766,0.00532889422207489,-0.539325902241514,-0.135121035607918,-0.176028618220553,0.583197337145412
0.12,0.26,0.124269596776298,0.263093239554443,0.00426959677629761,0.00309323955444313,0.00527234175422482,-0.482903610357554,-0.128240979701041,-0.186321158761572,0.533253478739089
0.12,0.275,0.124157505794111,0.277378279296194,0.00415750579411121,0.00237827929619439,0.00478968337562883,-0.41188882461122,-0.115502698485964,-0.173907045161858,0.461777101870485
0.12,0.29,0.123506704485881,0.291531578547177,0.00350670448588142,0.00153157854717711,0.00382657930761588,-0.330875954881257,-0.0960106673676076,-0.137950725230175,0.371117002954324
0.12,0.305,0.122329235947543,0.305600148622252,0.00232923594754253,0.000600148622252439,0.00240531047229164,-0.246447523367318,-0.07003313810079,-0.0817438446326456,0.268929751270806
0.12,0.32,0.120708905371577,0.319645010091566,0.000708905371577473,-0.000354989908433578,0.0007928206991124,-0.167365803478272,-0.0398663274426483,-0.0141075145551507,0.172625840321648
0.12,0.335,0.11881232367316,0.333739556267191,-0.00118767632683997,-0.00126044373280898,0.00173184683529275,-0.104635940042597,-0.010880445497253,0.0491866597170945,0.116130943997335
0.12,0.35,0.116895846284918,0.347966946579023,-0.00310415371508244,-0.00203305342097732,0.00371067062663983,-0.071453485510298,0.00722303554919164,0.0840615661059608,0.110562758302479
0.14,0.05,0.143262830126614,0.0473274327168094,0.00326283012661363,-0.00267256728319065,0.00421766242346618,0.0107347677351219,0.0489488070630126,-0.170538859735798,0.177749118064746
0.14,0.065,0.142028531677448,0.0626826139498003,0.00202853167744835,-0.00231738605019971,0.0030798082524845,0.0199497780173015,0.0478600065005786,-0.175560225457811,0.183057354761905
0.14,0.08,0.140637024257171,0.0783298774026982,0.000637024257171215,-0.00167012259730176,0.00178748689344636,-0.0139746710982677,0.0270198400523755,-0.141022704294948,0.144266341574584
0.14,0.095,0.139373382734248,0.0941617016234009,-0.000626617265751944,-0.0008382983765991,0.00104661041746541,-0.0760145414958628,-0.00201686597416576,-0.0914668753753924,0.118947352384185
0.14,0.11,0.138428378538309,0.110082205194987,-0.00157162146169132,8.22051949873615e-05,0.00157376990469753,-0.15339318291753,-0.0321380628484835,-0.0436872432453817,0.162698852668947
0.14,0.125,0.137906101389007,0.126009036664087,-0.0020938986109925,0.00100903666408714,0.00232434213974372,-0.235598559743981,-0.0594325724803926,-0.00788184655216347,0.243107227780699
0.14,0.14,0.137835536212943,0.141874513753592,-0.00216446378705697,0.00187451375359177,0.00286333813893604,-0.314307940102145,-0.0821749264330271,0.0111141668552722,0.325063082922263
0.14,0.155,0.138185073290236,0.157625606081178,-0.00181492670976398,0.00262560608117834,0.00319182804288317,-0.383211240610895,-0.0999932002095286,0.012591796491678,0.396243200743543
0.14,0.17,0.138878090849313,0.173222752311572,-0.00112190915068666,0.00322275231157182,0.00341244964858618,-0.437751788634516,-0.11320685992207,-0.00118138782264049,0.452155811958864
0.14,0.185,0.139807652351932,0.18863790785848,-0.000192347648068098,0.00363790785847962,0.00364298932259005,-0.474830162530577,-0.122329989417398,-0.0259501339734261,0.49102260095164
0.14,0.2,0.140849014362574,0.203852493691335,0.000849014362574221,0.00385249369133545,0.00394493764584901,-0.492533147491617,-0.127731998437349,-0.056268058869208,0.511929880666499
0.14,0.215,0.141869747788283,0.218855960886088,0.00186974778828271,0.00385596088608803,0.00428536942944583,-0.48994975280687,-0.129443491220192,-0.0861249351707077,0.514028845874869
0.14,0.23,0.142738357457561,0.233645480798774,0.0027383574575614,0.0036454807987743,0.00455940037939357,-0.467119022756874,-0.127095896820915,-0.109477732382495,0.496326971597523
0.14,0.245,0.143332892179857,0.248226887297466,0.00333289217985668,0.00322688729746579,0.00463907015608687,-0.425124581822838,-0.119990553452293,-0.120787331459906,0.457951240750739
0.14,0.26,0.143550933808706,0.262616566919805,0.00355093380870643,0.00261656691980494,0.00441084497116276,-0.366316632962597,-0.107302331537107,-0.115661499781928,0.398848205294497
0.14,0.275,0.143321606641588,0.276843662175612,0.00332160664158773,0.00184366217561222,0.00379896839934513,-0.294612866917069,-0.0884291249852306,-0.0916740080450169,0.320968603863323
0.14,0.29,0.142619190028097,0.290951834079632,0.00261919002809675,0.000951834079632008,0.00278678031398788,-0.215813504879049,-0.063498394329207,-0.0493802482987104,0.230317162459661
0.14,0.305,0.141477001170575,0.30499996011902,0.00147700117057542,-3.98809796298139e-08,0.00147700117111384,-0.13786683493359,-0.034037153393261,0.00650195853731643,0.142155118852006
0.14,0.32,0.139999826421859,0.319061473451918,-1.73578140527653e-07,-0.000938526548082186,0.000938526564133607,-0.0710392782561738,-0.00380963201863514,0.065814574062076,0.0969156991914365
0.14,0.335,0.138373478354896,0.333222462060994,-0.0016265216451038,-0.00177753793900609,0.00240940112613014,-0.027972095336275,0.0201618631170719,0.111664063125668,0.116866618726846
0.14,0.35,0.136870931292678,0.347579008240271,-0.00312906870732216,-0.00242099175972926,0.00395629524629037,-0.0236354346460505,0.0263417209168793,0.119173862880591,0.124317881621014
0.16,0.05,0.1626724074513,0.0473486006929837,0.00267240745130007,-0.0026513993070163,0.0037645291698977,0.0196350669213922,0.051608341656399,-0.169379837163768,0.178153056637931
0.16,0.065,0.162045916325043,0.0624213518214098,0.00204591632504281,-0.00257864817859021,0.00329168650360621,0.072616585941464,0.0721321844282006,-0.209882027486602,0.233509660442636
0.16,0.08,0.161075859960769,0.0778729331457635,0.00107585996076875,-0.00212706685423653,0.00238367113033174,0.0723268340139582,0.0641699331476123,-0.199772815756935,0.221941863441209
0.16,0.095,0.160072385651276,0.0935787712965263,7.23856512762633e-05,-0.00142122870347366,0.00142307087317819,0.0355264780186263,0.0414586900228514,-0.164482674904893,0.173307607641557
0.16,0.11,0.159251516034511,0.109427155794163,-0.000748483965489183,-0.000572844205837475,0.000942538450545112,-0.0234084895593172,0.0130066399687036,-0.121976919527339,0.124881964822322
0.16,0.125,0.158742683293515,0.125320985092323,-0.00125731670648535,0.000320985092322867,0.00129764275896746,-0.092503327952244,-0.0156260121562388,-0.0838134385910789,0.125800384681726
0.16,0.14,0.158599433208077,0.141179021477868,-0.00140056679192271,0.00117902147786791,0.00183075912776928,-0.162117933939516,-0.0413075472251707,-0.0562717141604267,0.176507984003414
0.16,0.155,0.158812742149945,0.156936209064735,-0.00118725785005545,0.00193620906473524,0.00227123022718552,-0.224793273714125,-0.0625119674099875,-0.0414874283165256,0.236983224613173
0.16,0.17,0.159325614443119,0.172542972790609,-0.000674385556880507,0.00254297279060856,0.00263087561338511,-0.275028007221298,-0.0786650906978194,-0.0385233560919754,0.288639613378603
0.16,0.185,0.16004744058756,0.18796379318911,4.74405875596703e-05,0.00296379318910955,0.00296417284873203,-0.309024288491931,-0.0896483529843726,-0.0443209041549697,0.324803730180812
0.16,0.2,0.160867020141662,0.203175614515674,0.000867020141662476,0.00317561451567389,0.00329184621120233,-0.324455365966266,-0.0954535747686764,-0.0545081218558539,0.34256992627436
0.16,0.215,0.161663962045458,0.218166697919864,0.00166396204545758,0.0031666979198644,0.00357725389152027,-0.320307509954672,-0.0959818788293045,-0.0640809116883346,0.340464574255431
0.16,0.23,0.16231899234922,0.232936357241856,0.00231899234922039,0.00293635724185631,0.00374164661179336,-0.296834127812302,-0.0909807798907368,-0.0680115841895963,0.317826739513332
0.16,0.245,0.162724162408348,0.247495677066746,0.0027241624083484,0.00249567706674564,0.00369451821602474,-0.255634494462581,-0.0801168746685376,-0.0618606538645799,0.274944710666416
0.16,0.26,0.162793869596466,0.261868935255052,0.00279386959646558,0.00186893525505222,0.00336134293246491,-0.199840380514906,-0.0631860435987815,-0.0424669142888775,0.213850755647883
0.16,0.275,0.162477035628446,0.276095172500677,0.00247703562844602,0.00109517250067653,0.00270834050865637,-0.134369169301215,-0.0404660623111072,-0.00876804820420752,0.140603927571464
0.16,0.29,0.161770006191923,0.290229269544763,0.00177000619192307,0.000229269544763266,0.0017847931094673,-0.0661886675391568,-0.0132169359679126,0.0372326413794205,0.0770837050631936
0.16,0.305,0.160729100096325,0.304342035190361,0.000729100096325236,-0.000657964809639255,0.000982091971856552,-0.00454018916063685,0.015665622961316,0.0893758990218591,0.0908519571315888
0.16,0.32,0.159481537820503,0.318519121013927,-0.000518462179497248,-0.00148087898607263,0.00156901421375351,0.0389185213485023,0.0408324994073487,0.136182307914418,0.14740277231463
0.16,0.335,0.158233822338847,0.332858951291176,-0.00176617766115333,-0.0021410487088242,0.00277551312450776,0.0500660828875707,0.0534689715716285,0.159672964125078,0.175673057770011
0.16,0.35,0.157277422171186,0.347470170396733,-0.0027225778288141,-0.00252982960326742,0.00371651286228345,0.0123598507151945,0.0400169893250037,0.134226181327968,0.140608687570041
0.18,0.05,0.181314115906949,0.0479531973279322,0.00131411590694913,-0.0020468026720678,0.00243234491700512,-0.00735608420397288,0.0328269931648986,-0.129818450911888,0.13410653177169
0.18,0.065,0.181474515782945,0.0625735336777175,0.00147451578294497,-0.00242646632228249,0.00283935478715235,0.10426793482651,0.0856100607797342,-0.212186436116861,0.251443969666442
0.18,0.08,0.181071925023822,0.0776802503405829,0.00107192502382203,-0.00231974965941711,0.00255543768052787,0.151346979913972,0.0993827338496163,-0.232210275608063,0.294456514697236
0.18,0.095,0.180445890023374,0.0931304724232563,0.000445890023374307,-0.00186952757674369,0.00192196547137296,0.152196517145689,0.0903504316813609,-0.21617143728121,0.279387231814223
0.18,0.11,0.179841031419897,0.108795880642174,-0.000158968580103003,-0.00120411935782583,0.00121456759274684,0.122653075678289,0.0696208996021767,-0.183190158374417,0.23119159431105
0.18,0.125,0.179414998032808,0.124564085267853,-0.000585001967192314,-0.000435914732147158,0.000729553942708698,0.0760486250389846,0.0445536830359604,-0.146188846111218,0.170703322537852
0.18,0.14,0.179248731630529,0.140339847162464,-0.000751268369470537,0.00033984716246388,0.000824560644708241,0.0232629299159913,0.0198058991672389,-0.112923326907598,0.11698341790446
0.18,0.155,0.179358924895026,0.156045659619468,-0.000641075104974152,0.00104565961946784,0.00122653223765348,-0.0271500818936546,-0.00184183582927064,-0.0870248444006837,0.0911802862723654
0.18,0.17,0.179711834363834,0.171621524954442,-0.000288165636165807,0.00162152495444196,0.00164693127110539,-0.0687785964895977,-0.0188363173520584,-0.0689988046732886,0.0992277163538484
0.18,0.185,0.180237344973117,0.187024095525088,0.000237344973117046,0.00202409552508814,0.00203796352542085,-0.0971442632555495,-0.0303594833127693,-0.0571383660646185,0.116719765666854
0.18,0.2,0.18084240014997,0.202225591055022,0.000842400149970132,0.00222559105502235,0.00237968349930515,-0.109511347416857,-0.0359835364362626,-0.0483344616905214,0.124995105874188
0.18,0.215,0.18142344985627,0.217212968890456,0.00142344985627021,0.00221296889045636,0.00263124320492107,-0.104756134465858,-0.0354680094591386,-0.0387936545088229,0.117204009420021
0.18,0.23,0.181878144028351,0.231987691610623,0.00187814402835064,0.00198769161062279,0.00273465590708765,-0.0833271279067237,-0.0286951250057321,-0.0247024530565818,0.0915261351355147
0.18,0.245,0.182116832136983,0.246566163134332,0.00211683213698299,0.00156616313433178,0.0026332195615831,-0.0473059854327634,-0.0157416003483052,-0.0028926575336014,0.049940182857102
0.18,0.26,0.182074374617002,0.260980599698359,0.00207437461700195,0.000980599698359119,0.00229447288501826,-0.000555585306632227,0.00291295964678049,0.0284380647373545,0.028592263859181
0.18,0.275,0.181722374977222,0.275279885853462,0.00172237497722158,0.000279885853462114,0.00174496752208379,0.0510782446776104,0.0260392523716807,0.0689123591806065,0.0896434305033205
0.18,0.29,0.181081412469306,0.289529921916666,0.00108141246930568,-0.000470078083333714,0.00117916340394388,0.0995554588523131,0.0511694133383163,0.115054298524027,0.160521359048118
0.18,0.305,0.180232465246926,0.303813114666343,0.000232465246925551,-0.00118688533365657,0.00120943659870091,0.134463995295177,0.073958048297687,0.159280940247239,0.221180554338222
0.18,0.32,0.179326672017902,0.318226943936553,-0.000673327982098404,-0.00177305606344719,0.00189660179679435,0.142906906312529,0.0873734437562892,0.188839807087262,0.252422420451091
0.18,0.335,0.178592947430185,0.332881856685967,-0.00140705256981499,-0.00211814331403276,0.00254289756636099,0.109469127091329,0.0806744369568802,0.184736057960907,0.229389049347633
0.18,0.35,0.178343648334901,0.347898998765276,-0.00165635166509881,-0.00210100123472395,0.00267538913558143,0.0162649846015523,0.0380848254511289,0.120692661732402,0.127599878443116
0.2,0.05,0.198864893603503,0.0495428206947842,-0.00113510639649669,-0.000457179305215827,0.00122371542790198,-0.0968615110549571,-0.023820429806167,-0.0422194653196737,0.108314597100627
0.2,0.065,0.200036134772678,0.0635020179270795,3.61347726777206e-05,-0.00149798207292051,0.00149841783644873,0.0884203958079091,0.0741968954448062,-0.172969291316781,0.207946552972435
0.2,0.08,0.200386447606017,0.0780812478601216,0.000386447606016638,-0.00191875213987835,0.00195728166764106,0.196880785006153,0.120605427127641,-0.229239244142502,0.325359229273655
0.2,0.095,0.200290706498107,0.0931171016746182,0.000290706498107168,-0.0018828983253818,0.00190520769780287,0.248163901547268,0.134406215951982,-0.238076340182732,0.369230508598343
0.2,0.11,0.200026548984907,0.108463297249579,2.65489849074763e-05,-0.00153670275042117,0.00153693207128734,0.259393364718783,0.129034473300545,-0.219704595424288,0.363600558156919
0.2,0.125,0.199783412857379,0.123991386221557,-0.000216587142621197,-0.0010086137784428,0.00103160639025429,0.245119393647448,0.113807310035167,-0.188385676272286,0.329431454111548
0.2,0.14,0.199672929449267,0.139591717471761,-0.000327070550733138,-0.000408282528238879,0.000523134560148734,0.217348042043166,0.0950206010530847,-0.153355694249887,0.282466310493092
0.2,0.155,0.19974097014378,0.155174121769159,-0.000259029856220228,0.000174121769158542,0.000312113532081472,0.185637032074839,0.0767952498881283,-0.119782197570071,0.23389414038839
0.2,0.17,0.199980961211343,0.170668058964894,-1.90387886574023e-05,0.000668058964894414,0.000668330199863313,0.157239676773289,0.0617304711799449,-0.0896963425304711,0.19126012353715
0.2,0.185,0.200347748950788,0.186022259844953,0.000347748950787805,0.00102225984495274,0.001079789110603,0.137269456393774,0.0513944618947687,-0.0628675877483995,0.159488696735979
0.2,0.2,0.200771338678544,0.201204112658303,0.000771338678544275,0.00120411265830267,0.00142998274496693,0.128851304420281,0.046667497262955,-0.0376063258904849,0.142108268762438
0.2,0.215,0.201170136839898,0.216199120185835,0.00117013683989848,0.00119912018583512,0.00167544305906374,0.133226456337369,0.0479448589250222,-0.0115014343140087,0.142057352831611
0.2,0.23,0.201463691326714,0.231010669323243,0.00146369132671448,0.0010106693232434,0.00177871998382108,0.149787119231999,0.0552034443255986,0.017880824175564,0.160634187292041
0.2,0.245,0.201585147359475,0.245660156863503,0.00158514735947499,0.000660156863502959,0.00171711945876826,0.176033210152103,0.0679340107935311,0.052298637397828,0.195800678458621
0.2,0.26,0.201493606817923,0.260187292761459,0.00149360681792282,0.00018729276145879,0.00150530392447519,0.207461651476019,0.0849395155823043,0.0920992565317453,0.24235803839613
0.2,0.275,0.201186331387213,0.274650253906228,0.00118633138721262,-0.000349746093772474,0.00123681222923891,0.237414087230899,0.103998084897644,0.135419480780177,0.292437466662642
0.2,0.29,0.200710416386267,0.289125353190242,0.000710416386267093,-0.000874646809757906,0.00112680898279011,0.25691724292751,0.121385431666871,0.177313304295619,0.334934650448833
0.2,0.305,0.200173374736772,0.303706028880807,0.000173374736772092,-0.00129397111919338,0.00130553439504954,0.254549762984657,0.13124353875472,0.208817363747928,0.354436934190356
0.2,0.32,0.199752149916914,0.318501199832455,-0.000247850083086171,-0.00149880016754539,0.00151915489859326,0.216361701728186,0.124766432108068,0.2159799581183,0.330191902698798
0.2,0.335,0.199700454269169,0.333633292666838,-0.000299545730830936,-0.00136670733316163,0.00139914851941344,0.125862781876664,0.0891456205868121,0.178888458379962,0.236198097121034
0.2,0.35,0.200354928171766,0.349236452015935,0.000354928171765939,-0.000763547984065194,0.000842009222682943,-0.0359090693065427,0.00617343919574834,0.0707372373449837,0.0795696573765813
